# Frame list with one line of data per frame:
#   FRAME_ID, RIG_ID, RIG_FROM_WORLD[QW, QX, QY, QZ, TX, TY, TZ], NUM_DATA_IDS, DATA_IDS[] as (SENSOR_TYPE, SENSOR_ID, DATA_ID)
# Number of frames: 10
31 1 0.99999189100616814 0.0026369858888454925 -0.0029845208645440414 -0.0005973797277646672 4.4091620857130476 5.0595786902668705 0.8906039102638742 1 CAMERA 1 31
37 1 0.99933602176853176 -0.009690513508590879 0.035120293713510442 0.00041774784422742971 0.54462589156495544 3.8225000442342187 0.29742569982120509 1 CAMERA 1 37
38 1 0.99789865552451229 -0.049812022248438156 0.041121996196986775 0.0051007029581357308 -0.12086621639569345 -0.2371472156944294 -0.04744884368567534 1 CAMERA 1 38
41 1 0.99769470624301204 -0.044743250111273905 0.050774362721181777 0.0050278021448446081 -1.0979721330825016 0.27245498538113155 -0.05557227115888725 1 CAMERA 1 41
46 1 0.99748610390455339 -0.052834294183954619 0.046879781132306779 0.0056829566587149093 -0.69207203135595163 -0.54783242447480351 -0.010294619255161758 1 CAMERA 1 46
49 1 0.99677731190319674 -0.065788462509764667 0.045361348432668029 0.0070154646324249604 -0.52925450358811843 -1.8626108773928975 0.12287361011148908 1 CAMERA 1 49
50 1 0.99797545624149708 -0.052457204468535093 0.035607419185455874 0.0050340975232466565 0.46110923118150604 -0.50413975813713152 0.1014319825624182 1 CAMERA 1 50
52 1 0.99702418030317685 -0.059533068622699886 0.048550326460835014 0.006439210486515432 -0.86277709939808123 -1.2287699030414749 0.018602696881688884 1 CAMERA 1 52
64 1 0.99668680705505308 -0.069400110410783505 0.041804429367449859 0.0071709833800151996 -0.16453166351740192 -2.2269551841726405 0.1994180367929573 1 CAMERA 1 64
68 1 0.99554968018435708 -0.073598676549217271 0.058191723641351979 0.0088199996982182179 -1.8361700474208609 -2.665879458467193 0.14280377883449244 1 CAMERA 1 68
