# Image list with two lines of data per image:
#   IMAGE_ID, QW, QX, QY, QZ, TX, TY, TZ, CAMERA_ID, NAME
#   POINTS2D[] as (X, Y, POINT3D_ID)
# Number of images: 10, mean observations per image: 73
31 0.99999189100616814 0.0026369858888454925 -0.0029845208645440414 -0.0005973797277646672 4.4091620857130476 5.0595786902668705 0.8906039102638742 1 000030.png
129.32083129882812 108.03960418701172 -1 144.19967651367188 196.96437072753906 1 200.82926940917969 75.541427612304688 2 121.55487060546875 87.610801696777344 3 154.09284973144531 154.64358520507812 4 113.82022857666016 23.78748893737793 5 214.66412353515625 108.30326080322266 -1 98.525245666503906 30.306703567504883 6 231.86109924316406 119.80538177490234 7 202.6732177734375 60.918807983398438 -1 131.68572998046875 172.98341369628906 96 151.10025024414062 120.32424926757812 8 228.44448852539062 76.728034973144531 80 124.59092712402344 176.73236083984375 47 247.28666687011719 220.47174072265625 -1 124.59092712402344 176.73236083984375 -1 151.81573486328125 104.16681671142578 9 104.18827819824219 12.020930290222168 10 181.09754943847656 45.291038513183594 11 193.00387573242188 53.47607421875 12 156.66567993164062 77.435386657714844 13 164.23873901367188 102.39816284179688 14 139.22549438476562 179.66748046875 49 212.9588623046875 94.880020141601562 15 168.4677734375 96.63800048828125 16 164.23873901367188 102.39816284179688 17 110.72509002685547 130.78436279296875 125 109.1915283203125 33.958805084228516 18 250.58317565917969 237.45443725585938 19 159.99314880371094 55.537811279296875 -1 116.85575866699219 4.0655522346496582 20 188.26373291015625 70.544105529785156 21 159.87216186523438 51.124397277832031 22 169.87266540527344 62.855678558349609 23 172.16792297363281 88.519233703613281 24 169.29022216796875 91.718605041503906 25 179.97535705566406 94.426353454589844 26 175.34530639648438 95.438941955566406 27 235.36434936523438 97.745048522949219 28 244.60826110839844 104.16896057128906 29 237.52294921875 109.94673919677734 84 250.58317565917969 237.45443725585938 48 116.85575866699219 4.0655522346496582 30 188.26373291015625 70.544105529785156 31 175.34530639648438 95.438941955566406 32 232.86320495605469 124.52391052246094 -1 14.605108261108398 199.07392883300781 76 113.31752014160156 2.8340966701507568 50 233.82981872558594 107.04331970214844 33 232.86320495605469 124.52391052246094 -1 9.9534797668457031 203.83802795410156 -1 227.88569641113281 122.01641845703125 82 227.88569641113281 122.01641845703125 85 247.78567504882812 116.61875915527344 81 102.58098602294922 15.312735557556152 34 169.75804138183594 40.138637542724609 -1 172.62181091308594 60.270965576171875 35 198.46202087402344 81.358474731445312 -1 204.1380615234375 85.561614990234375 36 216.16925048828125 94.3934326171875 37 169.17535400390625 95.131141662597656 51 219.90631103515625 97.169075012207031 38 154.46478271484375 99.2725830078125 39 224.7972412109375 100.87523651123047 95 238.4500732421875 100.93449401855469 -1 157.30841064453125 102.40451049804688 40 229.96463012695312 104.4141845703125 41 76.330825805664062 136.35935974121094 87 30.558017730712891 178.42942810058594 127 83.178314208984375 129.48529052734375 42 8.514124870300293 196.93586730957031 -1 16.093231201171875 196.84550476074219 -1 5.4344840049743652 200.19570922851562 -1 11.898073196411133 201.18586730957031 76 5.0613412857055664 208.44361877441406 128 2.6467745304107666 211.04713439941406 -1 101.49402618408203 108.10182952880859 -1 237.46260070800781 253.40078735351562 -1 172.62181091308594 60.270965576171875 43 30.558017730712891 178.42942810058594 126 102.58098602294922 15.312735557556152 44 48.632205963134766 163.99040222167969 -1 154.29801940917969 102.71424102783203 39 153.84715270996094 76.8326416015625 -1 180.7470703125 89.493415832519531 45 252.91259765625 235.08421325683594 -1 64.794548034667969 147.34080505371094 101 211.54391479492188 90.905403137207031 -1 180.7470703125 89.493415832519531 46 194.83592224121094 78.734779357910156 53 153.84715270996094 76.8326416015625 -1 51.682357788085938 160.63406372070312 129 
37 0.99933602176853176 -0.009690513508590879 0.035120293713510442 0.00041774784422742971 0.54462589156495544 3.8225000442342187 0.29742569982120509 1 000035.png
122.93562316894531 108.90147399902344 -1 122.93562316894531 108.90147399902344 -1 144.2044677734375 197.62156677246094 1 200.90260314941406 75.414588928222656 2 120.64176177978516 87.156402587890625 3 127.15946197509766 155.82633972167969 54 153.80424499511719 154.92852783203125 4 127.15946197509766 155.82633972167969 55 113.73408508300781 23.827791213989258 5 110.86235809326172 63.724948883056641 56 98.476921081542969 30.511348724365234 6 219.08839416503906 107.81228637695312 57 233.57048034667969 120.78350830078125 7 219.08839416503906 107.81228637695312 58 242.46391296386719 86.187576293945312 59 57.746109008789062 166.347412109375 88 229.80152893066406 77.492515563964844 80 151.12416076660156 120.67177581787109 8 104.17347717285156 11.500126838684082 10 180.7528076171875 44.718624114990234 11 192.98150634765625 53.458240509033203 12 156.65878295898438 77.399795532226562 13 124.89694976806641 179.35832214355469 47 151.99833679199219 103.67594909667969 9 236.22749328613281 103.39228057861328 -1 138.85739135742188 180.65380859375 49 174.17242431640625 39.883842468261719 61 214.64114379882812 95.306953430175781 15 168.43655395507812 96.621803283691406 16 164.10261535644531 102.40763092041016 14 132.06364440917969 179.72843933105469 103 164.10261535644531 102.40763092041016 17 132.06364440917969 179.72843933105469 63 109.18157958984375 33.885879516601562 18 116.80077362060547 4.1285247802734375 20 179.91957092285156 94.414077758789062 26 169.21849060058594 91.728546142578125 25 172.0968017578125 88.486686706542969 24 247.82688903808594 231.87696838378906 64 169.86972045898438 62.831676483154297 23 160.67610168457031 51.537967681884766 22 106.91411590576172 105.18607330322266 65 242.75892639160156 246.54420471191406 -1 188.58950805664062 70.498695373535156 21 246.52008056640625 105.03099822998047 29 236.59718322753906 98.367889404296875 28 175.37626647949219 95.496505737304688 27 116.80077362060547 4.1285247802734375 30 188.58950805664062 70.498695373535156 31 175.37626647949219 95.496505737304688 32 252.92927551269531 239.20193481445312 48 231.61900329589844 105.15091705322266 41 252.92927551269531 239.20193481445312 19 160.42973327636719 55.634479522705078 -1 235.41302490234375 107.86552429199219 33 249.44572448730469 117.39267730712891 81 31.501073837280273 180.22642517089844 127 31.501073837280273 180.22642517089844 126 28.327455520629883 183.46003723144531 86 28.327455520629883 183.46003723144531 83 132.79225158691406 182.19107055664062 -1 132.79225158691406 182.19107055664062 -1 223.91905212402344 99.83160400390625 95 220.82267761230469 97.294403076171875 38 217.64227294921875 95.075119018554688 37 166.20021057128906 89.000503540039062 71 195.80899047851562 79.134292602539062 53 172.68318176269531 60.248889923095703 35 2.9465372562408447 213.87876892089844 133 169.57780456542969 40.321022033691406 -1 142.2283935546875 125.64155578613281 -1 48.961765289306641 165.95654296875 -1 93.787109375 121.13596343994141 74 41.342624664306641 173.9061279296875 -1 133.07839965820312 183.11126708984375 103 57.132049560546875 157.87713623046875 94 157.40557861328125 102.55799865722656 75 133.07839965820312 183.11126708984375 -1 14.427516937255859 201.54225158691406 76 10.015207290649414 206.57852172851562 -1 96.577682495117188 114.56338500976562 78 101.97720336914062 109.4971923828125 -1 157.40557861328125 102.55799865722656 40 166.20021057128906 89.000503540039062 79 180.69050598144531 89.495811462402344 46 180.69050598144531 89.495811462402344 45 154.07499694824219 103.23809051513672 39 
38 0.99789865552451229 -0.049812022248438156 0.041121996196986775 0.0051007029581357308 -0.12086621639569345 -0.2371472156944294 -0.04744884368567534 1 000037.png
126.84447479248047 110.45027160644531 -1 126.84447479248047 110.45027160644531 -1 144.61880493164062 197.63594055175781 1 201.04216003417969 76.416748046875 2 120.60659790039062 87.3028564453125 3 153.69139099121094 155.50897216796875 4 113.75706481933594 23.874195098876953 5 111.02284240722656 64.419578552246094 56 98.390121459960938 30.613264083862305 6 219.14222717285156 110.10958099365234 58 232.90884399414062 123.72776031494141 7 219.14222717285156 110.10958099365234 57 243.64288330078125 87.062545776367188 59 151.109130859375 120.60086059570312 8 151.88818359375 104.05062103271484 9 180.75503540039062 44.769775390625 11 104.42445373535156 12.325960159301758 10 192.659912109375 53.339458465576172 12 156.62664794921875 77.462730407714844 13 164.148193359375 102.37834930419922 14 94.736167907714844 124.61270141601562 74 247.48719787597656 236.28501892089844 64 174.469970703125 40.226730346679688 61 167.59246826171875 58.331501007080078 112 102.35028839111328 72.799224853515625 109 131.87022399902344 179.97183227539062 103 168.40480041503906 96.577003479003906 16 214.66314697265625 97.517333984375 15 131.87022399902344 179.97183227539062 63 164.148193359375 102.37834930419922 17 167.59246826171875 58.331501007080078 117 135.51432800292969 38.268463134765625 -1 109.24079895019531 33.912044525146484 18 109.24079895019531 33.912044525146484 -1 169.28273010253906 91.714332580566406 25 179.9227294921875 94.403800964355469 26 175.37037658691406 95.50286865234375 27 236.85321044921875 100.99887847900391 28 246.44183349609375 107.59581756591797 29 116.74992370605469 4.0664796829223633 30 187.54531860351562 71.700851440429688 31 187.54531860351562 71.700851440429688 111 175.37037658691406 95.50286865234375 32 116.74992370605469 4.0664796829223633 20 106.88369750976562 106.25375366210938 65 169.79299926757812 62.910903930664062 23 187.54531860351562 71.700851440429688 21 151.61268615722656 75.101669311523438 -1 171.99356079101562 88.358299255371094 24 155.8076171875 64.211891174316406 113 155.8076171875 64.211891174316406 110 231.56512451171875 107.65577697753906 41 250.08856201171875 120.45010375976562 114 160.523681640625 52.474678039550781 22 235.34111022949219 110.23598480224609 33 102.61136627197266 15.728304862976074 34 172.455810546875 60.387306213378906 35 202.51040649414062 78.105567932128906 -1 166.22624206542969 89.070358276367188 71 182.10752868652344 96.990730285644531 -1 93.112442016601562 119.00504302978516 78 42.880233764648438 172.76570129394531 -1 33.498798370361328 182.1253662109375 -1 27.933128356933594 188.21376037597656 -1 12.12034797668457 204.39703369140625 76 252.500732421875 243.15385437011719 123 157.30137634277344 102.06231689453125 40 166.22624206542969 89.070358276367188 79 95.446205139160156 116.54547119140625 78 154.08497619628906 102.95729827880859 39 223.99493408203125 102.30323791503906 95 221.08226013183594 99.892669677734375 38 102.61136627197266 15.728304862976074 44 172.455810546875 60.387306213378906 43 84.051528930664062 127.82265472412109 42 182.10752868652344 96.990730285644531 -1 252.500732421875 243.15385437011719 19 157.30137634277344 102.06231689453125 75 63.498046875 151.74861145019531 -1 180.72303771972656 89.440605163574219 45 154.54283142089844 99.240188598632812 39 217.29847717285156 97.044647216796875 37 180.72303771972656 89.440605163574219 46 203.40107727050781 86.663421630859375 36 60.608592987060547 154.72697448730469 -1 
41 0.99769470624301204 -0.044743250111273905 0.050774362721181777 0.0050278021448446081 -1.0979721330825016 0.27245498538113155 -0.05557227115888725 1 000040.png
125.64824676513672 110.15824890136719 -1 125.64824676513672 110.15824890136719 -1 144.44183349609375 197.59239196777344 1 201.03981018066406 76.282188415527344 2 120.55300140380859 86.575393676757812 3 127.04184722900391 154.69429016113281 54 153.52249145507812 155.7841796875 4 127.04184722900391 154.69429016113281 55 113.78968811035156 23.81675910949707 5 98.430038452148438 30.747653961181641 6 219.08036804199219 109.90261840820312 57 233.24790954589844 122.79434204101562 7 219.08036804199219 109.90261840820312 58 243.52815246582031 86.939590454101562 59 106.71804046630859 56.889503479003906 -1 193.00146484375 53.460010528564453 12 156.68731689453125 77.391899108886719 13 188.82054138183594 80.27081298828125 -1 231.23884582519531 111.39949798583984 41 151.82235717773438 104.15067291259766 9 104.15795135498047 11.693210601806641 10 146.49795532226562 47.663417816162109 -1 174.12680053710938 39.857685089111328 61 180.7916259765625 44.693443298339844 11 167.80583190917969 58.312122344970703 112 102.52288055419922 72.440994262695312 109 125.17250061035156 178.69741821289062 47 132.35731506347656 180.226318359375 103 214.80827331542969 97.96466064453125 15 253.63148498535156 244.94767761230469 48 164.12774658203125 102.39318084716797 14 167.80583190917969 58.312122344970703 117 168.42039489746094 96.602104187011719 16 105.66288757324219 97.03692626953125 -1 253.63148498535156 244.94767761230469 19 132.35731506347656 180.226318359375 63 164.12774658203125 102.39318084716797 17 109.21272277832031 34.068782806396484 18 109.21272277832031 34.068782806396484 -1 247.83843994140625 235.85653686523438 64 116.78553771972656 4.1040735244750977 30 155.18539428710938 64.535194396972656 110 187.72174072265625 71.547416687011719 31 175.40296936035156 95.454277038574219 32 116.78553771972656 4.1040735244750977 20 169.83464050292969 62.853908538818359 23 155.18539428710938 64.535194396972656 113 187.72174072265625 71.547416687011719 21 151.56184387207031 75.263824462890625 -1 172.04084777832031 88.283309936523438 24 169.37069702148438 91.696136474609375 25 179.945068359375 94.347572326660156 26 175.40296936035156 95.454277038574219 27 236.30764770507812 100.44582366943359 28 246.74624633789062 107.17864990234375 29 95.42010498046875 116.677490234375 78 160.52235412597656 52.396598815917969 22 107.32172393798828 105.65645599365234 65 235.53079223632812 109.79840087890625 33 250.10305786132812 119.93254852294922 114 137.00564575195312 182.27969360351562 49 27.161924362182617 185.15353393554688 83 132.94802856445312 182.78465270996094 63 95.42010498046875 116.677490234375 -1 27.161924362182617 185.15353393554688 86 132.94802856445312 182.78465270996094 103 113.52670288085938 2.4916090965270996 50 101.84345245361328 35.428798675537109 -1 192.89350891113281 78.84619140625 -1 252.6103515625 241.63572692871094 123 84.207313537597656 127.67824554443359 42 157.14779663085938 102.34841156005859 40 231.34062194824219 107.08274078369141 41 154.15693664550781 103.01320648193359 39 223.57707214355469 101.44710540771484 95 169.24324035644531 95.271736145019531 51 177.619140625 91.212547302246094 -1 205.48538208007812 88.037696838378906 36 113.52670288085938 2.4916090965270996 137 172.47825622558594 60.3099365234375 35 177.619140625 91.212547302246094 -1 252.6103515625 241.63572692871094 19 226.13394165039062 103.51874542236328 95 195.85948181152344 80.923683166503906 53 180.72911071777344 89.502105712890625 46 75.824508666992188 139.61579895019531 87 180.72911071777344 89.502105712890625 45 
46 0.99748610390455339 -0.052834294183954619 0.046879781132306779 0.0056829566587149093 -0.69207203135595163 -0.54783242447480351 -0.010294619255161758 1 000044.png
124.86852264404297 109.64164733886719 -1 124.86852264404297 109.64164733886719 -1 144.25718688964844 197.53990173339844 1 201.06071472167969 76.247940063476562 2 120.66904449462891 86.777687072753906 3 153.82748413085938 154.82301330566406 4 113.77321624755859 23.798240661621094 5 98.511238098144531 30.54151725769043 6 219.49623107910156 109.67342376708984 58 219.49623107910156 109.67342376708984 57 229.64213562011719 78.16046142578125 80 243.009521484375 86.617362976074219 59 234.70030212402344 121.82007598876953 7 131.04844665527344 175.25212097167969 96 189.9483642578125 61.933769226074219 -1 213.6185302734375 98.690933227539062 -1 151.03976440429688 120.91658782958984 8 151.87580871582031 103.87813568115234 9 104.200927734375 11.51447582244873 10 181.16987609863281 45.499057769775391 -1 192.90261840820312 53.388168334960938 12 156.636962890625 77.430732727050781 13 119.32590484619141 171.20878601074219 -1 231.14399719238281 111.22926330566406 41 174.04219055175781 39.880229949951172 61 102.56582641601562 71.910774230957031 109 168.46112060546875 96.559295654296875 16 214.82797241210938 97.038131713867188 15 164.3514404296875 102.37248229980469 14 247.6785888671875 234.99739074707031 64 164.3514404296875 102.37248229980469 17 109.18718719482422 33.756359100341797 18 246.60208129882812 106.98902893066406 29 120.40998077392578 171.67607116699219 -1 132.96284484863281 181.61778259277344 -1 137.42845153808594 181.65876770019531 49 116.76795196533203 4.1250247955322266 30 155.93234252929688 63.869529724121094 110 187.86521911621094 71.48193359375 111 175.37095642089844 95.396194458007812 32 132.96284484863281 181.61778259277344 -1 187.86521911621094 71.48193359375 21 116.76795196533203 4.1250247955322266 20 168.47554016113281 58.494911193847656 112 169.84382629394531 62.844799041748047 23 155.93234252929688 63.869529724121094 113 172.09574890136719 88.338340759277344 24 169.39920043945312 91.710990905761719 25 179.96717834472656 94.395133972167969 26 175.37095642089844 95.396194458007812 27 236.4984130859375 99.969818115234375 28 27.322778701782227 184.90428161621094 83 160.53361511230469 52.315910339355469 22 102.42092132568359 62.097606658935547 -1 27.322778701782227 184.90428161621094 86 249.74386596679688 119.51383209228516 114 7.9297080039978027 209.34114074707031 -1 102.61273193359375 15.358756065368652 34 172.52427673339844 60.318225860595703 35 107.56324005126953 105.17803192138672 65 205.55604553222656 87.921104431152344 36 177.595458984375 91.276611328125 -1 220.54776000976562 98.893470764160156 38 223.66032409667969 101.26319122314453 95 77.73681640625 137.83218383789062 87 56.491031646728516 158.98377990722656 94 133.1348876953125 182.95361328125 103 24.472539901733398 192.10124206542969 -1 17.651523590087891 198.96562194824219 -1 92.963211059570312 122.71987915039062 -1 14.481094360351562 202.05206298828125 76 154.29550170898438 102.70403289794922 39 177.595458984375 91.276611328125 -1 133.1348876953125 182.95361328125 63 231.41473388671875 106.86904144287109 41 226.09254455566406 103.11519622802734 95 84.30145263671875 127.51287841796875 42 180.74943542480469 89.55865478515625 46 154.47750854492188 99.212623596191406 39 62.829929351806641 152.37254333496094 -1 157.28688049316406 102.32633209228516 40 189.74406433105469 76.293075561523438 -1 180.74943542480469 89.55865478515625 45 
49 0.99677731190319674 -0.065788462509764667 0.045361348432668029 0.0070154646324249604 -0.52925450358811843 -1.8626108773928975 0.12287361011148908 1 000050.png
127.31851959228516 110.20411682128906 -1 127.31851959228516 110.20411682128906 -1 144.29246520996094 198.59324645996094 1 201.03472900390625 76.21173095703125 2 120.41345977783203 86.623115539550781 3 155.26217651367188 151.56488037109375 4 113.76750946044922 23.791492462158203 5 110.61399841308594 63.304397583007812 56 98.592338562011719 30.688444137573242 6 219.76336669921875 109.82350158691406 58 233.33601379394531 121.85463714599609 7 219.76336669921875 109.82350158691406 57 202.7794189453125 61.119575500488281 -1 202.7794189453125 61.119575500488281 -1 243.26158142089844 86.85894775390625 59 229.67315673828125 77.938507080078125 80 151.36976623535156 120.57235717773438 8 151.36976623535156 120.57235717773438 131 180.78181457519531 44.717262268066406 11 104.17824554443359 11.329838752746582 10 145.54501342773438 46.747852325439453 -1 193.10697937011719 53.507968902587891 12 156.689453125 77.381065368652344 13 214.19471740722656 97.447486877441406 15 125.66434478759766 179.62187194824219 47 230.90275573730469 111.13596343994141 41 174.46658325195312 40.356048583984375 61 164.26101684570312 102.29606628417969 14 247.80216979980469 234.45732116699219 64 168.43260192871094 96.586570739746094 16 236.558837890625 99.737213134765625 28 164.26101684570312 102.29606628417969 17 147.58750915527344 71.456222534179688 -1 102.48677062988281 72.000877380371094 109 109.18285369873047 33.869403839111328 18 169.29994201660156 91.671310424804688 25 179.95988464355469 94.446189880371094 26 175.40840148925781 95.463066101074219 27 116.78227996826172 4.0573110580444336 30 155.71180725097656 64.131439208984375 110 152.19114685058594 67.570259094238281 -1 187.75347900390625 71.407707214355469 31 175.40840148925781 95.463066101074219 32 116.78227996826172 4.0573110580444336 20 169.81706237792969 62.885440826416016 23 155.71180725097656 64.131439208984375 113 152.19114685058594 67.570259094238281 -1 187.75347900390625 71.407707214355469 21 172.02740478515625 88.396461486816406 24 249.56245422363281 119.20504760742188 81 107.55112457275391 105.21292877197266 65 229.86253356933594 125.08808898925781 82 27.363073348999023 184.98068237304688 83 160.32069396972656 52.221446990966797 22 252.92558288574219 241.91064453125 48 239.18614196777344 112.45275115966797 84 235.23887634277344 109.31687927246094 33 229.86253356933594 125.08808898925781 85 27.363073348999023 184.98068237304688 86 252.92558288574219 241.91064453125 19 252.92558288574219 241.91064453125 123 172.14468383789062 89.201988220214844 24 231.66632080078125 106.99430847167969 41 246.19300842285156 106.96286010742188 29 83.056991577148438 132.44424438476562 42 42.797107696533203 173.01640319824219 -1 40.439598083496094 175.53057861328125 -1 15.036322593688965 201.42861938476562 76 4.1949253082275391 212.88740539550781 133 142.35533142089844 125.48731994628906 -1 154.41806030273438 102.77566528320312 39 157.32942199707031 102.51347351074219 40 223.57470703125 101.08225250244141 95 172.52235412597656 60.311779022216797 35 167.49787902832031 54.003189086914062 136 147.3114013671875 80.297889709472656 -1 166.277587890625 89.085670471191406 71 220.4755859375 98.748329162597656 38 154.54515075683594 99.34228515625 39 226.19013977050781 103.26516723632812 95 81.943122863769531 129.9429931640625 42 166.277587890625 89.085670471191406 79 80.442893981933594 135.02619934082031 87 180.73255920410156 89.476287841796875 46 180.73255920410156 89.476287841796875 45 
50 0.99797545624149708 -0.052457204468535093 0.035607419185455874 0.0050340975232466565 0.46110923118150604 -0.50413975813713152 0.1014319825624182 1 000047.png
127.09422302246094 110.20704650878906 -1 127.09422302246094 110.20704650878906 -1 144.264892578125 198.10824584960938 1 201.06755065917969 76.259147644042969 2 120.58468627929688 86.424018859863281 3 154.02105712890625 154.72319030761719 4 113.75384521484375 23.799158096313477 5 219.4423828125 109.79417419433594 58 219.4423828125 109.79417419433594 57 98.485450744628906 30.799020767211914 6 243.55839538574219 86.961494445800781 59 131.05636596679688 174.9434814453125 96 233.45895385742188 121.86073303222656 7 189.88565063476562 62.329479217529297 -1 151.12960815429688 120.46198272705078 8 131.64352416992188 177.086669921875 -1 151.85726928710938 104.37504577636719 9 104.21279907226562 11.422737121582031 10 181.15516662597656 45.451606750488281 -1 193.01727294921875 53.451229095458984 12 156.66065979003906 77.493354797363281 13 71.926322937011719 148.67344665527344 132 230.95730590820312 111.09978485107422 41 174.29835510253906 40.157562255859375 61 167.94404602050781 58.273822784423828 112 102.64682006835938 71.912872314453125 109 105.51441192626953 96.29241943359375 -1 214.6239013671875 97.05755615234375 15 164.1656494140625 102.29352569580078 14 164.1656494140625 102.29352569580078 17 167.94404602050781 58.273822784423828 117 168.42120361328125 96.63140869140625 16 109.16220855712891 33.952220916748047 18 152.51617431640625 67.249778747558594 -1 187.91171264648438 71.475692749023438 21 172.08201599121094 88.372077941894531 24 169.28514099121094 91.692268371582031 25 179.99839782714844 94.378456115722656 26 175.38485717773438 95.437606811523438 27 137.90345764160156 181.38156127929688 49 249.17286682128906 255.19845581054688 -1 116.80426025390625 3.9559116363525391 30 155.68930053710938 64.201309204101562 110 152.51617431640625 67.249778747558594 -1 187.91171264648438 71.475692749023438 31 175.38485717773438 95.437606811523438 32 249.17286682128906 255.19845581054688 -1 116.80426025390625 3.9559116363525391 20 168.93963623046875 58.590961456298828 112 169.82600402832031 62.864253997802734 23 155.68930053710938 64.201309204101562 113 249.51165771484375 119.19675445556641 114 11.827136993408203 200.98611450195312 -1 160.28367614746094 52.208522796630859 22 235.70487976074219 109.63558959960938 33 231.79129028320312 106.98221588134766 41 31.464527130126953 180.70187377929688 -1 31.464527130126953 180.70187377929688 -1 27.078800201416016 185.28404235839844 83 246.23551940917969 107.05291748046875 29 27.078800201416016 185.28404235839844 86 11.827136993408203 200.98611450195312 -1 8.2527837753295898 208.97000122070312 -1 102.47273254394531 61.961307525634766 -1 205.50978088378906 87.943618774414062 36 172.07435607910156 89.363983154296875 24 177.56671142578125 91.04315185546875 -1 154.49136352539062 99.36859130859375 39 223.73429870605469 101.26307678222656 95 81.834487915039062 130.08251953125 42 226.21682739257812 103.23536682128906 95 113.51374053955078 2.4581918716430664 50 84.019432067871094 127.83567810058594 42 107.55764770507812 105.20787048339844 65 154.29069519042969 102.87169647216797 39 113.51374053955078 2.4581918716430664 137 102.62422943115234 15.276471138000488 44 202.80563354492188 85.89910888671875 -1 102.62422943115234 15.276471138000488 34 167.48039245605469 53.912445068359375 136 252.71011352539062 241.08517456054688 19 252.71011352539062 241.08517456054688 48 172.50274658203125 60.285480499267578 35 252.71011352539062 241.08517456054688 123 87.940093994140625 123.90818786621094 -1 38.160423278808594 177.76617431640625 -1 177.56671142578125 91.04315185546875 -1 188.62351989746094 75.374710083007812 -1 157.3349609375 102.37347412109375 40 180.75593566894531 89.531654357910156 45 14.60830020904541 201.77093505859375 76 180.75593566894531 89.531654357910156 46 
52 0.99702418030317685 -0.059533068622699886 0.048550326460835014 0.006439210486515432 -0.86277709939808123 -1.2287699030414749 0.018602696881688884 1 000053.png
127.37667846679688 110.22817230224609 -1 127.37667846679688 110.22817230224609 -1 144.23846435546875 198.56492614746094 1 200.95060729980469 76.148757934570312 2 120.50630950927734 86.542945861816406 3 154.19346618652344 153.47581481933594 4 113.76873779296875 23.799558639526367 5 110.71000671386719 63.705841064453125 56 98.431076049804688 30.468120574951172 6 130.04901123046875 170.45681762695312 -1 130.04901123046875 170.45681762695312 -1 202.86045837402344 61.125595092773438 -1 202.86045837402344 61.125595092773438 -1 229.6815185546875 78.140480041503906 80 243.30787658691406 86.806564331054688 59 131.00157165527344 174.22372436523438 96 233.60090637207031 121.84761810302734 7 151.46916198730469 120.14678192138672 8 56.121318817138672 166.33018493652344 88 151.46916198730469 120.14678192138672 131 180.759033203125 44.700550079345703 11 104.18779754638672 11.243727684020996 10 146.40208435058594 47.830425262451172 -1 192.95744323730469 53.432014465332031 12 156.67378234863281 77.384613037109375 13 231.13427734375 111.04647827148438 41 174.07577514648438 39.777324676513672 61 102.43922424316406 71.861618041992188 109 168.46905517578125 96.56219482421875 16 214.58052062988281 96.886344909667969 15 236.716064453125 99.634132385253906 28 164.10707092285156 102.23497009277344 14 111.51591491699219 146.3272705078125 -1 253.74591064453125 244.04508972167969 19 247.72833251953125 234.75178527832031 64 164.10707092285156 102.23497009277344 17 253.74591064453125 244.04508972167969 48 109.17511749267578 33.80780029296875 18 116.79962921142578 4.0216407775878906 20 179.98406982421875 94.309890747070312 26 175.34504699707031 95.392784118652344 27 116.79962921142578 4.0216407775878906 30 155.46322631835938 64.287246704101562 110 187.84773254394531 71.436988830566406 31 175.34504699707031 95.392784118652344 32 169.85246276855469 62.836540222167969 23 155.46322631835938 64.287246704101562 113 187.84773254394531 71.436988830566406 21 169.33995056152344 91.715652465820312 25 4.6045031547546387 212.89558410644531 133 250.03396606445312 119.5885009765625 114 229.80545043945312 125.01347351074219 82 239.65885925292969 112.65503692626953 84 27.327085494995117 184.97178649902344 83 8.1260643005371094 209.28897094726562 128 232.62924194335938 107.28117370605469 41 160.3812255859375 52.255352020263672 22 151.5638427734375 75.382125854492188 -1 172.09367370605469 89.116264343261719 24 246.28181457519531 106.89107513427734 29 235.73023986816406 109.71943664550781 33 143.03797912597656 111.13638305664062 -1 113.45358276367188 2.6524555683135986 50 113.45358276367188 2.6524555683135986 137 229.80545043945312 125.01347351074219 85 27.327085494995117 184.97178649902344 86 107.55233764648438 105.22226715087891 65 154.40702819824219 102.39242553710938 39 102.77967071533203 109.44046020507812 -1 174.82246398925781 53.281753540039062 -1 83.237716674804688 132.27589416503906 42 223.737060546875 101.38120269775391 95 220.74456787109375 98.930213928222656 38 167.6241455078125 53.978630065917969 136 169.15008544921875 95.098091125488281 51 172.50999450683594 60.306682586669922 35 133.40858459472656 183.077392578125 63 252.60403442382812 240.92987060546875 19 252.60403442382812 240.92987060546875 48 53.069972991943359 162.3944091796875 -1 201.19401550292969 84.7064208984375 -1 252.60403442382812 240.92987060546875 123 38.505062103271484 177.35133361816406 -1 133.40858459472656 183.077392578125 103 87.443511962890625 124.51608276367188 -1 56.265518188476562 159.13775634765625 94 186.85118103027344 74.247077941894531 -1 67.41595458984375 147.85031127929688 101 61.545047760009766 153.74118041992188 -1 
64 0.99668680705505308 -0.069400110410783505 0.041804429367449859 0.0071709833800151996 -0.16453166351740192 -2.2269551841726405 0.1994180367929573 1 000060.png
126.93492889404297 110.03345489501953 -1 126.93492889404297 110.03345489501953 -1 144.27349853515625 198.66415405273438 1 201.03167724609375 76.221855163574219 2 120.49568176269531 86.503608703613281 3 155.40435791015625 152.01786804199219 4 113.77394866943359 23.816814422607422 5 219.55436706542969 109.358642578125 57 219.55436706542969 109.358642578125 58 233.35287475585938 122.11537933349609 7 99.72308349609375 31.621191024780273 6 243.38766479492188 86.83831787109375 59 131.24778747558594 174.74496459960938 96 229.57609558105469 78.146476745605469 80 124.82595825195312 10.922900199890137 130 151.30813598632812 120.53556823730469 8 55.981945037841797 166.53517150878906 88 151.30813598632812 120.53556823730469 131 104.22023773193359 11.823934555053711 10 181.08248901367188 45.137939453125 11 193.05921936035156 53.481464385986328 12 156.64988708496094 77.38641357421875 13 72.079307556152344 148.42002868652344 132 231.12718200683594 111.26406860351562 41 132.23114013671875 178.65646362304688 103 132.23114013671875 178.65646362304688 63 174.38775634765625 40.317844390869141 61 102.36176300048828 71.836624145507812 109 168.44705200195312 96.572517395019531 16 214.84829711914062 97.232688903808594 15 111.55410766601562 146.39254760742188 -1 247.5762939453125 235.02525329589844 64 164.16319274902344 102.21809387207031 17 164.16319274902344 102.21809387207031 14 109.21867370605469 33.736934661865234 18 169.34266662597656 91.717842102050781 25 179.98764038085938 94.413421630859375 26 175.43704223632812 95.500694274902344 27 236.661376953125 100.08627319335938 28 249.28306579589844 254.85911560058594 -1 116.8353271484375 4.0579586029052734 30 169.230712890625 58.681392669677734 117 155.34770202636719 64.572799682617188 110 187.90142822265625 71.47283935546875 111 187.90142822265625 71.47283935546875 31 175.43704223632812 95.500694274902344 32 249.28306579589844 254.85911560058594 -1 116.8353271484375 4.0579586029052734 20 169.230712890625 58.681392669677734 112 169.82106018066406 62.8731689453125 23 155.34770202636719 64.572799682617188 113 187.90142822265625 71.47283935546875 21 171.9306640625 88.25823974609375 24 113.41358184814453 2.7686541080474854 50 27.106536865234375 185.29025268554688 83 113.41358184814453 2.7686541080474854 137 107.41269683837891 105.37435150146484 65 250.11952209472656 119.54248809814453 114 229.83219909667969 125.00901794433594 82 160.49258422851562 52.305412292480469 22 229.83219909667969 125.00901794433594 85 27.106536865234375 185.29025268554688 86 247.95907592773438 236.77836608886719 -1 204.40693664550781 87.090591430664062 36 172.02102661132812 89.345993041992188 24 169.26344299316406 95.250823974609375 51 220.60528564453125 98.906494140625 38 154.56001281738281 99.257698059082031 39 133.34297180175781 182.98707580566406 103 4.8010363578796387 212.23715209960938 133 84.0186767578125 127.82270812988281 42 90.970443725585938 121.06477355957031 134 93.336997985839844 118.64926147460938 78 235.29248046875 109.54832458496094 33 154.19671630859375 102.99854278564453 39 223.7862548828125 101.41218566894531 95 166.2430419921875 89.067626953125 79 90.970443725585938 121.06477355957031 135 166.2430419921875 89.067626953125 71 104.80453491210938 7.0841503143310547 -1 167.49848937988281 53.754890441894531 136 252.73747253417969 241.46322631835938 123 252.73747253417969 241.46322631835938 19 172.52447509765625 60.324417114257812 35 252.73747253417969 241.46322631835938 48 142.37324523925781 119.58905792236328 -1 83.190376281738281 132.26165771484375 42 133.34297180175781 182.98707580566406 63 14.742026329040527 201.75065612792969 76 180.7298583984375 89.479484558105469 45 56.968692779541016 158.35853576660156 94 180.7298583984375 89.479484558105469 46 
68 0.99554968018435708 -0.073598676549217271 0.058191723641351979 0.0088199996982182179 -1.8361700474208609 -2.665879458467193 0.14280377883449244 1 000064.png
126.95285797119141 110.06098175048828 -1 126.95285797119141 110.06098175048828 -1 144.22836303710938 198.61045837402344 1 201.06547546386719 76.237518310546875 2 120.46565246582031 86.647842407226562 3 155.16215515136719 150.82504272460938 4 113.75653076171875 23.791120529174805 5 110.24665832519531 62.467281341552734 56 98.459640502929688 30.629508972167969 6 233.41172790527344 122.07150268554688 7 243.13650512695312 86.794639587402344 59 229.9107666015625 78.357742309570312 80 124.92676544189453 11.055288314819336 130 189.93373107910156 62.276824951171875 -1 151.3394775390625 120.52223968505859 8 117.93531799316406 170.49995422363281 -1 117.93531799316406 170.49995422363281 -1 117.93531799316406 170.49995422363281 -1 151.3394775390625 120.52223968505859 131 188.57156372070312 79.822990417480469 -1 71.745010375976562 148.75251770019531 132 104.20764923095703 12.255704879760742 10 230.971923828125 111.11992645263672 41 181.16813659667969 45.415859222412109 -1 146.72114562988281 47.854602813720703 -1 192.90315246582031 53.389110565185547 12 156.67112731933594 77.394279479980469 13 168.46278381347656 96.552742004394531 16 164.34310913085938 102.33892822265625 14 109.61420440673828 129.77394104003906 125 110.58901977539062 137.49037170410156 -1 102.36432647705078 71.610298156738281 109 214.3636474609375 97.3922119140625 15 164.34310913085938 102.33892822265625 17 247.63133239746094 234.71461486816406 64 138.33383178710938 181.13851928710938 49 187.88558959960938 71.473098754882812 21 171.9259033203125 88.2481689453125 24 252.72560119628906 90.378997802734375 -1 169.35369873046875 91.708892822265625 25 179.97006225585938 94.387374877929688 26 175.38011169433594 95.45355224609375 27 253.10067749023438 242.9644775390625 19 116.78779602050781 3.9575390815734863 30 155.34161376953125 64.5650634765625 110 152.03929138183594 67.748283386230469 -1 187.88558959960938 71.473098754882812 111 187.88558959960938 71.473098754882812 31 175.38011169433594 95.45355224609375 32 253.10067749023438 242.9644775390625 48 116.78779602050781 3.9575390815734863 20 174.14979553222656 39.701812744140625 61 168.41764831542969 58.479885101318359 112 169.81782531738281 62.872699737548828 23 155.34161376953125 64.5650634765625 113 152.03929138183594 67.748283386230469 -1 232.07029724121094 107.04766082763672 41 246.54928588867188 106.99784851074219 29 227.58004760742188 104.35922241210938 95 160.50146484375 52.331249237060547 22 146.97605895996094 81.531974792480469 -1 235.58381652832031 109.51418304443359 33 34.716476440429688 177.39787292480469 126 27.28802490234375 185.09190368652344 86 250.23257446289062 119.70496368408203 114 34.716476440429688 177.39787292480469 127 27.28802490234375 185.09190368652344 83 5.0865964889526367 212.31990051269531 133 154.51620483398438 99.293075561523438 39 223.8953857421875 101.37867736816406 95 154.43754577636719 102.66738891601562 39 107.55127716064453 105.17974853515625 65 90.889869689941406 121.15164184570312 134 43.359317779541016 172.33845520019531 -1 39.273227691650391 176.593505859375 -1 14.994156837463379 201.68597412109375 76 8.9475612640380859 207.83047485351562 128 133.384033203125 183.08660888671875 103 78.265762329101562 137.37666320800781 87 82.927871704101562 132.49282836914062 42 85.75927734375 129.68148803710938 42 172.04537963867188 89.348648071289062 24 180.72885131835938 89.42578125 45 90.889869689941406 121.15164184570312 135 133.384033203125 183.08660888671875 63 167.49198913574219 54.051082611083984 136 172.50799560546875 60.274738311767578 35 201.97978210449219 85.507270812988281 -1 246.62800598144531 116.82632446289062 81 204.97465515136719 87.483222961425781 36 113.45335388183594 2.636878490447998 50 180.72885131835938 89.42578125 46 169.16719055175781 95.088951110839844 51 113.45335388183594 2.636878490447998 137 67.6619873046875 147.72235107421875 101 53.371742248535156 161.9471435546875 129 88.290206909179688 127.08657073974609 -1 61.891868591308594 153.2147216796875 -1 
