# 3D point list with one line of data per point:
#   POINT3D_ID, X, Y, Z, R, G, B, ERROR, TRACK[] as (IMAGE_ID, POINT2D_IDX)
# Number of points: 103, mean track length: 7.0873786407766994
1 -2.8972621260119764 -4.4677172953463904 50.455587440527808 99 94 90 0.63905104064056162 38 2 31 1 41 2 37 2 49 2 64 2 52 2 46 2 50 2 68 2
2 1.206326990889683 -5.0460740359816123 50.15525742461773 111 115 109 0.105527748720077 38 3 31 2 41 3 37 3 49 3 64 3 52 3 46 3 50 3 68 3
3 -4.6395601819315244 -4.9965874353333559 50.481623278576357 253 95 97 0.3881823733888331 38 4 31 3 41 4 37 4 49 4 64 4 52 4 46 4 50 4 68 4
4 -2.1616233093409067 -4.6657880631628412 50.254695867509916 100 93 84 1.1440686307144667 38 5 31 4 41 6 37 6 49 5 64 5 52 5 46 5 50 5 68 5
5 -5.1556749664487285 -5.3040719941347989 50.529024242884326 254 255 247 0.1788860753073504 38 6 31 5 41 8 37 8 49 6 64 6 52 6 46 6 50 6 68 6
6 -6.2869086017764388 -5.2747163388500784 50.619877505074314 85 82 70 0.36694624502486811 38 8 31 7 41 9 37 10 49 8 64 10 52 8 46 7 50 9 68 8
7 3.5091957107624112 -4.8292961365290283 50.034041794062929 178 175 169 0.46385462419125717 38 10 31 8 41 11 37 12 49 10 64 9 52 16 46 12 50 12 68 9
8 -2.3935610029113574 -4.83495620695179 50.369163369812213 136 121 114 0.26960533191734165 38 13 31 11 37 17 49 16 64 15 52 17 46 16 50 14 68 14
9 -2.3437959048224335 -4.9140257026345529 50.356961311104705 154 118 111 0.3060167609440419 38 14 31 16 41 19 37 23 46 17 50 16
10 -5.8665963828419798 -5.363521323387844 50.567552579942948 172 141 126 0.38045271513406087 38 16 31 17 41 20 37 18 49 19 64 18 52 21 46 18 50 17 68 21
11 -0.24180814791324895 -5.1938404798773252 50.212980408755008 111 118 126 0.23968616982480956 38 15 31 18 41 23 37 19 49 18 64 19 52 20
12 0.62838397719638261 -5.1521568984445647 50.165482709728181 107 112 116 0.2007523658898748 38 17 31 19 41 15 37 20 49 21 64 20 52 23 46 20 50 19 68 25
13 -1.9973357406310679 -5.0413563501354943 50.337256838085963 224 186 176 0.11441336249827014 38 18 31 20 41 16 37 21 49 22 64 21 52 24 46 21 50 20 68 26
14 -1.4473645245889024 -4.9209127608871501 50.29924216546344 141 125 119 0.20114723006563939 38 19 31 21 41 30 37 29 49 27 64 33 52 31 46 28 50 28 68 28
15 2.1693709323396071 -4.9511977939671112 50.143804797457882 102 108 110 0.35395062434303914 38 27 31 23 41 28 37 27 49 23 64 29 52 29 46 27 50 27 68 32
16 -1.1397341370797649 -4.9482534579901323 50.280528966939983 59 57 58 0.17562374492165203 38 26 31 24 41 32 37 28 49 29 64 28 52 28 46 26 50 31 68 27
17 -1.4473645245889024 -4.9209127608871501 50.29924216546344 141 125 119 0.20114723006563939 38 29 31 25 41 36 37 31 49 31 64 32 52 35 46 30 50 29 68 33
18 -5.49290937709688 -5.2558317711256564 50.551377827258278 251 223 181 0.20916300317224443 38 32 31 27 41 37 37 33 49 34 64 34 52 37 46 31 50 32
19 4.8741580381686198 -4.2681126468362995 49.981807592193341 104 105 96 0.90238043615027275 38 76 31 28 41 34 41 81 37 52 49 59 64 82 52 33 52 77 50 80 68 42
20 -4.9318017246272108 -5.398549015154062 50.506436492726444 254 255 249 0.19136925791069254 38 43 31 30 41 44 37 34 49 43 64 47 52 38 46 42 50 47 68 50
21 0.26737068672262504 -5.0709411113651752 50.223414272537646 17 17 17 0.25757524105883411 38 46 31 31 41 47 37 43 49 47 64 51 52 47 46 41 50 34 68 36
22 -1.7266512717749423 -5.1661141225476284 50.354906037150073 22 19 16 0.24272072383963747 38 53 31 32 41 56 37 40 49 53 64 59 52 56 46 52 50 53 68 59
23 -1.0402029266715971 -5.1098769017571648 50.275415896667461 254 255 243 0.1020021728037144 38 45 31 33 41 45 37 39 49 44 64 49 52 45 46 44 50 49 68 53
24 -0.87952101311576847 -4.987514071073055 50.280473523811679 135 105 85 0.47572183374940774 38 48 31 34 41 49 37 37 49 48 64 52 52 58 49 61 64 64 46 46 50 35 50 65 68 37 68 81
25 -1.0764422411551917 -4.9717173159311656 50.277820236802469 237 238 212 0.1740063284428511 38 34 31 35 41 50 37 36 49 35 64 35 52 48 46 47 50 36 68 39
26 -0.30616074551218259 -4.95789883247937 50.226469348719242 85 64 50 0.19721330205289192 38 35 31 36 41 51 37 35 49 36 64 36 52 39 46 48 50 37 68 40
27 -0.63713754999506156 -4.9532886914561978 50.249108405437589 247 236 226 0.18506145820213996 38 36 31 37 41 52 37 46 49 37 64 37 52 40 46 49 50 38 68 41
28 3.7309205712752709 -4.9349199498290588 50.029990243081542 147 152 152 0.3607267913177612 38 37 31 38 41 53 37 45 49 30 64 38 52 30 46 50
29 4.4207270753495873 -4.9033868300913133 50.002502000160874 170 174 172 0.24963173581202541 38 38 31 39 41 54 37 44 49 63 52 59 46 32 50 59 68 57
30 -4.9318017246272108 -5.398549015154062 50.506436492726444 254 255 249 0.19136925791069254 38 39 31 42 41 40 37 47 49 38 64 40 52 41 46 36 50 41 68 43
31 0.26854984322003667 -5.0709724219289498 50.223110172678062 17 17 17 0.27360682541913955 38 40 31 43 41 42 37 48 49 41 64 44 52 43 50 44 68 47
32 -0.63713754999506156 -4.9532886914561978 50.249108405437589 247 236 226 0.18506145820213996 38 42 31 44 41 43 37 49 49 42 64 45 52 44 46 39 50 45 68 48
33 3.6502126221291724 -4.8905079117839971 50.040406313482357 96 105 105 0.27962611982581509 38 54 31 48 41 58 37 54 49 56 64 73 52 60 50 54 68 61
34 -5.9781495130368976 -5.3461755943390008 50.586991577952276 161 126 116 0.19402127520710788 38 55 31 54 46 57 50 78
35 -0.84475757492565706 -5.1218855238261707 50.263166129521075 35 30 37 0.10776944061481505 38 56 31 56 41 79 37 67 49 73 64 83 52 75 46 58 50 82 68 86
36 1.480552463849315 -4.9965631609515704 50.171790477299211 84 92 93 0.74804981330321618 38 83 31 58 41 77 64 63 46 60 50 64 68 89
37 2.3717672892500614 -4.9533289796988313 50.140636623919171 88 97 99 0.2688896749774124 38 81 31 59 37 64
38 2.6088837332852042 -4.9402157291812836 50.096614726471266 88 96 98 0.29427966878139494 38 71 31 61 37 63 49 77 64 66 52 72 46 62
39 -2.1629791184310321 -4.9246053024002059 50.331374812436337 144 133 131 1.6787622106799607 38 80 31 62 41 73 31 82 37 86 38 69 49 70 49 78 64 67 64 74 52 67 46 71 46 78 50 67 50 74 68 68 68 70
40 -1.948886505574104 -4.9210183459742893 50.325277277732006 110 101 92 0.22871560607111405 38 66 31 65 41 71 37 82 49 71 46 80 50 88
41 3.3699249989910971 -4.9039596672604873 50.149396355664919 95 104 105 1.8205192159995673 38 51 31 66 41 72 37 51 49 62 41 18 49 25 64 23 52 25 52 55 46 23 46 74 50 22 50 55 68 22 68 56
42 -7.4249575012907334 -4.8027131183313676 50.782546495870577 77 80 76 2.107690141637764 38 74 31 69 41 70 49 80 64 70 52 70 49 64 64 86 46 76 50 69 50 72 68 79 68 80
43 -0.8364224412997463 -5.1220241347138193 50.259476612385356 35 30 37 0.078033500569567649 38 73 31 78
44 -5.9753990331263784 -5.3462149532184622 50.589318141487787 161 126 116 0.19947758191832202 38 72 31 80 50 76
45 -0.25065067069409719 -4.9812597852272189 50.222490981095817 251 243 219 0.18078466072338722 38 79 31 84 41 86 37 85 49 84 64 89 46 82 50 89 68 82
46 -0.25065067069409719 -4.9812597852272189 50.222490981095817 251 243 219 0.18078466072338722 38 82 31 88 41 84 37 84 49 83 64 91 46 77 50 91 68 91
47 -4.316663647708272 -4.5602648774189296 50.564454228228932 95 91 90 0.78354939815600222 31 13 41 26 37 22 49 24
48 4.8804068161047729 -4.2672146387717467 49.978727125071906 103 103 93 0.86973156628870762 31 41 41 29 37 50 49 54 64 84 52 36 52 78 50 81 68 49
49 -3.3526612124478006 -4.5477446032242499 50.480438749551617 122 66 59 0.66721581725110823 31 22 41 60 37 25 46 35 50 39 68 35
50 -5.1817387865335558 -5.4052317441092406 50.514854296477672 213 171 154 0.1395941526070397 31 47 41 66 64 53 52 62 50 71 68 90
51 -1.0828856014121626 -4.9549483218381258 50.278494931219576 92 91 91 0.17144505106578753 31 60 41 75 64 65 52 74 68 92
53 0.82242433496249512 -5.0309409463365027 50.24516201000705 72 80 79 0.23385052821034993 31 89 41 83 37 66
54 -4.1532968553435392 -4.6668771921633114 50.405165949582575 253 91 92 0.10707769688288521 41 5 37 5
55 -4.1532968553435392 -4.6668771921633114 50.405165949582575 253 91 92 0.10707769688288521 41 7 37 7
56 -5.3807157327185271 -5.1107049612294704 50.531063192838928 252 94 97 0.60814603353922814 38 7 37 9 49 7 52 7 68 7
57 2.5131785407704181 -4.8906464599367769 50.111616931426369 120 125 125 0.2850038858980446 38 11 41 10 37 11 49 11 64 7 46 9 50 8
58 2.5131785407704181 -4.8906464599367769 50.111616931426369 120 125 125 0.2850038858980446 38 9 41 12 37 13 49 9 64 8 46 8 50 7
59 4.1947174390714395 -4.9907755576412338 49.950345456707268 150 152 153 0.3559448931084454 38 12 41 13 37 14 49 14 64 11 52 14 46 11 50 10 68 10
61 -0.72262877651511626 -5.2182827229890396 50.250832721256188 125 133 139 0.22773080831082548 38 22 41 22 37 26 49 26 64 26 52 26 46 24 50 23 68 51
63 -3.7517620025022236 -4.5557692248500103 50.587590971378667 244 87 84 1.5201599445307492 38 28 41 35 37 32 64 25 52 76 41 62 64 87 46 73 68 84
64 4.5106662108578837 -4.3039124913532776 50.020549889810908 112 121 121 0.44635025534193062 41 39 37 38 38 21 49 28 64 31 52 34 46 29 68 34
65 -5.6296555476424821 -4.9131594470649258 50.597968929547292 36 31 24 0.33021523320131235 38 44 41 57 37 41 49 50 64 56 52 66 46 59 50 73 68 71
71 -1.3017966658641109 -4.9854814840567174 50.300575271472589 246 226 194 0.14998140226413567 38 58 37 65 49 76 64 78
74 -6.6236331634650965 -4.8427370776244043 50.879424987172072 73 75 73 0.65378033593712703 38 20 37 72
75 -1.942407862526869 -4.9202707373780115 50.295234551456979 114 100 92 0.082632358694203906 38 77 37 76
76 -12.700794248479173 -4.450865937460506 51.157650264794604 98 106 99 0.99940963231165214 31 46 38 64 37 78 49 67 64 88 46 70 50 90 68 75 31 73
78 -6.5839486942012364 -4.8740229487529581 50.84427138327959 33 26 20 1.5026989433313844 38 68 37 80 41 55 64 72 38 60
79 -1.3017966658641109 -4.9854814840567174 50.300575271472589 246 226 194 0.14998140226413567 38 67 37 83 49 81 64 76
80 3.2412898398241401 -5.0356774008193659 50.036185281248983 132 133 135 0.31443765740509494 31 12 37 16 49 15 64 13 52 13 46 10 68 11
81 4.5816564512045117 -4.8435818120715606 49.92952023146394 92 103 103 1.4011109507881288 31 53 37 55 49 49 68 88
82 3.2420054004791914 -4.8205436178748906 50.089222884086979 122 124 125 0.2956618587083335 31 51 49 51 64 58 52 51
83 -11.722567693393307 -4.5384518307315567 51.116989147142206 34 33 24 0.55709355689548901 37 59 41 61 49 52 64 54 52 53 46 51 50 58 68 66
84 3.9170346313349484 -4.8778109288227274 50.036434123175916 99 109 112 0.28532003956286123 31 40 49 55 52 52
85 3.2420054004791914 -4.8205436178748906 50.089222884086979 122 124 125 0.2956618587083335 31 52 49 57 64 60 52 64
86 -11.722567693393307 -4.5384518307315567 51.116989147142206 34 33 24 0.55709355689548901 37 58 41 64 49 58 64 61 52 65 46 54 50 60 68 63
87 -7.8480322416475916 -4.7579100393277507 50.733312629725951 79 82 80 1.6006936421243114 31 67 49 82 46 64 41 85 68 78
88 -9.4584357239731602 -4.6221237510122322 50.893166651989503 111 117 118 0.8753325653657954 37 15 64 16 52 18
94 -9.4563891076434974 -4.6631063856931325 50.921440071478422 90 91 93 0.44428491599519121 37 75 64 90 52 85 46 65
95 2.8959313441337273 -4.9252347538627452 50.080953014393067 93 100 101 1.5478391234426161 31 63 41 82 49 79 64 75 38 70 37 62 41 74 49 72 52 71 46 63 46 75 50 68 50 70 68 58 68 69
96 -3.862759989579017 -4.5801058311517728 50.517235296574604 251 88 87 0.42745113141299279 31 10 64 12 52 15 46 13 50 11
101 -8.687809057674448 -4.7088131413338008 50.802451435336735 84 90 89 0.85751215224724031 31 86 52 87 68 94
103 -3.7446270764963625 -4.5476022022969707 50.517263485417651 242 87 83 1.6891948618138062 38 25 41 27 37 30 64 24 52 83 37 74 41 65 64 68 46 66 68 77
109 -5.9867830096852268 -5.0648532245065292 50.533574806782013 87 80 71 0.31503061408767813 41 25 49 33 64 27 46 25 38 24 52 27 50 25 68 31
110 -2.079457823628637 -5.1087858361311609 50.376451003957733 239 90 87 0.28537699018853419 41 41 49 39 64 42 46 37 38 50 52 42 50 42 68 44
111 0.25712297215564855 -5.0687282688534028 50.207707632308207 20 21 14 0.10143399741211298 64 43 46 38 38 41 68 46
112 -1.1495024944755636 -5.1353723351462284 50.315642764033001 48 45 40 0.46807065662157898 41 24 64 48 46 43 38 23 50 24 50 48 68 52
113 -2.079457823628637 -5.1087858361311609 50.376451003957733 239 90 87 0.28537699018853419 41 46 49 45 64 50 46 45 38 49 52 46 50 50 68 54
114 4.6667626436099106 -4.841149660267166 49.963628877420327 95 105 108 0.29379941278483773 41 59 64 57 46 55 38 52 52 50 50 51 68 64
117 -1.1625520464947279 -5.1376124169606898 50.332829852939405 44 44 37 0.50596190298461996 41 31 64 41 50 30 38 30
123 4.8657019665622725 -4.2776192560885713 50.046509945466312 97 97 90 0.61985820840257455 41 69 49 60 64 81 50 83 38 65 52 81
125 -5.4190842241048776 -4.7862599472770793 50.53022956556012 92 93 89 0.60646154314090883 31 26 68 29
126 -11.289594325049167 -4.5567881418472842 50.943967271178103 29 30 21 1.0725769616983816 31 79 68 62 37 57
127 -11.289594325049167 -4.5567881418472842 50.943967271178103 29 30 21 1.0725769616983816 31 68 68 65 37 56
128 -13.221335642923432 -4.4123362019265038 51.133549322791204 93 100 101 0.43625807839417302 31 74 68 76 52 54
129 -9.7565836968360777 -4.6440976848993989 50.911961918659372 95 97 93 0.079593190352369766 31 91 68 95
130 -4.3524094172300272 -5.3762039714005727 50.546686345144614 92 91 86 0.025247755269493861 64 14 68 12
131 -2.3901852272696651 -4.8500176606870671 50.479821929676959 141 125 117 0.19335682889749523 49 17 64 17 68 18 52 19
132 -8.2986364464415452 -4.7041338244103805 50.78084368749122 100 104 106 0.31714279641680138 64 22 68 20 50 21
133 -13.498038160884375 -4.3898619931872869 51.140704002679051 94 101 103 0.50448218517874577 49 68 64 69 68 67 52 49 37 68
134 -6.8587019651601624 -4.8237085583136725 50.586662205510244 37 28 23 0.1091493605975184 64 71 68 72
135 -6.8587019651601624 -4.8237085583136725 50.586662205510244 37 28 23 0.1091493605975184 64 77 68 83
136 -1.2119524279553262 -5.1543944414770504 50.297581059848689 133 133 130 0.14325403439822562 49 74 64 80 68 85 50 79 52 73
137 -5.1808441381649066 -5.4044282596465267 50.508926862588865 216 175 153 0.1599935995959727 41 78 64 55 68 93 50 75 52 63
