# Frame list with one line of data per frame:
#   FRAME_ID, RIG_ID, RIG_FROM_WORLD[QW, QX, QY, QZ, TX, TY, TZ], NUM_DATA_IDS, DATA_IDS[] as (SENSOR_TYPE, SENSOR_ID, DATA_ID)
# Number of frames: 10
90 1 0.9977927372090265 -0.0095356061495972758 -0.06467069408598472 -0.01168020182682581 3.6172795032681235 -1.1500765591061932 -0.13385297750197012 1 CAMERA 1 90
91 1 0.9987851238279466 -0.0092763194633403642 -0.048213617128223689 -0.0042039791413097166 2.9519670672671992 -1.0454355413490342 -0.27511474289410937 1 CAMERA 1 91
92 1 0.99778557451905514 -0.0097014086877970571 -0.064730987406995566 -0.011820711504258993 3.2264571459548086 -1.1373033036023892 -0.13511821081323197 1 CAMERA 1 92
93 1 0.99681497509840666 -0.0064792926974059258 -0.073588497618977566 0.030044254091024486 2.4459722605791727 -0.81307992604196067 -0.07322475254406037 1 CAMERA 1 93
94 1 0.99066106762710859 0.0018706966461692132 -0.09981672569620445 0.092864260365676521 -0.67406939720575099 0.27763431537153943 0.083559567481297017 1 CAMERA 1 94
95 1 0.9829636177077985 0.0078922287852079779 -0.098726172524895614 0.15483340029264875 -3.1872877629106871 0.40153469084264171 0.031202982002043248 1 CAMERA 1 95
96 1 0.97920065554338487 0.0090987618412524639 -0.095016076692841941 0.17903975504412922 -3.9917950028693392 -0.0075501107791508095 -0.00090993870853553743 1 CAMERA 1 96
97 1 0.99812781339559742 -0.009736809885890034 -0.058185574310247117 -0.016140062005969576 4.6684537054848736 -1.250086742681932 -0.17986516312660564 1 CAMERA 1 97
98 1 0.97358788993962053 0.0091106520805283465 -0.082552489320530054 0.21267040952743912 -4.8839973481213841 -0.78918309453160418 -0.082266106216562634 1 CAMERA 1 98
99 1 0.97875312680740367 0.0055104555565496927 -0.074290680053050132 0.19103100926693858 -4.8665031884333239 -1.2090992788326935 -0.074416315415859011 1 CAMERA 1 99
