# Image list with two lines of data per image:
#   IMAGE_ID, QW, QX, QY, QZ, TX, TY, TZ, CAMERA_ID, NAME
#   POINTS2D[] as (X, Y, POINT3D_ID)
# Number of images: 10, mean observations per image: 1.6000000000000001
90 0.9977927372090265 -0.0095356061495972758 -0.06467069408598472 -0.01168020182682581 3.6172795032681235 -1.1500765591061932 -0.13385297750197012 1 000091.png
83.6065673828125 68.726791381835938 -1 170.81056213378906 134.662109375 -1 130.13981628417969 206.85578918457031 -1 130.13981628417969 206.85578918457031 -1 193.05503845214844 68.359481811523438 -1 193.05503845214844 68.359481811523438 -1 234.55450439453125 113.93110656738281 -1 128.98065185546875 153.03938293457031 50 234.55450439453125 113.93110656738281 -1 187.10479736328125 105.41243743896484 -1 187.10479736328125 105.41243743896484 -1 114.31755828857422 25.431659698486328 -1 235.19419860839844 86.703872680664062 -1 242.00785827636719 142.97354125976562 -1 97.96258544921875 29.318866729736328 -1 97.96258544921875 29.318866729736328 -1 166.72149658203125 79.575164794921875 -1 206.29193115234375 86.157478332519531 -1 222.333740234375 86.587158203125 -1 109.84452819824219 93.380699157714844 -1 243.44334411621094 102.3109130859375 -1 188.99977111816406 52.693370819091797 -1 243.44334411621094 102.3109130859375 -1 222.333740234375 86.587158203125 -1 166.72149658203125 79.575164794921875 -1 249.50709533691406 91.099739074707031 -1 136.25827026367188 35.665451049804688 -1 215.01197814941406 191.05606079101562 -1 201.46517944335938 59.943065643310547 -1 172.36210632324219 51.341156005859375 -1 136.25827026367188 35.665451049804688 -1 125.30670166015625 11.778428077697754 -1 205.69837951660156 183.63511657714844 -1 156.64691162109375 76.9671630859375 -1 30.282241821289062 59.182033538818359 -1 156.64691162109375 76.9671630859375 -1 231.24571228027344 78.702247619628906 -1 150.99627685546875 122.40817260742188 -1 156.64691162109375 76.9671630859375 -1 30.525594711303711 50.803245544433594 -1 180.78311157226562 44.672828674316406 -1 223.82545471191406 96.516281127929688 -1 185.55796813964844 155.59446716308594 -1 185.55796813964844 155.59446716308594 -1 174.70491027832031 95.351089477539062 -1 82.375938415527344 22.511545181274414 -1 86.767189025878906 15.041096687316895 -1 92.756851196289062 14.184738159179688 -1 86.767189025878906 15.041096687316895 -1 92.756851196289062 14.184738159179688 -1 223.57720947265625 116.44211578369141 -1 174.70491027832031 95.351089477539062 -1 30.525594711303711 50.803245544433594 -1 167.90219116210938 90.844070434570312 -1 240.68853759765625 83.707077026367188 -1 61.393383026123047 20.427133560180664 -1 164.6378173828125 48.317668914794922 -1 164.6378173828125 48.317668914794922 -1 121.43532562255859 26.258869171142578 -1 121.43532562255859 26.258869171142578 -1 169.92660522460938 63.129806518554688 -1 172.1588134765625 87.898941040039062 -1 180.074462890625 94.317390441894531 -1 247.85807800292969 95.808753967285156 -1 252.42147827148438 96.235740661621094 -1 164.49351501464844 101.98412322998047 -1 244.7457275390625 117.72489166259766 -1 190.37371826171875 154.71267700195312 -1 196.52500915527344 159.58853149414062 -1 100.76200866699219 8.771998405456543 -1 133.61007690429688 33.093570709228516 -1 133.61007690429688 33.093570709228516 -1 127.25684356689453 38.287372589111328 -1 169.92660522460938 63.129806518554688 -1 169.92660522460938 63.129806518554688 -1 247.85807800292969 95.808753967285156 -1 252.42147827148438 96.235740661621094 -1 127.25684356689453 38.287372589111328 -1 164.49351501464844 101.98412322998047 -1 100.76200866699219 8.771998405456543 -1 133.61007690429688 33.093570709228516 -1 178.169921875 53.212020874023438 -1 8.2538967132568359 59.364723205566406 -1 224.89938354492188 72.429214477539062 -1 104.16000366210938 9.4625511169433594 -1 113.02455902099609 2.9611756801605225 -1 33.704025268554688 55.856346130371094 -1 113.02455902099609 2.9611756801605225 -1 151.58717346191406 75.584930419921875 -1 240.99153137207031 88.492408752441406 -1 242.20588684082031 93.62689208984375 -1 77.056808471679688 249.3282470703125 -1 97.800811767578125 16.033950805664062 -1 239.68754577636719 107.49355316162109 -1 253.22404479980469 123.06824493408203 -1 183.14337158203125 148.4210205078125 -1 185.36958312988281 150.78189086914062 -1 97.800811767578125 16.033950805664062 -1 97.800811767578125 16.033950805664062 -1 230.20574951171875 75.82745361328125 -1 97.800811767578125 16.033950805664062 -1 7.8354792594909668 49.379119873046875 -1 7.8354792594909668 49.379119873046875 -1 242.20588684082031 93.62689208984375 -1 239.68754577636719 107.49355316162109 -1 192.70196533203125 181.92254638671875 -1 192.70196533203125 181.92254638671875 -1 189.24658203125 182.33134460449219 -1 192.70196533203125 181.92254638671875 -1 189.24658203125 182.33134460449219 -1 7.8354792594909668 49.379119873046875 -1 126.16641998291016 30.654794692993164 -1 11.81800651550293 51.003246307373047 -1 127.82408142089844 33.50164794921875 75 83.340095520019531 29.163076400756836 -1 78.724853515625 246.70112609863281 -1 189.25096130371094 186.92608642578125 -1 187.47538757324219 185.60887145996094 -1 190.52326965332031 178.85594177246094 -1 238.68031311035156 110.49333190917969 -1 116.33818817138672 2.6180753707885742 -1 165.98915100097656 101.15974426269531 -1 169.10586547851562 95.716209411621094 -1 166.24174499511719 89.071311950683594 -1 172.44526672363281 80.67877197265625 -1 116.33818817138672 2.6180753707885742 -1 105.80527496337891 7.0792994499206543 -1 82.443939208984375 14.030719757080078 -1 92.306388854980469 23.188356399536133 -1 4.1144847869873047 35.247051239013672 -1 108.89301300048828 35.905376434326172 -1 166.24174499511719 89.071311950683594 -1 238.68031311035156 110.49333190917969 -1 190.52326965332031 178.85594177246094 -1 105.80527496337891 7.0792994499206543 -1 100.61147308349609 10.937738418579102 -1 82.443939208984375 14.030719757080078 -1 84.923774719238281 18.703165054321289 -1 92.306388854980469 23.188356399536133 -1 4.1144847869873047 35.247051239013672 -1 108.89301300048828 35.905376434326172 -1 169.56605529785156 39.881763458251953 -1 60.100296020507812 40.356685638427734 -1 9.5384101867675781 46.958740234375 -1 154.083740234375 102.81706237792969 -1 48.190391540527344 47.410999298095703 -1 48.244598388671875 50.435539245605469 -1 40.912555694580078 54.576923370361328 -1 12.251614570617676 58.405891418457031 -1 13.815750122070312 55.872219085693359 -1 116.71710968017578 36.702091217041016 -1 238.79403686523438 95.291679382324219 -1 174.50570678710938 53.243476867675781 -1 171.9765625 65.55487060546875 -1 88.21795654296875 8.3833017349243164 -1 181.13005065917969 89.142379760742188 -1 181.13005065917969 89.142379760742188 -1 
91 0.9987851238279466 -0.0092763194633403642 -0.048213617128223689 -0.0042039791413097166 2.9519670672671992 -1.0454355413490342 -0.27511474289410937 1 000089.png
79.264427185058594 62.7489013671875 -1 170.20285034179688 141.23291015625 -1 134.45368957519531 204.73611450195312 -1 194.84715270996094 70.475357055664062 -1 233.05171203613281 123.94969177246094 -1 233.05171203613281 123.94969177246094 -1 91.423126220703125 24.807037353515625 -1 91.423126220703125 24.807037353515625 -1 113.38909912109375 25.388126373291016 -1 107.90052795410156 93.977195739746094 -1 128.04031372070312 15.458522796630859 -1 247.52015686035156 113.40362548828125 -1 241.18133544921875 89.047607421875 -1 247.52015686035156 113.40362548828125 -1 247.52015686035156 113.40362548828125 -1 16.406948089599609 52.551128387451172 -1 12.014308929443359 66.199485778808594 -1 166.854736328125 79.103225708007812 -1 238.74749755859375 85.400100708007812 -1 110.16954040527344 92.890495300292969 -1 208.00433349609375 93.173004150390625 -1 142.66355895996094 181.10394287109375 -1 226.38578796386719 93.95831298828125 -1 166.854736328125 79.103225708007812 -1 226.38578796386719 93.95831298828125 -1 188.60116577148438 52.469070434570312 -1 124.39521026611328 10.481133460998535 -1 172.015625 51.516544342041016 -1 248.23692321777344 90.396224975585938 -1 151.50729370117188 121.32323455810547 -1 203.15750122070312 200.24795532226562 -1 212.99443054199219 208.97688293457031 -1 158.51487731933594 124.71566772460938 -1 135.50607299804688 34.553272247314453 -1 19.584659576416016 43.17059326171875 -1 156.70703125 77.005134582519531 -1 156.70703125 77.005134582519531 -1 135.50607299804688 34.553272247314453 -1 135.50607299804688 34.553272247314453 -1 82.405242919921875 3.2446041107177734 -1 82.405242919921875 3.2446041107177734 -1 19.584659576416016 43.17059326171875 -1 122.54417419433594 7.9363274574279785 -1 180.73878479003906 44.651264190673828 -1 230.16781616210938 76.852027893066406 -1 222.25146484375 83.313720703125 -1 227.4066162109375 105.84814453125 -1 164.52297973632812 102.50848388671875 -1 174.63230895996094 95.287796020507812 -1 245.45866394042969 220.76602172851562 -1 230.9337158203125 91.597824096679688 -1 167.68287658691406 90.9556884765625 -1 78.072677612304688 11.600784301757812 -1 174.63230895996094 95.287796020507812 -1 122.54417419433594 7.9363274574279785 -1 121.51631164550781 26.236820220947266 -1 121.51631164550781 26.236820220947266 -1 164.73313903808594 48.657394409179688 -1 169.89935302734375 63.138580322265625 -1 169.89935302734375 63.138580322265625 -1 247.06199645996094 98.106895446777344 -1 232.97666931152344 107.91710662841797 -1 101.01156616210938 8.4450206756591797 -1 188.15139770507812 167.62052917480469 -1 74.178573608398438 7.882411003112793 -1 87.161224365234375 8.5669288635253906 -1 81.910079956054688 9.1926145553588867 -1 142.84878540039062 19.902059555053711 -1 31.019123077392578 31.151542663574219 -1 112.95220947265625 43.778831481933594 -1 164.73313903808594 48.657394409179688 -1 103.39978790283203 51.132259368896484 -1 178.13081359863281 53.657329559326172 -1 169.89935302734375 63.138580322265625 -1 171.99504089355469 88.224998474121094 -1 180.03262329101562 94.366142272949219 -1 247.06199645996094 98.106895446777344 -1 244.39454650878906 105.92768859863281 -1 232.97666931152344 107.91710662841797 -1 244.56478881835938 119.57940673828125 -1 154.33979797363281 138.65199279785156 -1 193.67585754394531 172.65615844726562 -1 185.44398498535156 198.23387145996094 -1 101.01156616210938 8.4450206756591797 -1 81.910079956054688 9.1926145553588867 -1 182.50341796875 162.41249084472656 -1 87.901947021484375 13.269941329956055 -1 126.20246124267578 30.633108139038086 -1 127.7825927734375 33.565135955810547 75 173.22567749023438 38.768421173095703 -1 79.415962219238281 19.211263656616211 -1 42.755096435546875 20.3970947265625 -1 200.43637084960938 56.561714172363281 -1 50.893463134765625 16.024580001831055 -1 6.5857267379760742 57.932655334472656 -1 234.26039123535156 87.784011840820312 -1 6.5857267379760742 57.932655334472656 -1 151.58329772949219 75.583221435546875 -1 225.42762756347656 78.733085632324219 -1 234.26039123535156 87.784011840820312 -1 180.19293212890625 160.18186950683594 -1 231.21714782714844 99.203353881835938 -1 169.10133361816406 95.649040222167969 -1 172.07954406738281 89.482063293457031 -1 181.13005065917969 89.132659912109375 -1 81.9561767578125 16.855926513671875 -1 172.45989990234375 80.543205261230469 -1 6.3441171646118164 62.294849395751953 -1 196.57058715820312 56.811885833740234 -1 108.92658996582031 35.908889770507812 -1 116.93582153320312 36.583332061767578 -1 108.92658996582031 35.908889770507812 -1 169.52687072753906 40.186130523681641 -1 4.1628756523132324 53.388500213623047 -1 166.12493896484375 89.183525085449219 -1 166.12493896484375 89.183525085449219 -1 169.52687072753906 40.186130523681641 -1 22.160322189331055 49.159622192382812 -1 7.9233460426330566 55.294109344482422 -1 185.31857299804688 203.6553955078125 -1 4.1628756523132324 53.388500213623047 -1 180.56849670410156 202.79081726074219 -1 158.41224670410156 138.764404296875 -1 165.23426818847656 145.26869201660156 -1 248.03041076660156 125.47799682617188 -1 166.12493896484375 89.183525085449219 -1 
92 0.99778557451905514 -0.0097014086877970571 -0.064730987406995566 -0.011820711504258993 3.2264571459548086 -1.1373033036023892 -0.13511821081323197 1 000090.png
81.922676086425781 67.39617919921875 -1 169.51663208007812 140.95916748046875 -1 131.9775390625 206.94471740722656 -1 193.76148986816406 69.236351013183594 -1 233.153076171875 120.44788360595703 -1 193.76148986816406 69.236351013183594 -1 233.153076171875 120.44788360595703 -1 107.90401458740234 94.637336730957031 -1 113.91201782226562 25.329429626464844 -1 238.72369384765625 89.034416198730469 -1 130.72554016113281 173.69065856933594 -1 97.018943786621094 28.063396453857422 -1 245.07159423828125 109.36687469482422 -1 245.07159423828125 109.36687469482422 -1 245.07159423828125 109.36687469482422 -1 130.72554016113281 173.69065856933594 -1 130.72554016113281 173.69065856933594 -1 188.3480224609375 52.545490264892578 -1 202.0047607421875 61.287124633789062 -1 206.68017578125 91.656814575195312 -1 224.43629455566406 91.646621704101562 -1 228.51802062988281 114.77325439453125 -1 166.86766052246094 79.341117858886719 -1 166.86766052246094 79.341117858886719 -1 224.43629455566406 91.646621704101562 -1 172.23182678222656 51.416122436523438 -1 50.820442199707031 230.91276550292969 -1 131.83070373535156 178.245849609375 -1 151.60713195800781 120.69396209716797 -1 136.06298828125 35.222915649414062 -1 124.82714080810547 11.082760810852051 -1 136.06298828125 35.222915649414062 -1 245.69354248046875 88.405838012695312 -1 131.83070373535156 178.245849609375 -1 204.90596008300781 193.90472412109375 -1 214.89814758300781 202.43014526367188 -1 158.59172058105469 124.30110931396484 -1 156.6766357421875 76.942726135253906 -1 24.465547561645508 58.308456420898438 -1 91.53179931640625 12.465997695922852 -1 84.665489196777344 12.389712333679199 -1 132.4578857421875 180.46383666992188 -1 132.4578857421875 180.46383666992188 -1 156.6766357421875 76.942726135253906 -1 156.6766357421875 76.942726135253906 -1 70.440254211425781 30.426103591918945 -1 180.69549560546875 44.586193084716797 -1 80.406257629394531 20.654888153076172 -1 225.0933837890625 102.69522857666016 -1 25.231069564819336 50.127902984619141 -1 224.28897094726562 123.96665191650391 -1 174.76655578613281 95.409278869628906 -1 234.72413635253906 79.851829528808594 -1 25.231069564819336 50.127902984619141 -1 167.81419372558594 90.842864990234375 -1 174.76655578613281 95.409278869628906 -1 121.50672912597656 26.252281188964844 -1 121.50672912597656 26.252281188964844 -1 112.96495056152344 43.843196868896484 -1 178.19139099121094 53.256389617919922 -1 169.9051513671875 63.144168853759766 -1 9.3773460388183594 73.743522644042969 -1 172.10885620117188 88.002296447753906 -1 180.05064392089844 94.344779968261719 -1 164.64080810546875 102.05307006835938 -1 250.41792297363281 102.67089080810547 -1 230.6351318359375 104.85576629638672 -1 169.9051513671875 63.144168853759766 -1 169.9051513671875 63.144168853759766 -1 164.64080810546875 102.05307006835938 -1 100.83580780029297 8.5898237228393555 -1 173.99346923828125 39.445972442626953 -1 151.56130981445312 75.648841857910156 -1 227.79405212402344 107.48131561279297 -1 235.9091796875 205.45079040527344 -1 239.23562622070312 208.49345397949219 -1 83.347114562988281 17.426044464111328 -1 60.977546691894531 34.297229766845703 -1 89.16729736328125 17.331001281738281 -1 64.177810668945312 20.026622772216797 -1 243.54782104492188 95.296241760253906 -1 89.568199157714844 21.542610168457031 -1 113.10406494140625 2.6968755722045898 -1 165.07122802734375 49.482528686523438 -1 7.1552553176879883 50.153728485107422 -1 39.767810821533203 52.095291137695312 -1 109.51424407958984 5.529447078704834 -1 9.8059320449829102 55.217258453369141 -1 80.124076843261719 11.32747745513916 -1 77.358383178710938 16.951122283935547 -1 173.23573303222656 79.134033203125 -1 78.088241577148438 25.005260467529297 -1 126.17536163330078 30.652410507202148 -1 114.36090087890625 121.36466217041016 -1 5.2507991790771484 53.798717498779297 -1 109.51424407958984 5.529447078704834 -1 113.10406494140625 2.6968755722045898 -1 89.568199157714844 21.542610168457031 -1 165.07122802734375 49.482528686523438 -1 5.2507991790771484 53.798717498779297 -1 166.09463500976562 72.048011779785156 -1 36.087924957275391 38.982242584228516 -1 19.045473098754883 44.654556274414062 -1 243.54782104492188 95.296241760253906 -1 211.52986145019531 187.55679321289062 -1 106.00572204589844 6.8999752998352051 -1 104.24062347412109 9.4499740600585938 -1 100.64240264892578 11.068376541137695 -1 195.13287353515625 172.65582275390625 -1 194.94088745117188 169.462158203125 -1 191.15611267089844 169.57449340820312 -1 158.95669555664062 138.99627685546875 -1 144.16123962402344 20.052568435668945 -1 240.70445251464844 115.07865142822266 -1 166.98916625976562 104.27153778076172 -1 228.91722106933594 103.29118347167969 -1 166.09449768066406 101.21105194091797 -1 169.09782409667969 95.627029418945312 -1 172.06593322753906 89.391311645507812 -1 166.21383666992188 89.022994995117188 -1 84.108306884765625 25.348442077636719 -1 108.90980529785156 35.869388580322266 -1 166.21383666992188 89.022994995117188 -1 240.70445251464844 115.07865142822266 -1 240.70445251464844 115.07865142822266 -1 158.95669555664062 138.99627685546875 -1 189.436279296875 190.244384765625 -1 116.90486145019531 36.611137390136719 -1 226.48477172851562 197.75721740722656 -1 196.21624755859375 57.569164276123047 -1 167.93989562988281 60.309341430664062 -1 189.436279296875 190.244384765625 -1 169.674072265625 40.033393859863281 -1 222.66055297851562 77.788330078125 -1 218.68460083007812 194.03286743164062 -1 216.75508117675781 188.84579467773438 -1 230.99644470214844 85.610054016113281 -1 181.14950561523438 89.179412841796875 -1 181.14950561523438 89.179412841796875 -1 
93 0.99681497509840666 -0.0064792926974059258 -0.073588497618977566 0.030044254091024486 2.4459722605791727 -0.81307992604196067 -0.07322475254406037 1 000092.png
84.660903930664062 69.159339904785156 -1 170.99325561523438 132.32843017578125 -1 128.12399291992188 207.64720153808594 -1 128.12399291992188 207.64720153808594 -1 192.65350341796875 67.985855102539062 -1 192.65350341796875 67.985855102539062 -1 234.55656433105469 112.02211761474609 -1 128.54869079589844 153.84141540527344 50 234.55656433105469 112.02211761474609 -1 114.52704620361328 25.651895523071289 -1 241.06190490722656 139.28959655761719 -1 234.01571655273438 85.768402099609375 -1 98.404792785644531 30.252571105957031 -1 98.404792785644531 30.252571105957031 -1 126.62230682373047 13.401028633117676 -1 11.020820617675781 49.417335510253906 -1 188.40205383300781 52.593662261962891 -1 166.7923583984375 79.473648071289062 -1 206.44212341308594 84.6234130859375 -1 242.57717895507812 100.19363403320312 -1 221.51686096191406 244.83872985839844 -1 136.85514831542969 36.243011474609375 -1 221.51686096191406 244.83872985839844 -1 242.57717895507812 100.19363403320312 -1 166.7923583984375 79.473648071289062 -1 11.020820617675781 49.417335510253906 -1 131.27291870117188 176.91722106933594 -1 131.27291870117188 176.91722106933594 -1 247.95021057128906 90.050613403320312 -1 245.43830871582031 192.97505187988281 -1 215.03488159179688 186.83065795898438 -1 227.44699096679688 105.56255340576172 -1 64.45623779296875 47.797340393066406 -1 201.37484741210938 59.542800903320312 -1 6.2829117774963379 56.802505493164062 -1 172.27789306640625 51.326580047607422 -1 227.44699096679688 105.56255340576172 -1 156.6392822265625 77.031158447265625 -1 156.6392822265625 77.031158447265625 -1 62.841049194335938 213.36663818359375 -1 199.28067016601562 250.56452941894531 -1 156.6392822265625 77.031158447265625 -1 230.23689270019531 77.713180541992188 -1 33.068870544433594 58.534503936767578 -1 174.64321899414062 95.298553466796875 -1 5.886141300201416 76.293373107910156 -1 33.635875701904297 50.474212646484375 -1 134.47148132324219 33.397781372070312 -1 88.274093627929688 15.762710571289062 -1 195.96324157714844 103.48136138916016 -1 174.64321899414062 95.298553466796875 -1 223.50187683105469 94.091529846191406 -1 84.064567565917969 22.973798751831055 -1 5.886141300201416 76.293373107910156 -1 33.635875701904297 50.474212646484375 -1 168.01272583007812 90.985420227050781 -1 180.71810913085938 44.706996917724609 -1 134.47148132324219 33.397781372070312 -1 223.02537536621094 113.752197265625 -1 134.47148132324219 33.397781372070312 -1 121.4468994140625 26.272270202636719 -1 109.93490600585938 23.754840850830078 -1 121.4468994140625 26.272270202636719 -1 93.848159790039062 15.24997615814209 -1 173.64027404785156 39.062473297119141 -1 112.92989349365234 43.849205017089844 -1 164.76040649414062 48.694976806640625 -1 178.24079895019531 53.356105804443359 -1 169.92901611328125 63.132087707519531 -1 172.1737060546875 87.896736145019531 -1 246.61758422851562 93.479301452636719 -1 180.09010314941406 94.206626892089844 -1 225.85179138183594 98.527542114257812 -1 164.52337646484375 101.96283721923828 -1 243.56825256347656 114.85857391357422 -1 164.76040649414062 48.694976806640625 -1 169.92901611328125 63.132087707519531 -1 169.92901611328125 63.132087707519531 -1 246.61758422851562 93.479301452636719 -1 164.52337646484375 101.96283721923828 -1 100.64557647705078 8.6089696884155273 -1 190.61598205566406 151.61370849609375 -1 189.86911010742188 178.32009887695312 -1 113.19829559326172 2.788710355758667 -1 109.91482543945312 5.5580296516418457 -1 36.76922607421875 55.427467346191406 -1 113.19829559326172 2.788710355758667 -1 12.020403861999512 57.700233459472656 -1 103.90866851806641 9.461181640625 -1 84.120803833007812 14.348824501037598 -1 97.786582946777344 15.883837699890137 -1 85.245040893554688 29.50086784362793 -1 97.786582946777344 15.883837699890137 -1 126.15706634521484 30.664033889770508 -1 127.99129486083984 33.383140563964844 75 129.52775573730469 36.484657287597656 -1 252.28225708007812 120.41020965576172 -1 227.90739440917969 95.64495849609375 -1 11.111369132995605 48.968936920166016 -1 56.764808654785156 50.004981994628906 -1 109.91482543945312 5.5580296516418457 -1 11.111369132995605 48.968936920166016 -1 177.70506286621094 90.159011840820312 -1 227.90739440917969 95.64495849609375 -1 151.53788757324219 75.671798706054688 -1 177.70506286621094 90.159011840820312 -1 241.17083740234375 91.267723083496094 -1 251.10337829589844 93.851516723632812 -1 166.94168090820312 41.398273468017578 -1 56.857486724853516 46.587154388427734 -1 23.834817886352539 46.812454223632812 -1 50.355697631835938 47.537441253662109 -1 133.28311157226562 184.54411315917969 -1 169.53030395507812 39.827789306640625 -1 184.59349060058594 146.87042236328125 -1 169.39682006835938 133.40348815917969 -1 160.59805297851562 125.47257995605469 -1 156.63435363769531 125.74329376220703 -1 238.27719116210938 108.35187530517578 -1 238.16450500488281 104.97051239013672 -1 153.95539855957031 102.90687561035156 -1 169.12837219238281 95.645217895507812 -1 243.96368408203125 89.066703796386719 -1 166.24310302734375 89.074752807617188 -1 172.76722717285156 80.422813415527344 -1 2.672938346862793 74.135261535644531 -1 224.16787719726562 71.620147705078125 -1 26.803256988525391 67.326026916503906 -1 196.18782043457031 57.357948303222656 -1 14.033601760864258 54.161033630371094 -1 116.36217498779297 2.6417820453643799 -1 105.92189025878906 7.1162757873535156 -1 92.700363159179688 10.577487945556641 -1 94.108856201171875 23.901317596435547 -1 108.87073516845703 35.920860290527344 -1 42.607738494873047 52.012939453125 -1 166.24310302734375 89.074752807617188 -1 166.24310302734375 89.074752807617188 -1 153.95539855957031 102.90687561035156 -1 238.16450500488281 104.97051239013672 -1 133.28311157226562 184.54411315917969 -1 105.92189025878906 7.1162757873535156 -1 42.607738494873047 52.012939453125 -1 92.700363159179688 10.577487945556641 -1 87.230438232421875 16.360099792480469 -1 87.0050048828125 19.530235290527344 -1 5.7535839080810547 50.870773315429688 -1 94.108856201171875 23.901317596435547 -1 108.87073516845703 35.920860290527344 -1 116.88179016113281 36.63702392578125 -1 116.36217498779297 2.6417820453643799 -1 5.7535839080810547 50.870773315429688 -1 147.16262817382812 21.847110748291016 -1 166.18519592285156 100.87814331054688 -1 181.12913513183594 89.150611877441406 -1 8.2034778594970703 49.216808319091797 -1 60.235198974609375 41.613494873046875 -1 181.12913513183594 89.150611877441406 -1 
94 0.99066106762710859 0.0018706966461692132 -0.09981672569620445 0.092864260365676521 -0.67406939720575099 0.27763431537153943 0.083559567481297017 1 000093.png
96.776397705078125 79.261917114257812 -1 172.08818054199219 127.93670654296875 -1 125.27438354492188 208.07633972167969 -1 125.27438354492188 208.07633972167969 -1 191.63198852539062 66.917259216308594 -1 191.63198852539062 66.917259216308594 -1 127.64091491699219 155.80503845214844 50 234.80886840820312 106.51689910888672 -1 234.80886840820312 106.51689910888672 -1 185.91439819335938 55.271171569824219 -1 114.50303649902344 25.910121917724609 -1 239.53150939941406 130.52630615234375 -1 232.57968139648438 234.75631713867188 -1 231.1448974609375 82.374191284179688 -1 126.99120330810547 14.003799438476562 -1 99.276756286621094 30.869552612304688 -1 189.07643127441406 52.841407775878906 -1 214.79768371582031 69.62200927734375 -1 166.93144226074219 79.3406982421875 -1 99.276756286621094 30.869552612304688 -1 166.93144226074219 79.3406982421875 -1 194.94184875488281 164.45187377929688 -1 136.8450927734375 36.279590606689453 -1 201.36949157714844 59.588790893554688 -1 226.5767822265625 98.563400268554688 -1 172.2398681640625 51.322635650634766 -1 240.79893493652344 93.363479614257812 -1 226.5767822265625 98.563400268554688 -1 151.873291015625 119.13577270507812 -1 154.07829284667969 90.653358459472656 -1 215.07452392578125 176.08432006835938 -1 131.86880493164062 179.68089294433594 -1 156.50567626953125 76.985427856445312 -1 156.50567626953125 76.985427856445312 -1 39.121349334716797 57.175800323486328 -1 199.66360473632812 235.48637390136719 -1 131.86880493164062 179.68089294433594 -1 154.07829284667969 90.653358459472656 -1 156.50567626953125 76.985427856445312 -1 34.697715759277344 36.546646118164062 -1 7.7285857200622559 66.093238830566406 -1 217.58882141113281 69.471145629882812 -1 196.66682434082031 96.622711181640625 -1 86.662193298339844 22.38427734375 -1 54.913536071777344 26.558069229125977 -1 134.51846313476562 33.542381286621094 -1 38.658580780029297 48.908779144287109 -1 30.333654403686523 63.139259338378906 -1 180.66397094726562 44.602638244628906 -1 244.40788269042969 86.012496948242188 -1 222.36021423339844 106.55638122558594 -1 174.62931823730469 95.266899108886719 -1 168.04838562011719 90.999099731445312 -1 182.37942504882812 146.27580261230469 -1 7.8788533210754395 31.646835327148438 -1 200.92799377441406 57.865657806396484 -1 132.2991943359375 181.17355346679688 -1 174.62931823730469 95.266899108886719 -1 132.2991943359375 181.17355346679688 -1 244.12564086914062 120.09359741210938 -1 38.658580780029297 48.908779144287109 -1 134.51846313476562 33.542381286621094 -1 134.51846313476562 33.542381286621094 -1 164.58061218261719 48.3358154296875 -1 164.58061218261719 48.3358154296875 -1 180.11712646484375 94.196128845214844 -1 252.11764526367188 109.18001556396484 -1 197.71505737304688 147.43038940429688 -1 169.95457458496094 63.105228424072266 -1 169.95457458496094 63.105228424072266 -1 3.7414343357086182 77.331321716308594 -1 252.7861328125 91.225006103515625 -1 99.299674987792969 20.198625564575195 -1 110.07102966308594 24.081981658935547 -1 174.0025634765625 39.414260864257812 -1 112.97548675537109 43.741928100585938 -1 11.195598602294922 46.089698791503906 -1 178.22273254394531 53.443626403808594 -1 169.95457458496094 63.105228424072266 -1 227.57676696777344 74.23870849609375 -1 3.7414343357086182 77.331321716308594 -1 172.18217468261719 87.870208740234375 -1 227.54380798339844 89.602592468261719 -1 127.91648101806641 33.446041107177734 75 68.110992431640625 44.455406188964844 -1 64.432098388671875 46.870380401611328 -1 15.367911338806152 47.806415557861328 -1 3.2051985263824463 64.313430786132812 -1 54.717330932617188 49.053482055664062 -1 195.37184143066406 164.52388000488281 -1 237.13653564453125 97.692512512207031 -1 242.78251647949219 107.44255065917969 -1 250.39187622070312 112.46139526367188 -1 174.01594543457031 128.22988891601562 -1 177.13224792480469 130.84793090820312 -1 191.85963439941406 143.51220703125 -1 41.810985565185547 53.67364501953125 -1 103.97710418701172 9.5292825698852539 -1 98.080879211425781 16.150455474853516 -1 122.267333984375 26.95941162109375 -1 88.037162780761719 28.889492034912109 -1 11.331297874450684 30.598377227783203 -1 236.6468505859375 87.080101013183594 -1 126.258544921875 30.655387878417969 -1 151.5181884765625 75.739707946777344 -1 122.267333984375 26.95941162109375 -1 3.2051985263824463 64.313430786132812 -1 100.57865905761719 8.6802577972412109 -1 11.233918190002441 69.703720092773438 -1 9.907588005065918 73.716056823730469 -1 123.59795379638672 7.316063404083252 -1 175.24919128417969 100.65085601806641 -1 68.036293029785156 41.011318206787109 -1 166.24147033691406 89.135696411132812 -1 110.97776031494141 85.479827880859375 -1 154.87202453613281 72.411567687988281 -1 6.9812297821044922 70.271415710449219 -1 35.226737976074219 50.944919586181641 -1 17.629112243652344 45.791770935058594 -1 169.56147766113281 39.982486724853516 -1 71.485725402832031 38.825489044189453 -1 11.291040420532227 37.630722045898438 -1 116.76820373535156 36.692111968994141 -1 108.85503387451172 35.938529968261719 -1 9.9655170440673828 34.356342315673828 -1 96.895011901855469 23.210718154907227 -1 86.701576232910156 14.292404174804688 -1 108.85503387451172 35.938529968261719 -1 11.291040420532227 37.630722045898438 -1 169.56147766113281 39.982486724853516 -1 110.97776031494141 85.479827880859375 -1 166.24147033691406 89.135696411132812 -1 166.24147033691406 89.135696411132812 -1 9.9655170440673828 34.356342315673828 -1 175.24919128417969 100.65085601806641 -1 89.357688903808594 18.804815292358398 -1 96.895011901855469 23.210718154907227 -1 9.5848512649536133 26.99180793762207 -1 4.7584066390991211 29.964321136474609 -1 4.9678215980529785 32.977020263671875 -1 181.132568359375 89.094718933105469 -1 211.11091613769531 166.44778442382812 -1 181.132568359375 89.094718933105469 -1 
95 0.9829636177077985 0.0078922287852079779 -0.098726172524895614 0.15483340029264875 -3.1872877629106871 0.40153469084264171 0.031202982002043248 1 000094.png
99.53594970703125 81.986923217773438 -1 123.40192413330078 207.06498718261719 -1 123.40192413330078 207.06498718261719 -1 190.41423034667969 65.742156982421875 -1 212.24896240234375 229.10519409179688 -1 24.594661712646484 80.522483825683594 -1 126.91334533691406 156.0836181640625 50 24.594661712646484 80.522483825683594 -1 31.094074249267578 57.051612854003906 -1 55.675014495849609 233.80239868164062 -1 55.675014495849609 233.80239868164062 -1 215.25811767578125 91.341720581054688 -1 114.43617248535156 25.980670928955078 -1 234.24333190917969 102.22460174560547 -1 190.07710266113281 94.554328918457031 -1 234.24333190917969 102.22460174560547 -1 114.43617248535156 25.980670928955078 -1 190.07710266113281 94.554328918457031 -1 237.83210754394531 123.37348937988281 -1 127.13495635986328 14.550027847290039 -1 188.83612060546875 52.781425476074219 -1 11.487436294555664 68.017860412597656 -1 228.659423828125 79.29974365234375 -1 166.7117919921875 79.61138916015625 -1 166.7117919921875 79.61138916015625 -1 120.98129272460938 37.838542938232422 -1 199.88267517089844 219.8231201171875 -1 248.17897033691406 89.806686401367188 -1 172.20046997070312 51.251621246337891 -1 131.09605407714844 177.07742309570312 -1 225.25759887695312 93.011619567871094 -1 225.25759887695312 93.011619567871094 -1 131.09605407714844 177.07742309570312 -1 131.09605407714844 177.07742309570312 -1 24.158737182617188 65.852699279785156 -1 131.09605407714844 177.07742309570312 -1 248.17897033691406 89.806686401367188 -1 101.48802947998047 44.054721832275391 -1 43.329494476318359 54.77593994140625 -1 166.20098876953125 35.711013793945312 -1 156.6285400390625 77.025337219238281 -1 156.6285400390625 77.025337219238281 -1 156.6285400390625 77.025337219238281 -1 187.31221008300781 145.22787475585938 -1 16.693212509155273 62.085559844970703 -1 89.371696472167969 21.461606979370117 -1 134.09623718261719 33.470470428466797 -1 180.67340087890625 44.560382843017578 -1 43.273056030273438 46.811862945556641 -1 43.273056030273438 46.811862945556641 -1 134.09623718261719 33.470470428466797 -1 134.09623718261719 33.470470428466797 -1 220.44844055175781 162.6748046875 -1 165.36882019042969 124.96319580078125 -1 196.94139099121094 91.386032104492188 -1 168.06889343261719 91.02276611328125 -1 241.67008972167969 113.20798492431641 -1 239.91233825683594 87.385345458984375 -1 221.73356628417969 83.210952758789062 -1 11.885893821716309 72.243927001953125 -1 9.8810997009277344 63.951835632324219 -1 5.7827291488647461 80.136856079101562 -1 103.52787780761719 51.029998779296875 -1 151.70870971679688 103.62813568115234 -1 174.52021789550781 95.174102783203125 -1 9.8810997009277344 63.951835632324219 -1 151.70870971679688 103.62813568115234 -1 174.52021789550781 95.174102783203125 -1 168.06889343261719 91.02276611328125 -1 11.885893821716309 72.243927001953125 -1 172.20236206054688 87.866828918457031 -1 180.12339782714844 94.152732849121094 -1 221.34408569335938 100.61011505126953 -1 164.21087646484375 102.04917144775391 -1 255.00691223144531 106.88662719726562 -1 149.63278198242188 122.98188781738281 -1 192.42770385742188 136.09954833984375 -1 165.00100708007812 49.143814086914062 -1 169.92250061035156 63.166057586669922 -1 164.21087646484375 102.04917144775391 -1 110.07949829101562 23.267549514770508 -1 255.00691223144531 106.88662719726562 -1 151.140625 25.196584701538086 -1 57.112815856933594 26.823135375976562 -1 112.98220062255859 43.764556884765625 -1 165.00100708007812 49.143814086914062 -1 178.32185363769531 53.373191833496094 -1 169.92250061035156 63.166057586669922 -1 216.47381591796875 67.578269958496094 -1 126.50064849853516 9.2423105239868164 -1 235.412841796875 92.006523132324219 -1 128.00688171386719 33.419334411621094 75 155.73567199707031 27.580438613891602 -1 125.41180419921875 38.657238006591797 -1 22.332061767578125 45.423927307128906 -1 56.523571014404297 52.351478576660156 -1 19.541177749633789 65.366584777832031 -1 18.699298858642578 69.230453491210938 -1 126.14749908447266 30.651981353759766 -1 178.54179382324219 124.75543975830078 -1 187.43310546875 132.411865234375 -1 110.80937194824219 84.816459655761719 -1 151.56925964355469 75.662422180175781 -1 100.51290130615234 8.7212429046630859 -1 104.21135711669922 9.4470109939575195 -1 90.348785400390625 28.059818267822266 -1 14.374269485473633 30.568222045898438 -1 110.80937194824219 84.816459655761719 -1 175.75103759765625 48.980442047119141 -1 90.348785400390625 28.059818267822266 -1 14.374269485473633 30.568222045898438 -1 14.374269485473633 30.568222045898438 -1 14.374269485473633 30.568222045898438 -1 125.41180419921875 38.657238006591797 -1 250.85603332519531 111.53309631347656 -1 247.66915893554688 105.61852264404297 -1 250.85603332519531 111.53309631347656 -1 172.53355407714844 119.92596435546875 -1 168.03782653808594 117.05664825439453 -1 163.53875732421875 116.49528503417969 -1 250.94288635253906 107.83272552490234 -1 165.93893432617188 101.00418853759766 -1 175.58172607421875 100.54087066650391 -1 234.71952819824219 94.919754028320312 -1 239.8592529296875 89.359161376953125 -1 172.15946960449219 89.343315124511719 -1 51.123405456542969 48.55950927734375 -1 166.22291564941406 89.084014892578125 -1 241.43772888183594 85.349655151367188 -1 11.301693916320801 70.647377014160156 -1 16.00874137878418 66.323539733886719 -1 11.438323974609375 60.246517181396484 -1 46.229724884033203 51.452602386474609 -1 59.352016448974609 49.89593505859375 -1 42.845085144042969 47.977848052978516 -1 23.513788223266602 48.098560333251953 -1 169.62458801269531 40.089599609375 -1 23.513788223266602 48.098560333251953 -1 51.123405456542969 48.55950927734375 -1 91.861732482910156 17.824590682983398 -1 112.89793395996094 25.823919296264648 -1 166.22291564941406 89.084014892578125 -1 108.87858581542969 36.048667907714844 -1 175.58172607421875 100.54087066650391 -1 165.93893432617188 101.00418853759766 -1 250.94288635253906 107.83272552490234 -1 163.53875732421875 116.49528503417969 -1 163.53875732421875 116.49528503417969 -1 150.33088684082031 123.98209381103516 -1 150.33088684082031 123.98209381103516 -1 166.22291564941406 89.084014892578125 -1 116.85100555419922 36.657787322998047 -1 169.62458801269531 40.089599609375 -1 71.513389587402344 43.018882751464844 -1 64.855575561523438 43.421791076660156 -1 190.85501098632812 252.36393737792969 -1 103.01369476318359 44.195404052734375 -1 114.55840301513672 127.68046569824219 -1 150.33088684082031 123.98209381103516 -1 133.27096557617188 184.78321838378906 -1 181.18234252929688 89.11798095703125 -1 133.27096557617188 184.78321838378906 -1 181.18234252929688 89.11798095703125 -1 
96 0.97920065554338487 0.0090987618412524639 -0.095016076692841941 0.17903975504412922 -3.9917950028693392 -0.0075501107791508095 -0.00090993870853553743 1 000095.png
101.88732147216797 84.107460021972656 -1 122.78008270263672 204.58001708984375 -1 189.52471923828125 65.052017211914062 -1 214.624755859375 221.261474609375 -1 32.820938110351562 77.697952270507812 -1 126.65453338623047 154.59660339355469 50 32.820938110351562 77.697952270507812 -1 91.134010314941406 27.468206405639648 -1 170.17208862304688 114.05355834960938 -1 114.44890594482422 25.968505859375 -1 157.58181762695312 36.354984283447266 -1 37.511348724365234 54.460601806640625 -1 186.32524108886719 55.283489227294922 -1 191.24772644042969 91.221664428710938 -1 233.68402099609375 97.994606018066406 -1 214.36631774902344 86.240425109863281 -1 235.8585205078125 116.34902191162109 -1 80.480262756347656 237.4439697265625 -1 205.50782775878906 65.920677185058594 -1 80.480262756347656 237.4439697265625 -1 233.68402099609375 97.994606018066406 -1 127.34430694580078 14.949295997619629 -1 188.64361572265625 52.946861267089844 -1 20.190793991088867 64.28546142578125 -1 225.74790954589844 76.512535095214844 -1 166.88163757324219 79.376991271972656 -1 247.16194152832031 91.689071655273438 -1 221.05870056152344 109.996337890625 -1 211.01274108886719 138.13655090332031 -1 166.88163757324219 79.376991271972656 -1 120.99257659912109 37.796051025390625 -1 218.62699890136719 240.87692260742188 -1 101.43120574951172 32.151519775390625 -1 172.23286437988281 51.32098388671875 -1 46.763828277587891 52.916095733642578 -1 11.103163719177246 66.704154968261719 -1 240.71684265136719 162.08757019042969 -1 11.103163719177246 66.704154968261719 -1 134.72846984863281 34.493484497070312 -1 174.38792419433594 95.076408386230469 -1 156.63400268554688 77.042953491210938 -1 168.0960693359375 91.068794250488281 -1 174.38792419433594 95.076408386230469 -1 168.0960693359375 91.068794250488281 -1 156.63400268554688 77.042953491210938 -1 6.6564717292785645 75.008445739746094 -1 14.588074684143066 75.431159973144531 -1 134.72846984863281 34.493484497070312 -1 224.262939453125 87.786384582519531 -1 154.12882995605469 90.432258605957031 -1 167.85250854492188 121.57998657226562 -1 225.79461669921875 122.03091430664062 -1 200.13227844238281 207.41397094726562 -1 6.6564717292785645 75.008445739746094 -1 156.63400268554688 77.042953491210938 -1 224.262939453125 87.786384582519531 -1 154.12882995605469 90.432258605957031 -1 101.98365783691406 43.796981811523438 -1 134.72846984863281 34.493484497070312 -1 47.738265991210938 44.787250518798828 -1 164.59709167480469 48.314834594726562 -1 24.844692230224609 58.552169799804688 -1 20.052513122558594 68.085548400878906 -1 196.75019836425781 86.640296936035156 -1 239.72836303710938 106.91271209716797 -1 245.68075561523438 109.1630859375 -1 183.88053894042969 133.255615234375 -1 132.43547058105469 182.11843872070312 -1 200.80776977539062 251.19277954101562 -1 172.34066772460938 87.772552490234375 -1 20.052513122558594 68.085548400878906 -1 164.59709167480469 48.314834594726562 -1 47.738265991210938 44.787250518798828 -1 220.33052062988281 95.029830932617188 -1 180.62539672851562 44.546253204345703 -1 20.052513122558594 68.085548400878906 -1 152.76971435546875 26.977941513061523 -1 165.00372314453125 49.212879180908203 -1 178.14370727539062 53.523567199707031 -1 169.9268798828125 63.167488098144531 -1 243.12405395507812 84.533981323242188 -1 180.11415100097656 94.210945129394531 -1 18.426828384399414 60.092140197753906 -1 166.24256896972656 112.53377532958984 -1 114.86032867431641 6.8453431129455566 -1 91.336677551269531 20.463460922241211 -1 109.95336151123047 23.618824005126953 -1 173.94465637207031 39.367279052734375 -1 166.24256896972656 112.53377532958984 -1 166.24256896972656 112.53377532958984 -1 165.00372314453125 49.212879180908203 -1 18.426828384399414 60.092140197753906 -1 169.9268798828125 63.167488098144531 -1 30.24626350402832 42.458934783935547 -1 50.933647155761719 49.254478454589844 -1 20.529487609863281 56.037742614746094 -1 151.53515625 75.754753112792969 -1 231.37063598632812 88.792221069335938 -1 245.43730163574219 99.659599304199219 -1 252.84022521972656 104.6590576171875 -1 22.934299468994141 28.377269744873047 -1 192.62294006347656 129.49516296386719 -1 126.15675354003906 30.67805290222168 -1 128.08514404296875 33.356666564941406 75 108.99372863769531 35.260665893554688 -1 193.81126403808594 231.03453063964844 -1 92.391815185546875 27.204164505004883 -1 93.872505187988281 5.3480944633483887 -1 100.44337463378906 8.609832763671875 -1 104.14076232910156 9.516143798828125 -1 94.905998229980469 17.711782455444336 -1 22.934299468994141 28.377269744873047 -1 93.872505187988281 5.3480944633483887 -1 92.391815185546875 27.204164505004883 -1 22.934299468994141 28.377269744873047 -1 233.47257995605469 86.839950561523438 -1 247.59652709960938 87.099830627441406 -1 166.22708129882812 89.145095825195312 -1 240.06446838378906 90.701644897460938 -1 232.55120849609375 96.352005004882812 -1 237.91328430175781 83.85052490234375 -1 241.46163940429688 99.669486999511719 -1 107.3779296875 145.86875915527344 -1 195.11335754394531 227.63285827636719 -1 172.86167907714844 80.635574340820312 -1 235.49214172363281 78.680305480957031 -1 21.467430114746094 69.007369995117188 -1 26.011451721191406 65.915748596191406 -1 33.094814300537109 47.519176483154297 -1 116.82565307617188 36.664840698242188 -1 166.22708129882812 89.145095825195312 -1 107.3779296875 145.86875915527344 -1 90.753860473632812 5.7106118202209473 -1 119.72840881347656 34.82708740234375 -1 95.988990783691406 25.086223602294922 -1 111.16492462158203 85.848274230957031 -1 191.14076232910156 237.25314331054688 -1 91.677970886230469 12.463637351989746 -1 21.467430114746094 69.007369995117188 -1 181.11106872558594 89.066413879394531 -1 232.85299682617188 89.6710205078125 -1 112.05558013916016 6.2200942039489746 -1 112.05558013916016 6.2200942039489746 -1 
97 0.99812781339559742 -0.009736809885890034 -0.058185574310247117 -0.016140062005969576 4.6684537054848736 -1.250086742681932 -0.17986516312660564 1 000096.png
102.30867767333984 84.055770874023438 -1 121.20504760742188 202.62409973144531 -1 189.21035766601562 64.818748474121094 -1 34.242481231689453 77.827713012695312 -1 213.55097961425781 211.22389221191406 -1 34.242481231689453 77.827713012695312 -1 213.55097961425781 211.22389221191406 -1 91.976737976074219 26.313533782958984 -1 180.60870361328125 31.13365364074707 -1 114.4678955078125 25.909219741821289 -1 157.94517517089844 36.479175567626953 -1 40.466743469238281 53.033561706542969 -1 186.38203430175781 55.312877655029297 -1 171.074462890625 111.24840545654297 -1 114.35590362548828 175.47590637207031 -1 114.35590362548828 175.47590637207031 -1 235.31210327148438 112.80366516113281 -1 205.62800598144531 65.070510864257812 -1 213.93853759765625 83.575088500976562 -1 233.60462951660156 95.029876708984375 -1 233.60462951660156 95.029876708984375 -1 127.39437866210938 14.954631805419922 -1 166.85089111328125 79.464073181152344 -1 220.60020446777344 106.29471588134766 -1 211.37823486328125 133.88284301757812 -1 195.15385437011719 145.10250854492188 -1 178.69938659667969 242.66888427734375 -1 188.96675109863281 53.036502838134766 -1 166.85089111328125 79.464073181152344 -1 120.76072692871094 37.907756805419922 -1 223.49909973144531 74.722198486328125 -1 15.925402641296387 64.388534545898438 -1 49.901725769042969 51.420555114746094 -1 101.76479339599609 32.519580841064453 -1 172.22064208984375 51.235172271728516 -1 15.925402641296387 64.388534545898438 -1 246.32939147949219 90.089607238769531 -1 246.99360656738281 181.97856140136719 -1 89.130615234375 3.1682653427124023 -1 89.130615234375 3.1682653427124023 -1 166.15214538574219 35.751716613769531 -1 156.63301086425781 77.065536499023438 -1 154.14457702636719 90.332450866699219 -1 29.361763000488281 56.097015380859375 -1 199.79005432128906 200.68214416503906 -1 8.1939563751220703 79.478630065917969 -1 224.04621887207031 84.718734741210938 -1 19.166826248168945 73.057441711425781 -1 188.83425903320312 134.93095397949219 -1 250.1241455078125 231.45616149902344 -1 174.392578125 95.071685791015625 -1 168.1063232421875 91.094635009765625 -1 174.392578125 95.071685791015625 -1 168.1063232421875 91.094635009765625 -1 156.63301086425781 77.065536499023438 -1 19.166826248168945 73.057441711425781 -1 19.166826248168945 73.057441711425781 -1 156.63301086425781 77.065536499023438 -1 224.04621887207031 84.718734741210938 -1 154.14457702636719 90.332450866699219 -1 102.40708923339844 43.659839630126953 -1 24.406675338745117 65.818595886230469 -1 24.406675338745117 65.818595886230469 -1 134.30538940429688 33.558662414550781 -1 228.73269653320312 102.64248657226562 -1 103.59014129638672 50.653129577636719 -1 180.65547180175781 44.521266937255859 -1 24.406675338745117 65.818595886230469 -1 225.48207092285156 118.41915130615234 -1 201.29988098144531 242.29725646972656 -1 244.85530090332031 105.61109161376953 -1 44.529476165771484 33.603729248046875 -1 228.73269653320312 102.64248657226562 -1 134.30538940429688 33.558662414550781 -1 163.47348022460938 103.23477172851562 -1 197.02079772949219 84.233253479003906 -1 163.47348022460938 103.23477172851562 -1 52.423191070556641 51.603458404541016 -1 178.20162963867188 53.387596130371094 -1 22.829914093017578 57.998981475830078 -1 169.92156982421875 63.185619354248047 -1 243.98539733886719 85.117919921875 -1 172.22843933105469 87.950340270996094 -1 220.03302001953125 92.012908935546875 -1 78.650482177734375 252.06474304199219 -1 180.14274597167969 94.203819274902344 -1 93.821548461914062 26.30986213684082 -1 114.90251922607422 6.7636556625366211 -1 92.552337646484375 19.554231643676758 -1 112.97027587890625 43.755168914794922 -1 164.8184814453125 48.840450286865234 -1 164.8184814453125 48.840450286865234 -1 22.829914093017578 57.998981475830078 -1 169.92156982421875 63.185619354248047 -1 243.98539733886719 85.117919921875 -1 132.9178466796875 183.89546203613281 -1 128.83767700195312 36.815895080566406 -1 63.098217010498047 44.972457885742188 -1 128.03326416015625 33.386909484863281 75 4.6962032318115234 49.660987854003906 -1 197.66177368164062 129.09445190429688 -1 114.04227447509766 2.1772956848144531 -1 94.003387451171875 5.3251590728759766 -1 100.43453979492188 8.5391435623168945 -1 103.98509216308594 9.6394205093383789 -1 151.55740356445312 75.7138671875 -1 25.343692779541016 53.931110382080078 -1 237.06062316894531 91.620773315429688 -1 244.5504150390625 96.222122192382812 -1 166.94432067871094 109.12009429931641 -1 94.003387451171875 5.3251590728759766 -1 166.94432067871094 109.12009429931641 -1 132.9178466796875 183.89546203613281 -1 252.05511474609375 101.14788818359375 -1 244.25450134277344 102.08946228027344 -1 166.94432067871094 109.12009429931641 -1 74.982452392578125 37.564540863037109 -1 116.88209533691406 36.638633728027344 -1 217.41166687011719 144.55253601074219 -1 126.72419738769531 30.640256881713867 -1 27.532793045043945 26.890522003173828 -1 92.759147644042969 11.338829040527344 -1 108.84971618652344 35.929176330566406 -1 166.22456359863281 89.1641845703125 -1 247.52731323242188 101.55792236328125 -1 177.63388061523438 78.723312377929688 -1 192.51445007324219 125.93315124511719 -1 232.68379211425781 83.531684875488281 -1 27.532793045043945 26.890522003173828 -1 108.84971618652344 35.929176330566406 -1 224.20489501953125 76.399986267089844 -1 166.22456359863281 89.1641845703125 -1 247.52731323242188 101.55792236328125 -1 30.177452087402344 63.524471282958984 -1 31.656013488769531 59.428401947021484 -1 40.994361877441406 40.682453155517578 -1 6.9351696968078613 53.899703979492188 -1 53.077854156494141 47.884346008300781 -1 169.58441162109375 40.047134399414062 -1 123.0775146484375 39.456005096435547 -1 169.58441162109375 40.047134399414062 -1 181.12394714355469 89.0723876953125 -1 
98 0.97358788993962053 0.0091106520805283465 -0.082552489320530054 0.21267040952743912 -4.8839973481213841 -0.78918309453160418 -0.082266106216562634 1 000097.png
103.34099578857422 84.505950927734375 -1 81.712806701660156 43.220970153808594 -1 113.55023956298828 209.41802978515625 -1 81.712806701660156 43.220970153808594 -1 188.57647705078125 63.694839477539062 -1 38.119789123535156 77.3199462890625 -1 126.31793212890625 151.93522644042969 50 212.01969909667969 198.72752380371094 -1 212.01969909667969 198.72752380371094 -1 92.799301147460938 25.911045074462891 -1 180.79313659667969 31.282882690429688 -1 218.67941284179688 233.81575012207031 -1 114.52159118652344 25.825700759887695 -1 158.59519958496094 36.823429107666016 -1 45.966907501220703 50.792469024658203 -1 70.204002380371094 200.92575073242188 -1 191.29531860351562 235.22720336914062 -1 114.52159118652344 25.825700759887695 -1 232.92692565917969 107.34888458251953 -1 128.48492431640625 16.159221649169922 -1 120.64295959472656 38.011531829833984 -1 11.018368721008301 53.699630737304688 -1 188.83583068847656 53.132606506347656 -1 204.66838073730469 63.289768218994141 -1 166.78515625 79.659568786621094 -1 212.24484252929688 80.052223205566406 -1 231.62144470214844 90.52978515625 -1 170.67941284179688 106.55177307128906 -1 210.15132141113281 127.99427795410156 -1 11.018368721008301 53.699630737304688 -1 220.38420104980469 71.900993347167969 -1 243.32435607910156 86.957427978515625 -1 246.41081237792969 111.39816284179688 -1 53.378681182861328 49.560867309570312 -1 93.062751770019531 7.6862034797668457 -1 219.19270324707031 101.71976470947266 -1 23.361259460449219 59.838935852050781 -1 243.32435607910156 86.957427978515625 -1 247.29252624511719 219.20368957519531 -1 172.21368408203125 51.176315307617188 -1 214.42857360839844 247.20303344726562 -1 31.630313873291016 58.173599243164062 -1 247.29252624511719 219.20368957519531 -1 237.48921203613281 149.82406616210938 -1 23.361259460449219 59.838935852050781 -1 156.6026611328125 77.270423889160156 -1 134.88771057128906 34.514034271240234 -1 156.6026611328125 77.270423889160156 -1 194.00027465820312 54.080623626708984 -1 156.6026611328125 77.270423889160156 -1 188.21878051757812 129.08360290527344 -1 199.2811279296875 189.93328857421875 -1 80.265548706054688 245.5364990234375 -1 174.35420227050781 95.039016723632812 -1 134.88771057128906 34.514034271240234 -1 174.35420227050781 95.039016723632812 -1 92.703483581542969 5.9491062164306641 -1 102.68055725097656 44.057907104492188 -1 180.60983276367188 44.521003723144531 -1 158.06411743164062 102.94566345214844 -1 183.50753784179688 123.71751403808594 -1 222.34336853027344 80.946037292480469 -1 196.42353820800781 80.501655578613281 -1 16.119972229003906 75.231498718261719 -1 35.861492156982422 52.988170623779297 -1 223.73577880859375 112.71642303466797 -1 26.569868087768555 68.894989013671875 -1 26.569868087768555 68.894989013671875 -1 31.439201354980469 61.950294494628906 -1 222.34336853027344 80.946037292480469 -1 31.439201354980469 61.950294494628906 -1 31.439201354980469 61.950294494628906 -1 92.703483581542969 5.9491062164306641 -1 164.67984008789062 48.646381378173828 -1 201.14657592773438 57.740215301513672 -1 53.463600158691406 41.741634368896484 -1 53.463600158691406 41.741634368896484 -1 235.11463928222656 156.03541564941406 -1 132.59774780273438 182.86100769042969 -1 30.267454147338867 54.125881195068359 -1 169.88932800292969 63.228759765625 -1 164.16958618164062 102.37670135498047 -1 246.88291931152344 108.65597534179688 -1 109.24626922607422 35.148815155029297 -1 13.617330551147461 45.377780914306641 -1 104.01480102539062 50.169601440429688 -1 16.70794677734375 51.180335998535156 -1 178.36436462402344 53.222274780273438 -1 30.267454147338867 54.125881195068359 -1 169.88932800292969 63.228759765625 -1 218.58155822753906 87.904777526855469 -1 180.14108276367188 94.167106628417969 -1 236.42941284179688 98.330192565917969 -1 242.11796569824219 100.73610687255859 -1 164.16958618164062 102.37670135498047 -1 246.88291931152344 108.65597534179688 -1 242.11225891113281 91.941986083984375 -1 248.86190795898438 96.285110473632812 -1 100.05607604980469 8.2553634643554688 -1 95.988311767578125 25.817853927612305 -1 240.44596862792969 82.411453247070312 -1 236.01467895507812 79.403671264648438 -1 126.24232482910156 30.66493034362793 -1 234.64205932617188 87.498756408691406 -1 128.24703979492188 33.255344390869141 75 248.86190795898438 96.285110473632812 -1 242.11225891113281 91.941986083984375 -1 238.57554626464844 155.02218627929688 -1 201.07160949707031 227.54878234863281 -1 100.05607604980469 8.2553634643554688 -1 70.711219787597656 40.851226806640625 -1 62.531532287597656 45.566913604736328 -1 3.9481122493743896 47.344406127929688 -1 5.9426383972167969 50.123943328857422 -1 100.05607604980469 8.2553634643554688 -1 26.052986145019531 55.583980560302734 -1 151.54255676269531 75.694709777832031 -1 167.4940185546875 104.61686706542969 -1 111.31237030029297 6.1503353118896484 -1 241.2093505859375 97.189071655273438 -1 165.97262573242188 101.39179992675781 -1 179.64048767089844 110.90402221679688 -1 179.51377868652344 113.83821105957031 -1 150.33648681640625 124.09719848632812 -1 195.1893310546875 137.86090087890625 -1 233.90423583984375 92.656585693359375 -1 130.75498962402344 35.218116760253906 -1 166.23591613769531 89.182998657226562 -1 224.28005981445312 87.779899597167969 -1 111.13294219970703 85.74603271484375 -1 172.59181213378906 80.670646667480469 -1 230.55305480957031 79.938018798828125 -1 236.03114318847656 75.954963684082031 -1 230.80209350585938 75.547752380371094 -1 27.879182815551758 65.357467651367188 -1 36.999275207519531 59.700782775878906 -1 8.0805702209472656 58.41217041015625 -1 38.473575592041016 56.316318511962891 -1 31.773929595947266 50.612022399902344 -1 190.08859252929688 49.498031616210938 -1 7.0279622077941895 47.016208648681641 -1 111.31237030029297 6.1503353118896484 -1 169.68995666503906 40.068641662597656 -1 169.68995666503906 40.068641662597656 -1 27.879182815551758 65.357467651367188 -1 230.55305480957031 79.938018798828125 -1 165.97262573242188 101.39179992675781 -1 167.4940185546875 104.61686706542969 -1 167.4940185546875 104.61686706542969 -1 150.33648681640625 124.09719848632812 -1 166.23591613769531 89.182998657226562 -1 241.2093505859375 97.189071655273438 -1 56.777091979980469 46.011974334716797 -1 8.2565956115722656 55.396305084228516 -1 116.94982147216797 36.62554931640625 -1 40.395233154296875 38.073902130126953 -1 40.395233154296875 38.073902130126953 -1 170.83381652832031 107.20688629150391 -1 34.683006286621094 24.774299621582031 -1 34.683006286621094 24.774299621582031 -1 181.09202575683594 89.043365478515625 -1 170.83381652832031 107.20688629150391 -1 181.09202575683594 89.043365478515625 -1 229.9051513671875 88.970420837402344 -1 34.683006286621094 24.774299621582031 -1 
99 0.97875312680740367 0.0055104555565496927 -0.074290680053050132 0.19103100926693858 -4.8665031884333239 -1.2090992788326935 -0.074416315415859011 1 000098.png
104.05667877197266 83.553443908691406 -1 81.825096130371094 40.470493316650391 -1 81.825096130371094 40.470493316650391 -1 41.237911224365234 76.136680603027344 -1 188.28253173828125 63.477241516113281 -1 126.40015411376953 150.82168579101562 50 117.2008056640625 224.10691833496094 -1 92.779258728027344 26.02088737487793 -1 180.90486145019531 31.385133743286133 -1 210.84272766113281 190.80851745605469 -1 219.78108215332031 226.3460693359375 -1 210.84272766113281 190.80851745605469 -1 219.78108215332031 226.3460693359375 -1 12.189416885375977 72.187637329101562 -1 192.43984985351562 227.79803466796875 -1 158.9830322265625 37.042476654052734 -1 114.5115966796875 25.797161102294922 -1 12.189416885375977 72.187637329101562 -1 114.5115966796875 25.797161102294922 -1 128.40646362304688 16.00145149230957 -1 49.236244201660156 49.329116821289062 -1 244.76443481445312 133.11209106445312 -1 232.38742065429688 103.77683258056641 -1 120.49019622802734 38.097560882568359 -1 189.5406494140625 53.243766784667969 -1 211.39080810546875 77.800140380859375 -1 166.81741333007812 79.554847717285156 -1 210.11935424804688 124.11474609375 -1 244.3824462890625 170.81309509277344 -1 180.78849792480469 219.17109680175781 -1 78.452690124511719 233.52383422851562 -1 10.427824974060059 61.053813934326172 -1 180.78849792480469 219.17109680175781 -1 78.452690124511719 233.52383422851562 -1 10.427824974060059 61.053813934326172 -1 87.881385803222656 220.53221130371094 -1 245.6051025390625 107.34618377685547 -1 172.09332275390625 51.105213165283203 -1 170.68730163574219 103.41988372802734 -1 219.08805847167969 98.582763671875 -1 231.42155456542969 87.437088012695312 -1 204.61666870117188 62.204521179199219 -1 35.438430786132812 56.749324798583984 -1 55.111804962158203 48.427803039550781 -1 151.96481323242188 46.94537353515625 -1 94.28582763671875 8.5057010650634766 -1 219.08805847167969 98.582763671875 -1 27.554611206054688 58.321632385253906 -1 19.540182113647461 72.827857971191406 -1 156.60231018066406 77.297439575195312 -1 162.0478515625 85.388648986816406 -1 154.16932678222656 90.37353515625 -1 174.25587463378906 95.092933654785156 -1 199.62786865234375 183.98580932617188 -1 196.10423278808594 204.61537170410156 -1 222.44728088378906 246.4954833984375 -1 194.99749755859375 134.31684875488281 -1 250.85780334472656 235.65713500976562 -1 156.60231018066406 77.297439575195312 -1 7.0244441032409668 50.943382263183594 -1 27.554611206054688 58.321632385253906 -1 156.60231018066406 77.297439575195312 -1 154.16932678222656 90.37353515625 -1 174.25587463378906 95.092933654785156 -1 222.44728088378906 246.4954833984375 -1 193.93238830566406 54.130458831787109 -1 233.60832214355469 79.136505126953125 -1 168.36271667480469 91.338462829589844 -1 222.0345458984375 77.988296508789062 -1 30.614978790283203 66.730506896972656 -1 242.50352478027344 84.949729919433594 -1 225.51156616210938 139.12239074707031 -1 35.159229278564453 59.786376953125 -1 35.159229278564453 59.786376953125 -1 196.67640686035156 77.54754638671875 -1 218.88751220703125 69.771087646484375 -1 35.159229278564453 59.786376953125 -1 39.850959777832031 51.323574066162109 -1 180.55648803710938 44.473686218261719 -1 102.3062744140625 44.811138153076172 -1 166.26625061035156 35.780170440673828 -1 184.23262023925781 120.51874542236328 -1 222.0345458984375 77.988296508789062 -1 151.70339965820312 103.46187591552734 -1 169.92050170898438 109.80315399169922 -1 242.50352478027344 84.949729919433594 -1 223.30401611328125 109.26271057128906 -1 169.92050170898438 109.80315399169922 -1 168.36271667480469 91.338462829589844 -1 151.70339965820312 103.46187591552734 -1 158.24432373046875 102.43633270263672 -1 172.38357543945312 87.825653076171875 -1 188.8502197265625 117.92090606689453 -1 121.13002777099609 26.472099304199219 -1 114.73112487792969 7.2758932113647461 -1 121.13002777099609 26.472099304199219 -1 58.285808563232422 48.389766693115234 -1 164.88829040527344 48.915077209472656 -1 34.038776397705078 52.313041687011719 -1 178.19496154785156 53.452232360839844 -1 169.90541076660156 63.218067169189453 -1 218.29782104492188 84.782707214355469 -1 250.18643188476562 89.5859375 -1 235.77754211425781 94.960830688476562 -1 241.13833618164062 96.834877014160156 -1 246.10810852050781 105.26546478271484 -1 201.45402526855469 219.41474914550781 -1 180.13282775878906 94.142173767089844 -1 174.33457946777344 52.894706726074219 -1 93.167564392089844 5.1139950752258301 -1 104.07343292236328 9.5106897354125977 -1 96.926193237304688 24.990554809570312 -1 155.53132629394531 28.236663818359375 -1 50.769126892089844 31.463207244873047 -1 133.74017333984375 33.047111511230469 -1 6.85919189453125 41.410362243652344 -1 18.360069274902344 43.462383270263672 -1 133.74017333984375 33.047111511230469 -1 34.038776397705078 52.313041687011719 -1 169.90541076660156 63.218067169189453 -1 246.10810852050781 105.26546478271484 -1 100.05149841308594 8.2647342681884766 -1 97.2476806640625 14.109653472900391 -1 126.24739074707031 30.701377868652344 -1 128.0274658203125 33.441310882568359 75 8.9856252670288086 33.928916931152344 -1 119.98274230957031 34.646224975585938 -1 109.12776184082031 35.206340789794922 -1 11.022343635559082 37.198184967041016 -1 182.23091125488281 41.009479522705078 -1 155.19364929199219 27.336545944213867 -1 166.84262084960938 41.564643859863281 -1 16.532279968261719 46.930194854736328 -1 36.597202301025391 48.969650268554688 -1 110.98021697998047 6.0767450332641602 -1 151.53677368164062 75.715194702148438 -1 228.43614196777344 79.038742065429688 -1 184.83683776855469 66.908966064453125 -1 240.91900634765625 88.529701232910156 -1 41.952045440673828 53.794513702392578 -1 132.55459594726562 183.25679016113281 -1 247.77247619628906 92.955818176269531 -1 240.91900634765625 88.529701232910156 -1 100.05149841308594 8.2647342681884766 -1 166.84262084960938 41.564643859863281 -1 247.77247619628906 92.955818176269531 -1 229.531005859375 85.759521484375 -1 166.28684997558594 101.24402618408203 -1 107.61956024169922 70.356803894042969 -1 12.535444259643555 56.682891845703125 -1 12.409163475036621 53.784088134765625 -1 59.083465576171875 44.605400085449219 -1 2.3734643459320068 37.060600280761719 -1 116.80779266357422 36.696300506591797 -1 2.433901309967041 32.484767913818359 -1 192.60395812988281 116.85330963134766 -1 2.3734643459320068 37.060600280761719 -1 107.61956024169922 70.356803894042969 -1 166.28684997558594 101.24402618408203 -1 150.32164001464844 123.99619293212891 -1 243.81883239746094 93.840957641601562 -1 177.45687866210938 105.14752197265625 -1 145.23101806640625 122.87834167480469 -1 166.20286560058594 89.094024658203125 -1 150.32164001464844 123.99619293212891 -1 114.48957824707031 131.89839172363281 -1 166.20286560058594 89.094024658203125 -1 229.60189819335938 79.547111511230469 -1 40.208797454833984 58.135486602783203 -1 3.8752601146697998 21.1865234375 -1 181.06663513183594 89.041221618652344 -1 190.10414123535156 49.506484985351562 -1 181.06663513183594 89.041221618652344 -1 
