# 3D point list with one line of data per point:
#   POINT3D_ID, X, Y, Z, R, G, B, ERROR, TRACK[] as (IMAGE_ID, POINT2D_IDX)
# Number of points: 30, mean track length: 2
1 -7.9372353722292015 -0.81850187404040498 36.556566916855992 213 212 206 0.12578193050888023 45 2 46 1
2 -7.9372353722292015 -0.81850187404040498 36.556566916855992 213 212 206 0.12578193050888023 45 3 46 3
3 3.390038620825798 -7.9178464471727228 35.742693027374671 168 168 164 0.079271177695805661 45 5 46 4
4 3.390038620825798 -7.9178464471727228 35.742693027374671 168 168 164 0.079271177695805661 45 4 46 5
5 -12.874789836445332 -7.0755726364754219 36.159177004020627 4 5 7 0.17783713689462077 45 6 46 6
6 -11.445897552457344 -1.1154373236001083 36.02532520107053 20 25 30 0.23013345521398271 45 7 46 7
7 -11.726593210604808 -5.1611346617379823 36.095217996580388 100 100 107 0.026959585189142887 45 9 46 10
8 -11.797164040024946 -7.2093151427650382 36.295463696995526 6 5 7 0.036428894474629096 45 11 46 11
9 5.0100488878592797 -2.4874457044986227 37.616249915844648 233 231 228 0.056466188393361649 45 12 46 12
10 -11.797164040024946 -7.2093151427650382 36.295463696995526 6 5 7 0.036428894474629096 45 13 46 13
11 -11.152756971957226 -6.1105924937521605 36.34589761460618 131 131 132 0.12704190038006685 45 16 46 14
12 -11.152756971957226 -6.1105924937521605 36.34589761460618 131 131 132 0.12704190038006685 45 19 46 15
13 5.8166115820151765 -3.0769638028933852 37.210518109944815 33 33 29 0.0037802016138737734 45 14 46 16
14 -13.174463615010291 3.7254105141346932 33.351827955990011 233 235 235 0.27508476887981975 45 20 46 18
15 -13.752179836069757 -6.7335857294195183 35.002678987534317 8 9 11 0.17513965562637396 45 22 46 21
16 -12.012088359190779 -4.8582050167646216 35.867101810008478 115 116 123 0.1363374982133585 45 41 46 22
17 -11.82766658473324 1.6783818648951503 34.734504877875636 243 243 243 0.21018367589968784 45 25 46 24
18 -13.752179836069757 -6.7335857294195183 35.002678987534317 8 9 11 0.17513965562637396 45 28 46 28
19 -10.975794509225858 0.33872245177768889 35.643581145817635 252 248 248 0.14003492485440397 45 48 46 29
20 -13.637126547291983 -8.4500995890990822 35.791984111292152 19 19 19 0.41519868644879987 45 38 46 32
21 -13.637126547291983 -8.4500995890990822 35.791984111292152 19 19 19 0.41519868644879987 45 39 46 39
22 -8.4880041108143374 -2.8880148049843037 36.835255128837829 242 242 238 0.24472005511703804 45 55 46 43
23 -8.8283173442761687 -3.1330967913406287 36.961425731818828 65 65 65 0.046203975977344519 45 54 46 44
24 -9.9259959641720741 -1.7861790551608241 38.419084211125863 232 235 235 0.38872279355122563 45 31 46 45
25 -12.674531455819396 -1.7099246510396748 34.579269315266465 4 6 12 0.068781225026889409 45 50 46 47
26 -8.1039924550069564 -3.3686385569918333 36.978522013331222 239 239 235 0.33791295333168103 45 53 46 53
27 -14.315851418899664 -5.8853486965772648 35.061230881989474 121 122 126 0.90310790409890851 45 18 46 56
28 7.4216209009858494 1.3595144189366386 38.047432081791257 165 165 161 1.0881647667345422 45 47 46 74
29 8.7480606826648124 4.4004215008700571 38.724482323048314 235 235 231 0.85309930146106816 45 70 46 79
30 -10.53392567987891 -2.3135803722252262 35.681902273538348 112 117 122 0.75874220427711303 45 21 46 80
