# Frame list with one line of data per frame:
#   FRAME_ID, RIG_ID, RIG_FROM_WORLD[QW, QX, QY, QZ, TX, TY, TZ], NUM_DATA_IDS, DATA_IDS[] as (SENSOR_TYPE, SENSOR_ID, DATA_ID)
# Number of frames: 16
125 1 0.96611408651794184 0.23485425299046606 -0.10258194772337419 0.030724512773548551 4.1627200156216686 7.8467527413729581 0.027676803972378552 1 CAMERA 1 125
126 1 0.96572037961885793 0.23576930802287083 -0.10111924719485826 0.039646937207943656 0.16054289515651987 3.3483988928591768 0.021344362252789333 1 CAMERA 1 126
127 1 0.9658765417622569 0.23542464413194497 -0.10177299593104701 0.036055517025127895 1.7638718689152606 4.4735321991181847 0.01697493466681433 1 CAMERA 1 127
129 1 0.96558381306361374 0.23610639380928516 -0.10049758599754754 0.042448862889040047 -1.2173551942490581 2.0808660655317195 0.020303481197769868 1 CAMERA 1 129
130 1 0.96564684962593961 0.23594039095485761 -0.10068637595010743 0.041479481935057447 -1.2094098235479493 2.2052307356463126 0.016633678164715691 1 CAMERA 1 130
131 1 0.96564101431352167 0.23596059990871035 -0.10070483093499014 0.041455564073229298 -1.2284290217771314 2.1244733953258619 0.018717347651867677 1 CAMERA 1 131
132 1 0.96576898203381845 0.23561027488388123 -0.1014042877580653 0.038668360901176375 -0.44760452586410165 2.5937953689507389 -0.0020842806607314786 1 CAMERA 1 132
133 1 0.96594321471203315 0.23506527501483035 -0.10254021449323308 0.034402424996895865 0.88762952910112536 1.1760775821692488 -0.034864046280666354 1 CAMERA 1 133
134 1 0.96593962172655001 0.23506591167061647 -0.1023022395118893 0.035198240582216767 0.93622291442160632 0.72374849649528372 -0.039281214981905593 1 CAMERA 1 134
135 1 0.96586370866910576 0.23530597564232039 -0.1020996886614651 0.036249795560918778 0.61633681455103895 0.69905611380904475 -0.032645855371421194 1 CAMERA 1 135
136 1 0.96592297101661628 0.23505617487171682 -0.10224045072968713 0.035892881629932059 -1.6888299656560779 -5.3183583673379617 -0.05108169360394111 1 CAMERA 1 136
137 1 0.96596458258107409 0.23496331412018698 -0.10261121739477412 0.034287086219043382 -1.0479528781360985 -3.0412181714726967 -0.056173518579013045 1 CAMERA 1 137
138 1 0.96592022782326425 0.23510538595603248 -0.10230024141433756 0.035471560198086151 -0.25255068978319017 -1.6376230110786103 -0.048510456132280846 1 CAMERA 1 138
140 1 0.96610879370518898 0.23445708415712932 -0.10342777625560765 0.031086484408200343 0.33359662198741291 -4.9350841062099535 -0.080454602472334574 1 CAMERA 1 140
142 1 0.96602468163189226 0.23475138582843613 -0.1029194845577457 0.033101072913094491 -0.83038911142273264 -4.7686448269317099 -0.069415422963502879 1 CAMERA 1 142
143 1 0.96601951577271628 0.23471819834818114 -0.10267156225127266 0.03423759359700667 1.4027886873110442 -5.8146745511036775 -0.081965495988456621 1 CAMERA 1 143
