# 3D point list with one line of data per point:
#   POINT3D_ID, X, Y, Z, R, G, B, ERROR, TRACK[] as (IMAGE_ID, POINT2D_IDX)
# Number of points: 191, mean track length: 7.5602094240837694
5 64.918384823520768 -6.1107675554165519 -10.579323936425189 112 116 118 1.1093392773800161 134 12 130 11 133 13 132 9 131 9 135 9 140 7 138 7 126 9 137 11 127 7 125 5 129 9 136 9
6 69.127194490188018 -6.5274620214913757 -11.250272515438134 112 116 118 0.97880451490817122 134 16 130 12 133 16 132 11 131 11 135 10 140 8 138 8 126 11 137 9 127 8 129 11 136 7
9 -17.797594716909899 -24.376843750137997 18.784372842212868 0 11 23 0.51196048912983882 134 17 130 19 133 19 132 21 131 19 135 22 140 26 138 17 126 21 137 35 127 32 125 32 129 23 136 40 142 34 143 25
10 -26.831136417735163 -13.77655027049696 15.444288081729205 11 83 137 0.35255733510497683 134 18 130 20 133 20 132 24 131 20 135 23 140 22 138 18 126 23 137 32 127 16 129 24 136 30 142 29
11 -27.927104351510014 7.5029731006917881 4.478520743397933 17 78 122 0.48798418197595922 134 20 130 21 133 22 132 23 131 21 135 18 138 21 126 19 137 22 127 18 125 12 129 25 136 36 142 16 143 10
12 21.29188299989832 0.67456638244798151 -4.048872485896605 73 124 199 0.50047281590372594 134 19 130 22 133 21 132 16 131 22 135 25 138 22 126 20 137 26 127 17 125 13 129 26 136 26 142 26 143 28
14 -16.743139599373098 9.3026135257490861 0.85662743588986479 1 13 22 0.29619303634787858 134 13 130 24 133 14 132 15 131 23 135 13 140 13 138 13 126 18 137 16 127 19 125 11 129 18 136 15 142 14 143 11
15 21.29188299989832 0.67456638244798151 -4.048872485896605 73 124 199 0.50047281590372594 134 25 130 25 133 29 132 25 131 26 135 28 138 20 126 16 137 21 127 12 125 10 129 20 136 27 142 23 143 18
16 -6.1611013361969365 15.128973785396683 -4.8456758491942189 55 103 150 1.3288097654739215 134 21 130 26 133 23 132 20 131 30 135 19 127 20 129 27
19 -37.742627593476634 -11.048547928049807 16.710826145677341 0 13 24 0.25162342045459862 134 37 130 35 133 36 132 38 131 39 135 46 140 40 138 33 126 40 137 39 127 37 125 30 129 42 136 43 142 41 143 38
20 19.115107811557472 13.487003329420086 -10.078735900199224 9 19 34 0.40786017271647901 134 31 130 36 133 33 132 41 131 41 135 33 140 32 138 26 126 47 137 34 127 41 125 27 129 40 136 53 142 30 143 35
23 36.116763064402406 -4.2035540707303962 -4.9712955932332958 0 17 35 0.44801668731716038 134 39 130 39 133 39 132 43 131 40 135 38 140 43 138 35 126 48 137 42 127 40 125 35 129 41 136 52 142 44 143 41
24 36.116763064402406 -4.2035540707303962 -4.9712955932332958 0 17 35 0.44801668731716038 134 41 130 40 133 43 132 34 131 43 135 41 140 44 138 37 126 35 137 47 127 43 125 28 129 36 136 47 142 48 143 42
29 -22.628354572182865 0.46669845020447581 6.8483154860767241 23 84 127 0.46732489112087339 134 53 130 46 133 55 132 47 131 52 135 54 140 42 138 40 126 54 137 41 127 54 125 42 129 51 136 59 143 43
33 36.330260187329749 -11.036471622326371 -1.4034966625220551 55 120 195 0.48958156214519943 134 52 130 55 133 54 132 48 135 53 140 48 138 45 126 53 137 57 127 60 125 46 136 62 142 52 143 56
45 -33.71474942805623 -6.9522772635590764 13.548853267024034 23 81 125 0.27447749350847028 134 61 130 75 133 78 132 76 131 77 135 67 140 53 138 54 126 90 137 60 127 95 125 64 129 79 136 66 142 59 143 49
46 -33.71474942805623 -6.9522772635590764 13.548853267024034 23 81 125 0.27447749350847028 134 62 130 76 133 76 132 77 131 78 135 68 140 54 138 55 126 91 137 61 127 96 125 65 129 70 136 65 142 60 143 50
50 -33.71474942805623 -6.9522772635590764 13.548853267024034 23 81 125 0.27447749350847028 134 56 130 84 133 79 132 80 131 80 135 64 140 49 138 48 126 82 137 70 127 94 125 69 129 75 136 74 142 66 143 55
55 -17.745403380225547 -31.445245262012506 22.518882284566249 2 26 55 0.43010460818954627 134 93 130 92 133 118 132 96 131 108 135 84 140 71 138 87 137 117 129 99 136 110 142 103 143 116
56 -21.613255136670052 -20.820037340991071 17.853067198607746 0 9 30 0.32824104904374007 134 106 130 93 133 87 132 97 131 109 135 85 140 72 138 89 126 115 137 100 127 126 129 95 136 119 142 104 143 99
57 -23.512027896650409 -27.46333815461529 21.806953036411972 7 28 56 0.51979977684826839 134 86 130 94 133 102 132 108 131 92 135 93 140 81 138 102 126 97 137 99 127 106 125 89 129 94 136 102 142 86 143 84
61 -17.946036698084232 -31.639646000617855 22.682567630698745 2 26 55 0.56829953919284537 134 105 130 103 133 101 132 106 131 105 135 92 140 76 138 101 126 95 137 90 127 164 125 112 129 85 136 118 142 91 143 128
63 -21.41321509565195 -20.712015072015227 17.736874585136526 0 9 30 0.41893534441974756 134 94 130 107 133 105 132 112 131 97 135 95 140 83 138 103 126 103 137 86 127 109 125 92 129 88 136 121 142 92 143 85
65 -15.329378014342963 -19.480437136820065 15.607643486294425 0 13 22 0.38345552075005573 134 87 130 109 133 107 132 89 131 95 135 98 140 84 138 75 126 104 137 105 127 81 129 90 136 122 142 93
66 58.901316762950771 -34.860854990573912 6.3044332674153116 128 131 132 1.1300965374090319 134 133 130 111 133 121 132 90 135 119 140 129 138 137 126 107 127 110
70 6.5885681995718874 40.19315961291192 -20.889781511915121 131 156 200 0.43175951657641803 134 113 130 124 133 159 132 121 131 183 135 171 140 98 138 113 126 154 137 124 127 148 129 103 142 130 143 126
79 2.7819427592922246 40.203122115406323 -19.803236024396526 113 135 176 0.63211140676027233 134 129 130 146 133 141 132 117 135 80 138 111 126 111 127 114 125 97
80 2.7074853376306254 36.175036007406788 -17.856704030603456 113 135 176 0.30243174704322395 134 110 130 149 133 126 135 86 140 97 138 136 143 103 129 132
84 -29.72502856200061 -70.966795429465677 47.259324526030049 29 93 154 0.5778709446380691 134 121 130 161 133 131 132 95 131 102 135 114
92 31.632893733720138 -12.500009756804625 0.60809034821104913 3 18 34 1.174158415472532 130 51 133 37 132 45 131 59 135 36 140 47 138 44 126 51 137 56 127 39 125 29 129 54 136 63 136 112 142 69 143 46
98 -20.13083889292928 10.81997997128374 2.1318642112097623 27 87 135 0.3992237161653765 130 113 133 91 136 93
99 19.670618285600163 17.134826632660079 -12.091863642202622 7 20 34 0.55573769746903223 130 97 133 93 131 90 140 118 136 123
102 19.670618285600163 17.134826632660079 -12.091863642202622 7 20 34 0.55573769746903223 130 118 133 114 131 88 140 134 136 130
103 35.614971719744467 -0.80582551242762823 -6.6294093382562576 2 21 45 0.57467314234418265 130 144 133 138 131 171 140 132 129 120 142 121 143 117
105 35.614971719744467 -0.80582551242762823 -6.6294093382562576 2 21 45 0.57467314234418265 130 129 133 146 131 141 140 122 129 122 142 115 143 119
109 -11.053612888054074 -32.300335916142267 22.009312199015902 253 94 97 1.197349401303361 133 31 134 35 132 32 126 41 127 68
110 -28.66249539469635 -2.7341489579094564 10.046754716249886 0 13 23 0.28470133913831502 133 38 134 38 132 35 135 37 140 41 138 34 126 52 137 40 127 48 125 41 129 43 136 46 142 42 143 40
116 -24.082969082538696 -57.081792530965835 38.055878485480967 21 98 163 0.33825787632913207 133 125 134 118 132 98 131 107 135 122
117 -30.430137184629913 3.3750411263187372 7.8212949991977307 24 84 128 0.20052735557551715 134 85 132 99
119 6.6259795645117281 34.281521031603575 -17.786638310829769 135 160 213 0.21330401026460122 133 163 134 152 132 146 135 170 138 151 143 136
123 -28.194413855519002 -72.486186543946687 47.147028184723574 26 24 19 0.69041186477599914 133 153 134 162 132 166 131 161 135 174 140 130 129 134 136 145 142 147 143 113
128 -27.633249952730925 -70.773555457469882 46.064070640184696 26 24 19 0.6882888719297191 133 148 134 141 132 185 131 175 135 167 140 137 125 160 127 102 129 128 136 158 142 143 143 106
148 -26.907043633344038 -6.5792861741109432 11.724705570706741 20 82 124 0.53709597989270386 134 158 131 145 140 111 138 95 125 93 127 143 136 107
168 -40.879843195150549 -1.4353081836699197 12.541476644003019 14 83 132 0.53325116359588998 130 29 135 24 131 35 140 17 138 19 126 26 137 20 125 17 129 28 136 28 142 22 143 27
172 22.266335899806219 15.701923158380666 -12.042851583662216 95 138 204 0.57017134842872552 130 114 135 103 138 81 126 86 137 77 127 79 125 72 142 98
174 21.728607889593938 27.474932852414746 -17.993992773379674 113 129 156 0.19474384392206043 130 189 135 132 132 149 140 147 137 147 142 119
181 21.728607889593938 27.474932852414746 -17.993992773379674 113 129 156 0.19474384392206043 130 187 135 160 132 177 140 142 137 140 142 128
237 -91.451553636482302 4.0592712154874055 23.024194564118307 89 100 98 0.72843485280190401 130 3 131 3 132 3 133 5 134 5 135 6 140 5 138 4 126 3 137 4 127 1 125 2 129 3 136 5 142 5 143 5
243 68.710544135131713 -26.390153632411188 -0.44127455325602433 82 137 211 1.3844304166669867 130 14 131 14 132 12 140 16 126 12 125 6 129 14 142 21
244 -25.56608756871379 17.407673409538706 -1.0640783550716111 12 79 128 0.49931745980211617 130 28 131 27 132 22 140 19 126 27 137 23 127 22 125 19 143 29
267 -13.861075846439073 -30.525081070486973 21.057921419034145 83 109 131 0.79610585392246813 131 93 140 64 130 104 132 107 126 130 127 165 129 86 136 71 142 73
268 -74.808815333453182 -18.994971664320971 30.469295182332353 86 97 96 0.81909780859405634 131 82 133 73 140 65 138 61 126 65 142 72
280 -13.492004339357129 15.280088335044386 -3.1915858717703083 9 77 125 0.5743853979156005 138 68 137 68 127 88 136 115 143 59
292 8.168883322365172 39.624650430166533 -21.020755033517318 167 194 253 0.27112782642187527 132 182 140 112 138 168 137 161 142 153
294 13.388559100218567 28.899536511710423 -16.903402681853041 138 171 241 1.5916551606121521 132 179 140 117 138 150 137 166 142 156 142 170
296 105.76456993731155 -15.141913108968751 -15.15025537703664 46 49 46 1.3248102122862182 132 122 133 127 140 123 138 80 136 143
298 84.006606124959987 -18.290736940234016 -9.2212226237388588 103 105 95 0.4181672234268386 130 185 140 126 137 170
301 13.388559100218567 28.899536511710423 -16.903402681853041 138 171 241 1.5916551606121521 132 144 140 135 138 166 137 173 142 158 142 167
304 60.229278264873798 -32.243748069577748 3.633151695957991 40 42 36 1.3849098356056704 132 136 134 165 140 140
305 8.1205417027665003 44.035025226289385 -22.892485687693053 147 173 242 1.6574322003434663 130 176 132 141 140 143 126 177 132 142 127 180 125 148
307 12.027781227788557 35.189849047167833 -19.57590970689364 167 193 255 0.91104026647399583 132 145 135 175 140 152 142 161 143 135
313 -2.8655781095846944 0.32879517287690896 0.63520080102299226 0 0 0 0.40390291309460608 130 120 134 82 135 169 131 138
324 -27.364058735973028 7.4442304201525769 4.3402762767170993 15 78 126 0.52616346617541709 134 26 135 26 138 23 133 27 137 31 136 25 142 17 143 14
331 20.484213223203039 14.014803345995889 -10.592139087040836 9 21 35 0.47481788006282422 140 36 138 32 137 36 136 45 142 36 143 33
333 -28.526081878362444 -2.741088000523288 10.009661756024224 1 15 23 0.24678776927435001 132 44 138 38 126 56 137 46 127 56 125 47 129 45 136 48 142 49 143 45
346 -24.256107493527331 20.659225794005962 -3.2358427315095146 22 77 113 0.11277730991966504 140 91 138 82 143 92
356 23.741080432305495 24.2212408826238 -16.829256407590339 115 122 143 0.48250553407461699 135 134 140 94 138 107 133 139 142 100
359 -88.287077074415677 -15.256387892356933 31.905189918555617 94 98 93 1.994137884539666 130 152 138 117 131 149 134 160 138 118 137 102 143 141
361 -60.905329499226653 18.688016666581817 7.0463278220449599 83 92 87 1.4564729252315654 130 182 135 102 138 124 131 139 132 114 137 110 129 100 136 140 143 104
362 -49.465722058598381 -47.693528455606078 39.224382888948277 29 32 29 2.4992242285650752 132 190 138 127 131 178 126 158 129 125
363 65.881581911270445 -38.881906894764917 6.949086319370644 136 137 145 1.0418527644267699 135 128 140 131 138 128 133 137
364 -49.4657220581323 -47.693528455176242 39.224382888589069 29 32 29 2.4992242285654038 132 168 138 130 131 162 126 163 129 137
371 6.8958143065683162 44.280532187422644 -23.007864199309836 152 153 164 0.72064013136530869 135 82 138 144 130 125 133 147 134 89 131 116 132 123 137 116 129 104 136 101 142 102 143 96
372 8.1688833223587594 39.624650430133826 -21.020755033500063 162 186 239 0.27112782642241134 132 140 140 149 138 145 137 179 142 150
375 -18.468789422413352 -44.493348604605238 29.569938487038552 34 99 159 1.1748459475450799 130 165 138 176 133 132 134 122 135 123 126 119 127 169
376 94.326484435997941 -35.327196565057051 -2.3096237639542831 40 42 34 1.2041392945670475 132 2 134 2 138 2 130 2 133 2 135 2 131 2 126 2 137 2 127 0 129 2 136 2 142 4
377 -102.60831004673737 -5.334448050501166 30.51232082653673 88 99 96 1.0442467438611076 132 63 134 58 135 58 133 59 138 50 130 73 131 61 126 67 137 52 127 69 125 63 129 56 143 47
378 -100.80313064586211 -5.1996002945884454 29.94925703048726 88 99 96 0.49075705262534858 132 61 134 68 135 65 133 63 138 57 130 57 131 67 126 70 129 61
379 56.994993829433447 -58.181019126184829 20.244672172020081 70 72 72 0.97526464820113989 134 49 138 64 133 50 135 50 132 55 130 52 131 57 129 48
380 93.071472378774359 -29.894337433438587 -5.3337677546032802 81 82 77 0.43533962435840823 134 83 138 77 133 109
381 93.071472378774359 -29.894337433438587 -5.3337677546032802 81 82 77 0.43533962435840823 134 97 138 90 133 88
382 -40.736032526197285 -14.436957943393615 19.214368409104548 14 90 142 0.59401303818046869 134 107 135 99 138 106 126 106 127 111
383 78.499694104881868 -48.759087625325101 8.1955039503771907 120 125 119 0.78142541684344702 132 196 138 116 130 167 131 165 135 157 133 155 126 129 137 129 125 104 129 153 127 117 136 124
384 75.301461673728255 -46.691949187291144 7.8244307096467205 120 125 119 0.4647358211640969 132 164 138 134 130 156 131 154 135 146 133 174 126 141 137 120 129 140 136 132 142 107 140 139 143 83
385 77.326040122127139 -49.359366912230435 8.8355072170685123 40 41 44 0.78448316565231124 132 165 135 147 138 138 130 157 133 175 131 125 137 118
386 77.32604012181497 -49.359366912035725 8.8355072170353051 40 41 44 0.78448316565526055 132 171 135 156 138 140 130 178 133 154 131 127 137 121
387 8.5758882260648317 33.903148089568013 -17.94901800311796 163 180 226 1.4989510816342364 132 148 138 152 126 88 137 114 127 78 125 75 142 151
388 -34.021217941764704 -1.7391177563144846 10.918350186126602 21 84 128 0.0098291298135350126 134 157 138 184
389 92.530755330066611 -61.930393058499071 13.356937500160321 137 136 131 0.81292422419408861 132 8 134 9 135 11 138 6 133 10 126 8 127 6 143 7
390 18.668997604678189 12.494738032169826 -9.0946274660412598 181 112 141 0.49743023233796108 134 79 135 72 138 125 133 82 126 109 127 84
391 -128.2136862946453 -31.74190615827478 57.61790910142966 15 85 138 1.4786022626615434 132 0 134 0 135 0 138 0 130 0 133 0 140 0 131 0 126 0 137 0 129 0 136 0 142 0 143 0
392 -128.2136862946453 -31.74190615827478 57.61790910142966 15 85 138 1.4786022626615434 132 1 134 1 135 1 138 1 130 1 133 1 140 1 131 1 126 1 137 1 129 1 136 1 142 1 143 1
394 -3.4314177834728303 -6.847231894053933 4.7451372913751673 95 96 95 1.1601306417009596 134 123 138 167
396 -42.591588514459993 67.030088010730637 -21.940313360777441 102 104 95 0.89302392699534361 130 6 132 5 138 3 140 2 126 5 131 6 135 5 137 3 127 3 125 4 129 6 136 3 142 2 143 2
397 100.87700166540012 -121.88677371622619 42.676659054172696 101 110 109 0.97201920155278954 130 10 131 8 132 7 138 10 140 10 126 7 133 9 134 8 135 8 137 13 127 5 129 8 136 12 142 11 143 9
398 -3.6819620178542318 61.031260579568468 -28.73928145712382 28 44 51 0.75601550942708173 130 27 131 24 132 19 140 20 126 17 133 24 134 22 135 20 137 24 127 21 125 9 129 21 136 23 142 24 143 30
401 120.47930498275912 -148.79577058997413 54.579264999929535 67 75 72 1.3407795534286695 130 33 131 34 132 26 140 33 126 30 127 26 129 31 142 37
402 120.32776079115906 -149.34112221225169 54.971873956104758 67 75 72 1.9005527795832855 131 31 140 29 126 34 127 27 125 25 129 29 142 33
403 -5.1401345676335888 25.405501871507614 -10.289015061168154 1 8 11 1.6306036748932191 130 37 131 42 126 46 134 40 135 39 137 58 140 59 127 51 125 51 129 39 136 57 142 56
404 40.241258713641287 -2.1709941182504839 -7.0284473198332069 59 119 187 0.11515145137990637 138 62 126 84 137 74 127 87
405 80.37973291715889 -34.638742768924992 0.33861748772919276 89 89 78 0.19655024607940172 140 144 126 105
406 117.14688121601451 -22.388096888265252 -14.672902391701426 69 71 62 1.6300209452206822 130 143 131 134 138 155 126 108 130 119 129 112
407 117.64903016136658 -22.753270624872972 -14.595455371235539 69 71 62 1.6868383667269522 130 126 131 135 138 187 126 113 130 138 129 109 129 119
408 -20.411694929882913 -29.876151102926354 22.300686195068458 20 88 139 0.36424962540989431 138 91 126 118 137 98 127 134 136 108
409 -72.718817735952015 -42.393925545594144 42.445216322925212 84 88 82 0.8413342995720573 138 142 126 127 137 128 127 104 125 103
410 -18.21382002276415 -18.582886679126243 15.797166058872811 15 78 126 0.30255156589450605 138 74 126 132 137 130 127 119
412 -48.890783268839115 -62.32815249099648 47.031181875556769 86 88 81 2.1730238440848439 131 177 132 188 138 172 126 155 125 143 136 157
413 83.047425906197319 -19.037232059379548 -8.5539083053541187 39 40 34 0.45525960435960555 140 127 126 175
414 30.071419474868751 -121.90474813429128 58.945442903129162 37 34 26 2.2215528159201177 140 113 126 138 135 163 133 172 134 140 130 32 131 36 138 92 126 24 137 95 127 178 126 167 125 14 136 133 142 159 143 105
415 5.4551185210498767 59.713147197148942 -30.422514595664541 154 152 142 1.001219821732992 130 30 131 29 132 27 138 29 140 37 126 29 137 25 135 35 127 24 129 32 142 25 143 16
416 3.9181210558197814 1.2707307704796842 1.0984299032649762 247 86 88 0.79347997372586487 130 4 137 5 131 4 136 6 129 4 142 6
417 -28.983850550347459 -15.050187505746667 16.750023029613981 11 88 144 0.30082571784036061 140 15 137 27 136 32 142 20 143 26
420 35.191437072254985 -13.354340371652954 0.39582069602198194 1 16 32 1.0191097664285098 130 48 137 53 126 50 131 55 132 46 127 44 125 31 129 50 136 67 142 58
421 -12.733061167712165 14.698125572894906 -3.1396710275419415 15 80 128 0.47110671965036632 138 70 137 59 136 99 143 69
422 21.051570627064375 -23.188035132683744 8.777983158551935 119 123 118 1.9805324628976375 135 62 140 50 134 67 130 71 126 66 142 67 136 73 137 66 143 54
424 -97.748582905184975 -11.172223694546384 32.337891937003086 85 97 97 0.42292070629145956 133 108 135 73 137 73
425 -20.449853707596745 -39.309392523346922 28.231736426314892 49 93 130 0.68733079455093204 140 82 137 79 136 78 130 81 142 78
426 -16.99360263566038 -21.564864484366538 17.24657329137511 0 12 25 0.24458324187087641 140 73 137 88 136 120 142 105
427 10.916009488336785 38.655604760264318 -21.124342722725054 185 208 255 0.39105592125633798 133 142 140 68 137 92 142 106 143 124
428 -38.422855499373171 -26.560473038858294 24.752576924400579 98 103 97 2.5135368824509978 135 153 137 96
429 -69.589829541304326 -13.391623814314183 26.003426174748384 81 89 88 1.2322398524910743 135 78 138 60 137 103
430 11.368043336828915 41.63540304632874 -22.661946078454193 185 208 255 0.73261848237377847 130 123 133 144 137 115 132 120 126 112 131 123 125 98 129 102 142 101 143 122
431 80.579379878694979 -15.575400866199995 -9.981750641760696 76 76 70 0.48481023081774921 133 168 137 143
432 -39.13186778223961 15.133119003663111 2.9574907913963684 46 57 53 1.584839864066335 138 153 137 145 140 120 136 152 142 135 142 136 140 119
433 -27.42793958282321 1.220591035153338 7.6535133436366927 18 80 126 0.14876025893299705 138 78 137 146 143 90
436 -115.29699902158892 35.067561117515361 13.36246519660784 49 58 55 0.11561103906650363 135 75 137 76
438 3.4780106783073284 -13.310201506152088 11.719465400549609 253 89 89 1.0647658101966271 135 3 127 2 133 3 134 3
439 113.37425096476866 -63.186674331295038 13.676977371903282 124 109 96 0.50611207253333734 140 35 127 29 142 45
440 113.37425096476866 -63.186674331295038 13.676977371903282 124 109 96 0.50611207253333734 140 31 127 30 142 47
445 -1.3186529976145369 60.143980510662601 -28.92100373931649 13 40 55 0.41383822772728174 126 68 130 58 135 49 127 63 133 58 134 45 131 63 132 49 125 73 129 46
446 21.051570627064446 -23.188035132683829 8.7779831585519688 119 123 118 1.9805324628976331 135 66 140 55 134 71 130 59 126 61 142 61 136 70 137 62 143 51
447 -1.3186529976145369 60.143980510662601 -28.92100373931649 13 40 55 0.41383822772728174 126 71 130 74 135 57 127 74 133 57 134 55 131 66 132 57 125 80 129 55
449 36.473657579670522 -14.97616938364358 -0.38671576124826795 75 77 68 0.28942530417302703 135 74 127 93
451 7.286370722418428 20.064156368419763 -10.823779377647023 116 146 201 0.54639250564852548 126 150 127 155
452 -38.116640311536237 -0.90333190334293378 11.144470822506021 14 42 65 0.5264602445505413 135 137 127 157
453 2.2215863660725099 42.821760495754802 -20.705485313586465 91 92 89 0.36580687756509445 130 179 127 177 125 120
455 -12.128549496961906 6.7038792524027473 1.1617780464756151 27 82 129 0.10321867354977105 126 178 127 181
456 -122.41836412290046 -12.764240324683024 39.616825209819993 91 91 85 0.49990598709981882 126 126 135 139 127 183 133 123 134 131 130 151 132 186 129 150
457 -30.834762066394099 -79.322099501129173 51.618169303792904 41 40 39 1.142023322491363 126 6 127 4 130 9 131 7 134 7 125 8 132 6 133 8 135 15 129 7
458 9.564441026968094 -137.34514324835442 72.688394803195735 226 89 84 0.40700201764675004 127 62 130 56 131 48 134 60 125 23 132 52 133 68 126 59 129 65
459 95.146086771691031 -54.266737276609419 7.2246315086754711 71 72 68 1.1762061013188083 134 29 125 26 133 30 135 44 138 43 137 55 136 58 142 51 140 52
460 14.725270443890139 -75.601547718619955 37.748953762712084 254 99 95 0.31058829128928989 126 43 125 33
461 -0.1891646704995178 72.285217170285406 -34.298540805825084 133 149 184 0.80348325599192727 127 59 134 54 125 34 133 46
463 10.053732492220448 27.793535690961672 -15.222144839037284 175 192 246 0.26799018421838194 127 52 125 45
464 163.72992976699067 -276.30170687905365 116.61948848831027 179 160 151 0.55942779862585601 126 63 127 71 130 68 131 64 134 59 125 59 132 62 133 66 135 70 138 53 140 51 137 65 129 66 136 72 142 65 143 58
465 24.224477748199483 -15.493948128762925 3.6888013726863753 56 116 183 1.4977068958348883 127 67 125 66 135 63 138 63 137 108
466 16.751590377578555 10.729544852411221 -7.922758552639185 119 148 198 0.1476938123533392 127 90 125 70
467 291.8129991833809 -277.04915094166364 89.407939401397527 207 194 169 0.53826794531389377 126 79 127 89 130 67 131 62 134 74 125 76 132 70 133 74 135 77 138 73 140 61 137 75 129 58 136 79 142 77 143 66
468 -95.742403973619531 -10.176400604917598 31.149366374127812 59 61 55 0.96851778886369144 126 80 127 92 130 150 131 148 125 84 129 148
469 122.89878893712674 -31.93349815675775 -10.654470690003915 92 93 84 0.3355094005031386 126 121 125 85
471 -149.77004626480883 89.953149511675477 -4.8693137679487712 85 93 88 0.4411567013971478 134 99 125 95
472 131.12154628752725 -205.31233562796754 81.850010306852866 254 242 226 0.62500546537512169 126 117 127 103 130 101 131 100 134 104 125 100 132 105 133 117 129 83
477 277.26691557638702 -286.28555825460677 97.640479912159023 230 196 163 0.59410189423582538 126 159 127 163 130 180 131 153 134 164 125 139 132 161 133 170 135 143 138 158 140 146 137 158 143 139
478 277.56665053882944 -302.07354564807122 103.32880237133843 74 77 77 0.92545086122486264 130 158 131 155 125 141 135 145 138 181 129 155 136 151 143 147
479 -18.273388194162127 -39.677576076869414 26.849181849687483 28 89 135 1.7774804010605514 127 182 125 142 126 144
480 6.6571409572786164 39.629797958791947 -20.365002010308885 134 157 199 1.2973168042114189 126 179 130 177 134 151 125 153 132 181 133 162 140 116 138 42 137 67 142 57 142 160 143 151
481 -68.277702617240294 -34.808802600059543 37.21479264100531 29 31 26 1.3258965246809225 135 149 127 99 125 67 134 168 131 158 129 123
482 -68.277702617240294 -34.808802600059543 37.21479264100531 29 31 26 1.3258965246809225 135 155 127 86 125 82 134 145 131 163 129 139
483 45.182329615071254 -5.1796783223848148 -6.8658743517247585 110 113 114 2.1168661459363181 130 8 131 13 137 18 129 10 136 19 138 12
485 8.3262722406759728 25.07659098152223 -13.698918172651979 146 167 219 0.14762867212915523 133 164 129 133 135 173
486 -29.675854878147625 17.336466381439696 -0.71801844596460163 36 44 41 0.18313887120124106 140 92 129 143
487 3.17049508634119 -5.0851171912688757 1.9544587295206057 76 75 76 0.45589134484139154 127 141 130 159 131 179 129 154
491 56.159454028291862 -8.5175330888606098 -7.4166839128157172 64 130 212 1.2014578434533636 137 15 138 14 136 17 143 17
492 59.355783099414296 -8.6485941769900592 -8.0334990008881402 64 130 212 0.32696804923667794 137 19 138 16 136 18
493 19.706024928153919 0.63565443405903654 -3.7600001983682882 63 122 193 0.26021490577213885 134 27 136 29 133 28 135 27
495 46.092469743289584 -77.569294082751782 31.589404292488346 117 123 121 1.5744288405001563 138 173 140 57 136 77 142 64 143 67
496 -39.375718633114545 37.039919847675087 -8.0249870302372397 40 47 45 1.1207153475188132 130 116 136 82 131 182 133 161
497 97.228803458195927 -14.579708079528165 -14.25422505285243 46 49 40 0.16046861729167664 130 95 136 88
498 97.763570701405186 -14.526841329356817 -14.397244884245023 46 49 40 0.98039258348867053 130 112 136 92 129 92 132 75 126 83 131 110 131 99
499 -51.011293649012337 -0.044209294844439903 14.338348118434951 4 39 69 0.19656214986201373 131 144 136 113 132 119
500 -23.798190299169391 28.323561000278911 -7.0918093054183915 17 72 107 0.39978969158814903 140 67 136 129
501 -39.713487192243285 -52.564166949538325 39.300542591685918 20 20 17 1.6338279687074817 131 185 138 161 136 146 132 167
502 87.018154636551117 -26.77308407607077 -5.6508099192907082 117 123 122 0.051019927440025654 131 120 136 148
503 -96.534441965706321 -12.299551557046543 32.51357295874368 31 24 17 1.6809727808611163 130 188 140 145 129 158 136 150
504 17.974451359153836 81.717502665896674 -43.462499400581805 171 193 252 1.8526058388148177 130 5 132 4 136 4 138 5 140 6 142 7 126 4 129 5 131 5 133 6 134 6 135 7 137 6 130 122 131 114 143 6
505 75.584826826760235 -28.895459429778846 -0.5242999395138489 75 132 208 0.96620138546006418 130 17 132 14 142 27 126 14 131 16 129 16
506 69.908718538676425 -26.336833379592392 -0.69122111073965342 75 132 208 1.0686715395205195 130 16 142 28 129 17 131 17
508 -7.8188215688620231 0.17537006353825935 3.4542246946630133 22 87 141 1.2150697113224103 130 184 132 153 142 114 131 142 131 143 129 147
510 6.9321816844466593 72.525572094383136 -35.669871543914056 9 18 9 1.6645395363213615 136 42 140 58 133 41 135 30 137 43 130 44 134 33 132 31 126 45 131 54 127 42 129 52 142 53 143 94
511 -14.539024241180583 1.4213408559088494 4.3730452333405649 20 85 135 1.8487423505722047 131 53 138 41 136 51 142 46 131 111 133 111 135 101 140 88 138 79 137 109 143 61
513 5.1700022887150441 54.320638393576502 -26.701634064717442 9 18 9 2.1019549707920318 136 41 142 54 133 40 135 34 137 48 134 32 125 20 126 49
514 -1.3554838037635826 74.97877969014921 -34.594313903876632 3 13 22 0.23079344558850251 130 15 143 15 129 15 131 15
515 -49.747470002525588 -34.844963274681284 31.760620105695264 119 126 125 0.53425918779107406 140 27 142 32 143 36 136 38
516 -16.737654492894489 14.69833760467977 -2.0578183858452967 12 77 123 0.58373282464390086 140 89 143 75 132 87
517 -33.945146307501957 -14.679006509332757 17.665063077823927 19 93 146 0.32014863399728388 126 120 143 86
518 -1.2105661300756405 40.095806322641955 -18.950126854736109 90 122 165 0.6132155958355362 138 85 140 69 143 95 135 88
519 -22.898513588783345 -26.565164981313689 21.145902513948982 6 35 68 0.245690038020344 138 88 143 98 134 101 137 85
520 12.123042066391314 42.458504867995288 -23.227382632008791 185 212 254 0.53419494934960154 142 85 143 123
522 -93.326015640662234 -14.01279222887516 32.519762121212786 106 107 102 0.78507901326363116 138 105 143 144 137 101
523 -84.080958775103667 -16.474200555286771 31.51104345457119 78 86 82 0.83409702943181563 138 159 143 155 135 141
525 -28.681965161112554 46.490080540074302 -14.55020299534206 17 71 106 1.6164487644262213 126 181 142 81 143 93
