# Frame list with one line of data per frame:
#   FRAME_ID, RIG_ID, RIG_FROM_WORLD[QW, QX, QY, QZ, TX, TY, TZ], NUM_DATA_IDS, DATA_IDS[] as (SENSOR_TYPE, SENSOR_ID, DATA_ID)
# Number of frames: 10
16 1 0.99181139271886587 0.12025917188828543 0.020024970282735442 0.038038052197543921 0.24774798408013857 3.1021354245849215 0.76873006822448886 1 CAMERA 1 16
17 1 0.99434649032783795 0.087505689182330731 0.050086388393853744 0.033304132342643553 -1.6211479016714259 0.93374594634497066 0.215205980072013 1 CAMERA 1 17
18 1 0.99292024278437518 0.10831026733771291 0.033683716666239795 0.035265913993530039 -0.61130594189622911 2.3017442765607541 0.52322771625134412 1 CAMERA 1 18
19 1 0.98554320633244774 0.16233866515332623 -0.018441056876892244 0.044840536007701159 2.6047922317653112 5.8985637368536361 1.7322154523240898 1 CAMERA 1 19
20 1 0.99618836087508167 0.062802247933647776 0.048988750192238119 0.035563037920028809 -1.4859577788543259 -0.65535624525240621 0.083879727479395774 1 CAMERA 1 20
21 1 0.99777611091034268 0.043646785072810168 0.027931054504491955 0.04192429896500123 -0.052766205293919871 -1.8402356721516928 0.21119859441925187 1 CAMERA 1 21
22 1 0.99808590247675932 0.036757276891398689 0.021750422092667525 0.044725306164103473 0.37784047259308001 -2.2588615716219285 0.13856074635929544 1 CAMERA 1 22
27 1 0.9983110289638143 0.027314258908133347 0.012239445396598339 0.04979173310795252 1.0394345572998109 -2.8216220618075831 -0.19625356591631912 1 CAMERA 1 27
29 1 0.99771940192044029 0.032175158520654203 0.03241828411656137 0.049697173567796585 -0.26915913800628344 -2.5810970551437635 -0.23042402146873098 1 CAMERA 1 29
31 1 0.99767720513819758 0.034721013472734714 0.02875423235972643 0.051067011783184152 -0.036492260936414993 -2.4017925113968643 -0.30521219996896226 1 CAMERA 1 31
