# Image list with two lines of data per image:
#   IMAGE_ID, QW, QX, QY, QZ, TX, TY, TZ, CAMERA_ID, NAME
#   POINTS2D[] as (X, Y, POINT3D_ID)
# Number of images: 10, mean observations per image: 94
16 0.99181139271886587 0.12025917188828543 0.020024970282735442 0.038038052197543921 0.24774798408013857 3.1021354245849215 0.76873006822448886 1 000016.png
113.59320831298828 82.565338134765625 214 143.40687561035156 199.09672546386719 64 127.03486633300781 35.533374786376953 1 127.03486633300781 35.533374786376953 2 141.57211303710938 69.827644348144531 65 136.90043640136719 125.10007476806641 -1 223.50248718261719 83.508453369140625 148 135.91142272949219 155.76560974121094 194 135.91142272949219 155.76560974121094 226 98.213348388671875 13.788599967956543 5 155.71562194824219 154.04161071777344 196 155.71562194824219 154.04161071777344 119 104.73300933837891 30.571338653564453 7 119.81365203857422 40.205596923828125 67 197.17877197265625 102.61762237548828 8 224.96638488769531 198.96328735351562 124 104.73300933837891 30.571338653564453 6 83.972198486328125 19.437070846557617 9 120.45504760742188 74.715591430664062 212 164.96815490722656 125.61786651611328 128 212.44767761230469 186.68351745605469 197 138.72050476074219 172.78019714355469 24 138.72050476074219 172.78019714355469 193 10.841778755187988 212.43606567382812 198 102.94244384765625 69.796257019042969 109 184.55256652832031 99.009933471679688 13 221.4923095703125 71.758529663085938 17 196.23454284667969 84.419845581054688 20 242.02748107910156 94.797325134277344 167 178.60223388671875 112.06430816650391 -1 202.7886962890625 119.21462249755859 19 146.01214599609375 176.46714782714844 27 127.93645477294922 65.466224670410156 -1 121.6185302734375 69.453437805175781 212 202.7886962890625 119.21462249755859 16 188.03311157226562 124.90788269042969 156 140.74867248535156 19.770404815673828 12 188.03311157226562 124.90788269042969 18 127.38558197021484 58.219470977783203 -1 168.84207153320312 81.151573181152344 -1 195.46047973632812 184.36796569824219 102 195.46047973632812 184.36796569824219 100 127.38558197021484 58.219470977783203 -1 217.32063293457031 80.94927978515625 23 107.85593414306641 73.532379150390625 22 195.46047973632812 184.36796569824219 101 116.23788452148438 32.024478912353516 153 199.1080322265625 212.68731689453125 44 208.5045166015625 87.093307495117188 31 205.94410705566406 115.48888397216797 -1 232.1353759765625 91.399856567382812 199 96.502899169921875 29.780405044555664 32 88.526802062988281 35.741024017333984 -1 122.36749267578125 68.071243286132812 -1 208.5045166015625 87.093307495117188 33 224.88674926757812 95.788536071777344 200 122.30892944335938 104.52937316894531 103 199.16912841796875 111.22613525390625 35 196.67945861816406 115.51002502441406 36 205.94410705566406 115.48888397216797 28 161.54638671875 121.99439239501953 -1 157.28291320800781 122.62916564941406 201 191.06155395507812 180.16854858398438 29 108.56089019775391 14.338719367980957 74 219.70368957519531 182.55244445800781 47 182.17561340332031 188.52587890625 42 21.986063003540039 197.17344665527344 -1 4.3938484191894531 204.30026245117188 -1 3.7135405540466309 213.43342590332031 186 58.927303314208984 164.68142700195312 218 193.76280212402344 173.07212829589844 -1 212.87373352050781 80.100814819335938 60 95.077056884765625 11.660638809204102 104 43.987602233886719 173.61689758300781 202 34.680492401123047 177.60694885253906 -1 139.52752685546875 177.29106140136719 193 71.437492370605469 153.71524047851562 -1 42.590679168701172 178.84672546386719 -1 109.26492309570312 18.412637710571289 40 95.711715698242188 56.428455352783203 90 125.65442657470703 75.177322387695312 -1 200.22293090820312 86.904266357421875 -1 216.98213195800781 94.569488525390625 75 178.31744384765625 98.315406799316406 76 180.16413879394531 140.33668518066406 38 69.660896301269531 147.50306701660156 203 123.41084289550781 125.26609039306641 188 178.31744384765625 98.315406799316406 73 193.76280212402344 173.07212829589844 -1 43.987602233886719 173.61689758300781 205 139.52752685546875 177.29106140136719 24 209.70320129394531 113.28305053710938 37 172.79440307617188 115.43936157226562 -1 209.77377319335938 172.20742797851562 -1 237.25532531738281 198.36216735839844 -1 242.13217163085938 203.02604675292969 183 47.951690673828125 173.66696166992188 190 229.52412414550781 191.18917846679688 95 253.46119689941406 89.770172119140625 -1 185.00288391113281 193.94538879394531 206 177.05235290527344 169.19854736328125 207 6.3551712036132812 210.55741882324219 208 103.62105560302734 21.898294448852539 -1 92.618637084960938 22.911540985107422 56 95.075653076171875 50.651908874511719 -1 26.036617279052734 192.95358276367188 209 216.30632019042969 70.65435791015625 57 218.81135559082031 85.965415954589844 51 250.76072692871094 88.253990173339844 149 57.086990356445312 162.01182556152344 192 54.347824096679688 160.9501953125 180 59.987773895263672 156.21907043457031 210 82.462333679199219 143.74716186523438 -1 195.41622924804688 88.8751220703125 -1 81.260986328125 137.86994934082031 -1 221.25599670410156 94.586624145507812 219 188.24339294433594 127.14024353027344 50 228.21281433105469 96.447708129882812 -1 203.87791442871094 124.79496765136719 52 218.81135559082031 85.965415954589844 59 195.41622924804688 88.8751220703125 -1 181.1373291015625 99.406150817871094 62 203.87791442871094 124.79496765136719 46 181.1373291015625 99.406150817871094 61 57.086990356445312 162.01182556152344 213 177.05235290527344 169.19854736328125 -1 122.90872192382812 98.062705993652344 -1 117.48299407958984 105.05100250244141 -1 175.6663818359375 105.66893768310547 45 174.75318908691406 108.93814849853516 221 109.93172454833984 111.76496887207031 -1 188.24339294433594 127.14024353027344 53 229.99864196777344 92.864372253417969 211 
17 0.99434649032783795 0.087505689182330731 0.050086388393853744 0.033304132342643553 -1.6211479016714259 0.93374594634497066 0.215205980072013 1 000018.png
127.93735504150391 42.266273498535156 1 144.46928405761719 203.72381591796875 64 127.93735504150391 42.266273498535156 2 144.46928405761719 203.72381591796875 -1 180.19694519042969 61.397975921630859 168 190.9505615234375 147.96395874023438 3 148.46304321289062 76.958229064941406 65 223.89736938476562 82.954093933105469 148 140.90019226074219 163.91374206542969 -1 140.90019226074219 163.91374206542969 226 98.169975280761719 13.801370620727539 5 104.62212371826172 30.492467880249023 7 124.77394866943359 82.127593994140625 212 168.25602722167969 83.707771301269531 -1 197.19996643066406 102.54441833496094 8 231.76280212402344 207.73623657226562 10 104.62212371826172 30.492467880249023 6 84.000350952148438 19.863840103149414 9 118.52040863037109 49.850502014160156 -1 158.86526489257812 63.080703735351562 69 219.05790710449219 195.68778991699219 11 158.86526489257812 63.080703735351562 -1 184.56378173828125 98.987861633300781 13 170.93588256835938 141.525634765625 -1 147.33534240722656 65.059776306152344 71 170.93588256835938 141.525634765625 14 133.23048400878906 125.21768951416016 -1 144.81498718261719 23.325742721557617 12 147.33534240722656 65.059776306152344 68 221.45193481445312 71.736572265625 17 188.01429748535156 124.47187042236328 18 150.69085693359375 184.45051574707031 27 116.41111755371094 36.163948059082031 153 196.21563720703125 84.463432312011719 20 249.4381103515625 100.48992156982422 167 202.75448608398438 119.18325805664062 19 202.75448608398438 119.18325805664062 16 188.01429748535156 124.47187042236328 156 213.12518310546875 65.691055297851562 21 143.98481750488281 184.06146240234375 193 215.7852783203125 94.788398742675781 75 246.35917663574219 91.91363525390625 173 137.45547485351562 183.12420654296875 215 108.03307342529297 73.458122253417969 22 143.98481750488281 184.06146240234375 24 243.90985107421875 84.479629516601562 -1 217.47628784179688 80.847908020019531 23 128.31903076171875 77.115653991699219 212 208.373779296875 87.119598388671875 33 208.373779296875 87.119598388671875 31 166.3402099609375 123.46475982666016 -1 196.65814208984375 115.51820373535156 36 178.26661682128906 98.265846252441406 73 96.409523010253906 29.798913955688477 32 116.07383728027344 52.758316040039062 77 212.53901672363281 79.553497314453125 60 206.49729919433594 93.330398559570312 72 199.40312194824219 111.39216613769531 35 205.87327575683594 115.20577239990234 28 166.3402099609375 123.46475982666016 -1 165.57864379882812 145.42227172851562 105 197.46543884277344 189.00807189941406 29 188.01971435546875 197.52374267578125 42 178.26661682128906 98.265846252441406 76 108.56414794921875 14.276289939880371 74 57.001926422119141 175.67251586914062 -1 109.01156616210938 124.58271789550781 78 201.36097717285156 185.77299499511719 49 251.29252624511719 213.75471496582031 185 205.99919128417969 223.34829711914062 41 36.625896453857422 190.04263305664062 79 209.70457458496094 113.24435424804688 43 209.70457458496094 113.24435424804688 37 36.625896453857422 190.04263305664062 -1 201.36097717285156 185.77299499511719 54 109.01156616210938 124.58271789550781 -1 205.99919128417969 223.34829711914062 44 175.60858154296875 105.71549224853516 45 109.26959228515625 18.426362991333008 40 248.08856201171875 107.06906127929688 178 227.25814819335938 191.73515319824219 47 190.2757568359375 123.89264678955078 224 167.90007019042969 128.71981811523438 -1 179.57162475585938 141.02815246582031 38 127.88167572021484 157.13059997558594 -1 55.881237030029297 168.78977966308594 180 60.677383422851562 172.4010009765625 182 143.72122192382812 19.605167388916016 58 103.32441711425781 22.087259292602539 55 92.6075439453125 22.898605346679688 56 139.73628234863281 62.624313354492188 158 216.32476806640625 70.499763488769531 57 129.59288024902344 74.916175842285156 -1 243.00555419921875 79.979469299316406 -1 181.10171508789062 99.364242553710938 61 106.4044189453125 123.60617828369141 -1 203.89109802246094 124.68707275390625 46 188.08877563476562 127.5133056640625 50 164.81906127929688 129.20014953613281 -1 218.81285095214844 86.165496826171875 59 54.138687133789062 177.5345458984375 -1 220.49191284179688 184.2257080078125 26 47.530906677246094 180.10531616210938 202 50.896064758300781 180.59349060058594 190 209.86799621582031 174.06907653808594 -1 55.686687469482422 172.91807556152344 -1 59.068515777587891 169.67803955078125 192 63.990016937255859 168.77801513671875 -1 60.043239593505859 165.386474609375 -1 68.792686462402344 164.62176513671875 222 69.155052185058594 160.90544128417969 -1 130.63339233398438 158.98490905761719 217 128.35968017578125 151.88737487792969 -1 128.53019714355469 146.31094360351562 -1 197.46257019042969 203.53047180175781 -1 218.81285095214844 86.165496826171875 51 181.10171508789062 99.364242553710938 62 249.8505859375 203.48826599121094 -1 203.89109802246094 124.68707275390625 52 188.08877563476562 127.5133056640625 53 69.155052185058594 160.90544128417969 -1 59.068515777587891 169.67803955078125 213 33.364433288574219 196.50413513183594 48 47.530906677246094 180.10531616210938 205 55.686687469482422 172.91807556152344 -1 43.830085754394531 179.92643737792969 159 29.492712020874023 200.04470825195312 209 231.49392700195312 90.933563232421875 211 205.94503784179688 170.91374206542969 63 100.46769714355469 129.3035888671875 -1 37.210960388183594 192.7315673828125 -1 
18 0.99292024278437518 0.10831026733771291 0.033683716666239795 0.035265913993530039 -0.61130594189622911 2.3017442765607541 0.52322771625134412 1 000017.png
126.26483917236328 38.877033233642578 1 143.65419006347656 200.73568725585938 64 126.26483917236328 38.877033233642578 2 179.57583618164062 61.106365203857422 168 144.74684143066406 72.229835510253906 65 223.62548828125 83.215110778808594 148 137.82621765136719 157.71015930175781 -1 137.82621765136719 157.71015930175781 226 98.188346862792969 13.791045188903809 5 158.07073974609375 156.10067749023438 196 158.07073974609375 156.10067749023438 119 197.16836547851562 102.58075714111328 8 104.70139312744141 30.568231582641602 7 104.70139312744141 30.568231582641602 6 122.47873687744141 75.527191162109375 212 130.04005432128906 173.74696350097656 169 215.36917114257812 190.03738403320312 197 227.8369140625 200.97303771972656 124 84.081855773925781 19.661001205444336 9 143.21488952636719 60.519676208496094 68 143.21488952636719 60.519676208496094 71 123.19024658203125 149.92092895507812 -1 142.46292114257812 21.70570182800293 12 234.5908203125 89.955520629882812 -1 184.55691528320312 99.005714416503906 13 102.95940399169922 69.683029174804688 109 234.5908203125 89.955520629882812 199 11.269814491271973 216.15264892578125 198 212.81820678710938 65.99688720703125 21 124.21200561523438 71.279342651367188 212 221.54310607910156 71.843467712402344 17 196.23577880859375 84.437515258789062 20 123.66769409179688 106.64811706542969 103 160.66444396972656 118.93827056884766 171 202.70062255859375 119.20278167724609 19 18.043535232543945 207.90792846679688 172 245.00732421875 96.683822631835938 167 165.97482299804688 127.00862884521484 128 147.78884887695312 179.27047729492188 27 202.70062255859375 119.20278167724609 16 187.95626831054688 124.68001556396484 156 187.95626831054688 124.68001556396484 18 141.7471923828125 19.699548721313477 12 246.9268798828125 86.278793334960938 149 217.39065551757812 80.909164428710938 23 198.62548828125 187.46324157714844 100 198.62548828125 187.46324157714844 101 198.62548828125 187.46324157714844 102 241.5428466796875 88.405464172363281 173 208.4912109375 87.173675537109375 33 208.4912109375 87.173675537109375 31 193.46626281738281 183.07717895507812 29 201.7779541015625 216.23753356933594 44 205.79820251464844 115.33261108398438 -1 201.7779541015625 216.23753356933594 41 96.445106506347656 29.789638519287109 32 115.78144073486328 34.038902282714844 153 128.52374267578125 78.235565185546875 -1 199.23580932617188 111.39404296875 35 196.63247680664062 115.50041961669922 36 205.79820251464844 115.33261108398438 28 160.0235595703125 124.73952484130859 201 108.50489807128906 14.334430694580078 74 95.068046569824219 11.857064247131348 104 109.24496459960938 18.440608978271484 40 141.44483947753906 18.574871063232422 58 128.2532958984375 144.26434326171875 174 138.05389404296875 55.919544219970703 158 180.08766174316406 140.48056030273438 38 178.41117858886719 98.196136474609375 73 178.41117858886719 98.196136474609375 76 212.75224304199219 80.069129943847656 60 164.05790710449219 124.65779113769531 -1 94.107757568359375 128.98518371582031 -1 79.488014221191406 145.99113464355469 175 58.203407287597656 164.46633911132812 213 141.44992065429688 180.02064514160156 24 125.04435729980469 86.166633605957031 -1 25.563800811767578 193.40061950683594 -1 243.5604248046875 103.44886779785156 178 209.71966552734375 113.29080963134766 37 164.05790710449219 124.65779113769531 -1 215.11067199707031 76.43731689453125 -1 76.188522338867188 145.08282470703125 -1 79.488014221191406 145.99113464355469 179 70.792579650878906 149.67623901367188 203 54.366943359375 164.05471801757812 180 58.203407287597656 164.46633911132812 192 59.506389617919922 167.48089599609375 218 215.41178894042969 178.10714721679688 26 141.44992065429688 180.02064514160156 193 221.86009216308594 184.4276123046875 47 36.300609588623047 188.13652038574219 -1 25.563800811767578 193.40061950683594 -1 235.71383666992188 197.04780578613281 -1 246.4798583984375 207.35539245605469 183 11.37298583984375 209.99134826660156 184 250.29182434082031 210.73176574707031 185 3.5859429836273193 217.27320861816406 186 103.38253021240234 22.050506591796875 55 92.605812072753906 22.943191528320312 56 115.22248077392578 43.877208709716797 -1 115.39997863769531 53.685169219970703 77 112.88088989257812 61.836185455322266 142 216.37570190429688 70.676841735839844 57 214.35661315917969 92.455650329589844 75 227.40846252441406 93.220191955566406 200 175.80567932128906 105.45188140869141 45 111.70845031738281 113.13009643554688 187 197.14883422851562 118.88273620605469 -1 218.77865600585938 85.711990356445312 51 63.477817535400391 156.56005859375 210 180.1678466796875 136.80726623535156 -1 91.324478149414062 131.93714904785156 -1 125.41488647460938 129.42884826660156 188 187.19239807128906 196.45393371582031 206 188.22294616699219 127.11820220947266 50 96.722541809082031 126.75327301025391 -1 167.26068115234375 124.19393157958984 -1 218.77865600585938 85.711990356445312 59 181.11781311035156 99.39935302734375 62 188.22294616699219 127.11820220947266 53 88.014701843261719 138.39138793945312 -1 204.93086242675781 196.84573364257812 -1 194.04408264160156 150.5994873046875 92 177.71177673339844 174.98709106445312 -1 181.91242980957031 120.50060272216797 117 88.014701843261719 138.39138793945312 189 181.11781311035156 99.39935302734375 61 179.27790832519531 171.89228820800781 207 79.850776672363281 148.7723388671875 -1 46.506839752197266 178.201171875 190 
19 0.98554320633244774 0.16233866515332623 -0.018441056876892244 0.044840536007701159 2.6047922317653112 5.8985637368536361 1.7322154523240898 1 000014.png
119.83312225341797 95.38970947265625 214 119.83312225341797 95.38970947265625 -1 173.01200866699219 61.148876190185547 -1 126.38156890869141 28.588764190673828 1 129.35517883300781 58.123668670654297 65 223.32273864746094 83.909080505371094 148 159.83424377441406 118.55577087402344 128 129.35517883300781 58.123668670654297 -1 104.94017028808594 31.059144973754883 7 98.312049865722656 13.787837028503418 5 107.16085815429688 61.851291656494141 -1 128.38455200195312 149.52302551269531 226 104.94017028808594 31.059144973754883 6 104.94017028808594 31.059144973754883 -1 128.38455200195312 149.52302551269531 -1 197.19497680664062 102.65146636962891 8 237.55569458007812 132.23347473144531 -1 201.80897521972656 176.35063171386719 11 214.34170532226562 187.3270263671875 -1 156.89418029785156 74.548263549804688 -1 237.55569458007812 132.23347473144531 -1 249.81687927246094 116.34609985351562 -1 121.38480377197266 160.2646484375 215 8.7203197479248047 198.66374206542969 -1 121.38480377197266 160.2646484375 -1 85.326515197753906 20.767595291137695 9 8.7203197479248047 198.66374206542969 -1 117.17195129394531 34.886764526367188 67 184.54541015625 99.027999877929688 13 244.65504455566406 106.66036987304688 -1 221.54512023925781 71.805450439453125 17 187.74002075195312 124.45716857910156 18 138.35984802246094 166.45088195800781 27 196.23146057128906 84.48681640625 84 202.65031433105469 119.11222839355469 16 166.45603942871094 126.63206481933594 -1 187.74002075195312 124.45716857910156 156 202.65031433105469 119.11222839355469 19 196.23146057128906 84.48681640625 20 123.71636199951172 69.874397277832031 -1 217.01290893554688 81.280464172363281 -1 251.63882446289062 99.41015625 -1 131.50962829589844 164.31968688964844 193 251.63882446289062 99.41015625 -1 217.01290893554688 81.280464172363281 23 131.50962829589844 164.31968688964844 24 123.71636199951172 69.874397277832031 -1 186.1224365234375 174.20370483398438 101 186.1224365234375 174.20370483398438 100 186.1224365234375 174.20370483398438 102 208.27812194824219 87.214897155761719 33 208.27812194824219 87.214897155761719 31 96.411186218261719 29.820550918579102 32 125.28212738037109 44.894779205322266 -1 205.87603759765625 93.663543701171875 72 151.01303100585938 110.93166351318359 -1 199.48905944824219 111.53334045410156 35 196.63165283203125 115.52061462402344 36 205.94808959960938 115.52635192871094 28 203.98329162597656 120.41249084472656 -1 181.87693786621094 170.07749938964844 29 203.98329162597656 120.41249084472656 -1 113.91054534912109 100.40602874755859 -1 108.50666809082031 14.251893997192383 74 3.6662516593933105 193.36604309082031 -1 3.6902849674224854 197.34765625 -1 188.42231750488281 200.48573303222656 44 244.3507080078125 80.75244140625 -1 149.55610656738281 92.032905578613281 -1 113.92014312744141 93.53289794921875 -1 178.32138061523438 98.327003479003906 76 86.294677734375 120.13417816162109 -1 203.94943237304688 124.82775115966797 52 252.34400939941406 213.55697631835938 185 244.87031555175781 206.08720397949219 216 119.91934204101562 145.04345703125 217 49.956817626953125 150.55905151367188 180 53.994831085205078 155.06730651855469 218 249.72923278808594 210.96548461914062 -1 18.986597061157227 184.63298034667969 -1 15.401312828063965 187.47966003417969 -1 4.5982027053833008 188.32205200195312 -1 95.152725219726562 11.95726203918457 104 109.24104309082031 18.429899215698242 40 95.738540649414062 56.623428344726562 90 75.52203369140625 133.11802673339844 -1 214.88746643066406 76.074295043945312 -1 180.18502807617188 140.21273803710938 -1 75.52203369140625 133.11802673339844 -1 178.32138061523438 98.327003479003906 73 203.94943237304688 124.82775115966797 46 188.42231750488281 200.48573303222656 41 229.62335205078125 94.03594970703125 211 221.6998291015625 94.902862548828125 219 111.34688568115234 98.757644653320312 -1 181.11810302734375 99.367721557617188 61 175.75653076171875 105.50479888916016 45 238.87091064453125 105.25379943847656 178 101.15826416015625 107.57350158691406 220 147.48667907714844 109.79442596435547 201 174.65602111816406 109.10478210449219 221 212.79347229003906 80.198158264160156 60 25.177461624145508 178.77139282226562 -1 51.354709625244141 157.08549499511719 -1 218.77485656738281 85.863044738769531 51 217.29823303222656 179.41146850585938 95 22.640636444091797 181.17001342773438 209 132.43148803710938 168.02719116210938 24 173.07086181640625 181.05305480957031 42 203.40895080566406 166.13571166992188 26 175.31747436523438 182.61659240722656 206 192.20259094238281 183.01712036132812 -1 9.8510122299194336 191.744873046875 -1 103.54512023925781 21.965366363525391 55 92.567314147949219 23.003986358642578 56 96.866020202636719 25.768655776977539 -1 43.650630950927734 163.0928955078125 190 190.76856994628906 154.10516357421875 63 62.612995147705078 147.43309020996094 222 56.105045318603516 145.88249206542969 210 69.44012451171875 141.59439086914062 -1 77.247207641601562 134.91987609863281 -1 207.08918762207031 61.092479705810547 -1 81.673927307128906 131.38504028320312 -1 216.22027587890625 70.609527587890625 57 188.133056640625 127.10911560058594 50 209.78706359863281 113.5164794921875 37 118.42979431152344 125.53285980224609 223 190.55606079101562 123.80348205566406 224 181.78073120117188 120.36085510253906 -1 197.09657287597656 118.92772674560547 -1 113.37251281738281 74.938690185546875 -1 208.86247253417969 83.87738037109375 -1 218.77485656738281 85.863044738769531 59 74.647186279296875 130.42210388183594 -1 181.11810302734375 99.367721557617188 62 209.78706359863281 113.5164794921875 43 188.133056640625 127.10911560058594 53 240.2447509765625 81.760765075683594 -1 132.43148803710938 168.02719116210938 193 241.79542541503906 82.529289245605469 -1 208.86247253417969 83.87738037109375 -1 116.45627593994141 87.665512084960938 -1 95.732833862304688 112.19709777832031 225 111.34688568115234 98.757644653320312 -1 116.58965301513672 130.32559204101562 -1 
20 0.99618836087508167 0.062802247933647776 0.048988750192238119 0.035563037920028809 -1.4859577788543259 -0.65535624525240621 0.083879727479395774 1 000019.png
130.31072998046875 45.219165802001953 1 144.42707824707031 205.73269653320312 64 144.42707824707031 205.73269653320312 -1 130.31072998046875 45.219165802001953 2 188.59506225585938 151.1058349609375 3 141.58956909179688 141.61222839355469 -1 147.43399047851562 85.5504150390625 65 223.99348449707031 82.99334716796875 148 106.37440490722656 59.723068237304688 83 98.156990051269531 13.868382453918457 5 106.37440490722656 59.723068237304688 81 106.37440490722656 59.723068237304688 82 104.58699035644531 30.46912956237793 6 104.58699035644531 30.46912956237793 7 197.16659545898438 102.60038757324219 8 129.81892395019531 184.37583923339844 66 83.918922424316406 19.964460372924805 9 231.18257141113281 213.60084533691406 10 218.56269836425781 201.47502136230469 11 144.98188781738281 23.511203765869141 12 146.715087890625 71.656181335449219 88 88.756439208984375 155.33485412597656 -1 184.56747436523438 99.021064758300781 13 170.59437561035156 142.25772094726562 14 102.97888946533203 69.375473022460938 109 146.715087890625 71.656181335449219 68 126.02618408203125 85.5787353515625 212 202.70945739746094 119.20531463623047 16 221.44160461425781 71.781547546386719 17 161.740234375 112.70736694335938 -1 173.48487854003906 93.166946411132812 -1 187.94198608398438 124.87183380126953 18 173.48487854003906 93.166946411132812 -1 250.06298828125 106.14519500732422 167 161.740234375 112.70736694335938 -1 202.70945739746094 119.20531463623047 19 132.02745056152344 171.52622985839844 169 196.19833374023438 84.486358642578125 84 196.19833374023438 84.486358642578125 20 132.02745056152344 171.52622985839844 -1 213.00874328613281 66.05218505859375 21 107.33849334716797 73.700828552246094 22 217.34805297851562 80.848075866699219 23 143.03375244140625 188.56575012207031 24 143.03375244140625 188.56575012207031 193 223.16551208496094 188.54135131835938 26 149.3231201171875 189.13442993164062 27 205.63960266113281 171.87672424316406 -1 205.49197387695312 165.61940002441406 87 217.34805297851562 80.848075866699219 -1 126.63425445556641 110.69882202148438 103 230.18608093261719 195.64320373535156 -1 116.68460845947266 53.998332977294922 -1 201.14022827148438 198.298583984375 102 201.14022827148438 198.298583984375 101 201.14022827148438 198.298583984375 100 205.73658752441406 115.46994018554688 28 159.45423889160156 118.80657958984375 85 186.50938415527344 130.56753540039062 -1 182.42117309570312 143.40260314941406 -1 197.74276733398438 158.93324279785156 92 210.14730834960938 170.93162536621094 97 196.70448303222656 194.07572937011719 29 241.70782470703125 201.49636840820312 89 237.90480041503906 202.96629333496094 89 245.84317016601562 204.86869812011719 30 143.45135498046875 190.738037109375 193 208.42501831054688 87.112045288085938 31 178.14608764648438 98.037368774414062 -1 178.14608764648438 98.037368774414062 -1 159.45423889160156 118.80657958984375 -1 182.42117309570312 143.40260314941406 -1 196.70448303222656 194.07572937011719 86 143.45135498046875 190.738037109375 91 96.548072814941406 29.720605850219727 32 208.42501831054688 87.112045288085938 33 246.60630798339844 96.9505615234375 99 178.14608764648438 98.037368774414062 -1 178.14608764648438 98.037368774414062 -1 199.38920593261719 111.58168029785156 35 196.71522521972656 115.52169036865234 36 127.3975830078125 123.55995941162109 -1 209.60992431640625 113.14120483398438 37 127.05419158935547 142.99557495117188 -1 115.63165283203125 56.232917785644531 77 95.775146484375 56.815319061279297 90 126.89382934570312 169.44346618652344 -1 181.45805358886719 142.90414428710938 -1 126.89382934570312 169.44346618652344 -1 177.63224792480469 143.61262512207031 38 165.89749145507812 145.13627624511719 105 129.80815124511719 160.47428894042969 174 109.23727416992188 18.418670654296875 40 10.011106491088867 216.19351196289062 -1 205.07136535644531 229.310791015625 41 234.81365966796875 204.388671875 95 188.16978454589844 205.96902465820312 42 10.011106491088867 216.19351196289062 -1 209.60992431640625 113.14120483398438 43 181.45805358886719 142.90414428710938 -1 205.07136535644531 229.310791015625 44 246.07110595703125 81.64678955078125 -1 175.57522583007812 105.75453186035156 45 166.48712158203125 106.33216857910156 -1 204.5408935546875 116.44844055175781 94 251.91319274902344 85.597030639648438 -1 203.92112731933594 124.60693359375 46 225.6866455078125 195.49856567382812 47 3.264535665512085 225.855224609375 186 10.775256156921387 219.03959655761719 184 17.103899002075195 213.3218994140625 172 216.68351745605469 201.74525451660156 -1 94.630195617675781 11.253711700439453 104 224.00328063964844 192.45907592773438 -1 200.6065673828125 191.02027893066406 49 203.83404541015625 190.45455932617188 -1 132.00442504882812 175.43534851074219 -1 57.033229827880859 173.81333923339844 192 194.57211303710938 197.02780151367188 96 188.97930908203125 165.89689636230469 -1 127.45558929443359 131.36270141601562 188 188.16661071777344 127.40911102294922 50 218.85284423828125 85.824073791503906 51 253.07363891601562 98.133407592773438 -1 181.91970825195312 120.39337921142578 117 253.83587646484375 101.57992553710938 -1 203.92112731933594 124.60693359375 52 188.16661071777344 127.40911102294922 53 57.033229827880859 173.81333923339844 213 200.6065673828125 191.02027893066406 54 194.57211303710938 197.02780151367188 98 103.43157958984375 22.001888275146484 55 92.616653442382812 22.820734024047852 56 216.320068359375 70.613861083984375 57 143.92510986328125 19.947566986083984 58 218.85284423828125 85.824073791503906 59 212.73721313476562 80.005477905273438 60 253.07363891601562 98.133407592773438 -1 181.13931274414062 99.389091491699219 61 253.83587646484375 101.57992553710938 -1 127.56016540527344 109.25879669189453 103 181.13931274414062 99.389091491699219 62 202.24900817871094 172.2293701171875 63 138.99873352050781 70.560142517089844 -1 
21 0.99777611091034268 0.043646785072810168 0.027931054504491955 0.04192429896500123 -0.052766205293919871 -1.8402356721516928 0.21119859441925187 1 000020.png
133.46498107910156 48.31292724609375 -1 133.46498107910156 48.31292724609375 -1 142.84892272949219 206.40238952636719 64 184.47682189941406 153.53645324707031 3 142.59538269042969 93.318061828613281 65 137.04318237304688 142.57391357421875 194 224.06205749511719 82.975311279296875 148 98.131790161132812 13.826127052307129 5 122.30921173095703 46.035820007324219 121 106.44908905029297 59.851997375488281 81 155.98771667480469 169.36587524414062 119 106.44908905029297 59.851997375488281 82 106.44908905029297 59.851997375488281 83 104.58214569091797 30.523580551147461 7 197.17704772949219 102.55857849121094 8 125.17063140869141 185.49696350097656 66 104.58214569091797 30.523580551147461 6 83.995872497558594 19.909168243408203 9 143.2796630859375 22.950632095336914 12 118.40168762207031 49.629684448242188 67 230.12026977539062 80.84014892578125 -1 213.36640930175781 203.86930847167969 11 225.93113708496094 216.34129333496094 124 141.79220581054688 75.959877014160156 68 154.28164672851562 76.308540344238281 69 184.54806518554688 98.974525451660156 13 170.543212890625 141.58207702636719 105 138.23147583007812 188.04238891601562 24 138.23147583007812 188.04238891601562 193 170.543212890625 141.58207702636719 14 141.79220581054688 75.959877014160156 71 156.55551147460938 117.83897399902344 -1 221.55430603027344 71.857063293457031 17 217.56126403808594 80.740219116210938 23 246.63786315917969 110.49687957763672 167 196.2164306640625 84.483833312988281 84 156.55551147460938 117.83897399902344 85 202.797607421875 119.24581909179688 19 196.2164306640625 84.483833312988281 20 202.797607421875 119.24581909179688 16 181.3662109375 139.51554870605469 127 144.82603454589844 191.52137756347656 27 164.54277038574219 135.83091735839844 128 188.23646545410156 125.11186218261719 18 212.85755920410156 65.812355041503906 21 242.47482299804688 101.40135192871094 99 183.74833679199219 156.72578430175781 -1 191.83003234863281 196.53262329101562 86 96.371147155761719 29.799224853515625 32 245.61776733398438 85.710441589355469 149 208.43467712402344 87.144020080566406 33 206.08267211914062 93.58380126953125 72 199.60981750488281 111.93827819824219 35 196.66523742675781 115.52904510498047 36 205.70509338378906 115.38016510009766 28 170.97491455078125 145.16180419921875 -1 183.74833679199219 156.72578430175781 -1 200.89015197753906 168.95903015136719 87 219.89991760253906 187.44554138183594 -1 191.83003234863281 196.53262329101562 29 232.78057861328125 206.19041442871094 89 249.89305114746094 218.49504089355469 216 208.43467712402344 87.144020080566406 31 147.00450134277344 72.403938293457031 88 122.06777191162109 112.73373413085938 103 159.55799865722656 26.807626724243164 -1 241.92919921875 82.930458068847656 -1 236.3922119140625 205.49559020996094 89 183.25978088378906 208.64039611816406 42 122.47294616699219 88.626976013183594 212 212.58180236816406 79.796745300292969 60 178.32835388183594 98.256294250488281 73 108.64692687988281 14.181114196777344 74 109.27261352539062 18.396162033081055 40 95.699150085449219 56.350734710693359 90 214.20787048339844 92.920951843261719 75 139.07038879394531 193.37083435058594 91 125.40949249267578 96.253173828125 -1 209.68551635742188 113.1776123046875 37 175.12802124023438 146.97171020507812 38 179.08067321777344 146.96234130859375 -1 180.56718444824219 152.8922119140625 -1 192.57676696777344 161.39776611328125 92 178.32835388183594 98.256294250488281 76 209.68551635742188 113.1776123046875 43 180.56718444824219 152.8922119140625 -1 139.07038879394531 193.37083435058594 193 214.41621398925781 192.05563354492188 26 204.58769226074219 116.49606323242188 94 108.77344512939453 124.50888061523438 220 188.14509582519531 127.30744171142578 50 100.68393707275391 131.89558410644531 225 186.04986572265625 155.02873229980469 -1 199.59320068359375 232.19642639160156 41 7.8586635589599609 218.30142211914062 184 248.98431396484375 105.67207336425781 137 103.52403259277344 21.949712753295898 55 92.5966796875 22.8416748046875 56 115.48123168945312 53.914249420166016 77 112.91082763671875 61.680950164794922 142 227.5584716796875 93.14501953125 -1 190.95974731445312 210.68077087402344 -1 229.52926635742188 207.02584838867188 95 20.439785003662109 206.892822265625 209 189.75564575195312 199.79202270507812 96 27.856454849243164 197.02609252929688 -1 196.06758117675781 193.61737060546875 49 34.126502990722656 191.52542114257812 -1 132.39396667480469 183.93496704101562 223 204.90023803710938 173.98965454101562 97 111.51946258544922 121.92709350585938 -1 188.14509582519531 127.30744171142578 53 100.68393707275391 131.89558410644531 78 34.126502990722656 191.52542114257812 -1 196.06758117675781 193.61737060546875 54 27.856454849243164 197.02609252929688 79 189.75564575195312 199.79202270507812 98 190.95974731445312 210.68077087402344 -1 199.59320068359375 232.19642639160156 44 181.15763854980469 99.383399963378906 61 248.94108581542969 102.21901702880859 141 174.76507568359375 108.93962097167969 221 125.12760925292969 112.60666656494141 -1 172.71766662597656 115.57419586181641 140 5.4000015258789062 220.34014892578125 208 181.15763854980469 99.383399963378906 62 46.670909881591797 180.26081848144531 -1 46.670909881591797 180.26081848144531 -1 
22 0.99808590247675932 0.036757276891398689 0.021750422092667525 0.044725306164103473 0.37784047259308001 -2.2588615716219285 0.13856074635929544 1 000021.png
134.32276916503906 49.174633026123047 -1 181.86607360839844 154.85066223144531 3 142.41477966308594 206.75941467285156 64 140.33126831054688 96.798171997070312 65 135.18118286132812 141.33708190917969 194 224.11082458496094 82.883407592773438 148 113.56404876708984 162.66049194335938 -1 135.26130676269531 181.19319152832031 -1 106.46166229248047 59.611869812011719 83 135.26130676269531 181.19319152832031 -1 154.18067932128906 172.21366882324219 119 106.46166229248047 59.611869812011719 81 122.449462890625 45.985538482666016 121 98.112571716308594 13.830010414123535 5 104.57895660400391 30.375110626220703 6 104.57895660400391 30.375110626220703 7 197.28111267089844 102.44960784912109 8 197.28111267089844 102.44960784912109 152 83.885444641113281 19.659662246704102 9 123.79074859619141 185.90309143066406 66 230.14883422851562 80.812225341796875 -1 152.83987426757812 78.767570495605469 69 118.19002532958984 49.202995300292969 67 142.45515441894531 22.704368591308594 12 223.7183837890625 217.84184265136719 124 211.52110290527344 205.83648681640625 11 170.42257690429688 141.78517150878906 105 245.18075561523438 112.46141052246094 167 184.55134582519531 98.99139404296875 13 139.60179138183594 78.415206909179688 68 136.33375549316406 189.51564025878906 24 170.42257690429688 141.78517150878906 14 139.60179138183594 78.415206909179688 71 143.85670471191406 191.83961486816406 27 188.55862426757812 124.98966979980469 18 163.33999633789062 137.31655883789062 -1 163.33999633789062 137.31655883789062 128 196.20997619628906 84.496429443359375 84 188.55862426757812 124.98966979980469 156 204.7728271484375 61.532196044921875 -1 202.75544738769531 119.26438140869141 16 196.20997619628906 84.496429443359375 20 202.75544738769531 119.26438140869141 19 154.31462097167969 120.37995910644531 85 136.58883666992188 190.94723510742188 -1 136.58883666992188 190.94723510742188 193 212.87203979492188 65.828987121582031 21 141.41346740722656 19.438272476196289 58 250.07698059082031 89.72381591796875 149 217.49147033691406 80.711181640625 23 221.51390075683594 71.832656860351562 17 174.11567687988281 148.95903015136719 38 174.11567687988281 148.95903015136719 -1 174.11567687988281 148.95903015136719 -1 240.97904968261719 103.3687744140625 99 196.64248657226562 115.53815460205078 36 205.76809692382812 115.37127685546875 28 124.12412261962891 153.51251220703125 -1 141.864013671875 193.6798095703125 -1 190.18370056152344 198.17335510253906 29 194.73536682128906 202.49085998535156 100 247.646484375 220.1126708984375 216 251.60615539550781 229.56797790527344 -1 208.5064697265625 87.032142639160156 31 190.18370056152344 198.17335510253906 86 194.73536682128906 202.49085998535156 101 194.73536682128906 202.49085998535156 102 96.494346618652344 29.805742263793945 32 212.39230346679688 64.741096496582031 -1 208.5064697265625 87.032142639160156 33 123.60307312011719 115.52530670166016 -1 234.10653686523438 207.13815307617188 89 108.55770111083984 14.298416137695312 74 241.66537475585938 214.58290100097656 183 177.88897705078125 148.46725463867188 -1 194.19599914550781 195.12353515625 49 95.794761657714844 56.719577789306641 90 109.30089569091797 18.421249389648438 40 209.68309020996094 113.11687469482422 37 175.71926879882812 105.56867980957031 45 206.06202697753906 178.06324768066406 -1 212.75881958007812 80.164505004882812 60 123.12461090087891 97.324455261230469 -1 133.64326477050781 194.49186706542969 -1 178.37216186523438 98.240303039550781 73 169.37422180175781 98.273216247558594 -1 181.15061950683594 210.42315673828125 42 238.17304992675781 210.79069519042969 30 169.37422180175781 98.273216247558594 -1 178.37216186523438 98.240303039550781 76 209.68309020996094 113.11687469482422 43 124.16671752929688 174.71159362792969 -1 191.11798095703125 162.99076843261719 92 124.16671752929688 174.71159362792969 -1 203.473876953125 175.31558227539062 -1 218.86717224121094 200.31013488769531 47 200.29888916015625 86.322372436523438 -1 137.37525939941406 194.87120056152344 91 40.931556701660156 184.38092041015625 -1 120.29483795166016 108.43675231933594 -1 120.19143676757812 113.21588134765625 103 203.80415344238281 124.80603790283203 52 47.008419036865234 179.03482055664062 -1 54.996150970458984 171.96025085449219 192 166.93751525878906 142.07450866699219 -1 91.064552307128906 140.00135803222656 195 191.04623413085938 127.34335327148438 -1 188.1324462890625 127.38134002685547 50 204.70947265625 116.52394866943359 94 172.72712707519531 115.55323791503906 140 206.95555114746094 114.22634887695312 -1 174.62431335449219 109.23859405517578 221 247.52952575683594 104.28251647949219 141 181.17416381835938 99.382217407226562 62 244.50688171386719 94.382232666015625 -1 188.1324462890625 127.38134002685547 53 103.51006317138672 21.946666717529297 55 54.996150970458984 171.96025085449219 213 47.008419036865234 179.03482055664062 -1 40.931556701660156 184.38092041015625 -1 137.37525939941406 194.87120056152344 193 92.600799560546875 22.818206787109375 56 91.064552307128906 140.00135803222656 189 93.719009399414062 27.377964019775391 -1 203.80415344238281 124.80603790283203 46 216.45938110351562 70.705116271972656 57 94.5079345703125 11.780027389526367 104 181.17416381835938 99.382217407226562 61 213.27896118164062 194.01960754394531 26 206.95555114746094 114.22634887695312 -1 73.603797912597656 155.77108764648438 175 73.603797912597656 155.77108764648438 179 227.65556335449219 93.055343627929688 -1 
27 0.9983110289638143 0.027314258908133347 0.012239445396598339 0.04979173310795252 1.0394345572998109 -2.8216220618075831 -0.19625356591631912 1 000025.png
178.16748046875 154.76274108886719 3 140.04403686523438 207.45588684082031 64 136.65299987792969 97.555007934570312 65 131.8486328125 139.89450073242188 -1 131.8486328125 139.89450073242188 -1 224.87522888183594 82.190597534179688 148 151.31538391113281 174.38838195800781 119 151.31538391113281 174.38838195800781 150 157.08979797363281 101.31559753417969 -1 157.08979797363281 101.31559753417969 -1 121.85199737548828 43.654579162597656 121 106.59037017822266 59.468547821044922 82 157.08979797363281 101.31559753417969 -1 106.59037017822266 59.468547821044922 -1 106.59037017822266 59.468547821044922 151 98.042404174804688 13.799710273742676 5 104.54940032958984 30.422103881835938 6 197.14842224121094 102.47299957275391 8 82.052001953125 17.161527633666992 -1 104.54940032958984 30.422103881835938 7 197.14842224121094 102.47299957275391 152 209.93667602539062 210.41047668457031 11 221.67520141601562 222.693603515625 124 119.70849609375 187.6702880859375 66 148.52177429199219 113.64250183105469 -1 245.18478393554688 245.60794067382812 -1 230.5802001953125 80.627532958984375 -1 161.98040771484375 139.01687622070312 -1 85.014244079589844 20.275119781494141 9 245.58798217773438 114.77285003662109 167 151.96212768554688 123.71250152587891 85 180.70779418945312 141.30171203613281 127 170.34396362304688 141.84541320800781 105 85.638893127441406 150.11422729492188 -1 132.55609130859375 191.78678894042969 24 170.34396362304688 141.84541320800781 14 184.55862426757812 98.951095581054688 13 161.98040771484375 139.01687622070312 128 202.91560363769531 119.34414672851562 19 119.76334381103516 87.321739196777344 -1 202.91560363769531 119.34414672851562 16 251.00546264648438 90.808883666992188 -1 196.20562744140625 84.522048950195312 84 140.02763366699219 194.51634216308594 27 119.76334381103516 87.321739196777344 212 102.66155242919922 69.922592163085938 109 251.00546264648438 90.808883666992188 149 196.20562744140625 84.522048950195312 20 221.60540771484375 71.888229370117188 17 212.90986633300781 66.05029296875 21 192.00889587402344 206.13459777832031 100 192.00889587402344 206.13459777832031 102 208.09805297851562 87.32275390625 33 157.16690063476562 131.44879150390625 171 116.22068786621094 46.042613983154297 -1 125.42343139648438 75.541824340820312 -1 217.63526916503906 80.538787841796875 23 208.09805297851562 87.32275390625 31 188.04928588867188 124.94331359863281 156 188.04928588867188 124.94331359863281 18 192.00889587402344 206.13459777832031 101 192.00889587402344 206.13459777832031 154 107.62796783447266 73.637763977050781 -1 187.93046569824219 202.16099548339844 86 139.37342834472656 17.461227416992188 58 96.448898315429688 29.826747894287109 32 187.93046569824219 202.16099548339844 29 145.00350952148438 128.14805603027344 -1 205.82296752929688 115.54580688476562 28 196.62982177734375 115.50890350341797 36 116.02396392822266 114.00424957275391 103 146.55741882324219 121.61228179931641 -1 108.53369903564453 14.243186950683594 74 209.76026916503906 113.25128936767578 37 250.49592590332031 235.32827758789062 -1 86.791694641113281 2.8800251483917236 -1 109.27898406982422 18.444540023803711 40 178.28962707519531 98.344085693359375 76 146.55741882324219 121.61228179931641 -1 144.98554992675781 147.24690246582031 -1 46.028591156005859 177.94029235839844 -1 246.30709838867188 235.87260437011719 -1 251.74632263183594 241.79354858398438 -1 212.54307556152344 79.828811645507812 60 250.49592590332031 235.32827758789062 -1 86.791694641113281 2.8800251483917236 -1 178.28962707519531 98.344085693359375 73 209.76026916503906 113.25128936767578 43 94.599769592285156 11.599347114562988 104 216.61175537109375 70.736282348632812 57 200.24002075195312 86.7349853515625 -1 20.447015762329102 195.99624633789062 -1 30.048345565795898 184.5430908203125 159 23.11627197265625 197.0499267578125 161 211.2359619140625 197.40229797363281 26 191.83897399902344 198.71481323242188 49 15.796894073486328 199.88055419921875 -1 189.59005737304688 200.83634948730469 162 9.0995502471923828 202.14529418945312 -1 29.258693695068359 191.87806701660156 160 197.77784729003906 174.56973266601562 -1 41.869915008544922 174.55108642578125 -1 17.442302703857422 201.78959655761719 -1 48.641521453857422 171.94172668457031 192 54.420566558837891 167.13218688964844 -1 15.796894073486328 199.88055419921875 -1 103.4044189453125 22.041645050048828 55 59.878639221191406 159.54136657714844 -1 15.263034820556641 203.82600402832031 -1 181.14183044433594 99.377655029296875 62 80.5384521484375 144.78874206542969 164 248.23344421386719 109.65703582763672 137 87.528236389160156 138.69981384277344 -1 94.077285766601562 132.87995910644531 195 188.15019226074219 127.47200775146484 50 181.96821594238281 120.53887176513672 117 204.74253845214844 116.63063049316406 94 172.77545166015625 115.47719573974609 140 95.798683166503906 56.840831756591797 90 248.35655212402344 106.51531219482422 141 175.75749206542969 105.53458404541016 45 181.14183044433594 99.377655029296875 61 208.57205200195312 83.425865173339844 -1 118.98548126220703 81.583541870117188 155 112.90546417236328 61.771553039550781 142 92.621658325195312 22.778482437133789 56 208.57205200195312 83.425865173339844 -1 250.01756286621094 114.65449523925781 -1 188.15019226074219 127.47200775146484 53 94.077285766601562 132.87995910644531 78 87.528236389160156 138.69981384277344 189 80.5384521484375 144.78874206542969 -1 54.420566558837891 167.13218688964844 -1 48.641521453857422 171.94172668457031 213 32.673885345458984 185.52523803710938 -1 20.447015762329102 195.99624633789062 -1 191.83897399902344 198.71481323242188 54 5.7274627685546875 205.125732421875 -1 231.54890441894531 219.18060302734375 -1 32.673885345458984 185.52523803710938 -1 40.135940551757812 182.33140563964844 -1 57.169971466064453 164.71858215332031 -1 63.023021697998047 162.95114135742188 182 75.367172241210938 149.32551574707031 -1 133.08206176757812 50.821731567382812 187 166.87399291992188 142.21742248535156 -1 75.367172241210938 149.32551574707031 -1 57.169971466064453 164.71858215332031 -1 
29 0.99771940192044029 0.032175158520654203 0.03241828411656137 0.049697173567796585 -0.26915913800628344 -2.5810970551437635 -0.23042402146873098 1 000027.png
129.39469909667969 39.777805328369141 1 182.76802062988281 155.07493591308594 3 137.95840454101562 206.20066833496094 64 129.39469909667969 39.777805328369141 2 176.54292297363281 60.617179870605469 -1 140.74591064453125 82.147911071777344 -1 133.81036376953125 134.68180847167969 -1 76.72027587890625 10.334385871887207 -1 165.60978698730469 111.23866271972656 -1 109.78996276855469 159.88909912109375 -1 153.48358154296875 173.08412170410156 150 153.48358154296875 173.08412170410156 119 165.60978698730469 111.23866271972656 -1 107.17449188232422 59.947116851806641 151 107.17449188232422 59.947116851806641 81 98.083824157714844 13.78148365020752 5 225.97088623046875 81.061744689941406 148 161.62374877929688 88.438522338867188 -1 104.55464935302734 30.442731857299805 7 197.09066772460938 102.41777801513672 8 119.98900604248047 184.88310241699219 66 213.80975341796875 208.82676696777344 11 226.70098876953125 222.151123046875 124 104.55464935302734 30.442731857299805 6 197.09066772460938 102.41777801513672 152 83.887626647949219 19.438457489013672 9 230.68998718261719 80.367729187011719 -1 81.002815246582031 150.51997375488281 -1 133.33201599121094 185.11959838867188 -1 117.53398132324219 36.689620971679688 -1 117.53398132324219 36.689620971679688 -1 184.53492736816406 98.933982849121094 13 170.71163940429688 141.34622192382812 105 133.87342834472656 189.67355346679688 24 142.01399230957031 191.49803161621094 27 141.1668701171875 62.381702423095703 -1 102.73508453369141 69.810798645019531 109 141.1668701171875 62.381702423095703 -1 133.87342834472656 189.67355346679688 -1 170.71163940429688 141.34622192382812 14 164.15975952148438 135.4244384765625 128 188.19303894042969 124.78630828857422 18 188.19303894042969 124.78630828857422 156 221.64356994628906 71.908882141113281 17 182.19297790527344 139.03750610351562 127 196.18893432617188 84.5128173828125 20 250.49644470214844 108.87717437744141 -1 178.67289733886719 111.93282318115234 -1 196.18893432617188 84.5128173828125 84 217.83341979980469 80.15478515625 -1 207.50608825683594 87.721099853515625 33 217.83341979980469 80.15478515625 23 158.56825256347656 134.16427612304688 -1 196.02925109863281 204.96272277832031 154 207.50608825683594 87.721099853515625 31 240.85403442382812 104.38840484619141 -1 191.00422668457031 200.14375305175781 86 96.395820617675781 29.7677001953125 32 240.41349792480469 109.69825744628906 -1 196.58680725097656 115.51328277587891 36 205.83453369140625 115.29766845703125 28 250.49729919433594 117.5457763671875 -1 204.03746032714844 120.35634613037109 19 171.05783081054688 145.31808471679688 -1 134.49615478515625 194.10768127441406 91 191.00422668457031 200.14375305175781 29 233.99923706054688 211.02743530273438 89 134.49615478515625 194.10768127441406 193 109.30564117431641 18.442441940307617 40 108.54841613769531 14.292359352111816 74 140.09251403808594 17.571327209472656 58 241.07571411132812 114.80978393554688 -1 212.20573425292969 79.778068542480469 60 246.99766540527344 81.92059326171875 -1 207.98506164550781 82.749702453613281 -1 246.42935180664062 88.971870422363281 -1 178.3360595703125 98.330642700195312 76 254.64523315429688 100.79136657714844 -1 209.73429870605469 113.06840515136719 37 190.18806457519531 123.84479522705078 -1 175.037841796875 147.25625610351562 38 215.77273559570312 196.43162536621094 26 223.50714111328125 199.51756286621094 -1 3.9272270202636719 206.23031616210938 -1 181.94854736328125 212.74789428710938 42 207.98506164550781 82.749702453613281 -1 178.3360595703125 98.330642700195312 73 115.16676330566406 41.75335693359375 -1 134.37074279785156 46.924095153808594 -1 95.844284057617188 57.095260620117188 90 94.669349670410156 11.428990364074707 104 251.39492797851562 84.825340270996094 -1 250.65238952636719 87.4981689453125 -1 181.14793395996094 99.404434204101562 61 9.6907320022583008 200.90914916992188 -1 7.2227072715759277 203.06695556640625 -1 232.0321044921875 213.95552062988281 95 198.9715576171875 238.54270935058594 44 216.47897338867188 70.573173522949219 57 121.37342834472656 74.447402954101562 -1 52.101863861083984 166.1070556640625 -1 43.433341979980469 166.55209350585938 -1 57.850883483886719 158.05757141113281 -1 199.12225341796875 170.16348266601562 -1 45.969955444335938 170.94908142089844 -1 22.172445297241211 183.87783813476562 -1 29.438344955444336 184.59011840820312 48 205.75421142578125 185.56340026855469 -1 19.244951248168945 186.4178466796875 -1 211.70745849609375 191.6517333984375 -1 16.974822998046875 195.20997619628906 161 63.487991333007812 156.52546691894531 -1 84.981307983398438 135.47889709472656 -1 97.019905090332031 125.09114074707031 -1 203.97618103027344 124.63418579101562 46 181.89840698242188 120.41860198974609 117 204.57984924316406 116.49812316894531 94 172.78199768066406 115.43275451660156 140 46.14459228515625 164.5118408203125 -1 174.71638488769531 108.92884826660156 -1 244.29171752929688 106.85076141357422 -1 234.03675842285156 105.64192962646484 -1 175.78561401367188 105.42488861083984 45 181.14793395996094 99.404434204101562 62 155.86424255371094 110.65065765380859 -1 203.97618103027344 124.63418579101562 52 155.86424255371094 110.65065765380859 -1 84.981307983398438 135.47889709472656 189 57.850883483886719 158.05757141113281 -1 198.9715576171875 238.54270935058594 41 121.37342834472656 74.447402954101562 -1 103.35693359375 22.043893814086914 55 92.620513916015625 22.882007598876953 56 8.2216758728027344 195.4620361328125 -1 97.019905090332031 125.09114074707031 -1 166.78170776367188 141.94866943359375 -1 58.739654541015625 160.23486328125 182 
31 0.99767720513819758 0.034721013472734714 0.02875423235972643 0.051067011783184152 -0.036492260936414993 -2.4017925113968643 -0.30521219996896226 1 000026.png
130.29510498046875 41.899833679199219 1 181.04437255859375 154.95738220214844 3 138.62185668945312 206.35812377929688 64 130.29510498046875 41.899833679199219 2 139.20976257324219 87.761573791503906 -1 133.01327514648438 136.19485473632812 -1 164.73423767089844 114.04095458984375 -1 109.97657012939453 160.636474609375 -1 152.80555725097656 173.83808898925781 119 164.73423767089844 114.04095458984375 -1 152.80555725097656 173.83808898925781 150 80.251388549804688 15.38040828704834 -1 98.068229675292969 13.80224609375 5 106.94124603271484 60.159538269042969 151 225.55511474609375 81.275299072265625 148 158.44407653808594 92.809074401855469 -1 106.94124603271484 60.159538269042969 81 104.52582550048828 30.534318923950195 7 197.18014526367188 102.40826416015625 8 119.95622253417969 185.94911193847656 66 212.27406311035156 209.22126770019531 11 225.30714416503906 222.8504638671875 124 197.18014526367188 102.40826416015625 152 104.52582550048828 30.534318923950195 6 84.089523315429688 19.741399765014648 9 139.54541015625 68.349174499511719 -1 230.57460021972656 80.47735595703125 -1 139.54541015625 68.349174499511719 -1 133.27214050292969 188.91204833984375 -1 133.27214050292969 188.91204833984375 24 184.5576171875 98.928825378417969 13 170.61521911621094 141.48847961425781 105 82.334022521972656 149.80595397949219 -1 170.61521911621094 141.48847961425781 14 140.61471557617188 19.769157409667969 58 116.61669158935547 39.827503204345703 153 102.50210571289062 70.361984252929688 109 196.20707702636719 84.508583068847656 20 174.27978515625 126.72219848632812 -1 163.36845397949219 136.65559387207031 128 140.84469604492188 192.87370300292969 27 196.20707702636719 84.508583068847656 84 249.14480590820312 111.11503601074219 167 221.70004272460938 72.010467529296875 17 194.67132568359375 205.45854187011719 102 163.52978515625 106.83796691894531 -1 245.65858459472656 101.43490600585938 99 207.65617370605469 87.623153686523438 31 217.70692443847656 80.344688415527344 23 121.56613159179688 77.774627685546875 -1 194.67132568359375 205.45854187011719 154 207.65617370605469 87.623153686523438 33 217.70692443847656 80.344688415527344 -1 121.56613159179688 77.774627685546875 155 126.59048461914062 67.754592895507812 -1 188.32521057128906 124.94253540039062 18 188.32521057128906 124.94253540039062 156 178.32704162597656 98.237144470214844 73 162.07344055175781 134.94755554199219 -1 213.44966125488281 87.665824890136719 -1 189.82728576660156 200.70610046386719 86 178.32704162597656 98.237144470214844 76 248.91848754882812 229.56962585449219 -1 96.484390258789062 29.759542465209961 32 126.63824462890625 72.720207214355469 -1 248.11210632324219 86.256637573242188 149 213.44966125488281 87.665824890136719 -1 238.53941345214844 105.66230010986328 -1 196.67964172363281 115.51123046875 36 205.91648864746094 115.45914459228516 28 191.49954223632812 163.35977172851562 92 189.82728576660156 200.70610046386719 29 162.07344055175781 134.94755554199219 -1 252.32852172851562 102.65808868408203 141 108.541748046875 14.200076103210449 74 6.1101579666137695 199.00048828125 -1 232.46893310546875 211.75588989257812 89 171.129638671875 145.86897277832031 -1 120.03684234619141 73.048637390136719 -1 209.79454040527344 113.19406127929688 43 229.48965454101562 213.48660278320312 95 239.973876953125 215.28305053710938 -1 209.79454040527344 113.19406127929688 37 252.57928466796875 238.79638671875 -1 252.32852172851562 102.65808868408203 -1 171.129638671875 145.86897277832031 -1 245.52085876464844 230.86209106445312 -1 213.59779357910156 196.23725891113281 26 193.99578857421875 197.46652221679688 49 193.99578857421875 197.46652221679688 54 109.27442169189453 18.424530029296875 40 95.805892944335938 56.919448852539062 90 134.02738952636719 63.842945098876953 158 216.52032470703125 70.684051513671875 57 232.95143127441406 82.987808227539062 -1 94.651695251464844 11.990059852600098 104 252.99269104003906 89.133003234863281 -1 181.15562438964844 99.386940002441406 61 245.30097961425781 100.12355041503906 -1 175.71771240234375 105.50798034667969 45 252.49307250976562 106.37594604492188 137 198.82670593261719 180.10466003417969 -1 199.51095581054688 83.344406127929688 -1 196.28273010253906 177.41017150878906 -1 42.913913726806641 172.26066589355469 -1 27.313583374023438 181.86187744140625 -1 33.579113006591797 183.52803039550781 -1 30.888864517211914 185.73204040527344 48 18.933477401733398 188.95233154296875 -1 26.404184341430664 189.65011596679688 160 217.38529968261719 191.36927795410156 -1 17.581731796264648 196.87100219726562 161 15.167727470397949 199.04818725585938 -1 191.5716552734375 199.35856628417969 162 11.499428749084473 201.86540222167969 -1 38.075099945068359 176.43524169921875 -1 46.992733001708984 169.02099609375 192 49.580158233642578 166.95664978027344 -1 62.473030090332031 156.174560546875 -1 66.455398559570312 152.92875671386719 -1 63.270133972167969 152.53660583496094 -1 168.27394104003906 146.96719360351562 -1 79.150032043457031 139.05709838867188 164 83.41473388671875 138.66647338867188 -1 92.963943481445312 133.58396911621094 -1 188.22052001953125 127.34245300292969 50 162.90234375 122.79206848144531 -1 114.37940216064453 108.71209716796875 -1 252.99269104003906 89.133003234863281 -1 181.15562438964844 99.386940002441406 62 224.76322937011719 100.76941680908203 -1 114.37940216064453 108.71209716796875 -1 188.22052001953125 127.34245300292969 53 83.41473388671875 138.66647338867188 189 168.27394104003906 146.96719360351562 -1 66.455398559570312 152.92875671386719 -1 62.473030090332031 156.174560546875 -1 49.580158233642578 166.95664978027344 213 46.992733001708984 169.02099609375 213 38.075099945068359 176.43524169921875 -1 197.361572265625 238.50666809082031 44 233.04917907714844 208.13104248046875 -1 197.361572265625 238.50666809082031 41 42.913913726806641 172.26066589355469 -1 103.48109436035156 21.968252182006836 55 92.602737426757812 22.88929557800293 56 224.76322937011719 100.76941680908203 -1 43.398731231689453 174.97219848632812 -1 114.95323181152344 44.140052795410156 -1 191.25398254394531 127.12482452392578 -1 158.18487548828125 107.58929443359375 -1 243.62886047363281 85.896286010742188 -1 113.11244964599609 61.716930389404297 142 
