# 3D point list with one line of data per point:
#   POINT3D_ID, X, Y, Z, R, G, B, ERROR, TRACK[] as (IMAGE_ID, POINT2D_IDX)
# Number of points: 177, mean track length: 5.3107344632768365
1 -1.5876309038927634 3.7156279368239433 32.582074334569334 91 89 81 2.8797656302113319 17 0 20 0 29 0 31 0 18 0 16 2 19 3
2 -1.5752025672983505 3.6979341354881519 32.37250137453308 91 89 81 2.4996312105735927 17 2 20 3 29 3 31 3 18 2 16 3
3 -0.78625415383379271 5.0366162026114782 32.754801043795617 98 99 92 1.4895607190295332 17 5 20 4 21 3 22 1 29 1 27 0 31 1
5 -1.9499236073099124 3.3939165315698516 32.161482146379264 254 255 249 0.82248548864851256 17 10 20 9 21 7 22 13 29 15 27 15 31 12 18 8 16 9 19 9
6 -1.8549858750048938 3.5710221353900038 32.090366462028754 60 52 38 0.77446442257707426 17 16 20 12 21 16 22 14 29 23 27 16 31 23 18 13 16 16 19 12
7 -1.8549858750048938 3.5710221353900038 32.090366462028754 60 52 38 0.77446442257707426 17 11 20 13 21 13 22 15 29 18 27 19 31 17 18 12 16 12 19 8
8 -0.6459922207496207 4.3066973716807979 31.783188835031105 141 138 138 0.23075629265687142 17 14 20 14 21 14 22 16 29 19 27 17 31 18 18 11 16 14 19 15
9 -2.1093285370322108 3.4764371287277305 32.12118994300701 95 95 89 1.0469490235477417 17 17 20 16 21 17 22 18 29 25 27 28 31 24 18 18 16 17 19 25
10 -0.23998842422006075 5.7816101763669865 32.89846877685634 140 143 142 0.070342962349900728 17 15 20 17
11 -0.38498540402294512 5.6468904505078559 32.862630941435228 133 134 131 0.76822137313172112 17 20 20 18 21 21 22 25 29 21 27 21 31 20 19 17
12 -1.4079498232102827 3.4529296667026306 32.280983163795341 88 92 90 1.4696299400237325 17 27 20 19 21 18 22 23 18 22 16 36 18 42
13 -0.80119940151492564 4.2792037540638406 31.813443060634985 254 255 249 0.18358794886296684 17 22 20 22 21 25 22 28 29 31 27 36 31 30 18 24 16 25 19 28
14 -0.91801182174239904 4.802837502720771 31.698047690559768 142 139 136 0.64095863359430394 17 25 20 23 21 29 22 31 29 39 27 35 31 33
16 -0.56090671884038312 4.4988180646680833 31.730201809646413 251 254 244 0.24306927526443639 17 36 20 27 21 39 22 40 27 40 18 39 16 34 19 34
17 -0.40161611463416369 3.9297764517301972 31.885593778420805 94 118 142 0.6854167157270511 17 29 20 28 21 32 22 50 29 43 27 48 31 43 18 30 16 26 19 30
18 -0.72807051253459454 4.5825421913128235 31.732651547179 137 135 134 0.50174835693846043 17 30 20 31 21 43 22 34 29 41 27 59 31 55 18 41 16 37 19 31
19 -0.55894104492288244 4.5026126994534215 31.746409543259546 251 254 244 0.48028429379038173 17 35 20 35 21 37 22 42 29 62 27 38 18 34 16 30 19 37
20 -0.68051967322544726 4.0981026641044034 31.861344291104331 252 255 251 0.31836351373789845 17 33 20 38 21 38 22 41 29 45 27 47 31 37 18 31 16 27 19 38
21 -0.50810050153797981 3.867780582740096 31.891379906442879 128 147 162 0.56577693388124717 17 38 20 40 21 44 22 46 27 49 18 28
22 -1.7732593336610072 4.0493273197561859 31.901317727974931 92 88 79 0.37431393791623169 17 43 20 41 16 44
23 -0.43602741181204929 4.0313776425414591 31.826731234937157 74 95 116 0.5416850010437344 17 46 20 42 21 33 22 49 29 51 27 56 31 48 18 44 16 43 19 44
24 -1.3217545245155231 5.5209359583629878 32.619243712851663 253 97 93 1.7733104565354638 17 44 20 43 21 27 22 30 29 33 27 34 31 29 18 76 16 21 16 90 19 45 19 107
26 -0.374191025249896 5.4961268894409532 32.864779008495233 55 60 52 1.018220164923074 17 101 20 45 21 87 22 128 29 81 27 94 31 87 18 89 19 109
27 -1.2356217112970933 5.5485948208075531 32.706728133570685 116 76 72 0.79560031218805061 17 31 20 46 21 41 22 33 29 34 27 43 31 40 18 38 16 31 19 32
28 -0.5284160130454626 4.4487777477513006 31.731135853305574 228 170 136 0.3126690619442159 17 58 20 56 21 54 22 56 29 60 27 68 31 69 18 60 16 59 19 58
29 -0.65247058975536576 5.5806734711851593 32.838868249414034 126 124 123 0.41522076910378425 17 61 20 62 21 59 22 59 29 65 27 66 31 71 18 51 16 62 19 60
30 -0.07599480939890714 5.668572397107174 32.967600601470089 127 135 132 0.19397524087260387 20 65 22 87
31 -0.5355924351656467 4.120215927195594 31.850766630635309 208 194 192 0.64648866289256923 17 49 20 67 21 62 22 63 27 57 31 47 29 54 18 50 16 48 19 51
32 -1.9558509867470391 3.5751166971211132 32.118306275889374 58 54 43 0.84477992172678784 17 53 20 74 21 48 22 67 29 57 27 65 31 63 18 55 16 51 19 52
33 -0.5355924351656467 4.120215927195594 31.850766630635309 208 194 192 0.64648866289256923 17 48 20 75 21 50 22 69 27 52 31 51 29 50 18 49 16 54 19 50
35 -0.6090501002543206 4.415177520588407 31.775552491404845 184 137 115 0.36155124735708993 17 57 20 79 21 52 18 58 16 57 19 56
36 -0.63671018605361462 4.4608827795844768 31.743452171343382 248 249 243 0.24726956453875398 17 51 20 80 21 53 22 55 29 59 27 69 31 68 18 59 16 58 19 57
37 -0.48538095891365085 4.4177003961528731 31.725963415815354 254 252 225 0.29675581347494795 17 72 20 82 21 78 22 78 29 78 27 73 31 82 18 80 16 91 19 126
38 -0.86271332598003236 4.9125589227273885 32.270855837631522 38 33 28 2.1798373738543262 17 83 20 89 21 79 22 51 29 80 18 68 16 84
40 -1.8118966778902834 3.4312206415894511 32.141465432742997 254 233 218 0.76586183805022201 17 78 20 92 21 73 22 77 29 68 27 76 31 90 18 64 16 78 19 83
41 -0.53579733990169875 6.015763858564223 32.925829355684257 167 164 158 0.74006008665283873 17 69 20 94 21 93 29 129 31 142 18 54 19 91
42 -0.75527634194259174 5.7384808325068244 32.892724013979013 126 126 120 1.3317137601193405 17 62 20 96 21 68 22 86 29 84 16 65 19 108
43 -0.48607839618901866 4.4174913385293451 31.724776498468788 254 252 225 0.33628929128014756 17 71 20 98 21 84 22 90 27 87 31 79 19 136
44 -0.5353959325519555 6.0159711318395317 32.929799118910523 167 164 158 0.70827568393026785 17 76 20 100 21 118 29 97 31 140 18 52 16 47 19 66
45 -0.89968033016263982 4.3659461200702134 31.79438065977542 57 53 48 0.27389114582408691 17 77 20 102 22 79 29 122 27 120 31 99 18 107 16 128 19 96
46 -0.54024860152759624 4.5599952019760623 31.697069639033497 114 109 106 0.29627758440769536 17 96 20 106 22 124 29 114 16 122 19 90
47 -0.30324010894138842 5.5590831024201739 32.799537477747556 107 115 114 0.6449231656013894 17 80 20 107 22 95 18 91 16 64
48 -2.4337726816666505 5.3926567155290206 30.754073299268434 108 111 107 0.53498272793562895 17 122 29 106 31 107
49 -0.60350018367975089 5.5332691302525667 32.80606437823257 230 216 202 0.2831953355137658 17 67 20 114 21 106 22 75 27 95 31 88
50 -0.72505916777709156 4.610369633481068 31.713245226420746 141 138 131 0.2878918078032226 17 97 20 121 21 90 22 107 27 114 31 125 18 116 16 116 19 125
51 -0.40921220403158287 4.0981175976371613 31.853160094311004 96 113 128 0.42651426193200387 17 115 20 122 18 110 16 107 19 104
52 -0.54024860152759624 4.5599952019760623 31.697069639033497 114 109 106 0.29627758440769536 17 118 20 126 22 101 29 125 16 118 19 72
53 -0.72505916777709156 4.610369633481068 31.713245226420746 141 138 131 0.2878918078032226 17 119 20 127 21 111 22 115 27 128 31 132 18 121 16 131 19 137
54 -0.6036809270914516 5.5347496534221277 32.812623081822025 230 216 202 0.27342073509109494 17 74 20 129 21 114 27 136 31 89
55 -1.8789319476151245 3.4783705430427161 32.13832605875858 240 198 174 0.82676462783439608 17 88 20 131 21 96 22 116 29 131 27 106 31 144 18 99 19 113
56 -2.0080890853151105 3.50177276456483 32.135135482188176 255 255 220 0.9056871996428727 17 89 20 132 21 97 22 121 29 132 27 125 31 145 18 100 16 103 19 114
57 -0.46258937871751532 3.9196187353679801 31.891217317557459 136 157 176 0.64018004093305525 17 91 20 133 22 125 29 98 27 89 31 93 18 104 16 106 19 124
58 -1.4263267159095931 3.4061682496920938 32.184604967505827 78 84 83 1.976694921026428 17 87 20 134 22 47 29 70 31 34 27 64 18 65
59 -0.40921220403158287 4.0981175976371613 31.853160094311004 96 113 128 0.42651426193200387 17 99 20 135 18 119 16 119 19 133
60 -0.492503248241074 4.0288583917930181 31.851014417450113 137 148 156 0.6092678352444858 17 55 20 136 21 70 22 81 29 72 27 83 18 71 16 71 19 101
61 -0.84185608648198806 4.2880068263980649 31.817904058382226 254 253 240 0.20510933394527364 17 94 20 138 21 119 22 127 29 93 27 121 31 97 18 128 16 123 19 95
62 -0.84185608648198806 4.2880068263980649 31.817904058382226 254 253 240 0.20510933394527364 17 116 20 141 21 125 22 113 29 123 27 109 31 129 18 120 16 121 19 135
63 -0.57324051704053269 5.2965839850723038 32.673188593562742 86 92 90 1.5946138974065311 17 128 20 142 19 117
64 -1.2210397928835715 5.6431981463280607 31.948300582053246 114 108 104 0.90565539849262089 17 1 20 1 21 2 22 2 29 2 27 1 31 2 18 1 16 1
65 -1.4253771050534088 4.3957951654348522 33.814981030312573 252 116 104 1.6556436057819299 17 6 21 4 22 3 20 6 27 2 18 4 16 4 19 4
66 -1.4867091909500427 5.4719771598429752 32.464402854844593 101 96 94 1.4849098740195632 21 15 22 19 27 23 31 19 29 20 20 15
67 -1.694058624096928 3.7961434367343219 32.680936116526425 82 83 75 1.0224529967135558 21 19 22 22 19 27 16 13
68 -1.4324588310648232 4.162983031697725 33.491094706390342 252 120 110 0.48412200509615622 17 28 21 23 22 29 20 25 18 19
69 -1.2843754953681619 4.1641840660757863 33.706351154397311 90 87 85 1.2378317617760228 17 19 21 24 22 21
71 -1.4324302801559958 4.1643413616488774 33.495816304877692 252 120 110 0.53260366730482556 17 24 21 30 22 32 18 20
72 -0.54922357418227641 4.197460093360875 31.839100124960719 138 138 139 0.24379089395437528 17 56 21 51 19 54
73 -0.87702215038854403 4.2782739807000034 31.824989034639941 62 61 50 0.22397150576008285 17 52 21 71 22 84 29 86 27 86 31 57 18 69 16 87 19 89
74 -1.8245236470294186 3.3870254221138696 32.153527217821143 94 93 91 0.7697321419083818 17 64 21 72 22 72 29 69 27 72 31 74 18 62 16 63 19 63
75 -0.44004998202666834 4.181284609796454 31.762571588341334 136 136 135 1.4453589372994622 17 40 21 75 18 105 16 82
76 -0.87702215038854403 4.2782739807000034 31.824989034639941 62 61 50 0.22397150576008285 17 63 21 83 22 89 29 76 27 77 31 61 18 70 16 83 19 70
77 -1.7041867439481042 3.8332575624036078 32.097515044952743 90 85 79 1.0281931783388607 17 54 20 84 21 98 18 102
78 -1.876249039946859 4.8906841839023532 33.141125679044038 43 36 25 1.713533857934503 17 66 21 112 27 129
79 -2.6869664964758493 5.7629066101817843 32.920208485386937 39 40 33 0.36493814506746414 17 70 21 115
81 -1.8121134345445091 3.9184466174301202 32.202348167498641 56 46 33 1.0617392752124186 20 10 21 9 22 11 29 14 31 16
82 -1.7995997759817932 3.8976071734085709 31.983327463388402 56 46 33 0.63261705430597859 20 11 21 11 27 11
83 -1.8070014252603659 3.898977840975149 32.031120579631569 56 46 33 0.24166271751805354 20 8 21 12 22 8
84 -0.68191078049065978 4.0978649402029808 31.864863227596292 252 255 249 0.30639141852853019 20 37 21 35 22 37 29 48 27 42 31 41 19 33
85 -1.1696490603161636 4.6485432998979554 32.783314816425779 202 70 65 1.3174473044040433 20 57 21 36 22 43 27 30
86 -0.64862408048357079 5.5763724561692509 32.80177380042884 125 125 121 0.36016727425718892 20 72 21 47 22 64 29 56 27 63 31 60
87 -0.5647091019723075 5.2252021281507215 32.873994752974475 119 119 115 0.3031037713167104 20 48 21 57
88 -1.3002967706108044 4.0061858579057903 32.030847027835904 94 81 78 0.46992874471737944 20 20 21 63
89 -0.13781726173559763 5.6346736889301852 32.876815619289061 136 137 133 1.6093887266538629 20 64 21 67 22 71 20 63 29 66 21 60 31 76
90 -1.9377953584750374 3.8875970481078315 32.04810590578662 144 143 138 1.1314767279441651 20 85 21 74 22 76 29 89 27 118 31 91 16 79 19 84
91 -1.3099365627479076 5.5767998041685107 32.647756210884168 247 98 94 1.2322388761527625 20 73 21 76 22 97 29 64
92 -0.66519372951260758 5.1248503856541454 32.710738182952198 109 105 102 0.51119233365913108 20 60 21 82 22 92 31 70 18 124
94 -0.54230471043893602 4.4644421586808196 31.726290977232072 222 179 158 0.23821820826136836 20 104 21 88 22 108 29 116 27 116
95 -0.18394713554390407 5.669047283755476 32.862186576171737 99 109 108 1.4031495747097171 20 95 21 102 31 80 29 96 16 97 19 105
96 -0.6718353236699961 5.6106410047423827 32.766201076792157 249 243 231 0.17229000915388631 20 118 21 104
97 -0.51045813837512655 5.2905527749078001 32.922791102538859 121 120 115 0.011978827866046985 20 61 21 109
98 -0.6718353236699961 5.6106410047423827 32.766201076792157 249 243 231 0.17229000915388631 20 130 21 116
99 -0.13141117190727034 4.3221664068356311 32.759519506331557 210 205 210 1.4622661361538651 20 76 21 45 22 54 31 46
100 -0.59505154511042568 5.62424698276656 32.819088380048996 129 129 123 0.329415065707584 20 55 22 60 27 50 18 45 16 41 19 48
101 -0.59505154511042568 5.62424698276656 32.819088380048996 129 129 123 0.329415065707584 20 54 22 65 27 60 18 46 16 45 19 47
102 -0.59413696351892809 5.6272060580424412 32.829515228235515 129 129 123 0.39325753223757726 20 53 22 66 27 51 31 44 18 47 16 40 19 49
103 -1.5926633359744042 4.5763531262345829 32.574585915726807 50 32 27 1.70226980669356 20 140 21 64 22 100 27 70 18 32 20 50 16 56
104 -1.9913862957074087 3.376428184048089 32.162289205815576 255 254 236 0.92737752686347685 20 112 22 126 29 90 27 88 31 95 18 63 16 72 19 82
105 -0.908288076423306 4.7559304501458746 31.096421819092811 123 116 113 1.6698870717382344 17 60 20 90 22 26 21 26 29 32 27 32 31 31
109 -1.8376837227900973 4.0362470447855214 32.032122819305144 51 43 30 0.92945924186840168 20 24 29 36 27 45 31 36 18 25 16 24
117 -0.8055762128108801 4.5344399415643846 31.730151998698979 129 125 122 0.27966451867807018 20 124 29 115 27 115 18 126
119 -1.1307230479487815 5.3128107523705559 32.996196176655765 101 94 87 0.7424654188270664 21 10 22 10 29 11 27 6 31 8 18 10 16 11
121 -1.6112024346247065 3.6993167873988604 31.706142955516153 84 83 74 0.55556026395502311 21 8 22 12 27 10
124 -0.22721370676431399 5.7809825895215896 32.894920635415893 140 144 143 0.90996380867455195 21 22 22 24 29 22 27 22 31 21 18 17 16 15
127 -0.79688308142206865 4.7985074907606595 32.074537616865605 101 96 92 0.90643713564900141 21 40 29 44 27 31
128 -1.0329454391187254 4.8192082439775366 32.573819395749616 32 27 21 0.66685961215918832 22 36 29 40 27 37 21 42 31 39 18 37 16 19 19 6
137 -0.042630600772375543 4.3711632938901301 32.775454841194673 224 221 223 1.4165344543897209 21 95 27 111 31 100
140 -0.9212940146444405 4.4882832386693865 31.750615486352547 61 57 53 0.34952892938273583 22 109 29 117 27 117 21 123
141 -0.0521832239053781 4.3336754342037356 32.777011307978185 203 201 210 1.5096126629310715 21 120 22 112 27 119 31 73
142 -1.71799678870169 3.9229936134896701 32.003033613642479 60 51 37 0.63839960894081149 21 99 27 124 31 152 18 103
148 -0.35451258717864553 4.041856476911355 31.764996712947575 90 111 128 0.83703393178029128 17 7 20 7 21 6 22 5 29 16 27 5 31 14 18 5 16 6 19 5
149 -0.075326189606648192 4.0904861455647081 31.813038460741222 180 181 187 2.5092416203055143 21 49 22 48 27 46 31 65 18 43 16 108
150 -1.1171066126228568 5.2745825637314461 32.485355657222613 105 95 87 0.29178291169023418 27 7 29 10 31 10
151 -1.7853496264508704 3.9115261603090676 31.937208958924582 53 45 31 0.61883225759286264 27 14 29 13 31 13
152 -0.64891245721196311 4.3091470575824928 31.851318992430794 143 141 137 0.20962728752068771 27 20 29 24 31 22 22 17
153 -1.7424936982213315 3.6922105970495789 32.59702255979731 83 84 74 0.94172228105610334 17 32 31 35 18 56 16 46
154 -0.59085068996428425 5.6412649927656346 32.972653368695632 131 132 126 0.32335200464898611 27 61 29 53 31 50
155 -1.6540877714134876 4.1845805163454175 33.168157888288178 252 100 98 0.98713947590230333 27 123 31 53
156 -0.72766083659265113 4.5812287191086005 31.729812481801684 140 135 132 0.49513445859075716 17 37 27 58 29 42 31 56 22 38 18 40 16 35 19 36
158 -1.4689096917966935 3.9735341425079507 32.66706091025938 77 54 55 2.1933548930550795 17 90 31 92 18 67
159 -2.5622056848021435 5.5380532360008372 32.490013382161862 0 0 0 1.1343048706493213 17 125 27 92
160 -2.5092664549337496 5.5055060903654667 31.268645949088288 105 111 112 1.0755671837084091 27 99 31 109
161 -2.510557348419824 5.483306751337329 30.280175322247395 106 112 107 0.77014864664804739 27 93 29 110 31 111
162 -0.62774559276771724 5.5579761447181175 32.741819547972661 127 128 124 0.20344138305020248 27 97 31 113
164 -2.0263268308558247 4.9450028560027848 32.114239816672416 100 98 90 2.5496827666317534 27 110 31 122
167 -0.089890586033313111 4.4427249674069964 32.924917641538954 208 205 210 1.8735457970279203 17 34 21 34 22 27 27 29 31 42 20 33 18 36 16 28
168 -0.90303034554029271 3.8526749331384793 31.989517136590713 104 107 106 0.059420575181381108 17 4 18 3
169 -1.361069787117039 5.160184583489337 31.341847002738287 90 87 84 1.7865258056899107 20 36 18 15
171 -1.1069258706709066 4.7463669556076127 32.686180407801658 253 84 74 0.63956542044467823 27 53 18 33
172 -2.7530965014984043 5.8437318121198132 32.02375524998309 116 123 120 0.32461020245113592 20 110 18 35
173 -0.16074716737084144 4.350258503785204 33.016130250343743 207 204 209 0.55632184747982349 17 41 18 48
174 -1.5866558123017802 5.3602337226521861 33.754906161498333 247 102 99 1.1169323924863583 20 91 18 66
175 -2.135984638978127 5.1710238844235201 32.651645097478259 43 40 36 0.66448997510399055 22 130 18 74
178 -0.098176795907328973 4.3778976957098266 32.108968161863658 193 192 196 2.2759047610735617 17 79 18 79 19 97
179 -2.135984638978127 5.1710238844235201 32.651645097478259 43 40 36 0.66448997510399055 22 131 18 84
180 -2.4162846098670441 5.4174165030111441 32.640202260034002 121 118 112 1.3378440526936883 17 85 18 86 16 110 19 76
182 -2.146556723093028 5.1037094654171806 30.809344129342929 0 0 0 0.9749294492649786 17 86 27 142 29 136
183 -0.022994681892003946 5.6320019742692908 32.176287234532943 98 106 105 1.5461345176781212 22 73 18 95 16 95
184 -2.8494836288136112 5.9504955678474349 32.303066155033271 106 111 110 0.95028139480535101 20 109 21 94 18 96
185 0.065908621148550964 5.4389070425788173 31.132935500673415 97 107 104 1.4068830551029967 17 68 18 97 19 73
186 -2.9417125616245485 6.0536556021315837 32.388117012913696 103 111 110 0.55004544110947684 20 108 18 98 16 68
187 -1.4003927345699745 3.6543442376499167 27.787499232783368 96 87 78 1.3359912853693179 27 144 18 108
188 -1.5347986458427498 4.8080165986071686 32.306918889085836 101 94 88 1.6884010928895101 20 120 18 114 16 86
189 -1.9363413541338068 4.8616567110805367 31.719393044208058 44 37 30 2.2699603630541922 22 122 18 127 27 130 29 127 31 133
190 -2.478930127699333 5.5769031515721421 32.596132680690118 102 104 103 1.5705223358651943 17 103 18 131 16 96 19 116
192 -2.3568650500856192 5.3536983826805304 32.293842420131689 46 44 41 1.8787703650217225 17 106 20 117 22 103 18 87 27 103 31 116 16 109
193 -1.319203919308723 5.5750469309583046 32.796213680520502 250 97 93 1.8213973737913063 17 39 20 44 21 28 22 45 18 90 20 66 21 86 22 120 29 67 16 22 16 75 19 42 19 139
194 -1.3050649553768356 4.7618284329941085 30.682902415621935 252 98 98 1.3279338617592946 21 5 22 4 16 7
195 -1.7295617412688835 4.6058534447577211 28.496149767973108 0 0 0 1.0953045386286717 22 105 27 113
196 -1.1205826852243512 5.2435463916739806 32.719868165795873 110 98 90 0.26870280988427353 18 9 16 10
197 -0.38648131146967962 5.6452246154617534 32.869680547280858 128 128 123 0.13018332964809004 18 16 16 20
198 -2.8549941322947059 6.0273516064295514 32.350565598829085 123 131 128 0.52177313846811457 18 27 16 23
199 -0.23666745207365933 4.2258168961620237 32.211671166066793 180 181 181 1.2586917619736946 18 26 16 50
200 -0.31379601751214675 4.2258115680600588 31.97134171037948 67 88 104 1.7293866912609914 18 106 16 55
201 -1.1505996505014542 4.9923088212296722 33.431276408570007 247 81 68 0.53877957028879431 18 61 16 61 19 99
202 -2.5087613279796912 5.5490780249621263 32.491436899891525 49 50 45 0.39683994370897568 17 102 16 73
203 -2.2204463075142784 5.1898922293447969 32.486726107273647 110 105 100 0.0082257206917926776 18 85 16 85
205 -2.5087613279796912 5.5490780249621263 32.491436899891525 49 50 45 0.39683994370897568 17 123 16 89
206 -0.72563515920161248 5.7610960702036538 32.833700581511572 142 139 133 0.4684364277122946 18 115 16 99 19 110
207 -0.838240871707844 5.42298983861766 32.724206420522577 149 140 136 0.041512969884947973 18 129 16 100
208 -2.8743456249865202 5.9629300812979373 32.220648240813262 104 109 109 1.8612091386634817 21 124 16 101
209 -2.717842047298316 5.8386455195344924 32.627431344584757 103 107 105 1.4309652698684916 17 126 16 105 21 103 19 106
210 -2.3324861132975929 5.3493335597559426 32.697959646330403 112 111 103 1.152564589860483 18 111 16 111 19 119
211 -0.26655965931089176 4.1447503115729747 31.742552138879365 170 166 166 0.83410579839957577 17 127 16 132 19 92
212 -1.6506198253245732 4.2917960243029372 33.104411507472577 91 84 75 2.5337420640958306 17 12 20 26 21 69 27 44 18 14 16 18 17 47 18 29 16 33
213 -2.3531822171889258 5.3376813328395061 32.228640636764318 44 44 37 2.1879472572715373 17 121 20 128 22 117 31 137 18 75 16 124 27 133 31 138
214 -1.6631798006078058 3.8598324414067502 30.513102577675095 254 98 100 2.0660005045311838 16 0 19 0
215 -1.4433060217327209 5.6499360910233447 33.201621580298301 93 88 85 0.022834456157374103 17 42 19 22
216 0.047687608532037233 5.6466506429795364 31.904887202910064 101 111 109 1.0409319901286092 21 61 19 74 22 61
217 -1.5044884060275834 5.2447580179947 32.658368083712041 249 101 99 0.6611378156826575 17 111 19 75
218 -2.3504567907493268 5.4646028451182636 32.653261402321291 100 106 106 0.64670384843205175 16 69 19 77 18 88
219 -0.36654726518983766 4.1755341152701133 31.751194317562909 78 90 108 0.47561259218257235 16 115 19 93
220 -1.7782451072999277 4.7631315780367949 32.704741818957835 98 91 81 1.8136730801794869 21 89 19 98
221 -0.90978241790273751 4.4116006784879218 31.791576332073333 56 57 52 0.15571741218067045 16 129 21 121 19 100 22 111
222 -2.2602790946111679 5.3474404913677294 32.621408419126581 97 97 98 1.477835557079058 17 109 19 118
223 -1.4743606802961955 5.6985384386927205 34.75427508942569 245 103 100 1.8213497354588823 21 108 19 127
224 -0.70296206402454531 4.5554025252910293 31.6801775363442 138 132 124 0.097491536531268463 17 81 19 128
225 -1.8590430165693681 4.8642508459542784 32.77312392125571 100 89 80 0.22067802614345833 21 91 19 143
226 -1.3776017763622272 5.2963399703964296 32.704117645797098 251 98 94 1.1976342715021762 16 8 17 9 19 11 18 7
