# Frame list with one line of data per frame:
#   FRAME_ID, RIG_ID, RIG_FROM_WORLD[QW, QX, QY, QZ, TX, TY, TZ], NUM_DATA_IDS, DATA_IDS[] as (SENSOR_TYPE, SENSOR_ID, DATA_ID)
# Number of frames: 13
1 1 0.99887911377262206 -0.040388986069168818 -0.022506199288709991 -0.010134932989556684 -2.4857850515728019 -4.540942847438334 0.057660601657407634 1 CAMERA 1 1
2 1 0.998900259362831 -0.040344829622751315 -0.022392127484249711 -0.0083162007136318578 -2.7908720018215138 -4.6977629651980495 0.050527834517362015 1 CAMERA 1 2
3 1 0.99882425179009127 -0.040844883405787714 -0.022733912555364826 -0.012844405609335804 -1.7878974568736183 -3.8792532619414128 0.004329861649236778 1 CAMERA 1 3
4 1 0.99885272705553341 -0.04066377086783985 -0.022781173555768097 -0.010986606571358287 -2.8806900338207928 -3.6652284935289927 0.023134437548987759 1 CAMERA 1 4
5 1 0.99886141424734187 -0.040434002488659498 -0.022827074440294404 -0.010949485971697379 -1.5734836902927347 -1.8946085476931003 0.017166574033569418 1 CAMERA 1 5
6 1 0.99886967540721017 -0.040314078454619331 -0.022902687163181425 -0.010469649036855062 -0.64951481846040593 -0.98334749461861792 0.013949792471259272 1 CAMERA 1 6
7 1 0.99893312613125451 -0.039686726699512113 -0.023098908465904785 -0.0049003743939816727 1.6334641342539318 1.6671886158148213 -0.0039715031958656392 1 CAMERA 1 7
8 1 0.99894900928377361 -0.039531686134063444 -0.023179243628766052 -0.00091940587528894634 1.8918719376747994 2.9328211538035429 -0.018449366887350525 1 CAMERA 1 8
9 1 0.99894020136428319 -0.039648356279146729 -0.023172406754545103 -0.0030856940627857852 1.8972252586494489 1.9909431842288712 -0.010851906396309806 1 CAMERA 1 9
10 1 0.99890482597687758 -0.039928385731439607 -0.023018690297271896 -0.0080630360276901514 0.96351471724536719 0.4167464673245862 0.00034583595585673161 1 CAMERA 1 10
11 1 0.99894619642917049 -0.039137203851295189 -0.023212162371583318 0.0059976188967622839 1.4034623718361345 6.1711452222457206 -0.086911353702493796 1 CAMERA 1 11
12 1 0.9989583651523557 -0.039269202243610329 -0.023142222566546921 0.0021335374296537948 1.4628069014323744 3.8282774832870672 -0.022086896994509393 1 CAMERA 1 12
13 1 0.99893689771989436 -0.039535304782966664 -0.023398092441737958 0.0038161917613228334 1.5032306437820449 4.3016830396262495 -0.048654033626269209 1 CAMERA 1 13
