# 3D point list with one line of data per point:
#   POINT3D_ID, X, Y, Z, R, G, B, ERROR, TRACK[] as (IMAGE_ID, POINT2D_IDX)
# Number of points: 89, mean track length: 4.98876404494382
12 -72.911682998448029 -73.755659399840695 0.56625651849693193 108 111 103 0.74560402779549484 2 28 4 22 3 23 1 28 5 30 6 35 10 25 7 17 9 14 12 27 8 26 13 24 11 19
22 264.24190277018238 3.6600813195970425 -4.0948260221421204 131 131 132 1.6256512359272819 2 50 4 38 3 52 1 53 5 50 10 67 7 47 9 55 8 51 9 107
23 98.614027615486563 2.2603441472467209 -1.8135262739266305 83 86 89 0.61749895735492111 2 40 4 39 3 42 1 39 6 22
37 0.076420925689290028 -19.900264171329336 -0.71844908930662499 254 158 141 0.91837875372098599 2 37 4 60 3 40 1 35 6 20
39 -61.238786194775031 -74.566843815202674 -0.40941297297464729 148 137 126 0.75697754616792345 2 108 4 69 3 111 5 90 6 96 10 87 7 69 9 73 12 99 13 60
45 -28.78333810177735 -2.4210518240089365 1.9526037209897555 107 108 99 1.9929318562511003 4 78 6 99 7 75 11 41
48 -137.37898535169853 -123.64883126051468 4.2903298982354379 141 143 143 0.36996496885212571 2 70 4 83 3 85 1 98 5 98 6 116 10 82 7 97 12 72 13 70 11 71
49 -57.781295921045462 -70.235599082075794 -0.3765665491430667 148 137 126 0.66207158025295154 2 116 4 84 3 115 5 94 6 100 10 95 7 87 9 76 12 102
51 66.4465728298633 10.787769226250562 -1.0522453605671782 97 105 103 0.70339764580300312 2 86 4 88 3 114 6 90 7 139 10 100 9 103 8 72 12 68 13 67 11 63
53 -81.95056311504591 -98.477761607782071 0.17294810436322328 254 253 221 0.45173442786068702 2 102 4 90 3 107 1 100 5 109 6 121 10 114 7 94 9 118 12 100 8 93 13 90 11 96
86 -11.959465487005305 -5.1888898641109042 1.3094319142582307 95 96 90 0.67608196529794562 4 23 5 25 10 21
87 39.03408813480123 -3.2077964821501963 -0.29065117919014771 119 118 117 0.40555387480119792 4 20 5 27 10 136
88 3.3493639758724916 1.5197556579000715 1.0731616794380163 102 76 62 0.35236900793327397 4 42 5 35 6 41 10 59 7 48 9 47
92 -0.48053070035124973 1.2222774188409251 1.1916883517116061 252 91 86 0.48790817365124478 4 87 5 61 6 105 12 47 8 44 13 41 11 34
94 -0.47449167559285943 1.2295562993459772 1.1918256048039579 252 91 86 0.46140714881687284 4 63 5 72 6 86 9 56 12 41 8 46 13 40 11 31
108 -2.5654297214815696 -2.2656548345352734 1.0151143136117893 254 91 90 0.55451363161217371 4 10 5 10 6 12 10 13 7 15 9 12 12 12 8 11 13 10
110 17.561552746430571 15.267363634425729 1.1419433195971576 117 118 112 1.1255673226029219 4 21 5 22 6 25 10 24 7 25 9 25 8 22 1 27
111 3.2592084540899822 1.5203194908843494 1.046310058836194 102 76 62 0.50174463421678372 4 40 5 36 6 42 10 51 7 43 9 38 12 42 8 42 13 34 11 22
112 3.3493639758724916 1.5197556579000715 1.0731616794380163 102 76 62 0.35236900793327397 4 37 5 38 6 50 10 60 7 45 9 48
121 9.7132421378955254 -10.614873956225908 -0.1591467219697473 35 35 27 1.0953541718860333 4 65 5 55 6 59 10 75 7 52 9 65 12 65 8 63 13 59 11 54
122 -24.944788531133153 -6.4599322839613844 1.6407354293066623 36 35 27 1.1603545072869141 5 57 6 61 10 71 9 77 11 118 13 81
125 95.731925678044007 -6.247852137209299 -0.71362176746972372 131 130 131 1.3649505153598984 3 64 6 77 10 117
127 -44.284706427249738 0.67363627131656134 3.0665974219490382 95 105 103 1.6586602592186899 4 62 5 82 6 85 7 146 4 94 9 93 13 103 11 102
128 29.047288806223548 15.209778009125872 0.54055990211300342 0 0 0 0.63471391213292128 3 120 5 73
137 42.800168643401243 4.4890855841044335 -0.42088636906302701 126 125 125 0.64597374273555408 6 23 10 22 7 19 9 17 12 21 8 18 13 16 11 15
138 -63.679010456767813 6.6582483851634198 4.5102601954676365 123 130 129 0.022356052685990647 5 21 10 29
139 3.2154043500333032 -12.02632083387209 -0.56024830355149169 255 172 150 0.25290756322195312 5 65 10 32 9 27
141 12.938783626677681 7.6060127859446753 0.33534882684096484 91 92 83 0.24570327166463757 5 124 10 37
142 66.371124890024475 2.8942733637580669 -1.8825432613877144 127 129 127 0.053854363093162716 5 41 10 39
143 -24.976309369888611 -1.6197963226765155 1.6853804844295626 97 105 104 1.2618251817020372 5 62 10 65 7 55
144 64.468020433564334 10.977732846208486 -1.0267729972987525 144 146 145 0.75552278841567733 6 91 7 85 4 73 9 123 8 73 13 68
145 -30.749360028639671 -5.0494776289699086 1.9815794530247162 96 97 88 0.11994858961441557 5 69 10 83
147 -30.434902508600032 -1.711950912341093 2.0056077859608994 115 116 108 2.1936227503779357 6 76 10 93 7 126 9 106 8 88
148 53.676584356778385 4.3465790777819659 -0.78219924758463633 97 103 102 0.6292930539391659 10 116 7 127 9 94 8 85 12 90 13 102 11 95
150 59.227308095929537 5.4453281330048302 -1.0951033473951313 126 126 125 1.6348541912256351 5 113 10 122 7 138 12 91 8 103 13 115
153 -19.66710767256939 -32.545342091494838 2.4411824727755813 252 92 90 1.3927102452742839 10 0 7 0 9 0 12 1 8 0 13 1 11 1
154 -19.66710767256939 -32.545342091494838 2.4411824727755813 252 92 90 1.3927102452742839 10 1 7 1 9 1 12 0 8 1 13 0 11 0
156 32.41527425908356 -36.363438673290581 -2.4758038683942503 100 105 101 2.171394424670511 6 8 7 4 12 4 10 5
157 23.611226508281799 -10.283707820447596 -0.4346759277674504 93 92 87 1.2768887380694451 6 5 10 4 7 5 9 5 12 6 8 6 13 5 11 5
159 57.202470421283145 -8.2954581504191296 -0.76934927778348217 46 49 40 1.7623079190660598 10 45 7 38 9 29 12 24 8 33 13 20
161 -5.1640927513080408 -20.532145962363078 -0.40747945998445601 246 88 88 1.9597063699892281 10 38 7 58 9 70 10 72 8 77
163 -4.1418804061913974 -12.948396861761198 -0.25246898717714611 246 88 88 0.97271914182368391 7 62 12 54 8 66 13 53
166 28.527772447290669 15.428082103762105 0.70739594564792507 139 141 133 0.36119588624534599 10 102 7 83 9 59 8 52 13 29
168 -15.10963665131338 -9.3315219906258875 0.87150293155232317 98 92 80 1.2255932599919688 10 127 7 102 9 112 12 77 11 84
171 66.789646072362629 7.8417702583525601 -1.2353217035931492 139 141 137 0.88688627652460528 6 125 10 98 7 121 12 109 8 70
172 61.251744026926588 8.5613074823276332 -1.1468147953206453 138 145 142 0.25405701737486197 6 89 10 68 7 67 8 59
176 49.95879788417637 6.9971917155219581 -0.55186815496576769 124 123 123 0.53873567632200725 10 23 9 16 12 22 8 19 13 17 11 16
177 17.931245374994859 15.921613982163981 1.1995222791271698 127 131 126 0.67712048266245251 7 29 9 18 12 26 8 25
179 2.7532122132648729 -10.858613987412467 -0.4605484925624917 250 87 84 0.4171168105607661 7 40 10 61 9 51
182 -94.019268696360342 -89.540563931421886 1.5493366650728231 105 104 96 0.6774711302717269 3 68 9 69 1 65 8 55 13 62 11 48
187 -54.005199473166066 2.7561563428637768 3.7454752688354485 97 100 102 1.157186553767634 7 145 10 96 9 98
195 -1.3671220550356782 -15.45226899935145 -0.47467590004191101 252 134 121 0.58365639600064989 7 10 12 7 8 7 13 6 11 6
198 -5.4873930294656992 -16.039053937847569 -0.32986316420563216 253 130 122 0.41719065383364878 7 33 12 31 13 26
199 4.7330967409237665 -10.269158076836671 -0.50780873311678532 88 85 80 0.00032855493649126626 10 142 12 48
200 25.322041718749034 14.822310321787398 0.77424170932040637 94 91 83 1.7155796973979278 7 110 9 58 12 53
206 39.693655034817006 23.263836235090704 1.0637920968350265 102 100 90 2.0471706314843248 7 144 12 98
214 -0.68933604104251289 0.66337373266592659 1.1037824354291239 251 93 91 0.11325472239968229 12 36 8 34
217 -10.525828713102516 -13.212079564747944 0.6100438877579365 41 30 22 0.95032986015893639 6 93 7 76 9 64 8 62 5 105 11 73
218 28.978880516279407 2.7766889216142672 0.013906478141791648 119 118 113 0.18767382565880686 7 66 9 81 8 65
219 30.53480091022945 3.0269711846483771 0.02041415350715425 119 118 113 0.25275163260556177 7 84 9 72 8 67 13 52 11 42
220 3.1382504022998794 -12.262933072403802 -0.5200427780236333 249 83 79 1.5425110251013823 7 63 8 71 11 49
221 31.616219828772316 3.2457427762959217 0.02753599538222614 119 118 113 0.26864699838529044 9 80 8 80 13 57
222 28.978880516279407 2.7766889216142672 0.013906478141791648 119 118 113 0.18767382565880686 7 65 9 79 8 81
224 41.506632439100308 1.8498339818571532 -0.63288919457727277 87 92 92 0.53924305654887961 7 124 8 87 11 101
225 44.482361921945568 -8.7248437075106988 -0.75075335113232511 100 100 96 1.1084412335501395 7 79 12 85 8 90 13 101
226 30.956298393958626 8.7143625024138007 0.34763889475608095 137 133 129 0.5050675540184999 12 111 8 97 13 105 11 120
227 30.956298393958626 8.7143625024138007 0.34763889475608095 137 133 129 0.5050675540184999 12 113 8 100 13 97 11 91
228 51.454148190154342 6.1928339026449395 -0.80810450794148214 99 102 102 1.5261630004294773 7 120 9 101 12 83 8 84 6 124 9 100 13 87
233 -2.0140077566036751 -3.181030094787761 0.37209624406729663 254 98 95 0.056232274352389006 12 16 13 13
236 -5.0844244073401823 -0.74790224638637126 1.0014714112881973 89 82 79 0.29151818382512162 8 38 13 23
237 -9.8491907018639466 -30.087818846604534 -0.69966443870655481 96 100 94 0.66841669764170919 7 140 13 44
239 18.144637258153221 -3.1691734069070394 -0.40473207050889526 47 44 39 0.32524934941186456 8 50 13 54
240 -85.947385291202835 -108.34208783120046 0.31993463603403161 58 54 42 0.47317249854414567 3 67 4 54 7 61 8 54 13 61 2 63 6 70 9 50 10 73 1 64 5 66 11 47
241 109.35739673932785 -17.446250436924842 -2.1443280722399818 58 57 57 1.5940098911037497 7 107 13 75 10 134
245 -71.530532673596753 -92.24660010091776 2.0674896704326047 60 47 31 0.31492586855760407 3 17 11 10 1 20 2 18 4 9
246 -27.987986945578545 -5.5320924341137845 1.9845902225184964 87 91 90 0.014869786226984226 6 51 11 58
247 5.463796596412271 -13.119023672763992 -0.68465655753116506 111 84 78 0.34498069039210988 13 64 11 68
248 -36.682835944684179 -1.8913546683911313 2.465155192811487 46 36 32 0.31879005523403947 6 57 13 69 11 70
249 -36.682835944684179 -1.8913546683911313 2.465155192811487 46 36 32 0.31879005523403947 6 63 13 86 11 81
250 54.416157781560621 5.5598943617388814 -0.82890159386792928 93 99 98 0.13365137888716166 12 108 11 92
251 -17.000772580508293 -8.2820322592301672 1.0324216615428867 46 37 28 0.27586237745506481 13 76 11 119
252 -24.001681868074328 -6.2932128191151842 1.5763575034297481 51 51 44 1.5508748723384289 5 56 6 56 10 78 9 67 11 109 13 89 4 61 7 106
253 -4.038362633898287 -24.890554893284641 -0.84437023444090753 96 96 90 1.968748447383031 8 4 12 5 13 4 11 3 7 9 9 7
254 -35.776427268481775 -0.09248417571823625 2.4559468134486742 0 0 0 0.1332098236200436 1 88 10 79 2 91
255 -1.4064972887770388 4.494812425851646 0.951497037227378 0 0 0 0.037071842572330739 1 1 2 4
256 -1.4064972887770388 4.494812425851646 0.951497037227378 0 0 0 0.037071842572330739 1 2 2 5
257 -1.4064972887770388 4.494812425851646 0.951497037227378 0 0 0 0.037071842572330739 1 4 2 3
259 -0.91312020017761897 3.7880043516538873 0.87778256878556637 0 0 0 0.39142051334659345 1 9 2 9
261 -3.4916190633455511 3.1657397643925993 1.4533963892374713 90 82 79 0.98833446098761157 1 7 2 6 4 3 5 5 6 7 10 3 7 6
