# Frame list with one line of data per frame:
#   FRAME_ID, RIG_ID, RIG_FROM_WORLD[QW, QX, QY, QZ, TX, TY, TZ], NUM_DATA_IDS, DATA_IDS[] as (SENSOR_TYPE, SENSOR_ID, DATA_ID)
# Number of frames: 76
1 1 0.99638164734385615 0.063379075833637027 -0.056452610683531315 0.0044506549890362878 4.339529483242468 3.3159289323576484 4.1244535022455153 1 CAMERA 1 1
2 1 0.99644415093931427 0.062711641465812082 -0.056064922908364852 0.0047988022225908915 4.2947695126820085 3.2699316342543669 4.1220384674530601 1 CAMERA 1 2
3 1 0.99650113656284567 0.062769123800491877 -0.055033165363784449 0.0041076314729844386 4.2591666243689605 3.3320535919361682 4.1152760042556764 1 CAMERA 1 3
4 1 0.9964811347717798 0.063060521363270741 -0.055016392526099439 0.0046813718878876134 4.2548488694420579 3.3053710493576807 4.0919742533183401 1 CAMERA 1 4
5 1 0.99645102920665207 0.062866586642564254 -0.055778502939589837 0.0046794536791208239 4.27343898467318 3.2761282274583579 4.1104572960098986 1 CAMERA 1 5
6 1 0.99677033440785567 0.058959216645515768 -0.054333005108799903 0.0045426614276184623 4.1072255511366373 3.3961684484338108 4.2024860417255727 1 CAMERA 1 6
7 1 0.99648636379284183 0.061994516512149996 -0.056151477591873576 0.0043148883640513492 4.2713267032754008 3.2911259957603676 4.1488121301130541 1 CAMERA 1 7
8 1 0.99716060745158308 0.054877036424880267 -0.051533261698667045 0.0018859370904407923 3.9546049081254386 3.3213425691733764 4.1476059189372396 1 CAMERA 1 8
9 1 0.99694242905946073 0.057711085552150321 -0.052547390889647112 0.0037410501339957746 4.0123346029562326 3.3769708135773695 4.1481508846502742 1 CAMERA 1 9
10 1 0.99669953171335046 0.059916785247251733 -0.054618023399315527 0.0041102126434504156 4.1746642857734919 3.3857385056826854 4.1711572800595897 1 CAMERA 1 10
11 1 0.99819205632781038 0.045284570796065467 -0.039270611294697784 0.0044435819351619299 3.1983745381271484 2.7279035041642237 3.5294874346736442 1 CAMERA 1 11
12 1 0.99850806844750173 0.041341540060073734 -0.03559243930010781 0.0023859118526688115 3.0022555976286069 2.4330770981693859 3.3190257518879518 1 CAMERA 1 12
13 1 0.99659464200097114 0.061631629850769143 -0.054689401320396694 0.0031194743324253673 4.1996488096966287 3.3570095109737945 4.124689310887609 1 CAMERA 1 13
14 1 0.99697577745176447 0.056314710072243694 -0.0534684757895625 0.0030124243840976214 4.0599217266767464 3.3609522865122683 4.1822057367710013 1 CAMERA 1 14
15 1 0.99796148540039309 0.046655579052461385 -0.043262029893470534 0.0049525115060176676 3.4198603364785907 2.8721268731234537 3.7740375266871742 1 CAMERA 1 15
16 1 0.99730879729925925 0.053347528141036812 -0.050165061917496021 0.0035595833408180832 3.8891917527912256 3.2797665897923296 4.086952473737627 1 CAMERA 1 16
17 1 0.99786443891083154 0.047824276768996678 -0.04414378058013211 0.0055431710046669877 3.4960794664299146 2.9890112301972187 3.8638048330442536 1 CAMERA 1 17
18 1 0.99805395115002593 0.045812466057169626 -0.042076274884885349 0.0043721435696948002 3.351487276032556 2.7825949913871142 3.6865574645290424 1 CAMERA 1 18
19 1 0.99768436338493005 0.049676313834480887 -0.046242146799197574 0.0044540723418810017 3.6407137776191942 3.0850423970276992 3.9436319407090004 1 CAMERA 1 19
20 1 0.99839234645787278 0.042446667191375805 -0.037372697734841039 0.0037794765124226711 3.1092325316728462 2.5477495552457845 3.4354116378912742 1 CAMERA 1 20
21 1 0.99853903558579238 0.041866237743836632 -0.034155620856859636 0.00063726953060063438 2.974376052248016 2.3503024071850973 3.1212821064704679 1 CAMERA 1 21
22 1 0.99870547672820209 0.039685412404209919 -0.031722681148232422 0.0024719013268892508 2.8476953124985767 2.2556225818191118 3.0334521420942488 1 CAMERA 1 22
23 1 0.99920174999320577 0.032422567397798203 -0.02165926924178933 0.0086899936572060778 2.2879963914476016 1.766043805150755 2.5143723401089635 1 CAMERA 1 23
24 1 0.99961741385331282 0.019517862577061614 -0.003834071476091455 0.019219231450656186 1.2793124331459529 1.0460130652574198 1.7774736373985505 1 CAMERA 1 24
25 1 0.99940118140905243 0.02805753388906768 -0.014845307368068703 0.013772081883353824 1.8620658730596624 1.5529265711150229 2.2658410875558492 1 CAMERA 1 25
26 1 0.99901737417750736 0.034499344246409325 -0.027251815595527657 0.005605344306425078 2.5644265517215654 1.9441672447528033 2.8505765745084997 1 CAMERA 1 26
27 1 0.99929685754268838 0.0075521102274899478 0.021146707420463699 0.030026203584422279 0.050317438436670206 0.32883928985905081 0.81618961252782407 1 CAMERA 1 27
28 1 0.99952807768644947 0.024237898244475808 -0.0093216592898463443 0.016408926631728309 1.5594180145838512 1.3475822310757044 2.0321140475491641 1 CAMERA 1 28
29 1 0.99952359618263509 0.013732177160133753 0.011417336468228434 0.025172453447101603 0.53164879422774503 0.64018089903466513 1.1601592791779187 1 CAMERA 1 29
30 1 0.9996412428660979 0.013517121613017394 0.0033361148881212934 0.022881069071951015 0.91230602716787501 0.73097228053521279 1.5785746469313833 1 CAMERA 1 30
31 1 0.99921654252050951 0.0046449455397986209 0.020694339141434669 0.033413619405719928 0.038252650104304939 0.23749245218338533 0.73135857157799089 1 CAMERA 1 31
32 1 0.99880554582955794 -0.0065190051411000019 0.036689859869462757 0.031604404358385005 -0.73246709657517528 -0.57048167612966183 0.073219332306004178 1 CAMERA 1 32
33 1 0.99900152025853473 -0.0031344290580841215 0.032780792751805253 0.030192010568683675 -0.56935733393592891 -0.27364425011730609 0.32254466899640633 1 CAMERA 1 33
34 1 0.99844541647623786 -0.011437649168315321 0.041707921883973521 0.035162192070672608 -1.0227705355187244 -0.93460754867586615 -0.22739033468232225 1 CAMERA 1 34
35 1 0.99777196597759987 -0.017416331473757853 0.051319460645357529 0.038911287131899869 -1.4155076812566108 -1.3662780106024537 -0.63012868870786976 1 CAMERA 1 35
36 1 0.99742954307418275 -0.015500755494435449 0.055823378131279078 0.042163771604791088 -1.6164249378451816 -1.4796357442446626 -0.90577369041897515 1 CAMERA 1 36
37 1 0.99640988828630783 -0.026538423266807755 0.065598626479335814 0.046474367341620866 -2.0082913285739781 -2.0459855101443991 -1.1847423333607043 1 CAMERA 1 37
38 1 0.99658870372636854 -0.027243350876869511 0.062243805146377333 0.046845108163991359 -1.9354865052401438 -2.046200900024056 -1.0789273855428541 1 CAMERA 1 38
39 1 0.99638439039757287 -0.025959092567114813 0.06595195111118704 0.046846688567889046 -2.0101993933020395 -2.0094783632721094 -1.1984609406046727 1 CAMERA 1 39
40 1 0.99644613519851288 -0.025410066155381217 0.065170453337975998 0.046928032109273085 -1.9993544734064179 -1.9986392969566844 -1.2082428539305015 1 CAMERA 1 40
41 1 0.99661722210044945 -0.025104262505548834 0.064703609418047384 0.044015128593616733 -2.0029146430298033 -1.9642036498717659 -1.2367679379056855 1 CAMERA 1 41
42 1 0.9969591012862089 -0.023231038859073426 0.064562115657677902 0.036940525414884108 -2.0339072305275994 -1.9068475404581668 -1.3125125558583559 1 CAMERA 1 42
43 1 0.99652245451358035 -0.024432273128505592 0.06590703353699022 0.044747341936224518 -2.0033603078622608 -1.9863085349405625 -1.2409422336743532 1 CAMERA 1 43
44 1 0.99673196541446796 -0.024914584446851788 0.064840489820581826 0.041235463895530955 -2.0175018205493322 -1.9365030465441813 -1.2672026153557985 1 CAMERA 1 44
45 1 0.99713954160481144 -0.022406877062225189 0.063215628108614891 0.034848971165561446 -2.0416694829482442 -1.8986936028654406 -1.3292732328767436 1 CAMERA 1 45
46 1 0.99725120368822495 -0.022305548234459127 0.063917842107807196 0.030116585474254449 -2.0710477899674502 -1.8717915542796049 -1.3492418151180574 1 CAMERA 1 46
47 1 0.99733255618073224 -0.021377323342255727 0.062193766473076589 0.031665720276343436 -2.0661322560864157 -1.8725335936416798 -1.4048550594729405 1 CAMERA 1 47
48 1 0.99729220333092272 -0.021575208576197366 0.062047635613066601 0.033058470398300711 -2.0715348376023628 -1.8780227488734278 -1.4193359398282921 1 CAMERA 1 48
49 1 0.99730276483056723 -0.020795172548608545 0.063840724929377174 0.029649922436178464 -2.0799725928764228 -1.8661923947296561 -1.3783287911542095 1 CAMERA 1 49
50 1 0.99722144404095459 -0.01983328926488629 0.061755304819354893 0.036637610572708243 -2.0594852903543712 -1.8640564824364041 -1.4615987055358366 1 CAMERA 1 50
51 1 0.99722656988095282 -0.019382041028893203 0.060908964910240872 0.038126143295468151 -2.0607554197745053 -1.8667447297676814 -1.4903004809011198 1 CAMERA 1 51
52 1 0.99723214080990175 -0.018373828753970634 0.060251156250931019 0.039500100291593745 -2.0613632124637391 -1.868065027742889 -1.5117419188611096 1 CAMERA 1 52
53 1 0.9970993632681262 -0.018078750400059736 0.061918150897881739 0.040400014154166136 -2.0662738444222479 -1.8766611067354868 -1.5227123506871518 1 CAMERA 1 53
54 1 0.99713772749515661 -0.016310459301242204 0.061180496771690331 0.041319101369059044 -2.0587118583061259 -1.876974044244561 -1.5498533954715956 1 CAMERA 1 54
55 1 0.99721333239647525 -0.019779179183903456 0.061565000634102779 0.037203554379265376 -2.0618088702010464 -1.8646186302061731 -1.4675627659415058 1 CAMERA 1 55
56 1 0.99677670246982086 -0.016952215665189885 0.062411909199343536 0.047471901031282751 -2.0365056395252927 -1.9171970010362271 -1.5653204580327023 1 CAMERA 1 56
57 1 0.99696920743462758 -0.016521615046626238 0.061208966238289406 0.04508767143534359 -2.0438985307185029 -1.9013873126981002 -1.5621921287589575 1 CAMERA 1 57
58 1 0.99675004206430839 -0.015994348927323786 0.062258239165222183 0.04855353852436041 -2.0224047035468109 -1.9184240188859072 -1.586404750416829 1 CAMERA 1 58
59 1 0.9966876549430348 -0.014673439903241719 0.063053211274038859 0.049220942632087671 -2.0175359672113884 -1.9106877145424228 -1.5961429630427844 1 CAMERA 1 59
60 1 0.99662226651837993 -0.014583233468489606 0.064033170424453403 0.049306594556546103 -2.0139739770566454 -1.9086731190999928 -1.5973594910717654 1 CAMERA 1 60
61 1 0.99658954625175489 -0.013884238414979903 0.063539770294406842 0.050785842675803966 -1.9994561943624689 -1.9073882244337412 -1.6118866016261297 1 CAMERA 1 61
62 1 0.9965089717473975 -0.012976036866453357 0.064087259959600074 0.051906789585330501 -1.9921538161350651 -1.9036467751975521 -1.6199683114296213 1 CAMERA 1 62
63 1 0.99648837470172691 -0.013317181493480193 0.063978919577946838 0.052347584576740817 -1.9824297605146497 -1.9071343108237273 -1.6239787819096076 1 CAMERA 1 63
64 1 0.99628293008346125 -0.010650436397863313 0.06564342809402611 0.054752459094661025 -1.9685385808167455 -1.8962588593530545 -1.6441681903234866 1 CAMERA 1 64
65 1 0.99637187853942477 -0.012443223855470441 0.064645053193333149 0.053937583682732305 -1.9725200965445107 -1.9049852728960985 -1.634541491478807 1 CAMERA 1 65
66 1 0.99602285863087814 -0.011984393857901076 0.068735668215554269 0.055409812340357578 -1.9657544913515173 -1.8947117144718106 -1.6504892079626965 1 CAMERA 1 66
67 1 0.99612943462317749 -0.010570635247134582 0.067296061436256646 0.05554863871373026 -1.9611031431569799 -1.8919881689766416 -1.6562250441447963 1 CAMERA 1 67
68 1 0.99608396032635271 -0.012728469280018896 0.068969511253090809 0.053832486175787057 -1.9702791595909648 -1.8896046586046109 -1.6512892823735184 1 CAMERA 1 68
69 1 0.99608327573486211 -0.012604134122079488 0.069301678377947845 0.053446430922362585 -1.9738234965690906 -1.883403257313893 -1.6561242177576796 1 CAMERA 1 69
70 1 0.99626543124577394 -0.010607617515500588 0.065939748653441613 0.054723107576580554 -1.9636931491973495 -1.8925654711130782 -1.6523667058309162 1 CAMERA 1 70
71 1 0.99603315441928786 -0.013439348369402273 0.069028805324145917 0.054519384153622591 -1.9683615067496696 -1.8870829735056682 -1.6573826160736214 1 CAMERA 1 71
72 1 0.9960888397562695 -0.013029549461272018 0.069058812845442297 0.053554967297381038 -1.9707915535471083 -1.8797620523777214 -1.6587829600421991 1 CAMERA 1 72
73 1 0.99579887681312373 -0.013257112268069818 0.069074514202436349 0.058630686502294985 -1.9545614482828839 -1.8970759404459727 -1.6668162768376946 1 CAMERA 1 73
75 1 0.99608513515068153 -0.013335291846299644 0.068894583739992146 0.053759741949862605 -1.9708041074812921 -1.8848702349795594 -1.6567635988128004 1 CAMERA 1 75
76 1 0.99594529372903362 -0.011483657505753942 0.069925683679807588 0.055421081468977611 -1.9685162085865269 -1.8767494936398839 -1.6647391176205164 1 CAMERA 1 76
84 1 0.99573144203548059 -0.012363246334675261 0.069912643600312976 0.058976840766748036 -1.9666563576986176 -1.897437996993071 -1.6757669767796832 1 CAMERA 1 84
