# Frame list with one line of data per frame:
#   FRAME_ID, RIG_ID, RIG_FROM_WORLD[QW, QX, QY, QZ, TX, TY, TZ], NUM_DATA_IDS, DATA_IDS[] as (SENSOR_TYPE, SENSOR_ID, DATA_ID)
# Number of frames: 13
27 1 0.99981711674701901 0.01206980785218314 0.014602666195011698 0.0026105436380824453 5.3170017524252815 -2.2373943253904622 -0.96115226846633506 1 CAMERA 1 27
38 1 0.99705923467296687 0.01118228925645124 0.07580079215235612 0.0014418284981205344 -23.599448249095083 -2.7259939907995876 2.9810785514870721 1 CAMERA 1 38
40 1 0.99959685390037167 0.015478472587085061 0.023731884509732397 0.001828719898367316 1.185428202981279 -0.6431230794972268 1.8145486948644707 1 CAMERA 1 40
41 1 0.99980598181387259 0.015271058269426077 0.012322549865581487 0.0017170536801299537 6.4714622340706702 -0.7126192586911021 -1.0519427721445256 1 CAMERA 1 41
43 1 0.99951825876540557 0.014049985654362029 0.027611092436370176 0.0018643691035524217 -0.62559726764432733 -1.3262619828569995 1.8087213007809904 1 CAMERA 1 43
50 1 0.99955436500240658 0.018291066359424835 0.023509297526299051 0.0019547956136325663 1.1263101731689711 0.70797805432788774 -0.72683638151364394 1 CAMERA 1 50
51 1 0.99956207912258155 0.018577846005385795 0.022939666032075964 0.0020701063449128721 1.5079728417192486 0.83877550722856797 0.38011544831468236 1 CAMERA 1 51
53 1 0.9994219763989094 0.018076913609009856 0.028725755599207706 0.0019414557746682424 -1.3606356682679179 0.59509607565629763 0.067418616876385729 1 CAMERA 1 53
55 1 0.99939530413409905 0.018627454186349032 0.029285277359936111 0.0021015601820330476 -1.5209991699456729 0.85548713004094878 0.30565217269731965 1 CAMERA 1 55
57 1 0.9994501321968865 0.017704052027778264 0.027974882899606542 0.0018454593404947522 -0.92096932875428894 0.42232124007883209 -0.055182961860722642 1 CAMERA 1 57
58 1 0.99950081027856164 0.018542537943440626 0.025492920403307494 0.0021013206384092337 0.26205526286400666 0.82365067631862754 -0.061957341262129477 1 CAMERA 1 58
71 1 0.99943376835239695 0.018337994096429999 0.028142976575276549 0.0019579374173193768 -1.0487981033978342 0.73105462638403218 -0.68652605539167477 1 CAMERA 1 71
74 1 0.99924914209238069 0.018516661533430623 0.033963144453251312 0.0021886279138310571 -3.7621339727261427 0.7919555370297211 0.89272142606849536 1 CAMERA 1 74
