# Image list with two lines of data per image:
#   IMAGE_ID, QW, QX, QY, QZ, TX, TY, TZ, CAMERA_ID, NAME
#   POINTS2D[] as (X, Y, POINT3D_ID)
# Number of images: 13, mean observations per image: 82.307692307692307
27 0.99981711674701901 0.01206980785218314 0.014602666195011698 0.0026105436380824453 5.3170017524252815 -2.2373943253904622 -0.96115226846633506 1 000029.png
137.07882690429688 202.02659606933594 50 129.77490234375 136.4661865234375 1 112.92282867431641 24.604192733764648 2 105.62702178955078 156.59162902832031 -1 150.42778015136719 158.69017028808594 3 129.70677185058594 171.07978820800781 136 129.70677185058594 171.07978820800781 138 129.70677185058594 171.07978820800781 137 98.302696228027344 29.436288833618164 97 241.50163269042969 94.030899047851562 54 117.97317504882812 178.76426696777344 52 219.54551696777344 206.26295471191406 4 233.56686401367188 220.92706298828125 5 130.8375244140625 177.21052551269531 -1 130.8375244140625 177.21052551269531 -1 182.66787719726562 160.33598327636719 114 76.660675048828125 147.10466003417969 6 101.65743255615234 126.60765838623047 7 151.22158813476562 121.39598846435547 8 223.72967529296875 109.37268829345703 9 201.8482666015625 60.002689361572266 10 101.65743255615234 126.60765838623047 11 131.68489074707031 180.95877075195312 148 135.07954406738281 34.651908874511719 12 131.68489074707031 180.95877075195312 149 135.07954406738281 34.651908874511719 13 181.42204284667969 45.582782745361328 14 164.20082092285156 48.245784759521484 120 225.41065979003906 192.41923522949219 -1 195.80096435546875 197.31758117675781 135 156.46211242675781 77.033897399902344 60 174.55085754394531 40.282146453857422 16 164.47779846191406 102.8016357421875 17 167.9429931640625 90.739364624023438 18 156.46211242675781 77.033897399902344 19 151.73861694335938 103.99047088623047 20 182.79440307617188 70.329376220703125 21 113.02341461181641 44.40960693359375 22 169.35728454589844 45.78533935546875 -1 169.90969848632812 63.049999237060547 23 169.90969848632812 63.049999237060547 24 175.34614562988281 95.328964233398438 25 246.86184692382812 102.55197143554688 26 196.25970458984375 198.84767150878906 27 168.99139404296875 95.941696166992188 28 109.17301177978516 35.000225067138672 29 141.50341796875 19.085205078125 58 121.70883178710938 26.564903259277344 30 169.35728454589844 45.78533935546875 31 103.22967529296875 49.981830596923828 61 169.90969848632812 63.049999237060547 32 171.81649780273438 88.093505859375 33 254.69792175292969 94.040145874023438 -1 179.98806762695312 94.468742370605469 34 175.34614562988281 95.328964233398438 35 246.86184692382812 102.55197143554688 36 159.25691223144531 122.15213012695312 37 112.73860931396484 148.20706176757812 -1 196.25970458984375 198.84767150878906 -1 227.8438720703125 201.19818115234375 86 141.17033386230469 18.255548477172852 -1 238.22535705566406 211.52470397949219 38 151.58319091796875 75.646621704101562 39 251.10035705566406 96.46209716796875 -1 252.27079772949219 88.601905822753906 -1 84.806404113769531 130.34603881835938 40 252.27079772949219 88.601905822753906 -1 84.806404113769531 130.34603881835938 41 220.91732788085938 193.15008544921875 42 200.31422424316406 194.1922607421875 135 104.83028411865234 6.9495334625244141 -1 169.42982482910156 40.120597839355469 129 196.31098937988281 56.654766082763672 106 172.38720703125 60.337242126464844 -1 96.221214294433594 124.07657623291016 143 9.5134468078613281 193.70724487304688 -1 6.0084109306335449 196.30105590820312 -1 90.751953125 125.43582916259766 44 166.31192016601562 88.887374877929688 45 240.45294189453125 87.068656921386719 -1 158.57124328613281 80.503837585449219 130 234.49276733398438 77.425758361816406 -1 116.98918151855469 36.588268280029297 46 189.74662780761719 64.070877075195312 47 166.31192016601562 88.887374877929688 48 61.145313262939453 149.29725646972656 80 61.145313262939453 149.29725646972656 81 222.89280700683594 107.06551361083984 49 
38 0.99705923467296687 0.01118228925645124 0.07580079215235612 0.0014418284981205344 -23.599448249095083 -2.7259939907995876 2.9810785514870721 1 000037.png
132.56462097167969 116.99075317382812 82 138.82170104980469 201.26869201660156 50 172.77351379394531 128.92996215820312 110 172.77351379394531 128.92996215820312 -1 129.63888549804688 137.87417602539062 1 112.90799713134766 24.669660568237305 2 156.20332336425781 36.041080474853516 -1 228.90719604492188 126.32836151123047 51 151.28759765625 156.59904479980469 3 202.349853515625 62.917243957519531 -1 118.03714752197266 178.47238159179688 52 223.98237609863281 205.63278198242188 -1 238.35348510742188 219.70803833007812 5 187.52436828613281 51.8770751953125 53 244.63807678222656 93.087501525878906 54 244.63807678222656 93.087501525878906 83 131.49520874023438 178.67724609375 148 131.49520874023438 178.67724609375 149 135.88591003417969 35.7550048828125 55 119.25394439697266 162.43327331542969 56 135.88591003417969 35.7550048828125 12 228.18106079101562 108.58937072753906 9 151.46151733398438 120.97749328613281 8 79.954475402832031 148.89472961425781 6 119.25394439697266 162.43327331542969 57 135.88591003417969 35.7550048828125 13 144.93675231933594 21.787250518798828 58 151.82818603515625 104.11041259765625 20 161.21711730957031 114.18766784667969 59 164.31179809570312 102.83503723144531 17 156.44406127929688 76.996612548828125 60 156.44406127929688 76.996612548828125 19 180.92996215820312 44.797229766845703 14 167.87651062011719 90.699310302734375 18 113.02082824707031 44.380592346191406 22 175.26747131347656 95.298614501953125 35 121.63945007324219 26.42234992980957 30 175.26747131347656 95.298614501953125 25 251.8831787109375 102.50315856933594 26 109.19156646728516 34.864913940429688 29 169.21022033691406 45.865280151367188 31 103.31423187255859 50.591178894042969 61 169.91647338867188 63.051792144775391 32 183.51980590820312 69.842597961425781 21 171.74699401855469 88.009719848632812 33 179.96910095214844 94.472808837890625 34 169.00735473632812 95.904731750488281 28 251.8831787109375 102.50315856933594 36 243.923095703125 105.55014801025391 153 161.32577514648438 119.83448791503906 37 200.51608276367188 196.63641357421875 135 231.98631286621094 199.73318481445312 86 174.23284912109375 39.943305969238281 16 250.77909851074219 218.89918518066406 -1 169.91647338867188 63.051792144775391 23 169.91647338867188 63.051792144775391 24 246.90130615234375 214.73280334472656 88 151.67802429199219 115.94671630859375 92 209.72898864746094 176.38345336914062 154 151.67802429199219 115.94671630859375 -1 214.77420043945312 181.25094604492188 94 221.75436401367188 188.21279907226562 64 224.95109558105469 192.03028869628906 42 151.60372924804688 75.640068054199219 39 249.37074279785156 83.210372924804688 -1 249.37074279785156 83.210372924804688 -1 100.15135192871094 121.823974609375 65 126.23644256591797 30.653417587280273 66 126.23644256591797 30.653417587280273 67 123.75608062744141 39.904876708984375 68 100.15135192871094 121.823974609375 69 119.82310485839844 34.753215789794922 111 123.75608062744141 39.904876708984375 70 172.11471557617188 89.200859069824219 71 229.70147705078125 99.804931640625 91 244.36503601074219 101.15174865722656 153 154.02450561523438 102.62261962890625 73 227.34188842773438 107.07662963867188 49 92.615898132324219 128.412841796875 44 86.923385620117188 133.15669250488281 41 83.563705444335938 135.98947143554688 -1 68.856475830078125 148.02444458007812 -1 243.38575744628906 211.15817260742188 38 209.70341491699219 235.89523315429688 87 90.179756164550781 130.44889831542969 41 6.561582088470459 202.55502319335938 -1 204.56922912597656 193.45852661132812 135 22.722984313964844 189.05262756347656 -1 25.167482376098633 187.0810546875 -1 200.36433410644531 166.59902954101562 124 60.118412017822266 155.1285400390625 89 110.61495971679688 40.820674896240234 -1 166.28619384765625 88.963386535644531 75 244.36503601074219 101.15174865722656 93 154.02450561523438 102.62261962890625 76 92.615898132324219 128.412841796875 -1 116.86616516113281 36.665321350097656 46 86.923385620117188 133.15669250488281 40 83.563705444335938 135.98947143554688 -1 68.856475830078125 148.02444458007812 -1 65.985710144042969 150.46748352050781 80 204.56922912597656 193.45852661132812 112 204.56922912597656 193.45852661132812 -1 209.70341491699219 235.89523315429688 90 110.61495971679688 40.820674896240234 -1 189.49966430664062 64.494499206542969 47 248.27558898925781 86.02679443359375 78 251.62567138671875 88.019783020019531 -1 166.28619384765625 88.963386535644531 45 65.985710144042969 150.46748352050781 81 90.179756164550781 130.44889831542969 40 42.779315948486328 172.52720642089844 -1 108.24037170410156 79.697860717773438 133 
40 0.99959685390037167 0.015478472587085061 0.023731884509732397 0.001828719898367316 1.185428202981279 -0.6431230794972268 1.8145486948644707 1 000040.png
137.30018615722656 200.94406127929688 50 175.64057922363281 130.45762634277344 110 199.97123718261719 74.869094848632812 95 129.76541137695312 136.40957641601562 1 112.93318939208984 24.652887344360352 2 225.22676086425781 123.54904174804688 51 225.22676086425781 123.54904174804688 96 151.18342590332031 156.32667541503906 3 220.8756103515625 200.77281188964844 4 234.37484741210938 213.92868041992188 5 203.93423461914062 189.70809936523438 -1 203.93423461914062 189.70809936523438 -1 186.90435791015625 51.495220184326172 53 120.42323303222656 176.98704528808594 -1 103.65166473388672 125.63090515136719 7 201.79597473144531 59.977687835693359 10 224.19938659667969 106.01964569091797 9 151.57881164550781 120.84192657470703 8 77.799263000488281 147.60942077636719 6 103.65166473388672 125.63090515136719 11 156.54966735839844 76.960014343261719 19 135.43991088867188 34.886508941650391 13 135.43991088867188 34.886508941650391 12 180.91828918457031 44.828300476074219 14 167.83590698242188 90.653045654296875 18 164.42318725585938 102.89249420166016 17 151.88583374023438 103.96741485595703 20 161.36683654785156 114.34897613525391 59 174.43890380859375 40.194389343261719 16 241.45196533203125 202.0582275390625 -1 113.01641845703125 43.963596343994141 22 169.18264770507812 46.443401336669922 31 169.90235900878906 63.052093505859375 32 171.79385375976562 88.081802368164062 33 179.95454406738281 94.444129943847656 34 175.29812622070312 95.346290588378906 35 169.01971435546875 95.835464477539062 28 247.45059204101562 99.606063842773438 36 239.18881225585938 102.25328826904297 153 250.40664672851562 106.45330047607422 -1 161.46058654785156 119.82144165039062 37 197.90931701660156 192.19392395019531 135 109.16609954833984 34.964530944824219 29 121.67626190185547 26.579057693481445 118 169.90235900878906 63.052093505859375 23 169.90235900878906 63.052093505859375 24 175.29812622070312 95.346290588378906 25 247.45059204101562 99.606063842773438 26 239.18881225585938 102.25328826904297 153 250.40664672851562 106.45330047607422 -1 197.90931701660156 192.19392395019531 27 183.60188293457031 70.105873107910156 21 121.67626190185547 26.579057693481445 30 127.23875427246094 34.098049163818359 -1 239.25674438476562 205.54403686523438 38 248.12356567382812 214.53900146484375 -1 242.23600769042969 208.69036865234375 88 122.62586212158203 40.533004760742188 70 251.57908630371094 218.46055603027344 -1 251.68339538574219 84.557205200195312 -1 126.21333312988281 30.635843276977539 66 222.63352966308594 188.15090942382812 42 122.62586212158203 40.533004760742188 68 98.626907348632812 120.11571502685547 69 181.07791137695312 182.06675720214844 -1 181.07791137695312 182.06675720214844 -1 151.58552551269531 75.632904052734375 39 247.5263671875 81.85107421875 -1 98.626907348632812 120.11571502685547 65 206.74899291992188 172.26860046386719 154 181.07791137695312 182.06675720214844 -1 126.21333312988281 30.635843276977539 67 251.03262329101562 113.10427856445312 -1 89.110443115234375 128.17228698730469 44 85.856414794921875 131.08473205566406 41 195.13655090332031 160.0709228515625 124 223.63031005859375 103.84402465820312 49 29.247714996337891 180.95567321777344 102 11.122198104858398 195.81953430175781 -1 18.311796188354492 190.03269958496094 100 166.29853820800781 88.926422119140625 75 166.29853820800781 88.926422119140625 48 237.00782775878906 96.052444458007812 93 154.08952331542969 102.95532989501953 76 85.856414794921875 131.08473205566406 40 247.53646850585938 85.465705871582031 78 117.00878143310547 36.566390991210938 46 102.94107055664062 44.424304962158203 -1 189.39205932617188 64.656692504882812 47 243.415283203125 82.884613037109375 78 166.29853820800781 88.926422119140625 45 180.96450805664062 89.136848449707031 -1 172.10685729980469 89.311607360839844 71 237.00782775878906 96.052444458007812 -1 218.17344665527344 183.46783447265625 64 154.08952331542969 102.95532989501953 73 13.626550674438477 193.70286560058594 -1 156.82217407226562 97.360572814941406 -1 100.84931182861328 121.41209411621094 -1 45.353168487548828 167.50361633300781 -1 101.88735198974609 1.9295780658721924 -1 
41 0.99980598181387259 0.015271058269426077 0.012322549865581487 0.0017170536801299537 6.4714622340706702 -0.7126192586911021 -1.0519427721445256 1 000041.png
132.61231994628906 118.0142822265625 82 136.87454223632812 201.63648986816406 50 199.75433349609375 74.673919677734375 95 129.88313293457031 136.53091430664062 1 112.92996978759766 24.638395309448242 2 225.00294494628906 123.3658447265625 51 225.00294494628906 123.3658447265625 96 151.15365600585938 156.428955078125 3 98.149971008300781 29.237735748291016 97 118.22585296630859 178.73651123046875 52 220.86354064941406 201.67619323730469 4 234.74241638183594 215.36793518066406 5 187.3564453125 51.876880645751953 53 240.78311157226562 90.867706298828125 54 240.78311157226562 90.867706298828125 83 131.41850280761719 178.68643188476562 148 131.41850280761719 178.68643188476562 149 125.05615997314453 11.417293548583984 98 201.71070861816406 59.755893707275391 10 223.84738159179688 105.99362945556641 9 151.45819091796875 121.1683349609375 8 102.39469909667969 126.156982421875 7 91.693428039550781 134.64801025390625 -1 131.69961547851562 180.50045776367188 148 131.69961547851562 180.50045776367188 149 102.39469909667969 126.156982421875 11 141.61907958984375 19.955564498901367 58 156.55628967285156 76.953201293945312 19 135.08132934570312 34.664821624755859 13 181.36854553222656 45.630542755126953 14 139.07173156738281 182.21815490722656 115 135.08132934570312 34.664821624755859 12 167.79586791992188 90.608573913574219 18 164.28335571289062 102.76315307617188 17 152.02932739257812 103.97012329101562 20 175.27845764160156 95.2821044921875 35 175.27845764160156 95.2821044921875 25 112.98554992675781 44.056056976318359 22 169.033203125 46.729244232177734 31 169.9090576171875 63.079452514648438 32 194.85650634765625 62.969749450683594 -1 171.79177856445312 88.034049987792969 33 237.91444396972656 91.031150817871094 -1 179.97834777832031 94.4600830078125 34 168.94692993164062 95.975868225097656 28 247.2835693359375 99.167724609375 36 238.37692260742188 101.573974609375 153 197.33697509765625 193.47625732421875 135 228.18952941894531 195.25863647460938 86 121.68973541259766 26.594364166259766 118 169.9090576171875 63.079452514648438 23 169.9090576171875 63.079452514648438 24 194.85650634765625 62.969749450683594 -1 247.2835693359375 99.167724609375 26 197.33697509765625 193.47625732421875 27 109.15804290771484 35.028297424316406 29 121.68973541259766 26.594364166259766 30 174.236572265625 39.903202056884766 16 160.62611389160156 120.25511169433594 37 96.95977783203125 120.48310852050781 65 81.966140747070312 133.39483642578125 41 42.454322814941406 165.71461486816406 -1 206.83818054199219 231.97390747070312 87 218.35000610351562 184.71083068847656 64 221.81669616699219 188.51362609863281 42 242.97209167480469 210.04872131347656 88 197.792236328125 195.009521484375 -1 238.21652221679688 205.13764953613281 38 52.182331085205078 158.01286315917969 89 52.182331085205078 158.01286315917969 -1 96.95977783203125 120.48310852050781 69 81.966140747070312 133.39483642578125 -1 42.454322814941406 165.71461486816406 -1 197.792236328125 195.009521484375 -1 206.83818054199219 231.97390747070312 90 187.86297607421875 70.320037841796875 21 151.53172302246094 75.737945556640625 39 100.04737854003906 5.9569344520568848 125 126.53705596923828 30.655660629272461 66 116.95510101318359 36.615283966064453 46 195.923828125 57.149532318115234 106 167.74935913085938 60.504573822021484 -1 250.57754516601562 87.269981384277344 -1 166.3328857421875 88.847991943359375 45 172.1236572265625 89.391983032226562 71 250.09040832519531 92.03875732421875 -1 225.29263305664062 96.426918029785156 91 239.51388549804688 97.774787902832031 153 244.81681823730469 101.95876312255859 -1 154.01101684570312 102.89622497558594 73 223.18742370605469 104.16664123535156 49 151.76852416992188 116.54876708984375 92 31.204513549804688 178.62261962890625 105 239.51388549804688 97.774787902832031 93 212.22898864746094 178.73529052734375 94 37.260669708251953 173.45497131347656 122 42.854770660400391 169.10359191894531 -1 14.043087959289551 193.25810241699219 100 58.773708343505859 155.96208190917969 126 90.5439453125 129.47421264648438 44 87.075592041015625 129.06988525390625 41 243.03016662597656 82.494293212890625 78 166.3328857421875 88.847991943359375 75 2.5502524375915527 202.38703918457031 -1 233.13296508789062 216.47994995117188 -1 24.361154556274414 184.57778930664062 102 87.075592041015625 129.06988525390625 40 103.02713775634766 44.027351379394531 -1 99.174468994140625 122.02076721191406 -1 
43 0.99951825876540557 0.014049985654362029 0.027611092436370176 0.0018643691035524217 -0.62559726764432733 -1.3262619828569995 1.8087213007809904 1 000039.png
180.10122680664062 131.42715454101562 -1 137.60600280761719 200.84721374511719 50 200.48162841796875 75.612922668457031 95 129.69505310058594 137.33592224121094 1 112.91862487792969 24.660543441772461 2 225.99313354492188 124.76145172119141 51 225.99313354492188 124.76145172119141 96 151.01327514648438 156.86698913574219 3 130.2777099609375 171.31703186035156 136 130.2777099609375 171.31703186035156 137 97.999984741210938 28.91798210144043 97 220.98829650878906 202.72744750976562 4 234.43821716308594 216.06179809570312 5 126.46379852294922 13.318572998046875 98 187.0469970703125 51.464893341064453 53 119.72163391113281 178.26545715332031 52 119.72163391113281 178.26545715332031 -1 201.95365905761719 60.244552612304688 10 93.145942687988281 135.01040649414062 -1 224.88758850097656 107.683837890625 9 151.45048522949219 121.18247222900391 8 103.72664642333984 126.40925598144531 7 135.7210693359375 35.695365905761719 12 78.290390014648438 147.88578796386719 6 118.92290496826172 162.70079040527344 57 118.92290496826172 162.70079040527344 56 103.72664642333984 126.40925598144531 11 135.7210693359375 35.695365905761719 55 135.7210693359375 35.695365905761719 13 156.52168273925781 76.995338439941406 19 156.52168273925781 76.995338439941406 60 174.4737548828125 40.19677734375 16 164.14053344726562 48.091632843017578 120 102.68057250976562 49.641574859619141 61 167.86161804199219 90.702507019042969 18 164.27708435058594 102.88825988769531 17 151.90066528320312 103.80216979980469 20 203.41755676269531 198.47296142578125 -1 161.19168090820312 114.3948974609375 59 226.41998291015625 188.40763854980469 -1 203.41755676269531 198.47296142578125 -1 180.92044067382812 44.826465606689453 14 121.62420654296875 26.488405227661133 118 175.26762390136719 95.312667846679688 25 175.26762390136719 95.312667846679688 35 121.62420654296875 26.488405227661133 30 248.1927490234375 101.21490478515625 26 169.90937805175781 63.059547424316406 24 169.90937805175781 63.059547424316406 23 143.28309631347656 20.276609420776367 58 198.054931640625 193.95231628417969 27 198.054931640625 193.95231628417969 135 248.1927490234375 101.21490478515625 36 169.08090209960938 95.817901611328125 28 109.20613861083984 34.874088287353516 29 179.98576354980469 94.488540649414062 34 171.84645080566406 88.193611145019531 33 169.90937805175781 63.059547424316406 32 169.09588623046875 46.142337799072266 31 112.99979400634766 44.042278289794922 22 45.231224060058594 164.68051147460938 -1 89.028236389160156 129.00384521484375 44 243.10299682617188 211.34809875488281 88 126.2071533203125 30.619342803955078 66 123.82206726074219 39.793243408203125 70 151.58184814453125 75.643363952636719 39 247.77716064453125 85.551597595214844 78 224.18663024902344 106.01357269287109 49 251.62026977539062 108.79818725585938 -1 160.92970275878906 119.91950225830078 37 181.0281982421875 183.40019226074219 -1 218.94439697265625 185.71818542480469 64 222.30047607421875 189.141357421875 42 238.95147705078125 206.84292602539062 38 126.2071533203125 30.619342803955078 67 123.82206726074219 39.793243408203125 68 251.62026977539062 108.79818725585938 -1 45.231224060058594 164.68051147460938 -1 181.0281982421875 183.40019226074219 -1 181.0281982421875 183.40019226074219 -1 181.0281982421875 183.40019226074219 -1 89.028236389160156 129.00384521484375 40 201.62492370605469 190.22166442871094 135 21.344301223754883 188.19754028320312 -1 24.873203277587891 184.96612548828125 -1 28.122838973999023 182.10536193847656 102 30.736949920654297 179.86140441894531 -1 254.16766357421875 92.62115478515625 -1 203.46286010742188 169.87774658203125 154 91.838706970214844 126.667236328125 44 253.1123046875 112.99065399169922 -1 154.02333068847656 102.76193237304688 73 189.39219665527344 205.89851379394531 -1 172.11819458007812 89.320236206054688 71 166.26649475097656 88.89080810546875 45 111.03078460693359 85.302108764648438 -1 238.03787231445312 82.721107482910156 -1 244.25199890136719 80.293563842773438 -1 158.55079650878906 80.591171264648438 130 238.71971130371094 79.991409301757812 -1 211.45454406738281 75.58740234375 -1 184.43011474609375 69.879112243652344 21 189.48063659667969 64.567573547363281 47 169.51336669921875 40.529747009277344 -1 172.14125061035156 60.192787170410156 -1 211.45454406738281 75.58740234375 -1 111.03078460693359 85.302108764648438 -1 166.26649475097656 88.89080810546875 48 180.94859313964844 89.146995544433594 -1 201.62492370605469 190.22166442871094 112 206.56141662597656 231.9652099609375 90 252.40336608886719 210.79812622070312 -1 206.56141662597656 231.9652099609375 87 227.39756774902344 193.11639404296875 86 205.05464172363281 190.42144775390625 -1 10.171825408935547 196.93145751953125 -1 2.9110517501831055 202.63104248046875 -1 172.14125061035156 60.192787170410156 -1 196.1365966796875 56.791465759277344 106 169.51336669921875 40.529747009277344 129 117.07647705078125 36.543437957763672 46 104.98134613037109 6.897944450378418 -1 34.624496459960938 176.7578125 105 18.066082000732422 190.25840759277344 100 
50 0.99955436500240658 0.018291066359424835 0.023509297526299051 0.0019547956136325663 1.1263101731689711 0.70797805432788774 -0.72683638151364394 1 000049.png
131.4901123046875 117.70196533203125 82 136.59031677246094 201.13575744628906 50 173.64483642578125 129.79214477539062 110 200.02729797363281 74.688087463378906 95 130.87043762207031 134.80305480957031 1 112.97945404052734 24.646787643432617 2 226.00259399414062 122.04306030273438 51 226.00259399414062 122.04306030273438 96 151.99066162109375 155.43115234375 3 97.983718872070312 28.826894760131836 97 118.94847106933594 177.778076171875 52 221.377685546875 200.13119506835938 4 235.61444091796875 214.26472473144531 5 187.59413146972656 51.892192840576172 53 124.93072509765625 11.176050186157227 98 230.824462890625 77.561203002929688 -1 201.78401184082031 59.962753295898438 10 239.73611450195312 88.377418518066406 54 224.58567810058594 104.75179290771484 9 151.7545166015625 120.67926788330078 8 75.626724243164062 147.698486328125 6 183.62179565429688 154.87318420410156 114 239.73611450195312 88.377418518066406 -1 156.49577331542969 76.949859619140625 19 181.22976684570312 45.253387451171875 14 140.32948303222656 180.28141784667969 115 156.49577331542969 76.949859619140625 60 174.55136108398438 40.249526977539062 16 167.94017028808594 90.634963989257812 18 134.96929931640625 33.474895477294922 12 134.96929931640625 33.474895477294922 13 164.27700805664062 102.61397552490234 17 151.99539184570312 104.22821807861328 20 113.77991485595703 121.882080078125 -1 183.29934692382812 69.916038513183594 21 249.02989196777344 92.456466674804688 -1 121.70874786376953 26.284795761108398 30 112.96583557128906 43.751621246337891 22 169.925537109375 63.040695190429688 32 171.76106262207031 87.942138671875 33 180.03779602050781 94.347702026367188 34 175.412353515625 95.308982849121094 35 168.97062683105469 95.863983154296875 28 248.24174499511719 97.9471435546875 36 239.45916748046875 100.43010711669922 153 161.49554443359375 119.57832336425781 37 198.08645629882812 192.42764282226562 135 228.82025146484375 193.92240905761719 86 251.96812438964844 217.55390930175781 -1 169.925537109375 63.040695190429688 23 169.925537109375 63.040695190429688 24 175.412353515625 95.308982849121094 25 248.24174499511719 97.9471435546875 26 198.08645629882812 192.42764282226562 27 109.18144989013672 34.913509368896484 29 141.51663208007812 19.11811637878418 58 184.0338134765625 69.990753173828125 21 210.10337829589844 72.299766540527344 -1 207.5673828125 172.36561584472656 154 229.71311950683594 74.691856384277344 -1 222.32646179199219 187.32598876953125 42 151.56118774414062 75.753524780273438 39 252.25860595703125 105.73876190185547 -1 251.28555297851562 87.949615478515625 -1 126.39933013916016 30.613861083984375 66 177.57846069335938 91.218986511230469 -1 243.56915283203125 208.95883178710938 88 202.37460327148438 188.54107666015625 135 211.96231079101562 176.60780334472656 94 177.57846069335938 91.218986511230469 -1 210.10337829589844 72.299766540527344 -1 251.28555297851562 87.949615478515625 -1 252.25860595703125 105.73876190185547 -1 14.034329414367676 191.74945068359375 100 240.29682922363281 205.461669921875 38 246.99801635742188 212.11212158203125 -1 151.78994750976562 116.58670806884766 92 90.082405090332031 125.56327056884766 44 54.290069580078125 158.60061645507812 -1 226.36441040039062 95.354133605957031 91 242.44784545898438 101.78706359863281 153 243.01475524902344 82.523651123046875 78 172.061279296875 89.161186218261719 71 108.72708892822266 5.010836124420166 -1 100.24124908447266 6.0730695724487305 125 207.36106872558594 230.64761352539062 87 25.441303253173828 182.22305297851562 102 37.836353302001953 171.75802612304688 122 204.07557678222656 168.41267395019531 154 108.72708892822266 5.010836124420166 -1 116.92927551269531 36.630096435546875 46 169.40225219726562 40.190879821777344 129 166.41096496582031 88.892173767089844 75 207.36106872558594 230.64761352539062 90 189.60087585449219 64.365516662597656 47 166.41096496582031 88.892173767089844 45 166.41096496582031 88.892173767089844 48 180.95933532714844 89.105789184570312 -1 240.61085510253906 96.468116760253906 153 113.95173645019531 105.13617706298828 -1 251.20698547363281 111.27144622802734 -1 168.24223327636719 47.835659027099609 31 169.40225219726562 40.190879821777344 -1 107.04190063476562 57.854846954345703 -1 241.910888671875 108.11558532714844 -1 241.910888671875 108.11558532714844 -1 
51 0.99956207912258155 0.018577846005385795 0.022939666032075964 0.0020701063449128721 1.5079728417192486 0.83877550722856797 0.38011544831468236 1 000050.png
131.06871032714844 117.51630401611328 82 136.63429260253906 201.08642578125 50 172.97946166992188 129.59162902832031 110 200.09202575683594 74.706977844238281 95 130.85873413085938 134.39352416992188 1 113.00441741943359 24.640554428100586 2 130.77427673339844 170.78659057617188 136 151.74717712402344 155.65219116210938 3 130.77427673339844 170.78659057617188 137 130.77427673339844 170.78659057617188 138 97.993911743164062 28.870763778686523 97 118.75009155273438 177.54170227050781 52 221.53817749023438 200.05148315429688 4 187.57525634765625 51.876216888427734 53 124.87989044189453 11.087244987487793 98 201.77931213378906 60.099514007568359 10 239.93057250976562 88.488250732421875 54 224.67864990234375 104.6077880859375 9 151.689697265625 120.67788696289062 8 239.93057250976562 88.488250732421875 83 239.93057250976562 88.488250732421875 -1 135.29545593261719 34.133411407470703 12 140.32247924804688 180.78456115722656 115 132.63761901855469 179.54270935058594 148 132.63761901855469 179.54270935058594 149 135.29545593261719 34.133411407470703 13 156.5115966796875 76.911544799804688 19 167.9149169921875 90.575973510742188 18 164.33834838867188 102.72946166992188 17 151.991943359375 103.7578125 20 141.74798583984375 19.768239974975586 58 180.85841369628906 44.772090911865234 14 156.5115966796875 76.911544799804688 60 169.93087768554688 63.016304016113281 24 236.09962463378906 82.578056335449219 -1 175.36497497558594 95.306221008300781 25 197.90155029296875 192.06242370605469 27 121.71288299560547 26.631080627441406 30 174.3604736328125 39.958667755126953 16 195.32968139648438 62.435947418212891 -1 169.93087768554688 63.016304016113281 32 181.5009765625 77.034988403320312 -1 236.09962463378906 82.578056335449219 -1 171.92961120605469 88.132858276367188 33 179.99678039550781 94.394760131835938 34 175.36497497558594 95.306221008300781 35 169.01585388183594 95.850074768066406 28 161.51679992675781 119.57286834716797 37 197.90155029296875 192.06242370605469 135 251.52461242675781 217.14697265625 -1 121.71288299560547 26.631080627441406 118 195.32968139648438 62.435947418212891 -1 169.93087768554688 63.016304016113281 23 164.97579956054688 49.275215148925781 120 154.06439208984375 102.70481109619141 73 238.99787902832031 197.67501831054688 -1 119.90617370605469 34.702423095703125 111 116.04750823974609 45.373542785644531 22 126.29353332519531 30.627521514892578 66 151.56935119628906 75.688835144042969 39 177.6514892578125 90.940460205078125 -1 177.6514892578125 90.940460205078125 -1 240.54751586914062 121.85406494140625 -1 207.11317443847656 171.76242065429688 154 222.45973205566406 187.46513366699219 42 126.29353332519531 30.627521514892578 67 116.04750823974609 45.373542785644531 -1 202.40133666992188 188.4761962890625 135 238.63385009765625 203.74188232421875 38 243.93316650390625 209.16151428222656 88 111.02816772460938 85.346038818359375 -1 166.42184448242188 88.850517272949219 45 172.06796264648438 89.090522766113281 71 180.94229125976562 89.134124755859375 -1 177.95060729980469 90.090599060058594 -1 226.65577697753906 95.744941711425781 91 252.36795043945312 109.08833312988281 -1 114.51681518554688 111.10572814941406 -1 151.81315612792969 116.39641571044922 92 92.611404418945312 123.42024230957031 44 241.44827270507812 200.09031677246094 -1 207.50221252441406 230.69366455078125 87 184.37928771972656 69.888717651367188 21 108.92857360839844 5.0670065879821777 -1 100.10749816894531 6.0368361473083496 125 117.02466583251953 36.583572387695312 46 216.97093200683594 181.52445983886719 64 212.11117553710938 176.68264770507812 94 203.64138793945312 168.00096130371094 154 194.95761108398438 159.35206604003906 124 54.363925933837891 158.41935729980469 -1 60.793754577636719 153.15043640136719 126 108.92857360839844 5.0670065879821777 -1 169.38145446777344 40.534408569335938 -1 111.02816772460938 85.346038818359375 -1 169.38145446777344 40.534408569335938 129 166.42184448242188 88.850517272949219 48 177.95060729980469 90.090599060058594 -1 133.48355102539062 184.03123474121094 -1 207.50221252441406 230.69366455078125 90 177.02175903320312 44.16888427734375 -1 196.13449096679688 56.768360137939453 106 83.844581604003906 134.38534545898438 -1 133.48355102539062 184.03123474121094 -1 189.58193969726562 64.309814453125 47 158.53752136230469 80.517868041992188 130 242.9949951171875 82.657752990722656 78 19.998590469360352 186.50904846191406 -1 6.7379140853881836 197.16342163085938 -1 166.42184448242188 88.850517272949219 75 200.997314453125 165.34162902832031 -1 86.279502868652344 132.11907958984375 -1 
53 0.9994219763989094 0.018076913609009856 0.028725755599207706 0.0019414557746682424 -1.3606356682679179 0.59509607565629763 0.067418616876385729 1 000053.png
130.50801086425781 117.30615234375 82 136.69880676269531 201.18830871582031 50 173.48194885253906 129.72993469238281 110 200.05642700195312 74.619056701660156 95 130.817138671875 134.60166931152344 1 112.95335388183594 24.630596160888672 2 126.11661529541016 97.869674682617188 -1 151.9722900390625 155.93721008300781 3 98.020805358886719 29.027936935424805 97 118.68240356445312 177.44606018066406 52 221.83099365234375 200.54086303710938 4 187.52897644042969 51.869968414306641 53 124.97662353515625 11.23287296295166 98 240.33987426757812 88.585472106933594 54 201.70574951171875 60.032695770263672 10 224.56974792480469 104.55127716064453 9 151.75596618652344 120.60575866699219 8 101.15137481689453 126.92005157470703 11 75.552001953125 147.92559814453125 6 183.80813598632812 155.21839904785156 114 101.15137481689453 126.92005157470703 7 240.33987426757812 88.585472106933594 83 240.33987426757812 88.585472106933594 -1 231.591064453125 77.331710815429688 -1 140.40866088867188 180.50276184082031 115 167.86238098144531 90.549171447753906 18 248.90481567382812 92.356193542480469 -1 164.2974853515625 102.75420379638672 17 174.4898681640625 40.146751403808594 16 180.87849426269531 44.7945556640625 14 164.42892456054688 48.159900665283203 120 156.54171752929688 76.896270751953125 19 135.0875244140625 33.672225952148438 13 156.54171752929688 76.896270751953125 60 135.0875244140625 33.672225952148438 12 121.70162963867188 26.280210494995117 30 141.59707641601562 19.24470329284668 58 190.15657043457031 68.790863037109375 -1 171.75820922851562 87.979438781738281 33 180.00546264648438 94.412429809570312 34 175.34432983398438 95.29248046875 35 168.97087097167969 95.912193298339844 28 248.51451110839844 97.83087158203125 26 239.58639526367188 100.32448577880859 153 161.48637390136719 114.33560943603516 59 161.50648498535156 119.47750854492188 37 229.26338195800781 194.37474060058594 86 251.00677490234375 216.40422058105469 -1 169.90402221679688 63.048030853271484 23 169.90402221679688 63.048030853271484 24 175.34432983398438 95.29248046875 25 248.51451110839844 97.83087158203125 36 112.96063995361328 43.747951507568359 22 169.90402221679688 63.048030853271484 32 109.01467132568359 35.772941589355469 29 238.63319396972656 203.63594055175781 38 207.58346557617188 172.28971862792969 154 151.56138610839844 75.704338073730469 39 119.85203552246094 34.741447448730469 111 234.72900390625 77.358474731445312 -1 126.3568115234375 30.645139694213867 66 252.12911987304688 88.538955688476562 -1 177.58024597167969 91.230400085449219 -1 83.81591796875 130.87513732910156 41 211.65213012695312 176.48040771484375 94 93.054389953613281 123.18099975585938 143 177.58024597167969 91.230400085449219 -1 93.054389953613281 123.18099975585938 -1 83.81591796875 130.87513732910156 40 202.37295532226562 188.55311584472656 112 218.75119018554688 182.8966064453125 64 222.400390625 187.29850769042969 42 202.37295532226562 188.55311584472656 135 54.290283203125 158.71778869628906 -1 133.4912109375 184.16934204101562 -1 12.997028350830078 192.47915649414062 -1 9.7046976089477539 194.74726867675781 -1 239.37005615234375 197.90870666503906 -1 16.087612152099609 189.92594909667969 100 117.01728057861328 36.560890197753906 46 169.41278076171875 40.218185424804688 129 27.26209831237793 180.55683898925781 102 189.45333862304688 64.728912353515625 47 61.516822814941406 149.20819091796875 -1 81.048530578613281 133.18869018554688 -1 184.35786437988281 69.974693298339844 21 151.88999938964844 116.43770599365234 92 169.41278076171875 40.218185424804688 -1 158.54336547851562 80.499961853027344 130 166.40065002441406 88.78515625 48 243.14894104003906 82.616363525390625 78 81.048530578613281 133.18869018554688 -1 61.516822814941406 149.20819091796875 -1 133.4912109375 184.16934204101562 -1 166.40065002441406 88.78515625 45 246.82725524902344 85.057540893554688 78 180.97242736816406 89.116432189941406 -1 172.07485961914062 89.266471862792969 71 226.20086669921875 95.175544738769531 91 39.844139099121094 170.08491516113281 122 166.40065002441406 88.78515625 75 114.09755706787109 104.94377899169922 -1 86.883102416992188 131.55715942382812 -1 
55 0.99939530413409905 0.018627454186349032 0.029285277359936111 0.0021015601820330476 -1.5209991699456729 0.85548713004094878 0.30565217269731965 1 000054.png
131.82478332519531 117.91004180908203 82 136.64295959472656 201.24864196777344 50 173.177978515625 129.62799072265625 110 200.07572937011719 74.668083190917969 95 131.01512145996094 134.83479309082031 1 112.95415496826172 24.638874053955078 2 126.37728881835938 98.596549987792969 -1 226.31015014648438 121.76713562011719 51 226.31015014648438 121.76713562011719 96 130.80201721191406 169.89265441894531 136 152.1673583984375 155.47157287597656 3 130.80201721191406 169.89265441894531 138 130.80201721191406 169.89265441894531 137 98.083053588867188 29.090764999389648 97 185.46940612792969 51.281387329101562 -1 120.14163970947266 99.044204711914062 -1 119.2421875 177.74313354492188 52 221.4981689453125 199.99787902832031 4 235.67005920410156 214.46540832519531 5 124.92766571044922 11.166312217712402 98 240.05427551269531 88.710342407226562 -1 151.7147216796875 120.77037048339844 8 201.7322998046875 60.057010650634766 10 240.05427551269531 88.710342407226562 54 75.605598449707031 147.55545043945312 6 240.05427551269531 88.710342407226562 83 224.4835205078125 104.65702056884766 9 140.27963256835938 180.71498107910156 115 135.30418395996094 34.193222045898438 12 132.67033386230469 179.46200561523438 149 132.67033386230469 179.46200561523438 148 181.33970642089844 45.419116973876953 14 135.30418395996094 34.193222045898438 13 185.2696533203125 154.55911254882812 114 167.88014221191406 90.57647705078125 18 152.04376220703125 103.58648681640625 20 241.16456604003906 116.02973937988281 -1 232.96183776855469 77.279220581054688 -1 156.54524230957031 76.880531311035156 60 156.54524230957031 76.880531311035156 19 174.65373229980469 40.322830200195312 16 164.31730651855469 47.942535400390625 120 164.38758850097656 102.84877777099609 17 235.73307800292969 82.534759521484375 -1 171.9423828125 88.196029663085938 33 180.00978088378906 94.39630126953125 34 168.98023986816406 95.930099487304688 28 248.00642395019531 97.980903625488281 36 198.04327392578125 192.468505859375 135 251.0416259765625 216.66140747070312 -1 121.69809722900391 26.615531921386719 118 169.91667175292969 63.034629821777344 23 169.91667175292969 63.034629821777344 24 235.73307800292969 82.534759521484375 -1 248.00642395019531 97.980903625488281 26 198.04327392578125 192.468505859375 27 109.16672515869141 34.948818206787109 29 141.53338623046875 19.17918586730957 58 121.69809722900391 26.615531921386719 30 169.91667175292969 63.034629821777344 32 161.39675903320312 119.332275390625 37 126.23392486572266 30.625518798828125 66 100.09556579589844 117.12522888183594 65 24.743144989013672 182.82064819335938 -1 222.59100341796875 187.46147155761719 42 202.41587829589844 188.53793334960938 135 239.87870788574219 205.14851379394531 38 233.95716857910156 77.045562744140625 -1 116.06037902832031 45.465774536132812 -1 110.48910522460938 70.414459228515625 -1 184.05242919921875 70.076499938964844 21 202.41587829589844 188.53793334960938 112 100.09556579589844 117.12522888183594 69 126.23392486572266 30.625518798828125 67 116.06037902832031 45.465774536132812 22 110.48910522460938 70.414459228515625 -1 151.53533935546875 75.712013244628906 39 242.01644897460938 101.43608093261719 153 224.04342651367188 103.21121978759766 49 242.01182556152344 108.01689147949219 -1 181.0029296875 89.089439392089844 -1 36.416278839111328 172.91853332519531 122 218.83378601074219 183.51615905761719 64 9.5516748428344727 195.16943359375 -1 204.00225830078125 168.40118408203125 154 216.02293395996094 180.35140991210938 -1 70.151542663574219 145.33949279785156 -1 72.859725952148438 139.92762756347656 -1 92.89361572265625 123.13204956054688 44 239.53768920898438 121.03921508789062 -1 154.00715637207031 102.98947906494141 73 226.26397705078125 95.297874450683594 91 166.37223815917969 88.829559326171875 75 222.84849548339844 75.062355041503906 -1 117.19346618652344 36.478172302246094 46 169.42376708984375 40.251548767089844 129 72.859725952148438 139.92762756347656 -1 110.69066619873047 40.928298950195312 -1 168.81755065917969 44.528846740722656 31 196.01693725585938 56.94122314453125 106 154.00715637207031 102.98947906494141 76 189.70159912109375 64.160995483398438 47 201.75625610351562 166.03506469726562 -1 245.28392028808594 84.07073974609375 78 166.37223815917969 88.829559326171875 45 172.12422180175781 89.19683837890625 71 166.37223815917969 88.829559326171875 48 100.26496887207031 6.345670223236084 125 27.447759628295898 179.99433898925781 102 95.852363586425781 123.9146728515625 -1 
57 0.9994501321968865 0.017704052027778264 0.027974882899606542 0.0018454593404947522 -0.92096932875428894 0.42232124007883209 -0.055182961860722642 1 000057.png
132.11953735351562 118.118896484375 82 136.67076110839844 201.11277770996094 50 173.84652709960938 129.75477600097656 110 200.08058166503906 74.640106201171875 95 130.96900939941406 134.86041259765625 1 112.95652770996094 24.650114059448242 2 226.36491394042969 121.75522613525391 51 226.36491394042969 121.75522613525391 96 130.88589477539062 169.93568420410156 136 152.1585693359375 155.67184448242188 3 130.88589477539062 169.93568420410156 137 130.88589477539062 169.93568420410156 138 98.0380859375 28.993316650390625 97 185.53842163085938 51.278598785400391 -1 118.4296875 177.48481750488281 52 221.56973266601562 200.41108703613281 4 235.72001647949219 214.33592224121094 5 124.91578674316406 11.142828941345215 98 163.85234069824219 134.27445983886719 -1 75.466552734375 147.80323791503906 6 239.80078125 88.519515991210938 83 163.85234069824219 134.27445983886719 -1 201.72315979003906 59.980644226074219 10 239.80078125 88.519515991210938 -1 239.80078125 88.519515991210938 54 224.60075378417969 104.56783294677734 9 151.67938232421875 120.95260620117188 8 231.60444641113281 77.321220397949219 -1 132.71856689453125 179.47311401367188 148 135.38874816894531 34.157600402832031 13 132.71856689453125 179.47311401367188 149 135.38874816894531 34.157600402832031 12 141.75776672363281 19.710271835327148 58 180.94462585449219 44.811183929443359 14 164.28204345703125 47.904495239257812 120 156.4949951171875 76.956184387207031 19 241.11227416992188 116.22919464111328 -1 152.00677490234375 104.13446044921875 20 202.28440856933594 196.13009643554688 -1 202.28440856933594 196.13009643554688 -1 156.4949951171875 76.956184387207031 60 167.87716674804688 90.566276550292969 18 164.39260864257812 102.75402069091797 17 249.32342529296875 92.749794006347656 -1 202.28440856933594 196.13009643554688 -1 117.34116363525391 108.1689453125 -1 175.34608459472656 95.280792236328125 35 248.56483459472656 97.927825927734375 36 161.34135437011719 114.50757598876953 59 161.56193542480469 119.52446746826172 37 198.17137145996094 192.66508483886719 135 169.91795349121094 63.045166015625 23 169.91795349121094 63.045166015625 24 175.34608459472656 95.280792236328125 25 248.56483459472656 97.927825927734375 26 168.91816711425781 95.972389221191406 28 109.16429138183594 35.004302978515625 29 121.76948547363281 26.204442977905273 30 174.42890930175781 39.914806365966797 16 112.91271209716797 43.814048767089844 22 169.00369262695312 46.709461212158203 31 169.91795349121094 63.045166015625 32 171.87019348144531 88.093963623046875 33 180.00523376464844 94.441635131835938 34 243.82144165039062 208.96708679199219 88 166.31344604492188 44.061229705810547 -1 126.19929504394531 30.635173797607422 66 110.501708984375 70.601478576660156 -1 116.08335113525391 45.296401977539062 22 202.43124389648438 188.54515075683594 135 184.3455810546875 69.659858703613281 21 230.00825500488281 74.843994140625 -1 110.501708984375 70.601478576660156 -1 100.01993560791016 5.5330953598022461 125 126.19929504394531 30.635173797607422 67 116.08335113525391 45.296401977539062 -1 250.77615356445312 87.672836303710938 -1 151.569091796875 75.715957641601562 39 250.77615356445312 87.672836303710938 -1 222.23989868164062 187.26322937011719 42 243.29249572753906 79.699089050292969 -1 8.8960714340209961 195.51557922363281 -1 6.2769618034362793 197.69316101074219 -1 2.9954802989959717 200.41804504394531 -1 21.797866821289062 184.84410095214844 -1 218.56803894042969 183.02706909179688 64 168.16535949707031 47.713863372802734 31 116.97611999511719 36.591091156005859 46 30.974609375 177.25364685058594 105 206.72128295898438 171.17552185058594 154 201.574951171875 165.71409606933594 -1 201.574951171875 165.71409606933594 -1 91.282432556152344 127.95703887939453 44 251.48750305175781 111.41371154785156 -1 166.36058044433594 88.787322998046875 45 226.49566650390625 95.449310302734375 91 180.95796203613281 89.108619689941406 -1 133.47932434082031 184.10377502441406 -1 195.95938110351562 57.016242980957031 106 168.02200317382812 60.248184204101562 -1 133.47932434082031 184.10377502441406 -1 189.56430053710938 64.426841735839844 47 246.84088134765625 84.991241455078125 78 172.1407470703125 89.207237243652344 71 240.32109069824219 205.29649353027344 38 166.36058044433594 88.787322998046875 75 197.84834289550781 162.21896362304688 124 207.58792114257812 230.30068969726562 87 73.764396667480469 142.31179809570312 -1 207.58792114257812 230.30068969726562 90 
58 0.99950081027856164 0.018542537943440626 0.025492920403307494 0.0021013206384092337 0.26205526286400666 0.82365067631862754 -0.061957341262129477 1 000056.png
132.00393676757812 118.02103424072266 82 136.66694641113281 201.10957336425781 50 173.99676513671875 129.71665954589844 110 200.10769653320312 74.695701599121094 95 130.97053527832031 134.66749572753906 1 112.95796203613281 24.630516052246094 2 126.42926025390625 98.724647521972656 -1 226.25784301757812 121.76753234863281 51 226.25784301757812 121.76753234863281 96 152.08351135253906 156.01252746582031 3 98.051811218261719 29.113552093505859 97 185.50624084472656 51.280181884765625 -1 118.50340270996094 177.63180541992188 52 221.44869995117188 199.86680603027344 4 235.53434753417969 213.98492431640625 5 124.87890625 11.064994812011719 98 75.751411437988281 147.50283813476562 6 224.56150817871094 104.59207153320312 9 240.06253051757812 88.583511352539062 54 201.87333679199219 60.234024047851562 10 151.798583984375 120.67604064941406 8 91.321449279785156 134.40306091308594 -1 183.99856567382812 155.02352905273438 114 132.50303649902344 178.6431884765625 148 132.50303649902344 178.6431884765625 149 240.06253051757812 88.583511352539062 83 240.06253051757812 88.583511352539062 -1 140.40213012695312 180.6922607421875 115 135.34846496582031 34.203876495361328 12 135.34846496582031 34.203876495361328 13 231.35099792480469 77.44158935546875 -1 164.17619323730469 102.73326110839844 17 167.892822265625 90.563552856445312 18 174.65055847167969 40.201969146728516 16 156.42720031738281 76.975425720214844 19 156.42720031738281 76.975425720214844 60 164.3079833984375 47.9388427734375 120 141.68133544921875 19.422052383422852 58 175.40242004394531 95.307632446289062 25 198.07939147949219 192.11418151855469 27 109.15956115722656 35.041774749755859 29 121.69312286376953 26.607902526855469 30 112.93619537353516 43.803821563720703 22 169.92097473144531 63.033218383789062 32 235.91239929199219 82.181221008300781 -1 171.89253234863281 88.120704650878906 33 180.00691223144531 94.385688781738281 34 175.40242004394531 95.307632446289062 35 168.85397338867188 96.045669555664062 28 239.13070678710938 100.01902770996094 153 161.52360534667969 114.31277465820312 59 161.50613403320312 119.46552276611328 37 198.07939147949219 192.11418151855469 135 229.15380859375 194.19198608398438 86 121.69312286376953 26.607902526855469 118 169.92097473144531 63.033218383789062 23 169.92097473144531 63.033218383789062 24 235.91239929199219 82.181221008300781 -1 247.94122314453125 98.141014099121094 26 248.72506713867188 213.86947631835938 -1 229.69224548339844 74.673126220703125 -1 123.23271942138672 36.174209594726562 -1 240.14700317382812 205.28195190429688 38 151.54716491699219 75.7725830078125 39 177.49134826660156 91.022102355957031 -1 177.49134826660156 91.022102355957031 -1 247.94122314453125 98.141014099121094 36 113.53036499023438 105.88042449951172 -1 241.82261657714844 107.79553985595703 -1 163.46856689453125 109.99303436279297 -1 222.47538757324219 187.40864562988281 42 202.39755249023438 188.5189208984375 135 158.53826904296875 80.542831420898438 130 246.78768920898438 84.951911926269531 78 166.39410400390625 88.813911437988281 45 110.60413360595703 40.921421051025391 -1 180.98802185058594 89.100074768066406 -1 226.41305541992188 95.397148132324219 91 154.05633544921875 102.70241546630859 73 248.98916625976562 103.40866851806641 -1 151.85580444335938 116.31952667236328 92 29.062503814697266 179.03878784179688 -1 22.18480110168457 184.66856384277344 -1 15.300807952880859 190.62162780761719 100 8.6306171417236328 195.84002685546875 -1 5.9700450897216797 197.8585205078125 -1 2.8880946636199951 200.676025390625 -1 207.44453430175781 230.57710266113281 87 133.45845031738281 183.94091796875 -1 115.91484069824219 45.256435394287109 -1 100.17139434814453 5.9838361740112305 125 126.80901336669922 30.633529663085938 66 25.732030868530273 181.71446228027344 -1 212.41743469238281 176.91694641113281 94 34.271846771240234 174.91078186035156 -1 205.154296875 169.51547241210938 154 54.197547912597656 158.44093322753906 -1 233.68307495117188 142.15457153320312 -1 108.89784240722656 4.8459000587463379 -1 125.75975799560547 38.048038482666016 -1 117.00879669189453 36.590873718261719 46 166.39410400390625 88.813911437988281 75 166.39410400390625 88.813911437988281 48 154.05633544921875 102.70241546630859 76 133.45845031738281 183.94091796875 -1 207.44453430175781 230.57710266113281 90 115.91484069824219 45.256435394287109 22 172.12263488769531 89.127799987792969 71 125.75975799560547 38.048038482666016 -1 122.252197265625 39.995193481445312 70 169.47378540039062 40.513614654541016 129 108.89784240722656 4.8459000587463379 -1 167.04824829101562 41.987266540527344 -1 189.789306640625 64.074813842773438 47 122.252197265625 39.995193481445312 68 184.380859375 72.861076354980469 21 74.336906433105469 141.89401245117188 -1 59.786338806152344 153.788818359375 126 
71 0.99943376835239695 0.018337994096429999 0.028142976575276549 0.0019579374173193768 -1.0487981033978342 0.73105462638403218 -0.68652605539167477 1 000070.png
132.28872680664062 118.15129852294922 82 136.69549560546875 201.15089416503906 50 173.4393310546875 129.62712097167969 110 200.04042053222656 74.65264892578125 95 130.91572570800781 134.7301025390625 1 126.54377746582031 98.003219604492188 -1 113.12530517578125 24.742282867431641 2 152.17787170410156 155.95574951171875 3 98.078804016113281 29.326799392700195 97 185.54789733886719 51.286834716796875 -1 118.75752258300781 177.5477294921875 52 221.64537048339844 200.38824462890625 4 235.55059814453125 214.15608215332031 5 124.88538360595703 11.075494766235352 98 224.51225280761719 104.68399810791016 9 201.74189758300781 60.006309509277344 10 240.40890502929688 88.652374267578125 54 151.68482971191406 120.67134857177734 8 183.95353698730469 155.40995788574219 114 240.40890502929688 88.652374267578125 -1 240.40890502929688 88.652374267578125 83 181.48095703125 45.649284362792969 14 231.49317932128906 77.584564208984375 -1 140.19140625 180.93626403808594 115 134.93891906738281 33.626537322998047 13 141.75759887695312 19.773700714111328 58 156.52154541015625 76.923851013183594 19 167.94692993164062 90.625694274902344 18 164.3223876953125 102.70551300048828 17 151.91792297363281 104.20685577392578 20 156.52154541015625 76.923851013183594 60 134.93891906738281 33.626537322998047 12 243.04144287109375 202.5089111328125 -1 121.69695281982422 26.637014389038086 30 174.28558349609375 39.847652435302734 16 112.9637451171875 43.789077758789062 22 169.92903137207031 63.023765563964844 32 195.02670288085938 62.746719360351562 -1 183.41792297363281 69.932334899902344 21 179.96907043457031 94.373039245605469 34 175.46614074707031 95.360984802246094 35 168.87643432617188 96.042831420898438 28 248.31597900390625 97.740936279296875 26 239.58602905273438 100.29450225830078 153 161.53033447265625 119.51729583740234 37 198.04226684570312 192.31515502929688 135 203.4913330078125 195.83009338378906 -1 121.69695281982422 26.637014389038086 118 169.92903137207031 63.023765563964844 23 169.92903137207031 63.023765563964844 24 195.02670288085938 62.746719360351562 -1 175.46614074707031 95.360984802246094 25 248.31597900390625 97.740936279296875 36 203.4913330078125 195.83009338378906 -1 171.83349609375 88.052726745605469 33 109.17062377929688 34.943065643310547 29 164.98521423339844 49.255859375 120 234.12379455566406 77.217819213867188 -1 229.20671081542969 194.22142028808594 86 229.3985595703125 74.437461853027344 -1 126.38111114501953 30.62598991394043 66 151.5439453125 75.747062683105469 39 223.93089294433594 103.23698425292969 49 145.61892700195312 124.53586578369141 -1 100.09932708740234 117.02838134765625 65 207.62185668945312 172.22489929199219 154 219.82220458984375 184.03826904296875 64 145.61892700195312 124.53586578369141 -1 222.80778503417969 187.58306884765625 42 202.44322204589844 188.43617248535156 135 239.10977172851562 204.18074035644531 38 245.84085083007812 210.79972839355469 88 166.36955261230469 88.841102600097656 45 172.08673095703125 89.212196350097656 71 226.7509765625 95.466964721679688 91 116.10652923583984 102.14807891845703 -1 154.068115234375 102.71947479248047 73 242.10116577148438 107.80653381347656 -1 151.84027099609375 116.77976226806641 92 103.55632781982422 253.53114318847656 -1 119.72039031982422 34.804889678955078 111 35.837203979492188 173.30711364746094 122 54.045398712158203 158.66267395019531 -1 108.83656311035156 5.3070154190063477 -1 15.286355972290039 190.50473022460938 100 198.025634765625 162.59065246582031 124 115.90100860595703 45.694801330566406 -1 99.828079223632812 6.277644157409668 125 57.460987091064453 155.65711975097656 126 74.687713623046875 141.59443664550781 -1 180.98452758789062 89.12359619140625 -1 116.9998779296875 36.582237243652344 46 166.36955261230469 88.841102600097656 48 207.57754516601562 230.59065246582031 90 115.90100860595703 45.694801330566406 22 128.20742797851562 36.571010589599609 -1 108.83656311035156 5.3070154190063477 -1 169.54541015625 40.142314910888672 129 189.60768127441406 64.294563293457031 47 158.50936889648438 80.509773254394531 130 246.96826171875 85.015533447265625 78 207.57754516601562 230.59065246582031 87 251.04351806640625 111.21830749511719 -1 108.21047973632812 83.166419982910156 -1 184.39115905761719 72.817298889160156 -1 60.810150146484375 152.97026062011719 126 114.10717010498047 104.90631866455078 -1 8.2654399871826172 195.79774475097656 -1 108.21047973632812 83.166419982910156 133 
74 0.99924914209238069 0.018516661533430623 0.033963144453251312 0.0021886279138310571 -3.7621339727261427 0.7919555370297211 0.89272142606849536 1 000071.png
132.49201965332031 118.34930419921875 82 136.714111328125 201.17085266113281 50 173.75538635253906 129.63705444335938 110 199.98030090332031 74.606414794921875 95 130.88273620605469 135.43099975585938 1 126.49883270263672 98.227798461914062 -1 225.94343566894531 121.80854034423828 51 225.94343566894531 121.80854034423828 96 113.18861389160156 24.792354583740234 2 130.99253845214844 169.42776489257812 137 152.22526550292969 155.64961242675781 3 130.99253845214844 169.42776489257812 138 130.99253845214844 169.42776489257812 136 98.139549255371094 29.41077995300293 97 118.68318939208984 177.40107727050781 52 221.49652099609375 200.42335510253906 4 235.80813598632812 214.29415893554688 5 187.56471252441406 51.946346282958984 53 119.94368743896484 98.5938720703125 -1 124.94755554199219 11.175000190734863 98 102.33437347412109 125.45896148681641 11 240.14103698730469 88.670585632324219 83 224.65153503417969 104.83411407470703 9 240.14103698730469 88.670585632324219 -1 184.17616271972656 154.974365234375 114 201.90707397460938 60.120204925537109 10 231.20472717285156 77.710601806640625 -1 240.14103698730469 88.670585632324219 54 151.69664001464844 120.90391540527344 8 102.33437347412109 125.45896148681641 7 91.350654602050781 134.09077453613281 -1 75.819679260253906 147.51654052734375 6 132.49775695800781 178.60015869140625 148 132.49775695800781 178.60015869140625 149 140.34207153320312 180.57559204101562 115 181.31715393066406 45.497032165527344 14 141.81521606445312 19.791587829589844 58 135.05770874023438 33.542472839355469 13 156.49411010742188 76.929237365722656 19 174.51744079589844 40.294651031494141 16 202.59083557128906 196.24935913085938 -1 151.84446716308594 104.13755798339844 20 202.59083557128906 196.24935913085938 -1 156.49411010742188 76.929237365722656 60 135.05770874023438 33.542472839355469 12 164.23661804199219 102.70551300048828 17 167.91900634765625 90.585334777832031 18 202.59083557128906 196.24935913085938 -1 175.39682006835938 95.334342956542969 35 168.95843505859375 95.850715637207031 28 248.21018981933594 97.839767456054688 36 240.39939880371094 100.98157501220703 153 197.9769287109375 191.91366577148438 135 242.62770080566406 201.96601867675781 -1 121.74220275878906 26.637903213500977 118 169.90599060058594 63.039222717285156 23 169.90599060058594 63.039222717285156 24 175.39682006835938 95.334342956542969 25 248.21018981933594 97.839767456054688 26 197.9769287109375 191.91366577148438 27 109.19342803955078 35.135555267333984 29 100.1329345703125 4.4096231460571289 -1 121.74220275878906 26.637903213500977 30 112.93488311767578 43.809116363525391 22 169.90599060058594 63.039222717285156 32 183.53048706054688 69.666099548339844 21 171.86735534667969 88.209671020507812 33 179.97492980957031 94.425094604492188 34 89.876670837402344 125.69168090820312 -1 92.541954040527344 123.61318206787109 44 81.060836791992188 133.21971130371094 -1 126.25082397460938 30.639192581176758 66 64.051864624023438 147.11231994628906 -1 229.14633178710938 74.379806518554688 -1 87.221420288085938 127.97056579589844 -1 229.14633178710938 74.379806518554688 -1 214.2322998046875 178.65074157714844 94 151.59223937988281 75.651901245117188 39 161.43873596191406 119.33026123046875 37 207.63165283203125 172.22315979003906 154 126.25082397460938 30.639192581176758 67 87.221420288085938 127.97056579589844 40 81.060836791992188 133.21971130371094 -1 64.051864624023438 147.11231994628906 -1 218.074462890625 182.6444091796875 64 222.12808227539062 187.07551574707031 42 202.43370056152344 188.44291687011719 135 240.24691772460938 205.384765625 38 166.39654541015625 88.8756103515625 45 192.71357727050781 156.62689208984375 -1 53.851100921630859 159.04640197753906 -1 197.77571105957031 162.27711486816406 124 91.210304260253906 128.07269287109375 -1 168.08335876464844 60.196392059326172 -1 95.253486633300781 124.69915771484375 -1 113.94850158691406 105.18952941894531 -1 153.98526000976562 102.91293334960938 73 226.69129943847656 95.226882934570312 91 172.0615234375 89.130241394042969 71 108.50742340087891 5.3137927055358887 -1 158.56394958496094 80.557426452636719 130 169.44400024414062 40.234912872314453 -1 108.50742340087891 5.3137927055358887 -1 166.39654541015625 88.8756103515625 48 153.98526000976562 102.91293334960938 76 99.89825439453125 6.4278106689453125 125 116.98818206787109 36.616008758544922 46 122.55384063720703 39.78369140625 70 166.39654541015625 88.8756103515625 75 169.44400024414062 40.234912872314453 129 174.73452758789062 53.244911193847656 -1 189.633056640625 64.247344970703125 47 246.93597412109375 85.109199523925781 78 62.641960144042969 151.52377319335938 126 122.55384063720703 39.78369140625 68 114.64345550537109 111.23383331298828 -1 79.273353576660156 137.78364562988281 -1 195.65522766113281 159.95698547363281 124 
