# 3D point list with one line of data per point:
#   POINT3D_ID, X, Y, Z, R, G, B, ERROR, TRACK[] as (IMAGE_ID, POINT2D_IDX)
# Number of points: 115, mean track length: 9.304347826086957
1 -11.619517064527571 8.4756324249248269 243.05784908741035 252 108 101 0.86664563913856241 40 3 27 1 43 3 38 4 74 4 41 3 50 4 57 4 53 4 71 4 51 4 58 4 55 4
2 -18.609251786203149 4.4157166412695013 236.12752374277949 254 255 249 0.32091005050370131 40 4 27 2 43 4 38 5 74 8 41 4 50 5 57 5 53 5 71 6 51 5 58 5 55 5
3 -2.4639434755831089 9.1192322510281763 241.81188696430604 102 100 89 0.65775814136068267 40 7 27 4 43 7 38 8 74 10 41 7 50 8 57 9 53 7 71 7 51 7 58 9 55 10
4 28.4274956041194 11.049873711058952 253.0597914949596 129 136 139 0.35633894080015055 40 8 27 11 43 11 74 15 41 10 50 11 57 15 53 10 71 11 51 12 58 13 55 17
5 34.354397608694747 11.465363368095643 251.7253914070547 143 146 145 0.53475211569191938 40 9 27 12 43 12 38 12 74 16 41 11 50 12 57 16 71 12 58 14 55 18
6 -34.518425111286604 8.903445832804243 239.54843456818227 109 111 111 1.0544189572907401 40 18 27 16 43 23 38 23 74 31 50 20 57 19 53 18 58 16 55 24
7 -23.16122886439161 8.0171541823826082 237.59774793356755 99 97 93 0.85263234753026118 40 14 27 17 43 21 74 29 41 21 53 20
8 -2.4435983246300332 7.7685569867363098 238.77445216381912 143 138 132 0.2214844534817508 40 17 27 18 43 20 38 22 74 28 41 20 50 19 57 26 53 16 71 17 51 18 58 20 55 21
9 29.506680847134508 7.4317481141696708 250.32292502478762 136 135 137 0.34746506789661169 40 16 27 19 43 19 38 21 74 22 41 19 50 18 57 25 53 15 71 14 51 17 58 17 55 26
10 18.526392774704394 5.5129961864052177 237.3982343052036 117 119 117 0.26015809793317796 40 15 27 20 43 17 74 25 41 18 50 16 57 22 53 14 71 15 51 15 58 19 55 22
11 -23.16122886439161 8.0171541823826082 237.59774793356755 99 97 93 0.85263234753026118 40 19 27 21 43 26 74 20 41 25 53 17
12 -9.4598424207092613 4.8068945137888219 240.88601943352563 253 118 114 0.29010387397940052 40 22 27 23 43 22 38 20 74 44 41 31 50 29 57 31 53 34 71 31 51 21 58 28 55 28
13 -9.4598424207092613 4.8068945137888219 240.88601943352563 253 118 114 0.29010387397940052 40 21 27 25 43 28 38 25 74 37 41 28 50 30 57 29 53 32 71 24 51 25 58 29 55 32
14 9.9369881370290187 5.0417526760240614 237.67537817261885 116 126 129 0.40782313343651794 40 23 27 26 43 41 38 32 74 35 41 29 50 24 57 33 53 29 71 21 51 31 55 31
16 7.1420061171612597 4.8803904739878057 237.81390041752314 132 138 143 0.21286594538858697 40 28 27 31 43 31 38 52 74 39 41 57 50 27 57 58 53 28 71 34 51 38 58 33 55 40
17 2.9111836380517091 7.0902651595985864 238.13549866478138 154 138 129 0.16994003334516644 40 25 27 32 43 35 38 29 74 45 41 33 50 31 57 42 53 27 71 28 51 28 58 31 55 42
18 4.4075713512131172 6.662337895325134 238.23900390413763 216 217 186 0.1256286545498162 40 24 27 33 43 34 38 33 74 46 41 32 50 28 57 41 53 25 71 27 51 27 58 32 55 34
19 -0.37831338870694853 6.1968861909050137 237.85942467640976 253 218 203 0.092407827560558584 40 20 27 34 43 29 38 31 74 38 41 27 50 23 57 35 53 31 71 26 51 26 58 34 55 39
20 -2.3005675086237769 7.1437145425883664 237.68067951955851 144 144 139 0.19938837342997717 40 26 27 35 43 36 38 27 74 41 41 34 50 32 57 37 71 29 51 29 55 35
21 11.151433420950266 5.8809766686004554 236.66872581389586 134 134 134 0.9691317179785397 40 51 27 36 43 101 38 43 74 65 50 56 57 70 53 85 41 75 71 38 50 34 51 82 58 115 55 70
22 -18.142765539261159 5.083246799548502 235.34016227787515 55 46 30 1.5020024534435992 40 30 27 37 43 59 38 34 74 63 41 37 50 37 57 59 53 52 71 35 51 57 57 68 71 94 58 42 58 106 55 74
23 5.2493714256958146 5.6907401363735204 237.99316259437333 254 255 248 0.14498515792255512 40 44 27 39 43 48 38 54 74 55 41 50 50 49 57 51 53 48 71 48 51 52 58 55 55 51
24 5.2493714256958146 5.6907401363735204 237.99316259437333 254 255 248 0.14498515792255512 40 45 27 40 43 47 38 55 74 56 41 51 50 50 57 52 53 49 71 49 51 33 58 56 55 52
25 7.5364172272672914 6.8051762761730155 238.00142621935862 250 247 235 0.1537662573097105 40 46 27 41 43 43 38 37 74 57 41 36 50 51 57 53 53 50 71 51 51 35 58 38
26 39.886390667610058 7.1684762774434558 251.29548731687544 182 181 180 0.43245862292821258 40 47 27 42 43 46 38 38 74 58 41 53 50 52 57 54 53 42 71 42 58 58 55 54
27 17.995467538007055 10.767238388578678 252.10675630957189 128 128 126 0.61539154227707826 40 50 27 43 43 50 74 59 41 54 50 53 51 36 58 39 55 55
28 4.8575716080404963 6.8364176781044197 237.93033966710374 95 89 90 0.14665158200398956 40 36 27 44 43 53 38 46 74 49 41 44 50 42 57 55 53 41 71 41 51 46 58 48 55 46
29 -20.173544024987738 4.7753147712540134 235.71413140321127 254 255 247 0.38769143610967971 40 42 27 45 43 54 38 39 74 60 41 55 50 54 57 56 53 54 71 55 58 40 55 56
30 -14.96724210231619 4.4712968788604961 236.46813833597176 254 255 249 0.32107310589596916 40 52 27 47 43 45 38 36 74 62 41 56 50 36 57 57 53 35 71 33 51 37 58 41 55 58
31 4.7976747614275368 5.0851340263310316 236.48814627973479 130 135 139 0.92279772879324518 40 31 27 48 43 58 38 40 41 38 50 101 57 60 57 86 55 98
32 5.2493714256958146 5.6907401363735204 237.99316259437333 254 255 248 0.14498515792255512 40 32 27 50 43 57 38 42 74 64 41 39 50 38 57 61 53 53 71 36 51 40 58 43 55 59
33 6.0573014151435087 6.557444855508443 237.90676511905397 149 115 92 0.12639654122088542 40 33 27 51 43 56 38 44 74 66 41 41 50 39 57 62 53 38 71 54 51 43 58 45 55 44
34 9.486980380530424 6.7732928189255333 238.29403728408755 94 71 56 0.17559171833774176 40 34 27 53 43 55 38 45 74 67 41 43 50 40 57 63 53 39 71 39 51 44 58 46 55 45
35 7.5364172272672914 6.8051762761730155 238.00142621935862 250 247 235 0.1537662573097105 40 35 27 54 43 44 38 35 74 48 41 35 50 41 57 46 53 40 71 40 51 45 58 47
36 39.886390667610058 7.1684762774434558 251.29548731687544 182 181 180 0.43245862292821258 40 37 27 55 43 52 38 47 74 50 41 45 50 43 57 47 53 51 71 52 58 66 55 47
37 1.6041415536507588 7.7895990163763926 241.21437793995767 27 24 18 0.50645200458958106 40 40 27 56 43 69 38 49 74 78 41 58 50 45 57 49 53 45 71 44 51 47 58 51 55 60
38 36.441956557956473 11.180791025268958 253.25667511718956 103 112 113 0.76278712218250966 40 54 27 61 43 73 38 82 74 87 41 67 50 74 57 104 53 55 71 70 51 68 58 62 55 66
39 -2.4490577624909116 6.1526759564907243 237.47923270234466 69 56 50 0.11456056919790437 40 66 27 62 43 65 38 63 74 77 41 76 50 61 57 77 53 57 71 61 51 59 58 63 55 76
40 -30.561651835337955 8.3220823858241477 241.97897467553304 41 34 24 1.8824320646141244 40 84 27 65 38 110 43 81 74 81 41 106 38 97 53 68
41 -31.042604665270531 8.3642055307308407 242.63793181341313 41 34 24 2.0597560633731655 40 74 27 67 38 84 41 100 38 79 53 63 41 60
42 28.509085243177285 10.439727529716103 250.00359877206029 100 107 107 0.41209649498710382 40 61 27 68 43 72 38 62 74 85 41 64 50 60 57 79 53 71 71 68 51 64 58 70 55 64
44 -28.922810011961417 8.2836590613884962 244.96533273438993 41 34 21 1.8844129255095106 40 73 27 77 43 61 43 89 38 78 50 77 74 69 57 92 41 99 51 79 55 88
45 3.7618428523005507 6.5995736936323688 238.08267701734286 251 249 228 0.13127697087431395 40 90 27 78 43 94 38 108 74 88 41 83 50 95 57 94 53 94 71 72 51 71 58 74 55 104
46 -16.940354035172653 4.829506732223745 236.44165992221789 250 208 187 0.26006745908188245 40 86 27 82 43 120 38 96 74 106 41 79 50 90 57 87 53 79 71 91 51 85 58 100 55 94
47 13.496966886861962 5.705859550610346 238.23775535733799 157 155 149 0.34893505900890931 40 88 27 83 43 102 38 105 74 111 50 94 57 101 53 82 71 98 51 104 58 113 55 101
48 3.7604854750813277 6.5864647440072996 237.64874130208869 251 249 228 0.13703642490865328 40 81 27 84 43 107 74 103 50 96 53 89 71 92 51 96 58 102 55 106
49 29.154925007552418 7.3486013179688037 249.54199874706603 136 134 134 0.48878931690597099 40 76 27 87 43 67 38 77 41 90 71 62 55 78
50 -8.6576499820137283 10.663874057660374 239.80088556745059 112 109 104 0.51267793605289758 27 0 40 0 43 1 38 1 74 1 41 1 50 1 57 1 53 1 71 1 51 1 58 1 55 1
51 30.176471213070315 8.0801501436489218 250.95402714639579 167 167 166 0.35618550478485733 40 5 43 5 38 7 74 6 41 5 50 6 57 6 58 7 55 7
52 -16.445783005299781 9.8682511471879515 239.47094051442659 99 94 92 0.50112080750030696 27 10 43 15 38 10 74 14 41 9 50 10 57 14 53 9 71 10 51 11 58 12 55 16
53 12.604819908353388 5.2826927290236982 238.59551907159818 116 121 126 0.35779933143886111 40 12 43 14 38 13 74 17 41 12 50 13 53 11 51 13
54 36.554989337564493 6.8523614360439593 251.52151455312932 223 219 229 0.75005412021704276 27 9 38 14 41 13 50 17 57 24 53 13 71 16 74 27 51 16 58 18 55 23
55 -9.2622266512103852 4.7915706307219583 238.76980667503361 253 117 111 0.062425397691275045 43 27 38 18
56 -16.319025276912352 9.27654161938678 237.86724044834776 253 104 103 0.2174724047928798 43 25 38 19
57 -16.319025276912352 9.27654161938678 237.86724044834776 253 104 103 0.2174724047928798 43 24 38 24
58 -6.5912755329117081 4.2951352817839634 241.7023130392748 79 80 76 0.70120638110852163 43 49 38 26 74 36 41 26 50 55 57 32 53 36 71 25 27 46 51 30 58 37 55 57
59 1.6659835847171396 7.4953421451992766 237.8707581900006 136 121 109 0.20197820102760022 40 27 43 38 38 28 57 48 53 44 58 50
60 -0.38021745991160505 6.1972343392500866 237.87116009836257 254 218 205 0.10058205089280574 27 30 43 30 38 30 74 43 53 33 50 26 57 40 71 30 51 32 58 35 55 38
61 -22.934333490578826 5.3343556414526523 236.96430577469445 88 84 73 0.754070496128187 27 49 43 33 38 41
64 27.001426572336751 10.34735496166936 251.36759628574444 97 104 103 0.70475647652381102 40 94 43 71 38 61 74 84 41 63 57 85 53 70 71 66 51 86 55 82
65 -25.743861896625553 8.0651311822703793 246.99931555848318 39 32 22 1.2240111893424452 40 68 38 66 41 59 71 64 55 62
66 -12.986104571266271 4.5933103657589571 235.88481745597639 239 208 195 0.25366352373809253 40 60 43 63 38 67 74 71 41 78 50 64 57 66 53 60 71 60 51 58 58 91 55 61
67 -13.085933241456688 4.5974016337550205 236.21681502087802 239 208 195 0.1685218533364243 40 71 43 74 38 68 74 80 57 74 51 65 55 73
68 -14.53353522851288 4.9464725506634535 237.17947119348281 253 93 92 0.62237400052170533 40 62 43 75 38 69 74 114 58 114
69 -25.788291115138691 8.045323436634332 246.00505256598328 39 32 22 0.90420233670324679 40 63 38 70 41 70 55 72
70 -14.53353522851288 4.9464725506634535 237.17947119348281 253 93 92 0.62237400052170533 40 57 43 64 38 72 74 107 58 109
71 6.1795310823790279 6.6208926240887278 238.74561834838147 157 123 101 0.11510024967723093 40 92 43 93 38 73 74 98 41 84 50 82 57 103 53 97 71 73 51 72 58 107 55 105
73 -1.4279256519259067 7.1041956707549856 237.85949536694523 156 149 143 0.16562362457082444 40 95 43 91 38 76 74 96 41 89 71 76 51 54 58 78 55 90
75 3.7681261969581965 6.6114125160940995 238.45309890985808 251 247 227 0.084535812224131979 40 80 38 92 74 108 41 102 50 92 57 105 53 100 51 109 58 101 55 92
76 -1.4160952498616743 7.0995917131394108 237.62174147259805 156 149 143 0.17476514033225038 40 83 38 94 74 104 58 103 55 100
78 37.951898260665942 6.5029827889552925 245.93712635060163 195 195 206 1.9094334589190518 40 89 43 66 38 106 40 85 74 112 41 101 50 81 57 102 53 90 53 95 71 100 51 106 58 73 55 103
80 -41.527324596028258 9.1495042058559033 245.21364905057465 38 30 21 0.33848768297430221 27 85 38 100
81 -41.527324596028258 9.1495042058559033 245.21364905057465 38 30 21 0.33848768297430221 27 86 38 109
82 -10.659747337204568 7.6248758163947281 236.46430143694116 252 101 100 0.63680286386950991 38 0 41 0 50 0 57 0 53 0 71 0 74 0 51 0 58 0 55 0
83 36.618270905929407 6.8811337102436552 252.50113644755334 223 219 222 0.53083831545569826 38 15 41 14 57 20 53 21 71 20 74 21 51 19 58 25 55 25
86 31.466832780449383 10.721261369548895 251.3033144797285 108 114 112 0.83986645188321907 38 51 43 113 41 48 50 47 53 46 71 58 27 59 58 53
87 21.907347593380607 12.024393174567946 249.47808688076339 176 168 163 0.41142333170564649 38 83 43 112 41 62 50 85 57 107 71 101 51 81 58 87
88 37.746594183243616 11.150662627372165 249.16508768146036 94 105 105 0.71848340306269798 38 56 40 56 43 62 41 65 50 66 57 64 71 71 51 69
89 -45.103842482230831 9.4335483101001589 246.29122756660422 33 32 24 1.8171823719309192 38 90 41 68
90 21.907347593380607 12.024393174567946 249.47808688076339 176 168 163 0.41142333170564649 38 103 43 110 41 74 50 93 57 109 71 93 51 99 58 105
91 30.32767851426977 7.1071921876160591 250.90204197520109 171 170 165 0.27042651243918969 38 74 41 86 50 79 57 95 53 98 71 74 74 97 51 75 58 77 55 91
92 -2.3248212711744776 7.5553201586837631 237.02866350216328 152 145 138 0.14191122383917837 38 57 41 91 50 76 53 86 71 78 51 78 58 80
93 36.810802924770968 7.2305326365438729 256.32265175258613 205 205 203 1.231004932824743 38 93 40 82 41 93
94 24.035145630801544 10.015160086664828 248.24778856127139 97 103 102 0.73863345968695049 38 60 41 94 50 68 53 64 51 87 74 76 58 93
95 18.141566724105811 6.1465680675818728 241.84982750159915 117 118 114 0.22139044533129282 40 2 41 2 50 3 43 2 74 3 57 3 53 3 71 3 51 3 58 3 55 3
96 30.477900713893884 8.1573231361118044 253.28213912595962 170 166 168 0.25868261350262856 40 6 41 6 50 7 43 6 74 7 57 7 58 8 55 8
97 -25.030688115870049 4.6332381703809959 237.81692207696014 87 85 75 0.44489940355644997 41 8 50 9 43 10 74 13 57 12 53 8 71 8 51 10 27 8 58 10 55 13
98 -13.842964412484086 4.0347528186749235 241.66392836027046 94 91 86 0.35965909341326374 41 17 50 14 43 13 74 19 57 17 53 12 71 13 51 14 58 15 55 19
100 -59.854249539982391 10.417052401699388 236.47305675980064 109 111 111 0.86761123136339491 40 79 41 97 50 73 43 123 53 78 71 84 58 83
102 -56.552249655431766 10.332385293949148 242.59385922308965 106 111 112 0.78079608898498487 40 77 41 105 50 86 43 85 53 81 55 108
105 -52.831496372785466 9.8946619476659379 236.35445400997096 101 109 103 1.0087135360052084 41 92 57 88 43 122
106 16.089407725359703 5.4008784452239196 236.73339339768611 162 155 148 0.43683943827634647 41 80 57 98 43 118 51 101 27 72 55 99
110 6.8138148454205041 7.9630014517686432 236.73916183386964 50 47 38 0.57088983470910992 38 2 40 1 50 2 57 2 53 2 74 2 71 2 51 2 58 2 55 2
111 -15.682642463398929 4.7460531727691952 235.84868101980149 250 209 183 0.10779770966782097 38 71 53 58 71 80 51 56
112 19.606083019920337 10.513218302372756 249.57770860004811 202 193 179 0.26062651339064175 38 101 53 69 43 109 55 71
114 11.789096111828879 9.4339243483822735 252.15847019372183 119 117 116 0.36341469971275819 27 15 50 21 53 19 74 24 71 18 58 22 55 33
115 -7.4093510745921458 10.120851440987197 243.91975462609716 106 83 72 0.40008921782831797 41 30 50 25 53 24 74 34 71 23 51 22 58 27 55 27
118 -14.915716245018153 4.4441135073525775 235.06524982919305 254 255 249 0.20219191697980027 40 43 41 49 43 42 74 54 71 47 51 50 58 54 55 50
120 2.9293032685789204 5.1539352510103305 236.47245338830567 102 97 94 0.53997364252005764 27 27 43 32 53 30 57 34 71 56 51 53 58 36 55 41
122 -49.235153485205196 9.4548019365855964 230.44922322855552 104 107 106 1.6273888267920804 41 95 50 87 71 81 53 99 55 81
124 17.373004209734873 9.6167079551654897 252.03874751021945 89 92 92 1.6303316555619873 38 89 57 106 74 91 71 85 40 75 74 117 51 89
125 -23.830817541446965 3.7589815754584173 234.27078886583712 149 130 127 0.31913094893678046 41 77 50 84 57 73 74 105 71 87 51 84 58 90 55 107
126 -42.232828917527272 9.325302759178367 243.84884241881304 94 98 97 1.3199491533467811 41 98 71 88 51 91 71 105 74 113 58 117
129 5.0292882186045702 4.8796775132012442 237.13360651754587 134 135 132 0.15201861061378305 27 71 43 119 50 91 53 80 74 109 71 97 51 95 58 110 55 95
130 0.48209032207815633 6.3056217547861424 237.44201620653314 227 201 192 0.12725813803150296 27 80 43 98 53 88 74 100 71 99 51 105 58 72
133 -19.759013183664973 6.252468571229941 229.94550096168254 102 91 80 0.59559180453635041 38 112 71 108
135 18.765610343528138 10.647234116195298 251.03241953064776 162 158 149 2.7767864350196483 38 86 50 67 57 69 53 72 43 82 74 86 71 69 27 69 40 41 27 29 43 51 38 50 74 52 41 47 50 46 57 50 71 45 51 48 51 67 58 52 58 71 55 48 55 65
136 -11.442497102808076 9.6325140155137383 240.72872128066069 251 98 95 0.60234210692437828 27 5 43 8 57 8 74 12 51 6 55 9
137 -11.442497102808076 9.6325140155137383 240.72872128066069 251 98 95 0.60234210692437828 27 7 43 9 57 10 74 9 51 8 55 12
138 -11.334216151883389 9.5746892295553643 239.44757574914456 251 98 95 0.43956541578438657 27 6 57 11 74 11 51 9 55 11
143 -26.437638694352863 7.9791880863034654 238.63953984707172 0 0 0 1.8467494885686162 27 74 53 65
148 -10.627720380744631 9.8270457021055133 237.9973670608513 253 100 95 0.7790043808479129 38 16 41 15 51 23 27 22 41 23 57 28 74 32 58 23 55 30
149 -10.627720380744631 9.8270457021055133 237.9973670608513 253 100 95 0.7790043808479129 38 17 41 16 51 24 27 24 41 24 57 30 74 33 58 24 55 29
153 36.148191966130078 7.1945948442991927 249.11821896446688 186 183 186 1.7313205186371998 40 48 38 75 41 87 50 80 50 98 55 77 40 38 38 48 74 51 41 46 50 44 53 43 71 43 58 49
154 21.456470570794572 9.9066357102212663 251.02777652508416 95 99 98 2.1387954278303707 43 88 50 88 51 88 55 84 40 69 38 58 74 79 50 58 57 89 53 56 71 65 51 63 58 95
