# Frame list with one line of data per frame:
#   FRAME_ID, RIG_ID, RIG_FROM_WORLD[QW, QX, QY, QZ, TX, TY, TZ], NUM_DATA_IDS, DATA_IDS[] as (SENSOR_TYPE, SENSOR_ID, DATA_ID)
# Number of frames: 10
86 1 0.99699393732369601 -0.062707684330298843 -0.045387850472379081 -0.003283031407545144 0.34524416723597778 -4.0289114746904131 -1.4007439758623359 1 CAMERA 1 86
87 1 0.99612254191915672 -0.071204489868989584 -0.051668636998103479 -0.00039249684482402957 0.73506782672156679 -4.6946656388913457 -1.8297801261237967 1 CAMERA 1 87
88 1 0.99890092806022113 -0.031603790169101274 -0.033174263228412534 -0.0098795053837850751 -0.37535165486761929 -1.8483196994255526 -0.67379804568488888 1 CAMERA 1 88
89 1 0.99904372679422826 0.00071026663204726184 -0.041472146316866694 -0.01382709493289474 0.15446728088310907 0.41810851374834018 0.41521579563334832 1 CAMERA 1 89
90 1 0.99706465728133453 -0.059489958861647284 -0.048032856667254438 -0.0039822952524328952 0.52297708118583186 -3.755482888779806 -1.1070711703636382 1 CAMERA 1 90
91 1 0.99923136248574296 -0.010911102808463411 -0.035566992311186617 -0.012353991999549728 -0.21683823025559071 -0.38415926117786525 0.016022934015632623 1 CAMERA 1 91
92 1 0.99898925782948378 0.018517515306723954 -0.038051823159872829 -0.015153320506481204 -0.027707527252163366 1.7077296355890461 1.0173134967439392 1 CAMERA 1 92
93 1 0.99791975019919044 0.047501128610333086 -0.038516810046244777 -0.020402702933471691 0.054516512355161972 3.8396773700648259 2.1892212861433755 1 CAMERA 1 93
94 1 0.99845696891147928 0.040350133107764113 -0.033429125145004318 -0.018385907166273252 -0.29203350989705412 3.2446297211326485 1.7846604007454205 1 CAMERA 1 94
96 1 0.99758503951748656 0.055025428718315575 -0.030790498374465354 -0.02912449716497394 -0.36985422635594534 4.1926761771202354 2.5415367422269628 1 CAMERA 1 96
