# Image list with two lines of data per image:
#   IMAGE_ID, QW, QX, QY, QZ, TX, TY, TZ, CAMERA_ID, NAME
#   POINTS2D[] as (X, Y, POINT3D_ID)
# Number of images: 10, mean observations per image: 32.5
86 0.99699393732369601 -0.062707684330298843 -0.045387850472379081 -0.003283031407545144 0.34524416723597778 -4.0289114746904131 -1.4007439758623359 1 000086.png
111.33026885986328 95.133216857910156 -1 82.291389465332031 42.622764587402344 2 126.62818145751953 200.43179321289062 -1 82.291389465332031 42.622764587402344 1 199.01512145996094 74.141006469726562 -1 45.314693450927734 37.734352111816406 80 111.29389190673828 65.589912414550781 -1 240.10481262207031 106.28641510009766 -1 113.62606048583984 24.389823913574219 -1 113.62606048583984 24.389823913574219 -1 240.10481262207031 106.28641510009766 -1 96.676155090332031 29.443290710449219 -1 233.88818359375 83.906303405761719 -1 96.676155090332031 29.443290710449219 -1 166.72048950195312 80.270133972167969 -1 228.14860534667969 245.28683471679688 45 169.91827392578125 108.43925476074219 -1 26.332420349121094 45.405570983886719 6 169.91827392578125 108.43925476074219 -1 126.5150146484375 13.445889472961426 -1 83.36798095703125 23.905269622802734 -1 166.72048950195312 80.270133972167969 -1 228.14860534667969 245.28683471679688 -1 26.332420349121094 45.405570983886719 9 15.115593910217285 47.180118560791016 -1 15.115593910217285 47.180118560791016 13 227.21409606933594 188.45382690429688 87 219.34463500976562 180.00962829589844 15 20.542959213256836 58.021587371826172 7 157.48164367675781 57.356517791748047 -1 171.43519592285156 51.695098876953125 -1 188.33100891113281 51.871425628662109 -1 130.49467468261719 175.60090637207031 -1 20.542959213256836 58.021587371826172 -1 130.49467468261719 175.60090637207031 -1 130.49467468261719 175.60090637207031 -1 30.935749053955078 38.43658447265625 -1 24.054010391235352 40.669864654541016 19 24.054010391235352 40.669864654541016 30 156.62559509277344 78.035568237304688 -1 219.86663818359375 102.46927642822266 17 203.57244873046875 245.96482849121094 23 171.62040710449219 87.809120178222656 -1 103.54685211181641 80.183540344238281 -1 174.36822509765625 95.423095703125 -1 25.929618835449219 49.441913604736328 -1 25.929618835449219 49.441913604736328 93 25.929618835449219 49.441913604736328 94 61.130321502685547 20.764986038208008 41 105.31924438476562 13.755661964416504 -1 77.410308837890625 29.442819595336914 44 61.130321502685547 20.764986038208008 36 105.31924438476562 13.755661964416504 -1 91.963920593261719 6.2862858772277832 -1 125.14712524414062 179.0450439453125 -1 102.59646606445312 72.438400268554688 -1 247.17791748046875 119.07719421386719 21 169.27670288085938 117.37213897705078 -1 151.75143432617188 103.78267669677734 -1 25.071010589599609 232.7369384765625 -1 174.36822509765625 95.423095703125 -1 65.027175903320312 33.710926055908203 85 18.718574523925781 60.972499847412109 154 65.027175903320312 33.710926055908203 -1 18.718574523925781 60.972499847412109 191 178.15596008300781 53.249652862548828 -1 200.55511474609375 57.512706756591797 -1 160.27362060546875 60.621238708496094 -1 169.89501953125 62.928047180175781 -1 9.8074712753295898 66.997085571289062 43 169.0714111328125 92.042648315429688 -1 179.6812744140625 94.779190063476562 -1 252.34297180175781 103.71683502197266 20 9.8074712753295898 66.997085571289062 49 56.892097473144531 40.4234619140625 37 180.45565795898438 44.335006713867188 -1 160.27362060546875 60.621238708496094 -1 169.11581420898438 46.677791595458984 -1 169.89501953125 62.928047180175781 -1 70.454727172851562 22.723207473754883 -1 57.753459930419922 36.048816680908203 50 61.482933044433594 37.511886596679688 -1 32.879604339599609 46.131374359130859 51 108.93748474121094 5.2754950523376465 -1 164.01213073730469 108.77020263671875 -1 108.93748474121094 5.2754950523376465 -1 200.77056884765625 252.38723754882812 -1 32.879604339599609 46.131374359130859 54 200.77056884765625 252.38723754882812 -1 216.57084655761719 164.18867492675781 -1 166.03660583496094 89.443183898925781 -1 244.86015319824219 196.00950622558594 -1 251.98100280761719 203.95843505859375 -1 204.38479614257812 252.59732055664062 -1 158.52386474609375 80.553916931152344 -1 17.9896240234375 62.300895690917969 56 196.15953063964844 56.930347442626953 -1 29.709442138671875 46.020118713378906 -1 54.0311279296875 43.056644439697266 -1 67.116584777832031 35.045867919921875 -1 63.526344299316406 26.242687225341797 -1 169.50511169433594 40.074806213378906 -1 33.495697021484375 3.7227797508239746 -1 60.471347808837891 21.966489791870117 -1 70.523628234863281 11.449053764343262 -1 67.116584777832031 35.045867919921875 -1 169.50511169433594 40.074806213378906 -1 29.709442138671875 46.020118713378906 -1 206.29002380371094 153.05085754394531 -1 166.03660583496094 89.443183898925781 -1 166.03660583496094 89.443183898925781 -1 204.38479614257812 252.59732055664062 -1 212.51531982421875 156.10820007324219 -1 158.52386474609375 80.553916931152344 -1 212.42291259765625 159.53395080566406 157 153.84886169433594 103.08111572265625 -1 149.98260498046875 123.62651824951172 -1 33.495697021484375 3.7227797508239746 -1 48.492408752441406 28.285408020019531 -1 119.08477020263672 7.5090751647949219 -1 145.15791320800781 117.72703552246094 -1 166.14044189453125 47.306125640869141 -1 176.72396850585938 43.846046447753906 -1 
87 0.99612254191915672 -0.071204489868989584 -0.051668636998103479 -0.00039249684482402957 0.73506782672156679 -4.6946656388913457 -1.8297801261237967 1 000085.png
107.60250091552734 93.690483093261719 -1 81.447532653808594 37.361537933349609 2 127.38442993164062 200.37948608398438 -1 81.447532653808594 37.361537933349609 1 199.67965698242188 74.733390808105469 -1 44.514572143554688 31.514842987060547 80 242.60504150390625 103.77848815917969 -1 111.03926086425781 66.439056396484375 -1 113.40712738037109 24.302370071411133 -1 94.090751647949219 26.418600082397461 -1 94.090751647949219 26.418600082397461 -1 242.60504150390625 103.77848815917969 -1 113.40712738037109 24.302370071411133 -1 113.40712738037109 24.302370071411133 -1 23.463436126708984 39.636260986328125 6 12.644396781921387 42.527420043945312 -1 234.53773498535156 82.326492309570312 -1 129.568359375 172.82904052734375 -1 230.91224670410156 244.64921569824219 45 166.74021911621094 80.09075927734375 -1 166.74021911621094 80.09075927734375 -1 16.99504280090332 52.364887237548828 -1 124.63461303710938 10.893957138061523 -1 188.32005310058594 51.865795135498047 -1 16.99504280090332 52.364887237548828 7 157.46343994140625 57.304710388183594 -1 221.46498107910156 177.90782165527344 15 229.79682922363281 186.8695068359375 87 171.43569946289062 51.745834350585938 -1 246.37651062011719 202.76264953613281 -1 146.59970092773438 47.002006530761719 -1 221.77377319335938 99.109176635742188 17 22.510730743408203 232.34391784667969 -1 205.63926696777344 245.27334594726562 23 156.65440368652344 78.035987854003906 -1 28.594448089599609 33.323379516601562 -1 151.81642150878906 103.73244476318359 -1 21.617027282714844 35.412277221679688 19 21.617027282714844 35.412277221679688 30 122.63295745849609 8.0083580017089844 -1 63.074325561523438 29.507194519042969 85 50.395843505859375 36.580051422119141 -1 23.649063110351562 44.536281585693359 94 150.65032958984375 68.615058898925781 -1 108.43751525878906 84.163963317871094 -1 60.417953491210938 17.730348587036133 36 132.16401672363281 180.37977600097656 -1 249.9154052734375 115.55240631103516 -1 174.40081787109375 95.43988037109375 -1 171.67355346679688 87.799736022949219 -1 132.16401672363281 180.37977600097656 -1 174.40081787109375 95.43988037109375 -1 150.65032958984375 68.615058898925781 -1 150.65032958984375 68.615058898925781 -1 23.649063110351562 44.536281585693359 -1 60.417953491210938 17.730348587036133 41 122.63295745849609 8.0083580017089844 -1 166.95352172851562 35.690616607666016 -1 145.01951599121094 87.366355895996094 -1 169.00454711914062 91.9468994140625 -1 179.6767578125 94.736373901367188 -1 105.23041534423828 13.408369064331055 -1 30.782855987548828 41.358814239501953 54 160.11985778808594 60.712306976318359 -1 169.93263244628906 62.965400695800781 -1 155.57000732421875 64.434494018554688 -1 155.57000732421875 64.434494018554688 -1 34.504596710205078 11.98173999786377 -1 105.23041534423828 13.408369064331055 -1 174.07107543945312 39.616519927978516 -1 30.782855987548828 41.358814239501953 51 49.627902984619141 41.965896606445312 -1 180.47708129882812 44.275157928466797 -1 168.59574890136719 53.347152709960938 -1 178.07203674316406 53.275699615478516 -1 160.11985778808594 60.712306976318359 -1 169.93263244628906 62.965400695800781 -1 56.648456573486328 32.143539428710938 -1 7.2063350677490234 60.908973693847656 43 209.69131469726562 174.71531677246094 75 247.54463195800781 194.41340637207031 -1 232.43624877929688 251.94027709960938 -1 154.17454528808594 77.135955810546875 -1 63.038650512695312 23.211627960205078 -1 109.52639770507812 102.3868408203125 -1 143.0106201171875 110.58175659179688 -1 154.17454528808594 77.135955810546875 -1 7.2063350677490234 60.908973693847656 49 189.51187133789062 64.1939697265625 -1 6.5701484680175781 65.267654418945312 135 74.016548156738281 17.913524627685547 -1 191.61880493164062 131.34983825683594 -1 151.57786560058594 138.2618408203125 -1 154.24465942382812 99.097702026367188 -1 112.51854705810547 145.65383911132812 -1 204.97872924804688 147.04344177246094 -1 213.99081420898438 157.01741027832031 157 217.99461364746094 161.50788879394531 -1 223.06571960449219 167.02357482910156 -1 234.70173645019531 179.83094787597656 -1 242.68894958496094 192.70597839355469 70 244.97354125976562 195.34072875976562 -1 172.06611633300781 89.384674072265625 -1 166.04301452636719 89.406166076660156 -1 250.84703063964844 88.993461608886719 -1 173.08760070800781 80.288612365722656 -1 196.00717163085938 56.983631134033203 -1 27.469083786010742 41.249408721923828 -1 169.5816650390625 39.931175231933594 -1 54.6832275390625 36.044643402099609 37 23.417087554931641 34.121452331542969 120 60.172145843505859 33.078315734863281 -1 83.141242980957031 2.4457097053527832 -1 41.90972900390625 19.548582077026367 -1 70.949020385742188 19.605709075927734 -1 79.303329467773438 4.1169114112854004 -1 120.66629028320312 5.2207732200622559 -1 79.303329467773438 4.1169114112854004 -1 41.90972900390625 19.548582077026367 -1 27.469083786010742 41.249408721923828 -1 120.66629028320312 5.2207732200622559 -1 250.84703063964844 88.993461608886719 -1 166.04301452636719 89.406166076660156 -1 83.958351135253906 13.316855430603027 -1 105.07364654541016 6.9444570541381836 -1 83.958351135253906 13.316855430603027 -1 42.088447570800781 16.379074096679688 -1 153.94331359863281 102.61190032958984 -1 247.8558349609375 108.35121917724609 -1 166.04301452636719 89.406166076660156 -1 176.67469787597656 43.851425170898438 -1 4.2682342529296875 241.52583312988281 -1 
88 0.99890092806022113 -0.031603790169101274 -0.033174263228412534 -0.0098795053837850751 -0.37535165486761929 -1.8483196994255526 -0.67379804568488888 1 000088.png
116.72000885009766 97.537704467773438 -1 86.031379699707031 49.449737548828125 -1 125.39485931396484 200.94720458984375 -1 86.031379699707031 49.449737548828125 -1 197.98594665527344 72.72802734375 -1 197.98594665527344 72.72802734375 -1 49.221797943115234 44.848300933837891 80 229.13041687011719 84.260910034179688 -1 237.22331237792969 112.84989929199219 -1 237.22331237792969 112.84989929199219 -1 237.22331237792969 112.84989929199219 -1 113.80941772460938 24.579319000244141 -1 131.94294738769531 20.14936637878418 -1 47.034885406494141 49.417766571044922 81 170.807373046875 113.1129150390625 -1 170.807373046875 113.1129150390625 -1 170.807373046875 113.1129150390625 -1 113.80941772460938 24.579319000244141 -1 29.732616424560547 52.721694946289062 6 25.893520355224609 65.976837158203125 7 10.066978454589844 75.307266235351562 83 166.71736145019531 80.225494384765625 -1 129.85647583007812 174.02883911132812 -1 86.879173278808594 32.627769470214844 -1 29.732616424560547 52.721694946289062 9 166.71736145019531 80.225494384765625 -1 19.109071731567383 54.51922607421875 -1 19.109071731567383 54.51922607421875 13 223.29693603515625 191.32394409179688 87 222.13009643554688 246.49049377441406 45 171.43293762207031 51.674545288085938 -1 100.60971069335938 33.275234222412109 -1 216.88954162597656 108.06121063232422 -1 100.60971069335938 33.275234222412109 -1 188.37821960449219 51.992221832275391 -1 216.11921691894531 183.44157409667969 15 200.43928527832031 246.88916015625 23 246.31356811523438 105.63878631591797 -1 93.8125 10.404840469360352 -1 156.61734008789062 78.123199462890625 -1 161.95440673828125 85.656723022460938 -1 201.11537170410156 58.859790802001953 -1 122.61292266845703 10.09522533416748 -1 243.46372985839844 85.876953125 -1 105.32530975341797 13.787347793579102 -1 122.61292266845703 10.09522533416748 -1 242.47669982910156 124.49298858642578 -1 164.26594543457031 103.14354705810547 -1 151.68612670898438 103.81096649169922 -1 174.33625793457031 95.457626342773438 -1 171.61868286132812 87.885848999023438 -1 29.299783706665039 56.474918365478516 93 27.67371940612793 48.165611267089844 19 147.74606323242188 47.720981597900391 -1 180.59275817871094 44.548271179199219 -1 62.307506561279297 25.566854476928711 41 164.26594543457031 103.14354705810547 -1 174.33625793457031 95.457626342773438 -1 29.299783706665039 56.474918365478516 -1 29.299783706665039 56.474918365478516 94 27.67371940612793 48.165611267089844 30 62.307506561279297 25.566854476928711 36 166.95120239257812 35.666900634765625 -1 13.289882659912109 81.504150390625 135 169.11009216308594 92.129623413085938 -1 179.6912841796875 94.749305725097656 -1 132.5147705078125 181.99671936035156 -1 93.003486633300781 4.1125402450561523 -1 63.102939605712891 43.487384796142578 -1 160.40266418457031 60.3741455078125 -1 169.87545776367188 63.011142730712891 -1 155.58828735351562 64.440544128417969 -1 14.77609920501709 75.915260314941406 43 63.102939605712891 43.487384796142578 -1 132.5147705078125 181.99671936035156 -1 133.66505432128906 13.782654762268066 -1 173.9293212890625 39.418933868408203 -1 223.62434387207031 251.52328491210938 45 93.003486633300781 4.1125402450561523 -1 66.748825073242188 39.262855529785156 91 66.5155029296875 46.140918731689453 85 58.768505096435547 46.457252502441406 37 63.109291076660156 48.042072296142578 -1 57.0802001953125 51.600807189941406 -1 103.65132141113281 51.493812561035156 -1 168.48503112792969 53.219661712646484 -1 178.03173828125 53.415786743164062 -1 160.40266418457031 60.3741455078125 -1 169.87545776367188 63.011142730712891 -1 155.58828735351562 64.440544128417969 -1 14.77609920501709 75.915260314941406 49 108.74321746826172 5.3139381408691406 -1 197.51789855957031 253.44308471679688 -1 108.74321746826172 5.3139381408691406 -1 22.74827766418457 71.020187377929688 56 230.4783935546875 187.63674926757812 -1 250.41007995605469 210.40725708007812 -1 22.74827766418457 71.020187377929688 191 197.51789855957031 253.44308471679688 -1 35.972682952880859 53.225116729736328 54 59.598194122314453 41.936470031738281 50 35.972682952880859 53.225116729736328 51 60.592803955078125 53.567970275878906 138 45.162208557128906 24.778648376464844 -1 71.9007568359375 27.298797607421875 -1 64.611213684082031 30.984979629516602 -1 218.17807006835938 244.63404846191406 -1 220.16084289550781 247.47116088867188 -1 238.63865661621094 193.49072265625 70 201.36500549316406 253.13960266113281 -1 238.06942749023438 196.29185485839844 70 245.80975341796875 205.05888366699219 -1 204.76629638671875 179.9117431640625 -1 202.24302673339844 176.89508056640625 -1 204.11203002929688 154.02719116210938 -1 252.96855163574219 119.31761169433594 -1 142.444580078125 118.76552581787109 -1 253.35064697265625 91.002410888671875 -1 166.03111267089844 89.4306640625 -1 15.904022216796875 76.029304504394531 49 209.14764404296875 162.93598937988281 157 188.96284484863281 65.060600280761719 -1 196.08139038085938 56.964500427246094 -1 165.91432189941406 47.233924865722656 -1 29.30817985534668 47.066219329833984 120 68.551742553710938 40.434555053710938 -1 169.64018249511719 40.122291564941406 -1 113.63206481933594 1.847669243812561 -1 119.98394012451172 4.5280308723449707 -1 55.983024597167969 43.673347473144531 -1 45.162208557128906 24.778648376464844 -1 169.64018249511719 40.122291564941406 -1 113.63206481933594 1.847669243812561 -1 15.904022216796875 76.029304504394531 43 166.03111267089844 89.4306640625 -1 253.35064697265625 91.002410888671875 -1 202.24302673339844 176.89508056640625 75 204.76629638671875 179.9117431640625 -1 119.98394012451172 4.5280308723449707 -1 91.377372741699219 7.0007195472717285 -1 133.09321594238281 183.33583068847656 -1 252.78591918945312 213.40985107421875 -1 105.12789154052734 6.9464330673217773 -1 129.646240234375 12.466132164001465 -1 47.663948059082031 20.879938125610352 -1 36.51593017578125 57.014797210693359 -1 133.09321594238281 183.33583068847656 -1 47.663948059082031 20.879938125610352 -1 221.38307189941406 180.77371215820312 -1 
89 0.99904372679422826 0.00071026663204726184 -0.041472146316866694 -0.01382709493289474 0.15446728088310907 0.41810851374834018 0.41521579563334832 1 000090.png
120.91020202636719 100.2236328125 -1 89.484405517578125 59.064571380615234 -1 89.484405517578125 59.064571380615234 -1 94.888275146484375 160.06877136230469 -1 94.888275146484375 160.06877136230469 -1 197.716064453125 72.397377014160156 -1 197.716064453125 72.397377014160156 -1 139.45074462890625 29.179445266723633 -1 52.635692596435547 51.778240203857422 80 112.62014770507812 69.492851257324219 -1 113.85063171386719 24.688850402832031 -1 49.946292877197266 58.271106719970703 81 113.85063171386719 24.688850402832031 -1 139.358642578125 10.676657676696777 -1 32.822296142578125 59.773635864257812 6 29.574960708618164 73.497337341308594 7 14.21829891204834 83.782867431640625 83 241.94963073730469 101.44291687011719 -1 247.94424438476562 110.57570648193359 -1 242.87208557128906 122.39288330078125 -1 166.66856384277344 80.267379760742188 -1 247.94424438476562 110.57570648193359 -1 32.822296142578125 59.773635864257812 9 166.66856384277344 80.267379760742188 -1 252.42623901367188 93.815383911132812 -1 252.42623901367188 93.815383911132812 -1 171.43612670898438 51.652111053466797 -1 188.45982360839844 51.960365295410156 -1 201.24937438964844 59.967281341552734 -1 22.108505249023438 62.001773834228516 13 225.96937561035156 98.44744873046875 -1 38.729038238525391 28.774637222290039 88 3.1561236381530762 84.843948364257812 -1 156.62026977539062 78.112159729003906 -1 212.81358337402344 185.85798645019531 15 154.09214782714844 90.528938293457031 -1 213.52333068847656 113.71517181396484 17 68.970108032226562 53.202350616455078 85 216.46823120117188 68.571434020996094 -1 141.08639526367188 19.678989410400391 -1 100.48159027099609 41.996570587158203 -1 180.51168823242188 44.517101287841797 -1 30.756460189819336 55.491657257080078 19 241.63909912109375 111.50405120849609 20 166.27287292480469 126.10306549072266 -1 238.09658813476562 129.91246032714844 21 32.170013427734375 235.692626953125 -1 197.23426818847656 248.03634643554688 23 151.68252563476562 103.71643829345703 -1 164.56739807128906 102.82488250732422 -1 5.8663325309753418 97.426620483398438 97 174.34440612792969 95.526618957519531 -1 171.64952087402344 87.908248901367188 -1 105.34001922607422 13.641181945800781 -1 64.952278137207031 61.60992431640625 138 5.8663325309753418 97.426620483398438 -1 174.34440612792969 95.526618957519531 -1 30.756460189819336 55.491657257080078 30 100.48159027099609 41.996570587158203 -1 95.546920776367188 14.367506980895996 -1 95.546920776367188 14.367506980895996 -1 164.56739807128906 102.82488250732422 -1 159.64936828613281 60.853916168212891 -1 169.06741333007812 91.986808776855469 -1 159.64936828613281 60.853916168212891 -1 252.51239013671875 91.465774536132812 -1 163.51814270019531 122.05718231201172 -1 252.51239013671875 91.465774536132812 -1 163.51814270019531 122.05718231201172 -1 64.420364379882812 49.081569671630859 -1 62.861518859863281 30.265283584594727 36 239.17535400390625 92.209388732910156 -1 60.327285766601562 52.044685363769531 37 179.6827392578125 94.805000305175781 -1 64.420364379882812 49.081569671630859 -1 60.327285766601562 52.044685363769531 -1 169.95640563964844 62.916618347167969 -1 169.95640563964844 62.916618347167969 -1 27.286094665527344 78.423629760742188 191 123.81655120849609 16.842391967773438 -1 36.727302551269531 17.716485977172852 -1 62.861518859863281 30.265283584594727 41 167.20391845703125 35.705997467041016 -1 67.989669799804688 44.679145812988281 91 169.20851135253906 46.448463439941406 -1 19.21485710144043 84.2841796875 43 79.406600952148438 48.701938629150391 44 217.46620178222656 249.53518676757812 45 168.49090576171875 53.245845794677734 -1 178.19255065917969 53.258880615234375 -1 169.95640563964844 62.916618347167969 -1 27.286094665527344 78.423629760742188 154 19.21485710144043 84.2841796875 49 246.99844360351562 87.535186767578125 -1 93.784439086914062 5.0923385620117188 -1 49.141754150390625 25.565462112426758 -1 60.884685516357422 47.516849517822266 50 72.765541076660156 52.555393218994141 -1 38.663227081298828 60.038589477539062 51 249.44085693359375 97.423553466796875 -1 108.86504364013672 5.4138226509094238 -1 249.44085693359375 97.423553466796875 -1 195.24140930175781 61.873218536376953 -1 108.86504364013672 5.4138226509094238 -1 49.141754150390625 25.565462112426758 -1 49.141754150390625 25.565462112426758 -1 60.884685516357422 47.516849517822266 -1 38.663227081298828 60.038589477539062 54 49.141754150390625 25.565462112426758 -1 166.03514099121094 89.37750244140625 -1 26.728853225708008 79.472434997558594 56 207.54798889160156 61.048049926757812 -1 196.12123107910156 56.927303314208984 -1 113.63524627685547 1.960595965385437 -1 132.02755737304688 19.300968170166016 -1 46.722412109375 29.734516143798828 -1 169.55754089355469 39.762489318847656 -1 26.728853225708008 79.472434997558594 191 166.03514099121094 89.37750244140625 -1 166.03514099121094 89.37750244140625 -1 46.722412109375 29.734516143798828 -1 104.97629547119141 7.0157461166381836 -1 194.90580749511719 253.47189331054688 -1 132.02755737304688 19.300968170166016 -1 169.55754089355469 39.762489318847656 -1 113.63524627685547 1.960595965385437 -1 194.90580749511719 253.47189331054688 -1 251.9088134765625 220.17408752441406 -1 238.04808044433594 203.54341125488281 -1 251.9088134765625 220.17408752441406 -1 230.43626403808594 194.76829528808594 70 199.60592651367188 180.12022399902344 -1 216.98869323730469 178.79025268554688 -1 217.535888671875 176.00181579589844 -1 206.85354614257812 167.19392395019531 157 142.48637390136719 118.12924194335938 -1 154.33676147460938 99.216644287109375 -1 199.60592651367188 180.12022399902344 75 145.10455322265625 117.55844879150391 -1 4.0481820106506348 82.239524841308594 -1 
90 0.99706465728133453 -0.059489958861647284 -0.048032856667254438 -0.0039822952524328952 0.52297708118583186 -3.755482888779806 -1.1070711703636382 1 000087.png
113.20075988769531 96.30059814453125 -1 84.132583618164062 43.698936462402344 2 126.2935791015625 200.53842163085938 -1 84.132583618164062 43.698936462402344 1 198.68162536621094 73.601974487304688 -1 45.106216430664062 42.561843872070312 81 239.0589599609375 108.26581573486328 -1 113.68648529052734 24.437629699707031 -1 232.52703857421875 84.252365112304688 -1 113.68648529052734 24.437629699707031 -1 239.0589599609375 108.26581573486328 -1 239.0589599609375 108.26581573486328 -1 128.14511108398438 15.640622138977051 -1 97.846778869628906 30.923086166381836 -1 97.846778869628906 30.923086166381836 -1 84.893653869628906 26.751750946044922 -1 16.428121566772461 49.577869415283203 13 27.438859939575195 47.442588806152344 6 22.702119827270508 60.5989990234375 7 166.72505187988281 80.178024291992188 -1 169.60040283203125 110.11959075927734 -1 6.6324167251586914 69.495643615722656 83 27.438859939575195 47.442588806152344 9 16.428121566772461 49.577869415283203 -1 166.72505187988281 80.178024291992188 -1 169.60040283203125 110.11959075927734 -1 226.57331848144531 246.24253845214844 -1 226.57331848144531 246.24253845214844 45 188.30406188964844 51.867378234863281 -1 218.29013061523438 180.9271240234375 15 225.86383056640625 189.13005065917969 87 130.3924560546875 175.38804626464844 -1 130.3924560546875 175.38804626464844 -1 130.3924560546875 175.38804626464844 -1 218.85791015625 104.249755859375 17 171.47517395019531 51.690387725830078 -1 159.42796325683594 58.077400207519531 -1 154.03073120117188 90.338134765625 -1 202.56925964355469 245.95506286621094 23 156.59846496582031 78.0645751953125 -1 159.42796325683594 58.077400207519531 -1 166.23359680175781 35.835765838623047 -1 105.2613525390625 13.976849555969238 -1 61.494438171386719 22.253273010253906 41 78.375419616699219 32.414138793945312 44 26.478809356689453 232.93185424804688 -1 92.711097717285156 7.3519473075866699 -1 245.58763122558594 120.88623046875 21 168.73959350585938 118.76097106933594 -1 164.23878479003906 103.56555938720703 -1 151.67410278320312 103.72991180419922 -1 174.3759765625 95.476554870605469 -1 164.23878479003906 103.56555938720703 -1 174.3759765625 95.476554870605469 -1 149.71736145019531 69.401039123535156 -1 27.133487701416016 51.713237762451172 -1 27.133487701416016 51.713237762451172 93 200.65921020507812 57.847995758056641 -1 61.494438171386719 22.253273010253906 36 171.60202026367188 87.850059509277344 -1 149.71736145019531 69.401039123535156 -1 27.133487701416016 51.713237762451172 94 180.60816955566406 44.58892822265625 -1 25.345907211303711 43.045345306396484 19 25.345907211303711 43.045345306396484 30 52.864414215087891 51.161369323730469 -1 160.31724548339844 60.641204833984375 -1 169.92724609375 62.9700927734375 -1 57.529502868652344 42.48431396484375 37 154.89773559570312 65.057296752929688 -1 121.42592620849609 6.4838352203369141 -1 168.52548217773438 53.246025085449219 -1 178.17173767089844 53.315654754638672 -1 160.31724548339844 60.641204833984375 -1 169.92724609375 62.9700927734375 -1 154.89773559570312 65.057296752929688 -1 24.698974609375 66.925682067871094 -1 5.0958638191223145 74.277175903320312 -1 169.03741455078125 92.052963256835938 -1 179.66490173339844 94.742912292480469 -1 250.79286193847656 105.77684783935547 20 149.34524536132812 111.09147644042969 -1 121.42592620849609 6.4838352203369141 -1 20.028003692626953 64.853782653808594 56 108.67427062988281 4.9222126007080078 -1 108.67427062988281 4.9222126007080078 -1 58.367008209228516 37.931987762451172 50 62.204643249511719 39.285301208496094 -1 221.59162902832031 172.20838928222656 -1 33.993770599365234 48.541156768798828 51 54.786563873291016 45.763660430908203 -1 164.53260803222656 104.96688842773438 -1 20.028003692626953 64.853782653808594 191 33.993770599365234 48.541156768798828 54 132.63534545898438 182.77070617675781 -1 199.69979858398438 252.46539306640625 -1 203.6708984375 252.37548828125 -1 132.63534545898438 182.77070617675781 -1 199.69979858398438 252.46539306640625 -1 203.6708984375 252.37548828125 -1 248.33589172363281 202.52597045898438 -1 230.92182922363281 182.84762573242188 -1 142.40876770019531 116.60920715332031 -1 166.38726806640625 108.21198272705078 -1 154.3223876953125 99.257286071777344 -1 166.04490661621094 89.427314758300781 -1 189.06147766113281 64.855857849121094 -1 195.87550354003906 57.130958557128906 -1 30.884754180908203 48.409591674804688 -1 63.180046081542969 45.151947021484375 -1 60.950550079345703 43.639507293701172 -1 12.932348251342773 70.00616455078125 49 70.633087158203125 24.32731819152832 -1 107.32003784179688 22.106781005859375 -1 79.651802062988281 20.014934539794922 -1 81.839241027832031 18.956169128417969 -1 129.23930358886719 10.553482055664062 -1 34.582950592041016 6.6039004325866699 -1 169.66885375976562 40.080486297607422 -1 113.59449005126953 1.8182775974273682 -1 44.111351013183594 21.278907775878906 -1 79.651802062988281 20.014934539794922 -1 44.111351013183594 21.278907775878906 -1 89.990386962890625 4.1197609901428223 -1 30.884754180908203 48.409591674804688 -1 12.932348251342773 70.00616455078125 43 166.04490661621094 89.427314758300781 -1 166.04490661621094 89.427314758300781 -1 203.87985229492188 174.52537536621094 75 205.75906372070312 151.12724304199219 -1 169.66885375976562 40.080486297607422 -1 202.46583557128906 150.68635559082031 -1 188.07096862792969 133.51239013671875 -1 203.87985229492188 174.52537536621094 -1 113.59449005126953 1.8182775974273682 -1 241.40194702148438 191.26884460449219 70 245.74668884277344 196.00942993164062 -1 81.839241027832031 18.956169128417969 -1 145.08583068847656 117.85752868652344 -1 
91 0.99923136248574296 -0.010911102808463411 -0.035566992311186617 -0.012353991999549728 -0.21683823025559071 -0.38415926117786525 0.016022934015632623 1 000089.png
119.61753082275391 99.397918701171875 -1 88.061088562011719 56.199489593505859 -1 88.061088562011719 56.199489593505859 -1 124.34238433837891 200.88442993164062 -1 96.087081909179688 157.32867431640625 -1 96.087081909179688 157.32867431640625 -1 197.5167236328125 72.248069763183594 -1 82.962844848632812 29.903463363647461 -1 82.962844848632812 29.903463363647461 -1 197.5167236328125 72.248069763183594 -1 51.524188995361328 49.30902099609375 80 136.6263427734375 25.545330047607422 -1 226.12559509277344 83.957725524902344 -1 171.88368225097656 117.0965576171875 -1 171.88368225097656 117.0965576171875 -1 49.04986572265625 55.487251281738281 81 113.85392761230469 24.625654220581055 -1 113.85392761230469 24.625654220581055 -1 109.36952209472656 61.889553070068359 -1 31.856613159179688 57.657264709472656 6 28.837217330932617 70.960159301757812 7 12.894822120666504 81.076118469238281 83 166.74246215820312 80.210609436035156 -1 31.856613159179688 57.657264709472656 9 166.74246215820312 80.210609436035156 -1 242.82211303710938 99.921012878417969 -1 242.82211303710938 99.921012878417969 -1 20.835721969604492 60.209888458251953 13 98.722793579101562 41.932132720947266 -1 130.05026245117188 175.23959350585938 -1 201.21669006347656 59.837600708007812 -1 188.36758422851562 51.9404296875 -1 171.44338989257812 51.683433532714844 -1 130.05026245117188 175.23959350585938 -1 130.05026245117188 175.23959350585938 -1 98.722793579101562 41.932132720947266 -1 154.1248779296875 90.419639587402344 -1 251.88279724121094 92.484146118164062 -1 214.54911804199219 111.90995788574219 17 139.43513488769531 132.96888732910156 -1 213.68539428710938 184.79383850097656 15 198.07557678222656 247.56465148925781 23 221.204833984375 193.46061706542969 87 156.63612365722656 78.091880798339844 -1 67.835006713867188 51.134788513183594 85 197.05471801757812 164.91526794433594 -1 1.3702535629272461 83.098526000976562 -1 162.00471496582031 85.582962036132812 -1 162.00471496582031 85.582962036132812 -1 11.00294303894043 90.732864379882812 168 63.823787689208984 59.241748809814453 138 174.30364990234375 95.471282958984375 -1 29.770660400390625 53.099025726318359 30 95.124565124511719 13.044942855834961 -1 29.770660400390625 53.099025726318359 19 163.41209411621094 52.298568725585938 -1 180.50828552246094 44.482524871826172 -1 38.190212249755859 24.133764266967773 88 243.24537658691406 109.68558502197266 20 105.30078125 13.658924102783203 -1 95.124565124511719 13.044942855834961 -1 171.63711547851562 87.904518127441406 -1 59.084880828857422 56.373073577880859 -1 239.72489929199219 128.17691040039062 21 151.68869018554688 103.65863037109375 -1 174.30364990234375 95.471282958984375 -1 169.18453979492188 92.234779357910156 -1 16.884590148925781 86.988883972167969 135 179.706787109375 94.742912292480469 -1 247.58720397949219 98.521591186523438 -1 93.710227966308594 5.3395376205444336 -1 125.64210510253906 24.674139022827148 -1 121.74846649169922 26.785064697265625 -1 64.022239685058594 47.222888946533203 -1 160.30732727050781 60.487525939941406 -1 170.00157165527344 62.930606842041016 -1 93.710227966308594 5.3395376205444336 -1 170.00157165527344 62.930606842041016 -1 155.66233825683594 64.470924377441406 -1 17.749019622802734 81.5537109375 43 125.64210510253906 24.674139022827148 -1 121.74846649169922 26.785064697265625 -1 167.2225341796875 35.732780456542969 -1 67.447677612304688 42.800735473632812 91 78.141151428222656 46.580482482910156 44 64.022239685058594 47.222888946533203 -1 59.861488342285156 50.241622924804688 37 168.55686950683594 53.283908843994141 -1 178.192626953125 53.120048522949219 -1 160.30732727050781 60.487525939941406 -1 170.00157165527344 62.930606842041016 -1 155.66233825683594 64.470924377441406 -1 17.749019622802734 81.5537109375 49 25.671333312988281 76.307144165039062 56 38.27484130859375 61.603122711181641 -1 33.663288116455078 64.332656860351562 93 113.34490966796875 154.98051452636719 -1 6.6509075164794922 80.550125122070312 -1 146.94181823730469 80.947059631347656 -1 247.34312438964844 87.165267944335938 -1 188.92012023925781 64.920173645019531 -1 244.88255310058594 114.24135589599609 -1 167.89303588867188 35.508033752441406 -1 189.80679321289062 49.759437561035156 -1 122.67688751220703 13.605575561523438 -1 60.561050415039062 45.565132141113281 50 37.737762451171875 57.709007263183594 51 60.561050415039062 45.565132141113281 -1 37.737762451171875 57.709007263183594 54 25.671333312988281 76.307144165039062 191 6.6509075164794922 80.550125122070312 -1 244.88255310058594 114.24135589599609 -1 220.13356018066406 251.41705322265625 45 71.809326171875 30.586740493774414 -1 118.95895385742188 7.1910262107849121 -1 48.100940704345703 39.924884796142578 -1 252.75267028808594 90.70343017578125 -1 229.54159545898438 191.40533447265625 -1 227.62380981445312 189.15519714355469 -1 133.03741455078125 183.38375854492188 -1 200.44351196289062 179.07766723632812 -1 217.92556762695312 177.66563415527344 -1 149.46363830566406 147.86019897460938 -1 166.01228332519531 89.489280700683594 -1 3.0503489971160889 80.55078125 -1 165.48616027832031 62.513751983642578 -1 196.15190124511719 56.875041961669922 -1 31.472494125366211 51.980411529541016 120 45.675273895263672 40.740642547607422 -1 169.56221008300781 39.864883422851562 -1 131.26300048828125 16.996484756469727 -1 48.909053802490234 23.840208053588867 -1 46.085292816162109 28.156024932861328 -1 46.085292816162109 28.156024932861328 -1 48.100940704345703 39.924884796142578 -1 169.56221008300781 39.864883422851562 -1 65.008506774902344 34.023727416992188 -1 166.01228332519531 89.489280700683594 -1 166.01228332519531 89.489280700683594 -1 133.03741455078125 183.38375854492188 -1 92.470375061035156 9.8797693252563477 -1 131.26300048828125 16.996484756469727 -1 72.013710021972656 19.617410659790039 -1 107.53114318847656 22.264759063720703 -1 252.75267028808594 90.70343017578125 -1 48.909053802490234 23.840208053588867 -1 200.44351196289062 179.07766723632812 75 46.085292816162109 28.156024932861328 -1 232.39399719238281 194.76992797851562 70 235.29713439941406 198.03720092773438 -1 237.8565673828125 200.95877075195312 -1 246.08248901367188 210.50714111328125 -1 21.54499626159668 234.84062194824219 -1 46.126377105712891 31.222810745239258 -1 46.126377105712891 31.222810745239258 -1 153.71760559082031 76.754692077636719 -1 5.2153549194335938 253.02772521972656 -1 153.71760559082031 76.754692077636719 -1 
92 0.99898925782948378 0.018517515306723954 -0.038051823159872829 -0.015153320506481204 -0.027707527252163366 1.7077296355890461 1.0173134967439392 1 000091.png
123.88816070556641 101.94209289550781 -1 85.383827209472656 74.757843017578125 1 94.009834289550781 162.91789245605469 -1 85.383827209472656 74.757843017578125 2 94.009834289550781 162.91789245605469 -1 94.009834289550781 162.91789245605469 -1 185.62294006347656 28.837299346923828 -1 145.0030517578125 36.232044219970703 -1 197.97021484375 72.680908203125 -1 185.62294006347656 28.837299346923828 -1 54.841785430908203 56.523189544677734 80 72.488456726074219 32.589241027832031 -1 113.74859619140625 24.961446762084961 -1 51.752132415771484 63.970714569091797 81 96.025848388671875 55.011634826660156 -1 155.05020141601562 111.0399169921875 -1 138.40695190429688 16.794914245605469 -1 34.6778564453125 64.254669189453125 6 32.772464752197266 78.044532775878906 7 166.68466186523438 80.314460754394531 -1 16.808355331420898 88.406242370605469 83 239.0665283203125 104.98873901367188 -1 245.73904418945312 114.45528411865234 -1 240.25709533691406 126.20986938476562 -1 67.984870910644531 33.448978424072266 36 245.73904418945312 114.45528411865234 -1 240.25709533691406 126.20986938476562 -1 67.984870910644531 33.448978424072266 -1 34.6778564453125 64.254669189453125 9 166.68466186523438 80.314460754394531 -1 188.41123962402344 51.919265747070312 -1 70.435844421386719 57.848037719726562 85 223.33818054199219 102.51685333251953 -1 130.15341186523438 175.221435546875 -1 24.110479354858398 66.502517700195312 13 97.362640380859375 51.959743499755859 -1 171.43460083007812 51.5130615234375 -1 30.408489227294922 82.483955383300781 191 154.08267211914062 90.846244812011719 -1 194.45556640625 168.01510620117188 -1 210.66290283203125 187.78656005859375 15 217.89414978027344 195.79220581054688 87 40.487396240234375 34.21551513671875 88 98.009437561035156 50.433246612548828 -1 200.93023681640625 59.003231048583984 -1 156.59002685546875 78.262535095214844 -1 5.3870172500610352 88.107917785644531 -1 139.02456665039062 139.92019653320312 -1 30.408489227294922 82.483955383300781 154 105.32972717285156 13.821491241455078 -1 67.926055908203125 47.494987487792969 91 32.67401123046875 60.133205413818359 19 245.750244140625 87.860649108886719 -1 34.149608612060547 236.40704345703125 -1 195.14173889160156 248.31980895996094 23 235.34095764160156 133.26181030273438 21 211.38056945800781 117.16388702392578 17 238.4197998046875 115.20394897460938 20 151.63871765136719 103.6993408203125 -1 164.45552062988281 102.743408203125 -1 174.24813842773438 95.5174560546875 -1 169.17591857910156 92.281257629394531 -1 240.02171325683594 83.50146484375 -1 174.24813842773438 95.5174560546875 -1 32.67401123046875 60.133205413818359 30 33.999217987060547 67.773910522460938 93 33.999217987060547 67.773910522460938 94 166.83961486816406 35.673881530761719 -1 236.15562438964844 96.720962524414062 -1 149.45620727539062 111.20161437988281 -1 252.5546875 118.21446228027344 -1 161.62504577636719 122.99724578857422 -1 29.620201110839844 84.319145202636719 191 9.2185459136962891 100.99032592773438 97 140.20555114746094 19.566867828369141 -1 61.258090972900391 55.642219543457031 -1 160.37991333007812 60.805263519287109 -1 169.97225952148438 62.967170715332031 -1 161.62504577636719 122.99724578857422 -1 29.620201110839844 84.319145202636719 56 131.55610656738281 13.105037689208984 -1 140.20555114746094 19.566867828369141 -1 144.98458862304688 21.630434036254883 -1 38.176528930664062 23.34294319152832 -1 63.419284820556641 33.265487670898438 41 180.319091796875 44.259033203125 -1 168.44515991210938 53.170177459716797 -1 178.12101745605469 53.323017120361328 -1 61.258090972900391 55.642219543457031 37 74.141014099121094 57.386543273925781 -1 160.37991333007812 60.805263519287109 -1 169.97225952148438 62.967170715332031 -1 171.66050720214844 88.084541320800781 -1 179.69064331054688 94.766242980957031 -1 252.58717346191406 90.713531494140625 -1 123.55345153808594 18.61345100402832 -1 65.284255981445312 52.637386322021484 -1 40.360553741455078 64.377227783203125 54 93.681777954101562 5.0180158615112305 -1 108.89700317382812 5.325523853302002 -1 40.360553741455078 64.377227783203125 51 108.89700317382812 5.325523853302002 -1 65.284255981445312 52.637386322021484 -1 246.28509521484375 101.76210021972656 -1 252.58717346191406 90.713531494140625 -1 47.711292266845703 32.982627868652344 -1 65.963890075683594 38.393898010253906 -1 169.56246948242188 39.968997955322266 -1 47.89373779296875 47.572528839111328 -1 224.02894592285156 192.19294738769531 -1 228.05355834960938 196.95634460449219 70 199.93545532226562 160.45899963378906 -1 230.8572998046875 200.29257202148438 -1 235.28825378417969 205.40069580078125 -1 251.52491760253906 225.10282897949219 -1 216.395751953125 253.41921997070312 45 100.42284393310547 7.5234270095825195 -1 197.72792053222656 182.17941284179688 -1 214.07563781738281 180.2569580078125 -1 142.47117614746094 118.55040740966797 -1 142.63566589355469 116.13744354248047 -1 154.229736328125 99.167694091796875 -1 166.01708984375 89.523567199707031 -1 22.910314559936523 89.589324951171875 49 7.9169974327087402 88.625892639160156 -1 163.06709289550781 74.854263305664062 -1 3.5754294395446777 72.998420715332031 -1 34.291099548339844 59.061965942382812 120 196.16069030761719 56.984470367431641 -1 79.917388916015625 54.947681427001953 44 61.898769378662109 51.406566619873047 50 113.46889495849609 1.9918279647827148 -1 102.23869323730469 14.06085205078125 -1 133.42497253417969 23.88932991027832 -1 47.711292266845703 32.982627868652344 -1 162.72116088867188 28.975427627563477 -1 3.5754294395446777 72.998420715332031 -1 7.9169974327087402 88.625892639160156 -1 22.910314559936523 89.589324951171875 43 113.46889495849609 1.9918279647827148 -1 197.72792053222656 182.17941284179688 75 251.52491760253906 225.10282897949219 -1 102.23869323730469 14.06085205078125 -1 100.42284393310547 7.5234270095825195 -1 100.42284393310547 7.5234270095825195 -1 81.734962463378906 19.881229400634766 -1 166.01708984375 89.523567199707031 -1 107.44126129150391 22.296895980834961 -1 133.42497253417969 23.88932991027832 -1 241.76742553710938 213.19120788574219 -1 219.44091796875 186.95164489746094 -1 169.56246948242188 39.968997955322266 -1 217.29083251953125 183.98289489746094 -1 215.980224609375 186.32606506347656 -1 48.209674835205078 53.979263305664062 -1 48.209674835205078 53.979263305664062 -1 
93 0.99791975019919044 0.047501128610333086 -0.038516810046244777 -0.020402702933471691 0.054516512355161972 3.8396773700648259 2.1892212861433755 1 000093.png
129.05694580078125 102.98923492431641 -1 87.006622314453125 84.131149291992188 1 185.2750244140625 31.286212921142578 -1 198.08297729492188 72.5301513671875 -1 78.558876037597656 36.965641021728516 -1 28.801259994506836 49.341094970703125 -1 58.273750305175781 64.390724182128906 80 153.86412048339844 36.7998046875 -1 113.53959655761719 25.930625915527344 -1 134.06890869140625 85.075019836425781 -1 36.848423004150391 86.051292419433594 7 72.400199890136719 65.620170593261719 85 37.462284088134766 72.023735046386719 6 166.66978454589844 80.341056823730469 -1 13.407561302185059 84.730216979980469 -1 240.451416015625 120.2982177734375 -1 196.89527893066406 185.21392822265625 -1 37.462284088134766 72.023735046386719 9 166.66978454589844 80.341056823730469 -1 13.407561302185059 84.730216979980469 -1 201.84089660644531 61.004684448242188 -1 5.9952077865600586 102.26812744140625 -1 151.43423461914062 28.074090957641602 -1 151.43423461914062 28.074090957641602 -1 141.703369140625 24.95244026184082 -1 68.040580749511719 77.352622985839844 138 27.128833770751953 73.966217041015625 13 5.9952077865600586 102.26812744140625 -1 141.703369140625 24.95244026184082 -1 41.244499206542969 43.815563201904297 88 171.40701293945312 51.569129943847656 -1 188.54843139648438 51.985805511474609 -1 219.34698486328125 108.79622650146484 -1 12.376557350158691 112.69091796875 97 151.42135620117188 119.09423828125 -1 249.44297790527344 129.5484619140625 -1 8.3237895965576172 94.329887390136719 -1 124.86525726318359 17.616123199462891 -1 166.22848510742188 35.811325073242188 -1 132.5089111328125 17.586694717407227 -1 156.56065368652344 78.221694946289062 -1 154.1575927734375 90.578269958496094 -1 23.32097053527832 97.977790832519531 83 207.60719299316406 190.96636962890625 15 106.97212219238281 46.335842132568359 -1 214.54905700683594 198.4693603515625 87 38.597320556640625 32.571796417236328 -1 124.86525726318359 17.616123199462891 -1 20.584232330322266 105.93161773681641 168 91.215805053710938 11.225318908691406 -1 180.508544921875 44.449714660644531 -1 35.608783721923828 67.946426391601562 19 174.25093078613281 95.563301086425781 -1 164.38833618164062 102.90164947509766 -1 151.692626953125 103.79874420166016 -1 234.36863708496094 121.27230072021484 20 192.55484008789062 249.17890930175781 23 108.40364074707031 84.640800476074219 -1 105.59423828125 13.73038387298584 -1 49.150253295898438 48.998882293701172 -1 174.25093078613281 95.563301086425781 -1 35.608783721923828 67.946426391601562 30 231.87118530273438 102.69384765625 -1 159.37240600585938 126.59555053710938 -1 121.35877227783203 20.778484344482422 -1 37.773490905761719 237.99897766113281 -1 121.35877227783203 20.778484344482422 -1 160.392578125 60.863773345947266 -1 62.672817230224609 61.912574768066406 -1 170.00758361816406 62.888637542724609 -1 170.00758361816406 62.888637542724609 -1 155.22207641601562 64.701980590820312 -1 244.52961730957031 93.548500061035156 -1 159.37240600585938 126.59555053710938 -1 98.144325256347656 4.357691764831543 -1 115.86468505859375 4.8363618850708008 -1 64.168464660644531 38.722320556640625 41 178.21102905273438 53.090534210205078 -1 168.50093078613281 53.215888977050781 -1 100.81807708740234 56.041164398193359 -1 160.392578125 60.863773345947266 -1 62.672817230224609 61.912574768066406 -1 170.00758361816406 62.888637542724609 -1 155.22207641601562 64.701980590820312 -1 77.602912902832031 65.408866882324219 -1 12.150749206542969 75.013412475585938 -1 244.10871887207031 85.629470825195312 -1 171.79106140136719 88.208717346191406 -1 169.35528564453125 92.307296752929688 -1 244.52961730957031 93.548500061035156 -1 179.66371154785156 94.81793212890625 -1 240.61582946777344 96.221214294433594 -1 109.15895080566406 5.1772699356079102 -1 116.5394287109375 3.3756663799285889 -1 4.3606557846069336 108.30307769775391 -1 4.2798652648925781 111.8226318359375 -1 116.5394287109375 3.3756663799285889 -1 93.813491821289062 5.4012436866760254 -1 100.96449279785156 7.5219864845275879 -1 100.96449279785156 7.5219864845275879 -1 100.96449279785156 7.5219864845275879 -1 49.308422088623047 38.613819122314453 -1 42.936611175537109 71.947013854980469 51 3.5784204006195068 81.030258178710938 -1 4.3606557846069336 108.30307769775391 -1 109.15895080566406 5.1772699356079102 -1 98.956947326660156 18.245149612426758 -1 49.308422088623047 38.613819122314453 -1 66.551429748535156 58.983745574951172 -1 42.936611175537109 71.947013854980469 54 3.5784204006195068 81.030258178710938 -1 16.401958465576172 105.07946014404297 -1 142.36294555664062 118.41323852539062 -1 154.233154296875 99.192764282226562 -1 26.97407341003418 98.195060729980469 49 11.028334617614746 94.79644775390625 -1 165.98414611816406 89.50946044921875 -1 172.86161804199219 80.194381713867188 -1 6.9862284660339355 79.453224182128906 -1 72.212501525878906 55.983222961425781 91 135.25450134277344 31.502536773681641 -1 76.965568542480469 38.12725830078125 -1 169.60993957519531 39.903221130371094 -1 102.63378143310547 44.059402465820312 -1 6.9862284660339355 79.453224182128906 -1 165.98414611816406 89.50946044921875 -1 165.98414611816406 89.50946044921875 -1 11.028334617614746 94.79644775390625 -1 74.9835205078125 29.023824691772461 -1 127.48515319824219 8.9507284164428711 -1 79.045997619628906 27.029514312744141 -1 135.25450134277344 31.502536773681641 -1 76.965568542480469 38.12725830078125 -1 169.60993957519531 39.903221130371094 -1 250.33441162109375 117.89382171630859 -1 102.63378143310547 44.059402465820312 -1 4.1058826446533203 77.832046508789062 -1 172.35845947265625 60.325016021728516 -1 78.951019287109375 65.469741821289062 -1 37.052661895751953 67.092781066894531 120 250.33441162109375 117.89382171630859 -1 240.99095153808594 107.90070343017578 -1 26.97407341003418 98.195060729980469 43 3.0239028930664062 105.13507843017578 -1 145.113525390625 117.94798278808594 -1 153.77720642089844 102.72219848632812 -1 153.77720642089844 102.72219848632812 -1 
94 0.99845696891147928 0.040350133107764113 -0.033429125145004318 -0.018385907166273252 -0.29203350989705412 3.2446297211326485 1.7846604007454205 1 000092.png
127.26751708984375 102.3857421875 -1 92.570053100585938 168.04249572753906 -1 84.94805908203125 82.280555725097656 1 186.66006469726562 29.822507858276367 -1 147.93084716796875 39.316509246826172 -1 198.08868408203125 72.605987548828125 -1 186.66006469726562 29.822507858276367 -1 78.283966064453125 34.716175079345703 -1 57.187770843505859 61.120388031005859 80 106.25946807861328 161.48890686035156 -1 106.25946807861328 161.48890686035156 -1 113.7867431640625 25.228733062744141 -1 35.377140045166016 82.5875244140625 7 36.323352813720703 68.752784729003906 6 166.67660522460938 80.405029296875 -1 12.124083518981934 81.995368957519531 -1 242.74200439453125 118.13651275634766 -1 12.124083518981934 81.995368957519531 -1 242.74200439453125 118.13651275634766 -1 36.323352813720703 68.752784729003906 9 166.67660522460938 80.405029296875 -1 129.75593566894531 173.90419006347656 -1 188.43914794921875 51.871768951416016 -1 106.95143890380859 58.844699859619141 -1 71.946586608886719 62.265274047851562 85 25.839653015136719 71.1636962890625 13 67.724311828613281 73.67376708984375 138 252.62944030761719 93.493637084960938 -1 220.92691040039062 106.44028472900391 -1 9.25457763671875 108.73826599121094 97 151.73637390136719 118.55809783935547 -1 252.62944030761719 93.493637084960938 -1 40.576438903808594 39.832015991210938 88 6.9482407569885254 100.00667572021484 -1 21.758819580078125 94.527359008789062 83 149.01939392089844 26.423055648803711 -1 171.39178466796875 51.522991180419922 -1 166.14338684082031 35.853218078613281 -1 208.40812683105469 189.85739135742188 15 7.2845072746276855 91.585746765136719 -1 37.453666687011719 28.214927673339844 -1 156.61187744140625 78.156707763671875 -1 215.43600463867188 197.31153869628906 87 141.21263122558594 22.646589279174805 -1 154.17518615722656 90.60009765625 -1 141.21263122558594 22.646589279174805 -1 99.151573181152344 55.099666595458984 -1 105.56253051757812 13.85616397857666 -1 132.04864501953125 15.418139457702637 -1 180.47979736328125 44.436000823974609 -1 34.470569610595703 64.722877502441406 19 101.47299194335938 64.678726196289062 -1 32.480148315429688 88.107322692871094 191 174.33027648925781 95.663284301757812 -1 164.38809204101562 102.90611267089844 -1 40.875247955322266 62.521831512451172 -1 32.480148315429688 88.107322692871094 154 34.470569610595703 64.722877502441406 30 192.98329162597656 249.66189575195312 23 111.53280639648438 147.33125305175781 -1 235.89707946777344 118.95905303955078 20 161.30136108398438 113.75425720214844 -1 151.6890869140625 103.66596221923828 -1 174.33027648925781 95.663284301757812 -1 244.03363037109375 85.897186279296875 -1 75.939018249511719 62.084743499755859 -1 179.6917724609375 94.833869934082031 -1 233.45222473144531 100.74673461914062 -1 160.10345458984375 125.45193481445312 -1 212.1134033203125 251.20059204101562 45 151.44349670410156 75.536697387695312 -1 151.44349670410156 75.536697387695312 -1 62.115066528320312 59.300327301025391 -1 62.115066528320312 59.300327301025391 37 160.50294494628906 60.867183685302734 -1 169.99659729003906 62.911197662353516 -1 169.99659729003906 62.911197662353516 -1 24.262660980224609 94.590438842773438 43 160.10345458984375 125.45193481445312 -1 212.1134033203125 251.20059204101562 -1 93.813674926757812 5.2497987747192383 -1 151.44349670410156 75.536697387695312 -1 98.359466552734375 4.3967304229736328 -1 121.90845489501953 26.825471878051758 -1 131.24569702148438 30.900321960449219 -1 134.21774291992188 32.423736572265625 -1 64.0020751953125 36.332557678222656 41 69.89923095703125 51.975677490234375 91 104.35636901855469 53.206985473632812 -1 168.4832763671875 53.244125366210938 -1 178.08444213867188 53.292270660400391 -1 62.115066528320312 59.300327301025391 -1 160.50294494628906 60.867183685302734 -1 169.99659729003906 62.911197662353516 -1 171.7252197265625 88.148345947265625 -1 242.46620178222656 93.739654541015625 -1 24.262660980224609 94.590438842773438 49 108.921630859375 5.2635293006896973 -1 189.00080871582031 64.510322570800781 -1 31.671199798583984 89.916160583496094 191 41.790660858154297 68.677200317382812 51 3.0000534057617188 74.724624633789062 -1 167.85200500488281 35.520698547363281 -1 242.81985473632812 105.80228424072266 -1 108.921630859375 5.2635293006896973 -1 149.54283142089844 84.95501708984375 -1 246.48869323730469 92.078071594238281 -1 66.113845825195312 56.264930725097656 -1 31.671199798583984 89.916160583496094 56 0.64638626575469971 108.81363677978516 -1 41.790660858154297 68.677200317382812 54 116.55128479003906 3.4215123653411865 -1 66.113845825195312 56.264930725097656 -1 134.59608459472656 28.368009567260742 -1 169.5089111328125 39.753452301025391 -1 189.97822570800781 49.600589752197266 -1 51.4853515625 50.714733123779297 -1 71.74505615234375 53.291110992431641 91 62.765583038330078 55.075901031494141 50 16.530284881591797 98.559242248535156 -1 202.81404113769531 168.40538024902344 157 146.91954040527344 105.79444885253906 -1 2.7674517631530762 97.14947509765625 -1 8.9406881332397461 95.097213745117188 -1 9.8414506912231445 92.078048706054688 -1 165.9976806640625 89.427650451660156 -1 241.95967102050781 83.434837341308594 -1 5.8215689659118652 76.652877807617188 -1 42.829418182373047 71.771690368652344 -1 81.873466491699219 59.938526153564453 44 196.11648559570312 56.911399841308594 -1 134.59608459472656 28.368009567260742 -1 48.669967651367188 36.245918273925781 -1 169.5089111328125 39.753452301025391 -1 51.4853515625 50.714733123779297 -1 5.8215689659118652 76.652877807617188 -1 48.669967651367188 36.245918273925781 -1 165.9976806640625 89.427650451660156 -1 9.8414506912231445 92.078048706054688 -1 16.530284881591797 98.559242248535156 -1 195.77998352050781 184.21603393554688 75 104.89452362060547 7.0418477058410645 -1 195.77998352050781 184.21603393554688 -1 221.43598937988281 193.94357299804688 -1 223.57168579101562 196.71183776855469 -1 225.58810424804688 199.02645874023438 70 249.59153747558594 228.07867431640625 -1 253.447509765625 232.83074951171875 -1 120.86902618408203 16.083463668823242 -1 142.34744262695312 118.53025054931641 -1 124.11576843261719 22.215719223022461 -1 49.113330841064453 51.768413543701172 -1 133.07286071777344 183.55038452148438 -1 2.2361328601837158 78.218063354492188 -1 49.113330841064453 51.768413543701172 -1 49.113330841064453 51.768413543701172 -1 133.07286071777344 183.55038452148438 -1 2.2361328601837158 78.218063354492188 -1 2.2361328601837158 78.218063354492188 -1 
96 0.99758503951748656 0.055025428718315575 -0.030790498374465354 -0.02912449716497394 -0.36985422635594534 4.1926761771202354 2.5415367422269628 1 000094.png
126.66440582275391 101.19823455810547 -1 241.6925048828125 133.364990234375 -1 86.047836303710938 84.722862243652344 1 184.98472595214844 31.063758850097656 -1 197.90306091308594 72.385368347167969 -1 74.242607116699219 38.144866943359375 -1 58.498268127441406 64.438934326171875 80 152.72430419921875 36.380619049072266 -1 113.59464263916016 25.891450881958008 -1 37.128238677978516 86.215049743652344 7 218.64860534667969 243.5604248046875 -1 218.64860534667969 243.5604248046875 -1 150.07562255859375 28.559289932250977 -1 66.826385498046875 39.818225860595703 36 91.111053466796875 54.030323028564453 -1 37.648838043212891 72.210845947265625 6 166.68266296386719 80.385101318359375 -1 13.350406646728516 86.174186706542969 -1 238.94320678710938 115.40774536132812 -1 248.04505920410156 124.43618774414062 -1 122.19096374511719 34.857574462890625 -1 238.94320678710938 115.40774536132812 -1 150.07562255859375 28.559289932250977 -1 66.826385498046875 39.818225860595703 -1 37.648838043212891 72.210845947265625 9 166.68266296386719 80.385101318359375 -1 71.579612731933594 65.609107971191406 85 188.46232604980469 51.913894653320312 -1 27.456674575805664 73.909019470214844 13 23.266719818115234 98.171646118164062 83 218.50811767578125 104.22114562988281 -1 20.077468872070312 106.56832122802734 168 151.44387817382812 118.34033203125 -1 45.449817657470703 35.395442962646484 -1 197.46969604492188 180.72933959960938 -1 151.44387817382812 118.34033203125 -1 11.826442718505859 113.71788787841797 97 58.207424163818359 75.296737670898438 -1 139.49404907226562 24.191640853881836 -1 40.014823913574219 44.138088226318359 88 171.53294372558594 51.413650512695312 -1 249.00761413574219 90.403945922851562 -1 7.79974365234375 95.344276428222656 -1 106.76032257080078 46.419475555419922 -1 130.87948608398438 17.689609527587891 -1 156.5750732421875 78.155082702636719 -1 154.14057922363281 90.789909362792969 -1 130.87948608398438 17.689609527587891 -1 91.365776062011719 10.929438591003418 -1 124.42702484130859 19.310853958129883 -1 38.450344085693359 34.320976257324219 -1 166.42233276367188 35.78887939453125 -1 180.57003784179688 44.486679077148438 -1 149.76063537597656 48.748470306396484 -1 35.868667602539062 68.03802490234375 19 174.35206604003906 95.632362365722656 -1 194.06999206542969 243.95307922363281 23 202.74826049804688 170.08155822753906 -1 124.42702484130859 19.310853958129883 -1 193.72781372070312 159.61216735839844 -1 111.40248870849609 147.72120666503906 -1 151.69941711425781 103.61015319824219 -1 164.47854614257812 102.81067657470703 -1 100.0675048828125 56.416236877441406 -1 202.74826049804688 170.08155822753906 -1 193.72781372070312 159.61216735839844 -1 164.47854614257812 102.81067657470703 -1 174.35206604003906 95.632362365722656 -1 35.868667602539062 68.03802490234375 30 149.76063537597656 48.748470306396484 -1 124.42702484130859 19.310853958129883 -1 161.79513549804688 113.53878021240234 -1 186.14939880371094 144.28965759277344 -1 101.76579284667969 7.3935651779174805 -1 160.57508850097656 60.74755859375 -1 62.086921691894531 62.004039764404297 -1 170.08369445800781 62.8052978515625 -1 170.08369445800781 62.8052978515625 -1 34.009635925292969 93.024009704589844 154 159.99998474121094 125.03830718994141 -1 98.524703979492188 4.5461106300354004 -1 101.76579284667969 7.3935651779174805 -1 106.26753234863281 13.440578460693359 -1 96.991905212402344 14.327265739440918 -1 62.745136260986328 39.2266845703125 41 168.51686096191406 53.133174896240234 -1 178.07896423339844 53.293426513671875 -1 69.325393676757812 54.967979431152344 91 160.57508850097656 60.74755859375 -1 62.086921691894531 62.004039764404297 -1 194.71392822265625 62.61883544921875 -1 170.08369445800781 62.8052978515625 -1 171.77239990234375 88.184890747070312 -1 34.009635925292969 93.024009704589844 191 179.73139953613281 94.759010314941406 -1 233.28225708007812 116.97122955322266 20 159.99998474121094 125.03830718994141 -1 48.585639953613281 39.014823913574219 -1 4.1197586059570312 109.87385559082031 -1 65.720748901367188 59.173454284667969 -1 43.080722808837891 71.972503662109375 54 3.6721947193145752 113.31595611572266 -1 6.5907454490661621 80.28106689453125 -1 12.490577697753906 92.243949890136719 -1 50.359535217285156 63.556159973144531 -1 6.3839507102966309 106.89656829833984 -1 93.770904541015625 5.3502950668334961 -1 109.29540252685547 5.3578338623046875 -1 125.49562072753906 7.9938640594482422 -1 42.935619354248047 31.016246795654297 -1 54.664581298828125 36.113227844238281 -1 50.359535217285156 63.556159973144531 -1 3.6721947193145752 113.31595611572266 -1 109.29540252685547 5.3578338623046875 -1 48.585639953613281 39.014823913574219 -1 43.080722808837891 71.972503662109375 51 6.5907454490661621 80.28106689453125 -1 6.3839507102966309 106.89656829833984 -1 4.1197586059570312 109.87385559082031 -1 31.393497467041016 242.12042236328125 -1 27.425287246704102 98.55340576171875 49 33.557327270507812 94.320808410644531 56 166.0377197265625 89.518341064453125 -1 2.7801263332366943 82.07916259765625 -1 173.06651306152344 79.682464599609375 -1 3.1806261539459229 78.859344482421875 -1 165.62367248535156 72.41729736328125 -1 113.77721405029297 2.1429195404052734 -1 77.97119140625 65.517936706542969 -1 125.21026611328125 11.501688003540039 -1 53.007499694824219 61.252151489257812 -1 196.30029296875 56.988983154296875 -1 103.84962463378906 46.915840148925781 -1 65.174354553222656 44.0205078125 -1 125.21026611328125 11.501688003540039 -1 133.11479187011719 31.046176910400391 -1 77.941169738769531 37.094829559326172 -1 169.57717895507812 39.976219177246094 -1 169.57717895507812 39.976219177246094 -1 2.7801263332366943 82.07916259765625 -1 2.7801263332366943 82.07916259765625 -1 166.0377197265625 89.518341064453125 -1 33.557327270507812 94.320808410644531 191 133.11479187011719 31.046176910400391 -1 77.941169738769531 37.094829559326172 -1 167.00631713867188 41.249610900878906 -1 69.130516052246094 41.902999877929688 -1 38.278335571289062 234.99607849121094 -1 42.098075866699219 231.01649475097656 -1 16.247623443603516 106.002685546875 -1 184.98857116699219 66.910995483398438 -1 13.126054763793945 105.42221832275391 -1 142.40440368652344 118.77320861816406 -1 173.993896484375 130.93197631835938 -1 194.0714111328125 183.53016662597656 75 45.874057769775391 227.45010375976562 -1 27.425287246704102 98.55340576171875 43 145.1834716796875 117.9490966796875 -1 
