# 3D point list with one line of data per point:
#   POINT3D_ID, X, Y, Z, R, G, B, ERROR, TRACK[] as (IMAGE_ID, POINT2D_IDX)
# Number of points: 43, mean track length: 7.558139534883721
1 -0.7601079466216486 -4.568950755382768 26.430196982925782 91 89 81 1.2246203576948989 90 3 92 1 94 2 93 1 96 2 86 3 87 3
2 -0.73424108545551237 -4.5198865495171496 26.271116905498484 91 89 81 1.1849356315013355 90 1 92 3 86 1 87 1
6 -4.3516654443336416 -5.4728338002239658 31.025612721341719 151 121 121 0.26334398683507299 90 17 89 14 92 17 91 19 88 18 94 13 93 12 96 15 86 17 87 14
7 -4.5511628560947708 -4.421800906770569 30.276297923034157 252 255 251 1.0331327966062571 90 18 89 15 92 18 91 20 88 19 94 12 93 10 96 9 86 28 87 24
9 -4.3614487412066643 -5.4798900412285958 31.090704133797395 151 121 121 0.21141630948709578 90 22 89 22 92 28 91 23 88 24 94 19 93 17 96 24 86 23
13 -5.0436465036277971 -5.2953242886655527 31.289777381163749 252 255 251 0.63565054564131163 90 16 89 29 92 34 91 27 88 27 94 25 93 26 96 28 86 25
15 7.9851339817499136 3.8508147421386796 28.0099880536348 121 122 124 0.42812268428291056 90 29 89 34 92 40 91 40 88 35 94 38 93 43 87 26 86 27
17 8.4309230324668594 -1.2306663300384491 28.256519676007812 114 117 117 0.60471360821567233 90 34 89 36 92 56 91 38 86 40 87 31
19 -4.4406205877743963 -5.7567992194620832 31.109935650784134 64 62 55 0.2311567804156604 90 63 89 42 92 51 91 54 88 52 94 50 93 51 96 54 86 37 87 37
20 10.411262741873307 -1.2355339815071071 29.107024372358332 140 143 146 0.86944690934167901 90 80 89 43 91 58 94 60 93 55 92 57 96 95 86 72
21 9.7937331063688919 -0.019089935895580053 28.044192385468662 151 152 156 0.5224059007045524 90 47 89 45 92 55 91 63 86 56
23 6.2973114973080841 7.3061018109112235 27.273053484282151 134 139 140 0.56668509653376353 90 38 89 47 92 54 91 41 88 36 94 58 93 56 96 56 86 41 87 33
30 -4.4406205877743963 -5.7567992194620832 31.109935650784134 64 62 55 0.2311567804156604 90 64 89 57 92 64 91 52 88 60 94 57 93 61 96 68 86 38 87 38
36 -2.1531191569366737 -8.015502836092935 32.900524950429087 110 101 92 1.2841509553453299 90 58 89 70 92 24 88 61 86 51 96 13 87 45
37 -2.5754321602271939 -6.3401307848675561 31.848725551025471 20 61 149 0.26940671121946524 90 68 89 72 92 88 91 86 88 81 94 73 86 74 87 109
41 -2.2685308921181999 -8.1126204627755225 33.232933825329894 110 101 92 0.8766893270975048 90 43 89 81 92 84 88 55 94 86 93 76 96 84 86 48 87 55
43 -5.0664040735525342 -3.5427015423374066 29.480665673595649 250 255 251 0.58444668113233267 90 125 89 85 92 138 91 79 88 72 88 133 94 77 93 142 96 156 86 69 87 78
44 -1.0437316481947216 -6.075369532625241 28.778934857555299 151 138 128 0.76652472105165792 90 44 89 86 92 129 91 84 94 129 86 50
45 7.1984260962400004 7.0097890551157782 26.15941489727177 130 130 124 1.4191618911244317 90 27 89 87 92 115 91 112 88 29 94 69 88 77 86 15 87 18
49 -5.0664040735525342 -3.5427015423374066 29.480665673595649 250 255 251 0.58444668113233267 90 111 89 92 92 123 91 92 88 90 88 119 94 96 93 114 96 120 86 73 87 87
50 -2.4892312203814946 -6.658613611669562 31.923161476414872 252 248 246 0.25057813914226196 90 86 89 96 92 130 91 105 88 100 94 118 86 80
51 -4.0103589772364385 -5.5236266205697113 31.191081550644405 53 51 57 0.28909581596255929 90 89 89 98 92 100 91 106 88 101 94 100 93 102 96 115 86 82 87 70
54 -4.0103589772364385 -5.5236266205697113 31.191081550644405 53 51 57 0.28909581596255929 90 93 89 107 92 97 91 108 88 99 94 110 93 109 96 100 86 87 87 62
56 -4.6426661304190633 -3.9010464404307932 29.504154965527409 252 255 249 0.40608959728723948 90 83 89 110 92 79 91 93 88 94 94 108 96 121 86 95
70 9.1976947904615898 4.4685294830585551 28.552636020523643 48 51 52 1.4473638457221194 90 135 89 130 92 110 91 148 88 108 88 110 94 145 87 100
75 7.2832993254726617 3.5809070705601185 28.236998628946896 123 123 123 1.0797374540295674 90 128 89 137 92 140 91 146 88 136 94 140 96 154 87 79
80 -2.9752861593964663 -6.0627811691160947 30.613735370280736 254 255 251 1.4230224888789289 89 8 92 10 91 10 88 6 94 8 93 6 96 6 86 5 87 5
81 -3.0836778648516989 -5.3951856196786494 29.30547177019022 254 254 246 0.3133822989012186 89 11 92 13 91 15 88 13 90 5
83 -5.3421720033504521 -3.5607849480506433 29.596425722735333 250 255 251 0.87531564845336429 89 16 92 20 91 21 90 21 88 20 94 34 93 42 96 29
85 -1.829954861514353 -5.9425086378622582 29.56937488672369 254 255 251 1.2069625653903695 89 37 92 31 91 44 88 80 94 24 93 11 96 26 87 40 86 61
87 8.3035691300354149 4.3044320703542844 27.883307363151946 123 126 126 0.6404570169465954 90 30 92 41 91 42 88 28 94 42 93 45 86 26 87 27
88 -3.6314994756003829 -7.3483053557573212 30.326604023499858 252 255 249 1.1977224421984953 89 31 92 42 91 57 94 32 93 29 96 39
91 -1.9368506419282736 -6.8607640432158972 31.734226553587124 254 255 250 0.92474830840831179 89 83 92 50 91 83 88 79 94 87 93 119 94 117 96 87
93 -4.3614305554221273 -5.1367077168403004 30.854615705840079 58 60 63 1.1347415301947401 90 56 92 65 91 95 88 51 86 46
94 -4.4203268521759487 -5.2507768966321517 31.184863303579025 58 60 63 0.39521801446130583 90 61 92 66 88 59 86 47 87 42
97 -5.6695227109388187 -2.5648827679993911 27.963524626600051 130 132 135 1.565170793199264 89 50 92 73 94 29 93 33 96 36
120 -4.3166603342713508 -5.8168148849965338 30.982151871223422 62 54 58 0.22299193603854156 92 127 91 127 88 124 93 139 87 110
135 -5.0145099490931351 -3.0853569467390498 28.710985790759352 121 125 138 0.60436405340856869 91 67 88 63 87 89
138 -2.1444987754498559 -5.1387985015866233 28.731049800430334 101 99 109 0.67336900297825453 89 54 91 50 88 102 94 26 93 25
154 -4.6059214266708635 -4.0020019402672551 29.564934359724273 250 254 252 0.52786179317151882 89 91 92 48 94 56 96 78 86 62
157 7.9451161789262823 2.5801720324546924 28.68377871817879 116 119 118 1.0037348604777969 88 120 89 134 94 120 86 114 87 96
168 -5.5547522502815383 -2.9499246877961482 29.696631011209405 110 121 136 0.47449997770959601 91 49 93 48 96 31
191 -4.6285445653796486 -3.9464384938531163 29.544802381536147 251 254 250 0.75233608366534854 90 92 89 117 92 72 91 109 88 97 94 99 96 142 86 64 89 78 92 37 94 52 96 93
