# Frame list with one line of data per frame:
#   FRAME_ID, RIG_ID, RIG_FROM_WORLD[QW, QX, QY, QZ, TX, TY, TZ], NUM_DATA_IDS, DATA_IDS[] as (SENSOR_TYPE, SENSOR_ID, DATA_ID)
# Number of frames: 109
1 1 0.92827648959649267 0.36611949446542197 -0.065193031689184833 0.0030237814023754092 3.6133120003867982 10.989441283997769 1.8058397890611644 1 CAMERA 1 1
2 1 0.92830320046388504 0.36617604711317281 -0.064530122510299617 0.0020331792555513682 3.5653721157736737 10.989397529317522 1.8297504208697415 1 CAMERA 1 2
3 1 0.92793617783410065 0.36714578399220815 -0.064299151469047758 0.0020105431474581 3.5514853531982626 11.054827970570448 1.85367178013385 1 CAMERA 1 3
4 1 0.95103523235807685 0.30564691454233306 -0.045824366591855251 0.0034753231253687499 2.3209429852769041 6.8816256171673578 0.54934626409090237 1 CAMERA 1 4
5 1 0.93090221431984632 0.360018610451943 -0.061643740075467177 0.0027779150756438737 3.369723865908123 10.588419079456724 1.5468273650214495 1 CAMERA 1 5
6 1 0.93980364748397482 0.33748940960653129 -0.053348147703052885 0.0048967045964490204 2.8339296915549008 9.0373456898604445 1.4562775822352965 1 CAMERA 1 6
7 1 0.93681904801253135 0.34525395328681741 -0.0561052289829094 0.0046885287131367605 3.0068719702883335 9.5763746691829166 1.4614966373839902 1 CAMERA 1 7
8 1 0.95366551916316511 0.29731238770123292 -0.045978444568093677 0.0036611902083005343 2.3351684084448423 6.3132413546002084 0.42341490101133666 1 CAMERA 1 8
9 1 0.9486033770586535 0.31312718139901785 -0.045701538846521852 0.0037908638968497214 2.3083299134572237 7.3900540615132613 0.71094410682482734 1 CAMERA 1 9
10 1 0.95472402682864554 0.29375493946820458 -0.046753838945591993 0.004913926940523416 2.3889365897947377 6.0730156409600964 0.26568095454415519 1 CAMERA 1 10
11 1 0.94751219607062642 0.31603365891503726 -0.048298176025864344 0.0032635751511959233 2.4888691182751805 7.5818931969570675 0.80897483572462647 1 CAMERA 1 11
12 1 0.94354333353807496 0.32777017567589084 -0.047703071553225243 0.0041360171228426515 2.4488737361130832 8.3835880866283343 1.0548385625011001 1 CAMERA 1 12
13 1 0.95738205451321678 0.28519014076459936 -0.045396246716341307 0.0050364760288462759 2.296390665357543 5.4864261819098425 0.096281158279204138 1 CAMERA 1 13
14 1 0.96030773088783594 0.2755981140644313 -0.042590389532095013 0.0063875066097036854 2.1125292763172117 4.8259762535909809 -0.1466035953447665 1 CAMERA 1 14
15 1 0.9660873583283528 0.25721601346906514 -0.022325857687508638 0.0040858991352718454 0.73231166584260365 3.5539352561567568 -0.62613414648561649 1 CAMERA 1 15
16 1 0.96134131233654885 0.2726130907035958 -0.038317298816705661 0.0060637103712570025 1.821844833304668 4.6199675867157124 -0.29366648085740793 1 CAMERA 1 16
17 1 0.96376543520297331 0.26486454502420886 -0.031137311686456028 0.005781567095770497 1.3406842479897654 4.0845817677250977 -0.42535619619403175 1 CAMERA 1 17
18 1 0.96987086220537344 0.24310791093499545 -0.015781427864326767 2.8642470086362195e-05 0.25951210185559681 2.5974901108377573 -0.82559873032133257 1 CAMERA 1 18
19 1 0.96742203020845696 0.25237331117971096 -0.020029144710267913 0.0010773271143573598 0.54504485377963985 3.2272702474870867 -0.7340234047766796 1 CAMERA 1 19
20 1 0.97291092231288057 0.22983783245839359 -0.024402572796011195 0.0048396752022291665 0.8628408599338927 1.6792941916906916 -0.94171003833497324 1 CAMERA 1 20
21 1 0.97162201288193373 0.23593487854458098 -0.016779993750777402 0.0019567777434274921 0.33878935373672442 2.1039769682728151 -0.99215062301047507 1 CAMERA 1 21
22 1 0.97445584502750482 0.22216897597706456 -0.030952311899274419 0.010895255532763234 1.3575402262850822 1.1526287726936166 -1.1486815558731518 1 CAMERA 1 22
23 1 0.97327866590111667 0.22807941894594297 -0.025045424515916587 0.0090079890009454374 0.95333581129473222 1.5528861039098518 -0.91637389084968357 1 CAMERA 1 23
24 1 0.97473590816536915 0.22066310485843393 -0.03273977574492571 0.011216531167919638 1.4755328951747508 1.0497540898179571 -1.1577155583702672 1 CAMERA 1 24
25 1 0.97431748809463914 0.22297138714735859 -0.027959166605574796 0.014404093489602154 1.1950479147904793 1.1960959325481868 -1.117865632161573 1 CAMERA 1 25
27 1 0.97402771590450032 0.2247298000621292 -0.025693139682638332 0.010314464947150272 0.9995027208982038 1.3227695982638803 -1.1692823548065021 1 CAMERA 1 27
28 1 0.97450128388716362 0.22194854568981906 -0.030664456706989626 0.012074016038967565 1.3404170443974115 1.1468945555324279 -1.3137468250761144 1 CAMERA 1 28
29 1 0.981312235206523 0.19136119189125833 0.014836650610293732 -0.013677173341114571 -2.6902501801344512 -1.5938001718630062 0.2879805739751759 1 CAMERA 1 29
30 1 0.98136240216086257 0.19103746663255405 0.015802380979612632 -0.013520603649712059 -2.7473854047199464 -1.6246125683783477 0.4168817851170904 1 CAMERA 1 30
31 1 0.98079263848465748 0.19379152349257894 0.012178860529623648 -0.018501920790264671 -2.5760787947424033 -1.4104943254345084 0.38892198815259738 1 CAMERA 1 31
34 1 0.97386325461710399 0.22571844095046428 -0.022819764940871168 0.010991135042246329 0.81531620038831676 1.3791298617136918 -1.1577285723016091 1 CAMERA 1 34
36 1 0.98067782099116274 0.19404214672781289 0.017054891554659477 -0.018104899429314262 -2.8777920066221081 -1.3974798843053571 0.4728799018352095 1 CAMERA 1 36
37 1 0.98005637839049764 0.19710451975254659 0.011758041566879564 -0.022384189235515852 -2.5928921288034443 -1.173341465400648 0.40454231502703208 1 CAMERA 1 37
38 1 0.98094455100487732 0.19245177922970882 0.018352034374248125 -0.019321059999022089 -2.9714516180016717 -1.4819317826346503 0.34134338066685488 1 CAMERA 1 38
39 1 0.9810910602150823 0.19167137847589438 0.019631152554222393 -0.018358433718299511 -3.0377121288175926 -1.5479499379010337 0.45495135367577422 1 CAMERA 1 39
41 1 0.9804905252453151 0.19498363786647374 0.015952963220518528 -0.019110568620712882 -2.8062146451780121 -1.342454542676117 0.75760170412248107 1 CAMERA 1 41
48 1 0.97997747481150876 0.19742828901769893 0.013372516016698774 -0.022077032703371014 -2.6929976276171281 -1.1539920684285077 0.43271233953415816 1 CAMERA 1 48
52 1 0.9800347711061822 0.19711087391338297 0.012750842334266073 -0.022728106558230186 -2.6611870078822597 -1.169392474456822 0.36540639467776598 1 CAMERA 1 52
59 1 0.97994893910220615 0.19751866264216617 0.01280811534584564 -0.022856221074325628 -2.6592634553879195 -1.1457674814390448 0.49774626398491251 1 CAMERA 1 59
60 1 0.98002600338056212 0.19718467724624397 0.012481424768571121 -0.022615255757199807 -2.6378758649221981 -1.1644754272878024 0.39690363287448988 1 CAMERA 1 60
62 1 0.97988730325929951 0.19774992303422387 0.013319175271721717 -0.02320431902162599 -2.6965264815684575 -1.1286187376027843 0.51264563555848008 1 CAMERA 1 62
63 1 0.97999915355671507 0.19721793632025725 0.012981876273012519 -0.02319947219514313 -2.6743077112742024 -1.1659956108928515 0.56082126944440258 1 CAMERA 1 63
64 1 0.97984498611727011 0.19796298542806348 0.013241444293363679 -0.023219038185953663 -2.7017924384389334 -1.1043503294519632 0.33317837226062924 1 CAMERA 1 64
65 1 0.98005827112168942 0.19694298396455648 0.013282956293754766 -0.02286502449593758 -2.6947970207336178 -1.1861931613698975 0.50440316921808503 1 CAMERA 1 65
66 1 0.9799372248434608 0.1975915196334912 0.013574436892824615 -0.022279169600035544 -2.7012681274028889 -1.148253422446353 0.53191195928947299 1 CAMERA 1 66
67 1 0.98006038840659582 0.19686114605204658 0.013628845686232644 -0.023271846008607329 -2.7203624394744779 -1.1952319563502642 0.56650748018375829 1 CAMERA 1 67
69 1 0.97991204699407342 0.19764928874942872 0.013477169230227366 -0.022923889771797674 -2.7104016583769637 -1.1286105205116521 0.41556227189722067 1 CAMERA 1 69
70 1 0.97990469756155085 0.19773389677084413 0.012815547998570029 -0.022887802299898254 -2.662834642212959 -1.1273507403226661 0.43346345437249595 1 CAMERA 1 70
72 1 0.97991553064735704 0.19761687584941706 0.013436837806503387 -0.023077577112568085 -2.708530500963557 -1.1351417854923365 0.44074616253531862 1 CAMERA 1 72
74 1 0.98188015979905874 0.18811566664942028 0.013109130393621004 -0.018761621847329397 -2.641860538042283 -1.8140498056740373 0.74966416757860921 1 CAMERA 1 74
75 1 0.98040887233027807 0.19551151696804528 0.014132958193791846 -0.019337768268828451 -2.7127860960651589 -1.3001028784369675 0.47966074894505001 1 CAMERA 1 75
76 1 0.98180376052360252 0.18882086639221499 0.010327342911127182 -0.017360939634769829 -2.4565163930729015 -1.7472875087405642 0.23826719228774387 1 CAMERA 1 76
78 1 0.9828369135604117 0.18323220912098515 0.0072773334750147103 -0.020114653891652675 -2.289069403627348 -2.1214251714566359 0.48869692700557715 1 CAMERA 1 78
79 1 0.98357259321092116 0.17967119373925253 -0.0006431963347197574 -0.017401216139416972 -1.7512218512141298 -2.3614198560199746 0.19819537541237101 1 CAMERA 1 79
80 1 0.98383217909606879 0.17793241280515928 -0.0040232174647836082 -0.01995278350622379 -1.5686612215604385 -2.4597015271703255 0.114206167923535 1 CAMERA 1 80
82 1 0.98521846436547555 0.16952892942784142 -0.01480473869898901 -0.019630060428814846 -0.86735051895735926 -3.0453162069832516 0.31034907875053147 1 CAMERA 1 82
83 1 0.98449562126373358 0.17411894473847925 -0.011357642057783517 -0.017943488027163199 -1.0690486733126834 -2.7279280895198479 0.10319930742867943 1 CAMERA 1 83
84 1 0.98432376633718965 0.17492524477374849 -0.010431104789022533 -0.019976832018473899 -1.154168613579601 -2.6590625747025056 0.038119515432091688 1 CAMERA 1 84
85 1 0.98585959526122302 0.16567250017463878 -0.018310379304363533 -0.017268790548048172 -0.60886048008493643 -3.320764503672299 0.41623859271935981 1 CAMERA 1 85
86 1 0.98568955708118033 0.16666923308344231 -0.016590048981358636 -0.019032448063235834 -0.74578658347588689 -3.244599580346105 0.42093512405572397 1 CAMERA 1 86
87 1 0.98616983249237533 0.16334826757530888 -0.020633377408759011 -0.01899127954650056 -0.49704045108080058 -3.4556602605998603 0.088655505079394237 1 CAMERA 1 87
88 1 0.98618986714803458 0.16372986126067923 -0.017529494969286716 -0.017742470860128146 -0.67494624277493709 -3.4357152053352671 0.2761929057344587 1 CAMERA 1 88
89 1 0.98333172265231272 0.1799803343711335 -0.016015004965475688 -0.020231709795415765 -0.77778453823652527 -2.3290631453915824 0.23138323084914156 1 CAMERA 1 89
90 1 0.98455820802147442 0.17301514503944607 -0.016995181011174417 -0.02054406062393584 -0.73886683333585657 -2.7980763105702091 0.18469333183750233 1 CAMERA 1 90
91 1 0.98208041510702737 0.1867703960415095 0.0096843188994097402 -0.023261371265704801 -2.4702475390523517 -1.8832268680421564 0.8365619623059154 1 CAMERA 1 91
92 1 0.97674543703702632 0.21078716755989729 -0.035693471552633999 -0.016220274595260362 0.60078582939056169 -0.27709469108600338 0.19996685057118285 1 CAMERA 1 92
93 1 0.97668849945320235 0.21058025294557023 -0.036444313266909348 -0.020182768287207484 0.60143745090289535 -0.27645799430694351 0.12197734353968376 1 CAMERA 1 93
94 1 0.97669104408111151 0.21057625280312234 -0.036224434370572448 -0.020494792550207971 0.58882924827790528 -0.28763780403163269 0.28933264287122934 1 CAMERA 1 94
95 1 0.97678522377009636 0.21082706442191407 -0.035361938811223466 -0.013860332432958701 0.60292209291652343 -0.27648472825367704 0.21636080791746257 1 CAMERA 1 95
96 1 0.97676476024568382 0.21082583897910129 -0.03550832446659332 -0.014907302053858153 0.60347198508607136 -0.27988722639075786 0.23017009080105397 1 CAMERA 1 96
97 1 0.97675811049485139 0.21071059981610926 -0.035754086871127432 -0.016318148782116213 0.60322078986963823 -0.28298917515363575 0.23921006031628236 1 CAMERA 1 97
98 1 0.97674086902858837 0.21073730036277738 -0.035880102953825758 -0.016723732152527267 0.60391791195957245 -0.28570095149255625 0.25435304902307132 1 CAMERA 1 98
99 1 0.97674982397653509 0.2106397059749204 -0.035924710846127923 -0.017323705701408534 0.60415170185508804 -0.28779829282370939 0.2637353430902814 1 CAMERA 1 99
100 1 0.97678955995112748 0.21053451829883474 -0.0357542135488444 -0.016703544194693297 0.60534659742673402 -0.28958115866162504 0.28016203440784121 1 CAMERA 1 100
101 1 0.97676867873138129 0.21063563122273643 -0.035880373567038278 -0.016376138172383602 0.60654245084964731 -0.29167693375230958 0.29838001723597363 1 CAMERA 1 101
102 1 0.97677941885993436 0.21058771224944944 -0.035809484464825146 -0.016506458237777237 0.60708444934766159 -0.29290104608168843 0.3057293436225122 1 CAMERA 1 102
103 1 0.97676496478910568 0.21052154939176607 -0.036048556356254702 -0.017646030342756469 0.60719829532391811 -0.29674942673395166 0.31943147080445716 1 CAMERA 1 103
104 1 0.97679383273757858 0.21048768203109416 -0.03589216738851881 -0.016748025530278991 0.60874368793153377 -0.29830865533046863 0.3366197930888033 1 CAMERA 1 104
105 1 0.97678953676853164 0.21041701054417045 -0.036032702352583615 -0.0175649336560664 0.60904305263715919 -0.30110782624748611 0.35098154517821317 1 CAMERA 1 105
106 1 0.97680076614041655 0.21035388692792856 -0.035953769797655688 -0.017855866238985187 0.6090609419665286 -0.30188511376464683 0.35439975351405723 1 CAMERA 1 106
107 1 0.9767576740182371 0.21017269325797655 -0.036488677073778876 -0.020987179433580628 0.60749677161933879 -0.30674464395957907 0.36252294202290786 1 CAMERA 1 107
108 1 0.97675540777780889 0.21008456280554291 -0.036606417704180202 -0.021755919435345918 0.60704170469966101 -0.30767458310932166 0.362441310770653 1 CAMERA 1 108
109 1 0.97674146123335703 0.21008104791222801 -0.036708409385240753 -0.022238792598349402 0.60675994136478706 -0.30834968142481833 0.36303469232075064 1 CAMERA 1 109
110 1 0.97693076006698243 0.21086349526133266 -0.033591899885088039 -0.0038027178743880348 0.62129282940990704 -0.30122688523330454 0.34784756568146113 1 CAMERA 1 110
111 1 0.97667323315110888 0.2100629343257687 -0.037078873393369134 -0.024660016554861341 0.60546072471867829 -0.31235183746749057 0.36110104317159319 1 CAMERA 1 111
112 1 0.97682251511757789 0.21025647826759836 -0.035965220601195107 -0.017790171808717937 0.61082192106648747 -0.31126302906706232 0.35524945543847863 1 CAMERA 1 112
113 1 0.97669618974032024 0.21007599714483538 -0.036931016141266114 -0.023848027530953324 0.60622509363752353 -0.31421513272043783 0.35746928990227844 1 CAMERA 1 113
114 1 0.97694539924836377 0.21030312010494309 -0.034922790547964697 -0.011431678001239677 0.61641209026996646 -0.31277247090038846 0.34898585831137324 1 CAMERA 1 114
115 1 0.97678253691531247 0.21037121795743224 -0.03618399455630672 -0.018180890251640731 0.61039034212840393 -0.31019739943835278 0.35619250585121875 1 CAMERA 1 115
116 1 0.9769643200684982 0.2107508760740609 -0.033431548636381037 -0.0026677898879774076 0.6248091308553374 -0.30652976831972273 0.33717071194729509 1 CAMERA 1 116
117 1 0.97695912910269167 0.21025898693769679 -0.03483948687949702 -0.011323808052820655 0.61772703756673253 -0.31567913930134611 0.33815494352384362 1 CAMERA 1 117
118 1 0.9769891279374886 0.21051514651699299 -0.033828379963320443 -0.0055908575310029416 0.62490567693641708 -0.31376934205686086 0.31903460841347558 1 CAMERA 1 118
119 1 0.9769303570085125 0.21098368514644783 -0.033055816433383574 0.00052455425590086646 0.62827613992057929 -0.30446021862299844 0.32503844663279541 1 CAMERA 1 119
120 1 0.97699896686477006 0.21050258778367253 -0.03376917038578417 -0.0046176198419884788 0.6256557170255912 -0.31183306676145656 0.32262688163860281 1 CAMERA 1 120
121 1 0.97686272889047154 0.21069974493258484 -0.03498550261956837 -0.010992770190497643 0.61589914250895761 -0.30661780288950147 0.34955144545527528 1 CAMERA 1 121
122 1 0.97696103581489591 0.21071342600584483 -0.033651946065819539 -0.0038122337740639353 0.62573472486379245 -0.3125284201598939 0.31804601540440214 1 CAMERA 1 122
123 1 0.976877343753354 0.2112686587741513 -0.032689477184032256 0.0027581085180680819 0.6288672311093757 -0.30032389890795574 0.33391123999056987 1 CAMERA 1 123
124 1 0.97693920800152789 0.21066670083076477 -0.034080374077941157 -0.0069175959072490557 0.62388912358493254 -0.31654778751533302 0.316759610582868 1 CAMERA 1 124
125 1 0.97692517382654964 0.21068622764187861 -0.034328088560975904 -0.0070781750296325689 0.62242623767172089 -0.3180711974633163 0.31799204038886897 1 CAMERA 1 125
126 1 0.97694808857020066 0.21022141947507364 -0.035091871891434125 -0.012163369601865256 0.61681902747192796 -0.32644179763875475 0.32316879943217985 1 CAMERA 1 126
127 1 0.97694554596112271 0.21014291053195261 -0.035285011190065836 -0.013127275619893118 0.61706883218934039 -0.32712182043696914 0.31967873115317508 1 CAMERA 1 127
128 1 0.97690944850191253 0.21079810972096505 -0.034232807342742637 -0.0063404469236637614 0.62395725788619205 -0.31607990257937879 0.31720044913003925 1 CAMERA 1 128
129 1 0.97697095327024519 0.2102830501127893 -0.034811031354850967 -0.0098482179861161655 0.61786281779409669 -0.32408028922072929 0.32174987454736953 1 CAMERA 1 129
130 1 0.97697548326671169 0.21018872829983365 -0.034886588192033531 -0.011069306924709367 0.61710049871123762 -0.32548727520271115 0.3231150346736068 1 CAMERA 1 130
131 1 0.97697840329870456 0.21022960859004791 -0.034803090819175389 -0.010269178614731651 0.61766783641188805 -0.32458468574482796 0.32201346163778299 1 CAMERA 1 131
132 1 0.9769443832516912 0.21001745877227276 -0.035501489666754683 -0.014559645436988495 0.6149293279290946 -0.32979734362398339 0.31990815236579917 1 CAMERA 1 132
133 1 0.97686444399483874 0.21010169675413737 -0.035928041633563959 -0.017387090155169926 0.61334845969838014 -0.33362903322383797 0.31666170322244169 1 CAMERA 1 133
135 1 0.97687535345353482 0.20982001340777087 -0.036234846735365589 -0.019420135701352658 0.61190569773479486 -0.33642241479375412 0.31575982198432601 1 CAMERA 1 135
138 1 0.97681971365421805 0.2098610911551114 -0.036546129276734986 -0.021117525199836489 0.6105841671515112 -0.33928544941555927 0.31302474054455243 1 CAMERA 1 138
