# Frame list with one line of data per frame:
#   FRAME_ID, RIG_ID, RIG_FROM_WORLD[QW, QX, QY, QZ, TX, TY, TZ], NUM_DATA_IDS, DATA_IDS[] as (SENSOR_TYPE, SENSOR_ID, DATA_ID)
# Number of frames: 13
15 1 0.98361831562269919 0.075784128296612255 -0.15631072509679034 -0.048153216814688385 0.8970079309011233 10.864470031470612 3.2527179891112494 1 CAMERA 1 15
16 1 0.98849106063499514 0.012730541440708459 -0.14614046365031833 -0.036963782861049378 -0.02457836311227499 6.5809747252103774 1.6416582395011012 1 CAMERA 1 16
18 1 0.98902571682945772 -0.042520925757934064 -0.13864985867174195 -0.028219124950496652 -0.6886314770921691 2.7328378642408597 0.78184052222362166 1 CAMERA 1 18
19 1 0.98909466202901863 -0.0033940474735238953 -0.14321529072563519 -0.034199568561909276 -0.27881452675578777 5.4686643680412255 1.3312820514055714 1 CAMERA 1 19
20 1 0.98294471674508799 -0.10227963607537019 -0.15172359021497081 -0.018398696679063749 0.11732966531933983 -1.5716448136556609 0.32988151638354052 1 CAMERA 1 20
21 1 0.98423448025791271 -0.093094039279661561 -0.14903726508660661 -0.020096799186384733 -0.057911350495836011 -0.90192328917443032 0.35366582838160276 1 CAMERA 1 21
22 1 0.97947552506387858 -0.12507258691006096 -0.15751735293386612 -0.013146380839327145 0.47912164178262823 -3.2013542659117329 -0.36969524148639976 1 CAMERA 1 22
23 1 0.97936711872527238 -0.1263314880452254 -0.1571882377457931 -0.013124778185153294 0.45511948860972928 -3.2998895810364779 -0.35636165101284889 1 CAMERA 1 23
24 1 0.98016138572250033 -0.12184826189920862 -0.15566413491890613 -0.014329553748755339 0.35633714746743889 -2.9794658835015579 -0.2152707582037145 1 CAMERA 1 24
25 1 0.98712603743624794 -0.068938467803042108 -0.14220274446393119 -0.024658737585414734 -0.48665072015097977 0.86762932518326019 0.4715007254447563 1 CAMERA 1 25
26 1 0.98121825479249403 -0.11552642670226469 -0.15380430361580513 -0.014443593203772387 0.22326702137627868 -2.5327047679767545 -0.32233880946810306 1 CAMERA 1 26
29 1 0.98225948733411561 -0.113077345429065 -0.1489099106122411 -0.014340572313913752 -0.126282065340554 -2.3609058170896318 -0.34598396751226779 1 CAMERA 1 29
32 1 0.98214127141215146 -0.11595922239757443 -0.14749721131759394 -0.014019785426517025 -0.22741823544669154 -2.5797691205776156 -0.17907115656731878 1 CAMERA 1 32
