# Image list with two lines of data per image:
#   IMAGE_ID, QW, QX, QY, QZ, TX, TY, TZ, CAMERA_ID, NAME
#   POINTS2D[] as (X, Y, POINT3D_ID)
# Number of images: 13, mean observations per image: 94
15 0.98361831562269919 0.075784128296612255 -0.15631072509679034 -0.048153216814688385 0.8970079309011233 10.864470031470612 3.2527179891112494 1 000014.png
119.83312225341797 95.38970947265625 219 119.83312225341797 95.38970947265625 -1 173.01200866699219 61.148876190185547 -1 126.38156890869141 28.588764190673828 220 129.35517883300781 58.123668670654297 93 223.32273864746094 83.909080505371094 2 159.83424377441406 118.55577087402344 -1 129.35517883300781 58.123668670654297 -1 104.94017028808594 31.059144973754883 7 98.312049865722656 13.787837028503418 3 107.16085815429688 61.851291656494141 -1 128.38455200195312 149.52302551269531 192 104.94017028808594 31.059144973754883 9 104.94017028808594 31.059144973754883 -1 128.38455200195312 149.52302551269531 211 197.19497680664062 102.65146636962891 8 237.55569458007812 132.23347473144531 -1 201.80897521972656 176.35063171386719 12 214.34170532226562 187.3270263671875 -1 156.89418029785156 74.548263549804688 221 237.55569458007812 132.23347473144531 -1 249.81687927246094 116.34609985351562 -1 121.38480377197266 160.2646484375 222 8.7203197479248047 198.66374206542969 -1 121.38480377197266 160.2646484375 -1 85.326515197753906 20.767595291137695 10 8.7203197479248047 198.66374206542969 223 117.17195129394531 34.886764526367188 -1 184.54541015625 99.027999877929688 14 244.65504455566406 106.66036987304688 -1 221.54512023925781 71.805450439453125 16 187.74002075195312 124.45716857910156 22 138.35984802246094 166.45088195800781 57 196.23146057128906 84.48681640625 18 202.65031433105469 119.11222839355469 21 166.45603942871094 126.63206481933594 -1 187.74002075195312 124.45716857910156 76 202.65031433105469 119.11222839355469 19 196.23146057128906 84.48681640625 20 123.71636199951172 69.874397277832031 -1 217.01290893554688 81.280464172363281 -1 251.63882446289062 99.41015625 -1 131.50962829589844 164.31968688964844 -1 251.63882446289062 99.41015625 -1 217.01290893554688 81.280464172363281 17 131.50962829589844 164.31968688964844 -1 123.71636199951172 69.874397277832031 -1 186.1224365234375 174.20370483398438 105 186.1224365234375 174.20370483398438 102 186.1224365234375 174.20370483398438 106 208.27812194824219 87.214897155761719 27 208.27812194824219 87.214897155761719 32 96.411186218261719 29.820550918579102 26 125.28212738037109 44.894779205322266 -1 205.87603759765625 93.663543701171875 171 151.01303100585938 110.93166351318359 -1 199.48905944824219 111.53334045410156 130 196.63165283203125 115.52061462402344 28 205.94808959960938 115.52635192871094 29 203.98329162597656 120.41249084472656 -1 181.87693786621094 170.07749938964844 31 203.98329162597656 120.41249084472656 -1 113.91054534912109 100.40602874755859 -1 108.50666809082031 14.251893997192383 80 3.6662516593933105 193.36604309082031 -1 3.6902849674224854 197.34765625 238 188.42231750488281 200.48573303222656 134 244.3507080078125 80.75244140625 -1 149.55610656738281 92.032905578613281 -1 113.92014312744141 93.53289794921875 -1 178.32138061523438 98.327003479003906 40 86.294677734375 120.13417816162109 -1 203.94943237304688 124.82775115966797 118 252.34400939941406 213.55697631835938 225 244.87031555175781 206.08720397949219 -1 119.91934204101562 145.04345703125 -1 49.956817626953125 150.55905151367188 198 53.994831085205078 155.06730651855469 199 249.72923278808594 210.96548461914062 -1 18.986597061157227 184.63298034667969 -1 15.401312828063965 187.47966003417969 -1 4.5982027053833008 188.32205200195312 -1 95.152725219726562 11.95726203918457 82 109.24104309082031 18.429899215698242 37 95.738540649414062 56.623428344726562 62 75.52203369140625 133.11802673339844 -1 214.88746643066406 76.074295043945312 -1 180.18502807617188 140.21273803710938 -1 75.52203369140625 133.11802673339844 -1 178.32138061523438 98.327003479003906 36 203.94943237304688 124.82775115966797 124 188.42231750488281 200.48573303222656 133 229.62335205078125 94.03594970703125 126 221.6998291015625 94.902862548828125 216 111.34688568115234 98.757644653320312 -1 181.11810302734375 99.367721557617188 52 175.75653076171875 105.50479888916016 111 238.87091064453125 105.25379943847656 -1 101.15826416015625 107.57350158691406 226 147.48667907714844 109.79442596435547 227 174.65602111816406 109.10478210449219 237 212.79347229003906 80.198158264160156 35 25.177461624145508 178.77139282226562 -1 51.354709625244141 157.08549499511719 -1 218.77485656738281 85.863044738769531 144 217.29823303222656 179.41146850585938 48 22.640636444091797 181.17001342773438 215 132.43148803710938 168.02719116210938 177 173.07086181640625 181.05305480957031 114 203.40895080566406 166.13571166992188 42 175.31747436523438 182.61659240722656 228 192.20259094238281 183.01712036132812 -1 9.8510122299194336 191.744873046875 -1 103.54512023925781 21.965366363525391 45 92.567314147949219 23.003986358642578 46 96.866020202636719 25.768655776977539 -1 43.650630950927734 163.0928955078125 207 190.76856994628906 154.10516357421875 189 62.612995147705078 147.43309020996094 230 56.105045318603516 145.88249206542969 231 69.44012451171875 141.59439086914062 -1 77.247207641601562 134.91987609863281 232 207.08918762207031 61.092479705810547 -1 81.673927307128906 131.38504028320312 -1 216.22027587890625 70.609527587890625 83 188.133056640625 127.10911560058594 44 209.78706359863281 113.5164794921875 39 118.42979431152344 125.53285980224609 -1 190.55606079101562 123.80348205566406 233 181.78073120117188 120.36085510253906 -1 197.09657287597656 118.92772674560547 -1 113.37251281738281 74.938690185546875 -1 208.86247253417969 83.87738037109375 234 218.77485656738281 85.863044738769531 185 74.647186279296875 130.42210388183594 235 181.11810302734375 99.367721557617188 53 209.78706359863281 113.5164794921875 41 188.133056640625 127.10911560058594 50 240.2447509765625 81.760765075683594 -1 132.43148803710938 168.02719116210938 143 241.79542541503906 82.529289245605469 -1 208.86247253417969 83.87738037109375 236 116.45627593994141 87.665512084960938 -1 95.732833862304688 112.19709777832031 87 111.34688568115234 98.757644653320312 -1 116.58965301513672 130.32559204101562 -1 
16 0.98849106063499514 0.012730541440708459 -0.14614046365031833 -0.036963782861049378 -0.02457836311227499 6.5809747252103774 1.6416582395011012 1 000016.png
113.59320831298828 82.565338134765625 219 143.40687561035156 199.09672546386719 65 127.03486633300781 35.533374786376953 220 127.03486633300781 35.533374786376953 -1 141.57211303710938 69.827644348144531 93 136.90043640136719 125.10007476806641 -1 223.50248718261719 83.508453369140625 2 135.91142272949219 155.76560974121094 211 135.91142272949219 155.76560974121094 192 98.213348388671875 13.788599967956543 3 155.71562194824219 154.04161071777344 -1 155.71562194824219 154.04161071777344 -1 104.73300933837891 30.571338653564453 7 119.81365203857422 40.205596923828125 -1 197.17877197265625 102.61762237548828 8 224.96638488769531 198.96328735351562 13 104.73300933837891 30.571338653564453 9 83.972198486328125 19.437070846557617 10 120.45504760742188 74.715591430664062 -1 164.96815490722656 125.61786651611328 72 212.44767761230469 186.68351745605469 -1 138.72050476074219 172.78019714355469 177 138.72050476074219 172.78019714355469 143 10.841778755187988 212.43606567382812 223 102.94244384765625 69.796257019042969 73 184.55256652832031 99.009933471679688 14 221.4923095703125 71.758529663085938 16 196.23454284667969 84.419845581054688 20 242.02748107910156 94.797325134277344 -1 178.60223388671875 112.06430816650391 212 202.7886962890625 119.21462249755859 19 146.01214599609375 176.46714782714844 57 127.93645477294922 65.466224670410156 -1 121.6185302734375 69.453437805175781 208 202.7886962890625 119.21462249755859 21 188.03311157226562 124.90788269042969 76 140.74867248535156 19.770404815673828 95 188.03311157226562 124.90788269042969 22 127.38558197021484 58.219470977783203 -1 168.84207153320312 81.151573181152344 221 195.46047973632812 184.36796569824219 106 195.46047973632812 184.36796569824219 102 127.38558197021484 58.219470977783203 -1 217.32063293457031 80.94927978515625 17 107.85593414306641 73.532379150390625 77 195.46047973632812 184.36796569824219 105 116.23788452148438 32.024478912353516 182 199.1080322265625 212.68731689453125 134 208.5045166015625 87.093307495117188 32 205.94410705566406 115.48888397216797 -1 232.1353759765625 91.399856567382812 -1 96.502899169921875 29.780405044555664 26 88.526802062988281 35.741024017333984 -1 122.36749267578125 68.071243286132812 -1 208.5045166015625 87.093307495117188 27 224.88674926757812 95.788536071777344 -1 122.30892944335938 104.52937316894531 33 199.16912841796875 111.22613525390625 130 196.67945861816406 115.51002502441406 28 205.94410705566406 115.48888397216797 29 161.54638671875 121.99439239501953 -1 157.28291320800781 122.62916564941406 227 191.06155395507812 180.16854858398438 31 108.56089019775391 14.338719367980957 80 219.70368957519531 182.55244445800781 117 182.17561340332031 188.52587890625 -1 21.986063003540039 197.17344665527344 -1 4.3938484191894531 204.30026245117188 -1 3.7135405540466309 213.43342590332031 238 58.927303314208984 164.68142700195312 199 193.76280212402344 173.07212829589844 -1 212.87373352050781 80.100814819335938 35 95.077056884765625 11.660638809204102 82 43.987602233886719 173.61689758300781 -1 34.680492401123047 177.60694885253906 -1 139.52752685546875 177.29106140136719 143 71.437492370605469 153.71524047851562 -1 42.590679168701172 178.84672546386719 -1 109.26492309570312 18.412637710571289 37 95.711715698242188 56.428455352783203 62 125.65442657470703 75.177322387695312 -1 200.22293090820312 86.904266357421875 -1 216.98213195800781 94.569488525390625 38 178.31744384765625 98.315406799316406 40 180.16413879394531 140.33668518066406 100 69.660896301269531 147.50306701660156 -1 123.41084289550781 125.26609039306641 203 178.31744384765625 98.315406799316406 36 193.76280212402344 173.07212829589844 -1 43.987602233886719 173.61689758300781 213 139.52752685546875 177.29106140136719 177 209.70320129394531 113.28305053710938 39 172.79440307617188 115.43936157226562 -1 209.77377319335938 172.20742797851562 -1 237.25532531738281 198.36216735839844 214 242.13217163085938 203.02604675292969 -1 47.951690673828125 173.66696166992188 207 229.52412414550781 191.18917846679688 48 253.46119689941406 89.770172119140625 -1 185.00288391113281 193.94538879394531 228 177.05235290527344 169.19854736328125 -1 6.3551712036132812 210.55741882324219 -1 103.62105560302734 21.898294448852539 -1 92.618637084960938 22.911540985107422 46 95.075653076171875 50.651908874511719 -1 26.036617279052734 192.95358276367188 215 216.30632019042969 70.65435791015625 83 218.81135559082031 85.965415954589844 144 250.76072692871094 88.253990173339844 -1 57.086990356445312 162.01182556152344 85 54.347824096679688 160.9501953125 198 59.987773895263672 156.21907043457031 231 82.462333679199219 143.74716186523438 232 195.41622924804688 88.8751220703125 -1 81.260986328125 137.86994934082031 235 221.25599670410156 94.586624145507812 216 188.24339294433594 127.14024353027344 44 228.21281433105469 96.447708129882812 217 203.87791442871094 124.79496765136719 118 218.81135559082031 85.965415954589844 185 195.41622924804688 88.8751220703125 -1 181.1373291015625 99.406150817871094 53 203.87791442871094 124.79496765136719 124 181.1373291015625 99.406150817871094 52 57.086990356445312 162.01182556152344 90 177.05235290527344 169.19854736328125 -1 122.90872192382812 98.062705993652344 -1 117.48299407958984 105.05100250244141 -1 175.6663818359375 105.66893768310547 111 174.75318908691406 108.93814849853516 237 109.93172454833984 111.76496887207031 226 188.24339294433594 127.14024353027344 50 229.99864196777344 92.864372253417969 126 
18 0.98902571682945772 -0.042520925757934064 -0.13864985867174195 -0.028219124950496652 -0.6886314770921691 2.7328378642408597 0.78184052222362166 1 000018.png
127.93735504150391 42.266273498535156 138 144.46928405761719 203.72381591796875 65 127.93735504150391 42.266273498535156 127 144.46928405761719 203.72381591796875 -1 180.19694519042969 61.397975921630859 191 190.9505615234375 147.96395874023438 64 148.46304321289062 76.958229064941406 -1 223.89736938476562 82.954093933105469 2 140.90019226074219 163.91374206542969 211 140.90019226074219 163.91374206542969 192 98.169975280761719 13.801370620727539 3 104.62212371826172 30.492467880249023 7 124.77394866943359 82.127593994140625 58 168.25602722167969 83.707771301269531 -1 197.19996643066406 102.54441833496094 8 231.76280212402344 207.73623657226562 -1 104.62212371826172 30.492467880249023 9 84.000350952148438 19.863840103149414 10 118.52040863037109 49.850502014160156 75 158.86526489257812 63.080703735351562 -1 219.05790710449219 195.68778991699219 12 158.86526489257812 63.080703735351562 -1 184.56378173828125 98.987861633300781 14 170.93588256835938 141.525634765625 15 147.33534240722656 65.059776306152344 98 170.93588256835938 141.525634765625 71 133.23048400878906 125.21768951416016 -1 144.81498718261719 23.325742721557617 95 147.33534240722656 65.059776306152344 97 221.45193481445312 71.736572265625 16 188.01429748535156 124.47187042236328 22 150.69085693359375 184.45051574707031 57 116.41111755371094 36.163948059082031 182 196.21563720703125 84.463432312011719 20 249.4381103515625 100.48992156982422 -1 202.75448608398438 119.18325805664062 19 202.75448608398438 119.18325805664062 21 188.01429748535156 124.47187042236328 76 213.12518310546875 65.691055297851562 23 143.98481750488281 184.06146240234375 143 215.7852783203125 94.788398742675781 38 246.35917663574219 91.91363525390625 194 137.45547485351562 183.12420654296875 222 108.03307342529297 73.458122253417969 77 143.98481750488281 184.06146240234375 177 243.90985107421875 84.479629516601562 -1 217.47628784179688 80.847908020019531 17 128.31903076171875 77.115653991699219 208 208.373779296875 87.119598388671875 27 208.373779296875 87.119598388671875 32 166.3402099609375 123.46475982666016 -1 196.65814208984375 115.51820373535156 28 178.26661682128906 98.265846252441406 36 96.409523010253906 29.798913955688477 26 116.07383728027344 52.758316040039062 131 212.53901672363281 79.553497314453125 35 206.49729919433594 93.330398559570312 171 199.40312194824219 111.39216613769531 130 205.87327575683594 115.20577239990234 29 166.3402099609375 123.46475982666016 -1 165.57864379882812 145.42227172851562 183 197.46543884277344 189.00807189941406 31 188.01971435546875 197.52374267578125 -1 178.26661682128906 98.265846252441406 40 108.56414794921875 14.276289939880371 80 57.001926422119141 175.67251586914062 -1 109.01156616210938 124.58271789550781 89 201.36097717285156 185.77299499511719 49 251.29252624511719 213.75471496582031 225 205.99919128417969 223.34829711914062 133 36.625896453857422 190.04263305664062 -1 209.70457458496094 113.24435424804688 41 209.70457458496094 113.24435424804688 39 36.625896453857422 190.04263305664062 -1 201.36097717285156 185.77299499511719 51 109.01156616210938 124.58271789550781 -1 205.99919128417969 223.34829711914062 134 175.60858154296875 105.71549224853516 111 109.26959228515625 18.426362991333008 37 248.08856201171875 107.06906127929688 196 227.25814819335938 191.73515319824219 117 190.2757568359375 123.89264678955078 233 167.90007019042969 128.71981811523438 -1 179.57162475585938 141.02815246582031 100 127.88167572021484 157.13059997558594 -1 55.881237030029297 168.78977966308594 198 60.677383422851562 172.4010009765625 199 143.72122192382812 19.605167388916016 95 103.32441711425781 22.087259292602539 45 92.6075439453125 22.898605346679688 46 139.73628234863281 62.624313354492188 184 216.32476806640625 70.499763488769531 83 129.59288024902344 74.916175842285156 -1 243.00555419921875 79.979469299316406 34 181.10171508789062 99.364242553710938 52 106.4044189453125 123.60617828369141 -1 203.89109802246094 124.68707275390625 124 188.08877563476562 127.5133056640625 44 164.81906127929688 129.20014953613281 -1 218.81285095214844 86.165496826171875 185 54.138687133789062 177.5345458984375 -1 220.49191284179688 184.2257080078125 42 47.530906677246094 180.10531616210938 -1 50.896064758300781 180.59349060058594 207 209.86799621582031 174.06907653808594 -1 55.686687469482422 172.91807556152344 -1 59.068515777587891 169.67803955078125 85 63.990016937255859 168.77801513671875 -1 60.043239593505859 165.386474609375 -1 68.792686462402344 164.62176513671875 230 69.155052185058594 160.90544128417969 187 130.63339233398438 158.98490905761719 132 128.35968017578125 151.88737487792969 -1 128.53019714355469 146.31094360351562 -1 197.46257019042969 203.53047180175781 -1 218.81285095214844 86.165496826171875 144 181.10171508789062 99.364242553710938 53 249.8505859375 203.48826599121094 -1 203.89109802246094 124.68707275390625 118 188.08877563476562 127.5133056640625 50 69.155052185058594 160.90544128417969 -1 59.068515777587891 169.67803955078125 90 33.364433288574219 196.50413513183594 188 47.530906677246094 180.10531616210938 213 55.686687469482422 172.91807556152344 -1 43.830085754394531 179.92643737792969 -1 29.492712020874023 200.04470825195312 215 231.49392700195312 90.933563232421875 126 205.94503784179688 170.91374206542969 189 100.46769714355469 129.3035888671875 204 37.210960388183594 192.7315673828125 -1 
19 0.98909466202901863 -0.0033940474735238953 -0.14321529072563519 -0.034199568561909276 -0.27881452675578777 5.4686643680412255 1.3312820514055714 1 000017.png
126.26483917236328 38.877033233642578 138 143.65419006347656 200.73568725585938 65 126.26483917236328 38.877033233642578 -1 179.57583618164062 61.106365203857422 191 144.74684143066406 72.229835510253906 93 223.62548828125 83.215110778808594 2 137.82621765136719 157.71015930175781 211 137.82621765136719 157.71015930175781 192 98.188346862792969 13.791045188903809 3 158.07073974609375 156.10067749023438 -1 158.07073974609375 156.10067749023438 -1 197.16836547851562 102.58075714111328 8 104.70139312744141 30.568231582641602 7 104.70139312744141 30.568231582641602 9 122.47873687744141 75.527191162109375 -1 130.04005432128906 173.74696350097656 193 215.36917114257812 190.03738403320312 -1 227.8369140625 200.97303771972656 13 84.081855773925781 19.661001205444336 10 143.21488952636719 60.519676208496094 97 143.21488952636719 60.519676208496094 98 123.19024658203125 149.92092895507812 -1 142.46292114257812 21.70570182800293 95 234.5908203125 89.955520629882812 -1 184.55691528320312 99.005714416503906 14 102.95940399169922 69.683029174804688 73 234.5908203125 89.955520629882812 -1 11.269814491271973 216.15264892578125 -1 212.81820678710938 65.99688720703125 23 124.21200561523438 71.279342651367188 208 221.54310607910156 71.843467712402344 16 196.23577880859375 84.437515258789062 20 123.66769409179688 106.64811706542969 33 160.66444396972656 118.93827056884766 145 202.70062255859375 119.20278167724609 19 18.043535232543945 207.90792846679688 -1 245.00732421875 96.683822631835938 -1 165.97482299804688 127.00862884521484 72 147.78884887695312 179.27047729492188 57 202.70062255859375 119.20278167724609 21 187.95626831054688 124.68001556396484 76 187.95626831054688 124.68001556396484 22 141.7471923828125 19.699548721313477 95 246.9268798828125 86.278793334960938 160 217.39065551757812 80.909164428710938 17 198.62548828125 187.46324157714844 102 198.62548828125 187.46324157714844 105 198.62548828125 187.46324157714844 106 241.5428466796875 88.405464172363281 194 208.4912109375 87.173675537109375 27 208.4912109375 87.173675537109375 32 193.46626281738281 183.07717895507812 31 201.7779541015625 216.23753356933594 134 205.79820251464844 115.33261108398438 -1 201.7779541015625 216.23753356933594 133 96.445106506347656 29.789638519287109 26 115.78144073486328 34.038902282714844 182 128.52374267578125 78.235565185546875 -1 199.23580932617188 111.39404296875 130 196.63247680664062 115.50041961669922 28 205.79820251464844 115.33261108398438 29 160.0235595703125 124.73952484130859 227 108.50489807128906 14.334430694580078 80 95.068046569824219 11.857064247131348 82 109.24496459960938 18.440608978271484 37 141.44483947753906 18.574871063232422 95 128.2532958984375 144.26434326171875 -1 138.05389404296875 55.919544219970703 184 180.08766174316406 140.48056030273438 100 178.41117858886719 98.196136474609375 36 178.41117858886719 98.196136474609375 40 212.75224304199219 80.069129943847656 35 164.05790710449219 124.65779113769531 -1 94.107757568359375 128.98518371582031 -1 79.488014221191406 145.99113464355469 195 58.203407287597656 164.46633911132812 90 141.44992065429688 180.02064514160156 177 125.04435729980469 86.166633605957031 -1 25.563800811767578 193.40061950683594 -1 243.5604248046875 103.44886779785156 196 209.71966552734375 113.29080963134766 39 164.05790710449219 124.65779113769531 -1 215.11067199707031 76.43731689453125 -1 76.188522338867188 145.08282470703125 -1 79.488014221191406 145.99113464355469 197 70.792579650878906 149.67623901367188 -1 54.366943359375 164.05471801757812 198 58.203407287597656 164.46633911132812 85 59.506389617919922 167.48089599609375 199 215.41178894042969 178.10714721679688 42 141.44992065429688 180.02064514160156 143 221.86009216308594 184.4276123046875 117 36.300609588623047 188.13652038574219 -1 25.563800811767578 193.40061950683594 -1 235.71383666992188 197.04780578613281 214 246.4798583984375 207.35539245605469 -1 11.37298583984375 209.99134826660156 -1 250.29182434082031 210.73176574707031 104 3.5859429836273193 217.27320861816406 202 103.38253021240234 22.050506591796875 45 92.605812072753906 22.943191528320312 46 115.22248077392578 43.877208709716797 -1 115.39997863769531 53.685169219970703 131 112.88088989257812 61.836185455322266 47 216.37570190429688 70.676841735839844 83 214.35661315917969 92.455650329589844 38 227.40846252441406 93.220191955566406 217 175.80567932128906 105.45188140869141 111 111.70845031738281 113.13009643554688 226 197.14883422851562 118.88273620605469 -1 218.77865600585938 85.711990356445312 144 63.477817535400391 156.56005859375 -1 180.1678466796875 136.80726623535156 -1 91.324478149414062 131.93714904785156 -1 125.41488647460938 129.42884826660156 203 187.19239807128906 196.45393371582031 228 188.22294616699219 127.11820220947266 44 96.722541809082031 126.75327301025391 204 167.26068115234375 124.19393157958984 -1 218.77865600585938 85.711990356445312 185 181.11781311035156 99.39935302734375 53 188.22294616699219 127.11820220947266 50 88.014701843261719 138.39138793945312 209 204.93086242675781 196.84573364257812 -1 194.04408264160156 150.5994873046875 116 177.71177673339844 174.98709106445312 -1 181.91242980957031 120.50060272216797 151 88.014701843261719 138.39138793945312 210 181.11781311035156 99.39935302734375 52 179.27790832519531 171.89228820800781 -1 79.850776672363281 148.7723388671875 -1 46.506839752197266 178.201171875 207 
20 0.98294471674508799 -0.10227963607537019 -0.15172359021497081 -0.018398696679063749 0.11732966531933983 -1.5716448136556609 0.32988151638354052 1 000021.png
134.32276916503906 49.174633026123047 1 181.86607360839844 154.85066223144531 64 142.41477966308594 206.75941467285156 65 140.33126831054688 96.798171997070312 93 135.18118286132812 141.33708190917969 66 224.11082458496094 82.883407592773438 2 113.56404876708984 162.66049194335938 -1 135.26130676269531 181.19319152832031 -1 106.46166229248047 59.611869812011719 54 135.26130676269531 181.19319152832031 -1 154.18067932128906 172.21366882324219 5 106.46166229248047 59.611869812011719 55 122.449462890625 45.985538482666016 4 98.112571716308594 13.830010414123535 3 104.57895660400391 30.375110626220703 9 104.57895660400391 30.375110626220703 7 197.28111267089844 102.44960784912109 8 197.28111267089844 102.44960784912109 68 83.885444641113281 19.659662246704102 10 123.79074859619141 185.90309143066406 56 230.14883422851562 80.812225341796875 11 152.83987426757812 78.767570495605469 -1 118.19002532958984 49.202995300292969 75 142.45515441894531 22.704368591308594 95 223.7183837890625 217.84184265136719 13 211.52110290527344 205.83648681640625 12 170.42257690429688 141.78517150878906 15 245.18075561523438 112.46141052246094 96 184.55134582519531 98.99139404296875 14 139.60179138183594 78.415206909179688 97 136.33375549316406 189.51564025878906 177 170.42257690429688 141.78517150878906 71 139.60179138183594 78.415206909179688 98 143.85670471191406 191.83961486816406 57 188.55862426757812 124.98966979980469 22 163.33999633789062 137.31655883789062 69 163.33999633789062 137.31655883789062 72 196.20997619628906 84.496429443359375 18 188.55862426757812 124.98966979980469 76 204.7728271484375 61.532196044921875 -1 202.75544738769531 119.26438140869141 21 196.20997619628906 84.496429443359375 20 202.75544738769531 119.26438140869141 19 154.31462097167969 120.37995910644531 99 136.58883666992188 190.94723510742188 60 136.58883666992188 190.94723510742188 59 212.87203979492188 65.828987121582031 23 141.41346740722656 19.438272476196289 78 250.07698059082031 89.72381591796875 74 217.49147033691406 80.711181640625 17 221.51390075683594 71.832656860351562 16 174.11567687988281 148.95903015136719 100 174.11567687988281 148.95903015136719 -1 174.11567687988281 148.95903015136719 -1 240.97904968261719 103.3687744140625 101 196.64248657226562 115.53815460205078 28 205.76809692382812 115.37127685546875 29 124.12412261962891 153.51251220703125 -1 141.864013671875 193.6798095703125 -1 190.18370056152344 198.17335510253906 31 194.73536682128906 202.49085998535156 102 247.646484375 220.1126708984375 172 251.60615539550781 229.56797790527344 104 208.5064697265625 87.032142639160156 32 190.18370056152344 198.17335510253906 25 194.73536682128906 202.49085998535156 105 194.73536682128906 202.49085998535156 106 96.494346618652344 29.805742263793945 26 212.39230346679688 64.741096496582031 -1 208.5064697265625 87.032142639160156 27 123.60307312011719 115.52530670166016 -1 234.10653686523438 207.13815307617188 178 108.55770111083984 14.298416137695312 80 241.66537475585938 214.58290100097656 -1 177.88897705078125 148.46725463867188 -1 194.19599914550781 195.12353515625 49 95.794761657714844 56.719577789306641 62 109.30089569091797 18.421249389648438 37 209.68309020996094 113.11687469482422 39 175.71926879882812 105.56867980957031 111 206.06202697753906 178.06324768066406 112 212.75881958007812 80.164505004882812 35 123.12461090087891 97.324455261230469 -1 133.64326477050781 194.49186706542969 -1 178.37216186523438 98.240303039550781 36 169.37422180175781 98.273216247558594 -1 181.15061950683594 210.42315673828125 114 238.17304992675781 210.79069519042969 178 169.37422180175781 98.273216247558594 -1 178.37216186523438 98.240303039550781 40 209.68309020996094 113.11687469482422 41 124.16671752929688 174.71159362792969 -1 191.11798095703125 162.99076843261719 116 124.16671752929688 174.71159362792969 -1 203.473876953125 175.31558227539062 -1 218.86717224121094 200.31013488769531 117 200.29888916015625 86.322372436523438 84 137.37525939941406 194.87120056152344 60 40.931556701660156 184.38092041015625 -1 120.29483795166016 108.43675231933594 -1 120.19143676757812 113.21588134765625 33 203.80415344238281 124.80603790283203 118 47.008419036865234 179.03482055664062 -1 54.996150970458984 171.96025085449219 85 166.93751525878906 142.07450866699219 -1 91.064552307128906 140.00135803222656 209 191.04623413085938 127.34335327148438 -1 188.1324462890625 127.38134002685547 44 204.70947265625 116.52394866943359 43 172.72712707519531 115.55323791503906 88 206.95555114746094 114.22634887695312 120 174.62431335449219 109.23859405517578 237 247.52952575683594 104.28251647949219 168 181.17416381835938 99.382217407226562 53 244.50688171386719 94.382232666015625 -1 188.1324462890625 127.38134002685547 50 103.51006317138672 21.946666717529297 45 54.996150970458984 171.96025085449219 90 47.008419036865234 179.03482055664062 -1 40.931556701660156 184.38092041015625 213 137.37525939941406 194.87120056152344 59 92.600799560546875 22.818206787109375 46 91.064552307128906 140.00135803222656 210 93.719009399414062 27.377964019775391 -1 203.80415344238281 124.80603790283203 124 216.45938110351562 70.705116271972656 83 94.5079345703125 11.780027389526367 82 181.17416381835938 99.382217407226562 52 213.27896118164062 194.01960754394531 42 206.95555114746094 114.22634887695312 125 73.603797912597656 155.77108764648438 195 73.603797912597656 155.77108764648438 197 227.65556335449219 93.055343627929688 126 
21 0.98423448025791271 -0.093094039279661561 -0.14903726508660661 -0.020096799186384733 -0.057911350495836011 -0.90192328917443032 0.35366582838160276 1 000020.png
133.46498107910156 48.31292724609375 1 133.46498107910156 48.31292724609375 -1 142.84892272949219 206.40238952636719 65 184.47682189941406 153.53645324707031 64 142.59538269042969 93.318061828613281 93 137.04318237304688 142.57391357421875 66 224.06205749511719 82.975311279296875 2 98.131790161132812 13.826127052307129 3 122.30921173095703 46.035820007324219 4 106.44908905029297 59.851997375488281 55 155.98771667480469 169.36587524414062 5 106.44908905029297 59.851997375488281 6 106.44908905029297 59.851997375488281 54 104.58214569091797 30.523580551147461 7 197.17704772949219 102.55857849121094 8 125.17063140869141 185.49696350097656 56 104.58214569091797 30.523580551147461 9 83.995872497558594 19.909168243408203 10 143.2796630859375 22.950632095336914 95 118.40168762207031 49.629684448242188 75 230.12026977539062 80.84014892578125 11 213.36640930175781 203.86930847167969 12 225.93113708496094 216.34129333496094 13 141.79220581054688 75.959877014160156 97 154.28164672851562 76.308540344238281 -1 184.54806518554688 98.974525451660156 14 170.543212890625 141.58207702636719 15 138.23147583007812 188.04238891601562 177 138.23147583007812 188.04238891601562 143 170.543212890625 141.58207702636719 71 141.79220581054688 75.959877014160156 98 156.55551147460938 117.83897399902344 -1 221.55430603027344 71.857063293457031 16 217.56126403808594 80.740219116210938 17 246.63786315917969 110.49687957763672 96 196.2164306640625 84.483833312988281 18 156.55551147460938 117.83897399902344 99 202.797607421875 119.24581909179688 19 196.2164306640625 84.483833312988281 20 202.797607421875 119.24581909179688 21 181.3662109375 139.51554870605469 61 144.82603454589844 191.52137756347656 57 164.54277038574219 135.83091735839844 72 188.23646545410156 125.11186218261719 22 212.85755920410156 65.812355041503906 23 242.47482299804688 101.40135192871094 101 183.74833679199219 156.72578430175781 24 191.83003234863281 196.53262329101562 25 96.371147155761719 29.799224853515625 26 245.61776733398438 85.710441589355469 160 208.43467712402344 87.144020080566406 27 206.08267211914062 93.58380126953125 171 199.60981750488281 111.93827819824219 130 196.66523742675781 115.52904510498047 28 205.70509338378906 115.38016510009766 29 170.97491455078125 145.16180419921875 146 183.74833679199219 156.72578430175781 30 200.89015197753906 168.95903015136719 128 219.89991760253906 187.44554138183594 164 191.83003234863281 196.53262329101562 31 232.78057861328125 206.19041442871094 63 249.89305114746094 218.49504089355469 172 208.43467712402344 87.144020080566406 32 147.00450134277344 72.403938293457031 -1 122.06777191162109 112.73373413085938 33 159.55799865722656 26.807626724243164 -1 241.92919921875 82.930458068847656 34 236.3922119140625 205.49559020996094 178 183.25978088378906 208.64039611816406 114 122.47294616699219 88.626976013183594 58 212.58180236816406 79.796745300292969 35 178.32835388183594 98.256294250488281 36 108.64692687988281 14.181114196777344 80 109.27261352539062 18.396162033081055 37 95.699150085449219 56.350734710693359 62 214.20787048339844 92.920951843261719 38 139.07038879394531 193.37083435058594 60 125.40949249267578 96.253173828125 -1 209.68551635742188 113.1776123046875 39 175.12802124023438 146.97171020507812 100 179.08067321777344 146.96234130859375 -1 180.56718444824219 152.8922119140625 173 192.57676696777344 161.39776611328125 116 178.32835388183594 98.256294250488281 40 209.68551635742188 113.1776123046875 41 180.56718444824219 152.8922119140625 175 139.07038879394531 193.37083435058594 59 214.41621398925781 192.05563354492188 42 204.58769226074219 116.49606323242188 43 108.77344512939453 124.50888061523438 226 188.14509582519531 127.30744171142578 44 100.68393707275391 131.89558410644531 87 186.04986572265625 155.02873229980469 -1 199.59320068359375 232.19642639160156 133 7.8586635589599609 218.30142211914062 200 248.98431396484375 105.67207336425781 168 103.52403259277344 21.949712753295898 45 92.5966796875 22.8416748046875 46 115.48123168945312 53.914249420166016 131 112.91082763671875 61.680950164794922 47 227.5584716796875 93.14501953125 126 190.95974731445312 210.68077087402344 -1 229.52926635742188 207.02584838867188 48 20.439785003662109 206.892822265625 149 189.75564575195312 199.79202270507812 136 27.856454849243164 197.02609252929688 -1 196.06758117675781 193.61737060546875 49 34.126502990722656 191.52542114257812 -1 132.39396667480469 183.93496704101562 -1 204.90023803710938 173.98965454101562 129 111.51946258544922 121.92709350585938 -1 188.14509582519531 127.30744171142578 50 100.68393707275391 131.89558410644531 89 34.126502990722656 191.52542114257812 -1 196.06758117675781 193.61737060546875 51 27.856454849243164 197.02609252929688 -1 189.75564575195312 199.79202270507812 137 190.95974731445312 210.68077087402344 -1 199.59320068359375 232.19642639160156 134 181.15763854980469 99.383399963378906 52 248.94108581542969 102.21901702880859 168 174.76507568359375 108.93962097167969 237 125.12760925292969 112.60666656494141 -1 172.71766662597656 115.57419586181641 88 5.4000015258789062 220.34014892578125 176 181.15763854980469 99.383399963378906 53 46.670909881591797 180.26081848144531 -1 46.670909881591797 180.26081848144531 -1 
22 0.97947552506387858 -0.12507258691006096 -0.15751735293386612 -0.013146380839327145 0.47912164178262823 -3.2013542659117329 -0.36969524148639976 1 000023.png
136.05355834960938 51.5543212890625 1 176.27880859375 155.51921081542969 64 141.87092590332031 208.20855712890625 65 134.64358520507812 105.28926086425781 -1 134.64358520507812 105.28926086425781 -1 190.10102844238281 63.580699920654297 -1 224.36965942382812 82.691337585449219 2 150.3453369140625 176.25666809082031 5 150.3453369140625 176.25666809082031 140 98.045822143554688 13.828051567077637 3 236.23689270019531 99.509918212890625 -1 110.79983520507812 159.81007385253906 139 106.45301818847656 59.501323699951172 6 106.45301818847656 59.501323699951172 54 122.01631927490234 46.507419586181641 4 106.45301818847656 59.501323699951172 55 104.65464782714844 30.340681076049805 7 156.05302429199219 107.90611267089844 -1 82.392692565917969 18.280551910400391 10 197.42747497558594 102.56468200683594 8 197.42747497558594 102.56468200683594 68 104.65464782714844 30.340681076049805 9 156.05302429199219 107.90611267089844 -1 120.01451873779297 188.59304809570312 56 131.63589477539062 190.25425720214844 177 207.76103210449219 210.5062255859375 12 220.13163757324219 223.22918701171875 13 230.46131896972656 80.68951416015625 11 184.54071044921875 98.989723205566406 14 160.67193603515625 140.91499328613281 69 246.19754028320312 88.458908081054688 160 148.46046447753906 128.59934997558594 99 242.14134216308594 117.50282287597656 96 234.27960205078125 90.269195556640625 -1 162.68310546875 155.01980590820312 -1 162.68310546875 155.01980590820312 -1 234.27960205078125 90.269195556640625 -1 116.79930114746094 48.101936340332031 75 118.79607391357422 93.219703674316406 -1 138.79940795898438 196.41708374023438 57 102.61885070800781 70.003005981445312 73 169.86665344238281 142.36273193359375 71 196.230224609375 84.462471008300781 18 134.72450256347656 81.788909912109375 97 118.79607391357422 93.219703674316406 58 169.86665344238281 142.36273193359375 15 134.72450256347656 81.788909912109375 98 196.230224609375 84.462471008300781 20 147.25119018554688 86.040306091308594 -1 202.88272094726562 119.36611938476562 19 174.31190490722656 126.57767486572266 -1 169.86665344238281 142.36273193359375 -1 202.88272094726562 119.36611938476562 21 188.04766845703125 124.99478149414062 22 217.53221130371094 80.726882934570312 17 107.54648590087891 73.479446411132812 77 212.94308471679688 65.909286499023438 23 221.55216979980469 71.861701965332031 16 132.647705078125 196.29808044433594 59 188.04766845703125 124.99478149414062 76 132.647705078125 196.29808044433594 60 176.262939453125 145.16571044921875 61 178.32530212402344 98.288246154785156 40 140.80702209472656 139.90013122558594 -1 96.427505493164062 29.745367050170898 26 208.56095886230469 87.066825866699219 27 254.23699951171875 99.262924194335938 -1 196.62728881835938 115.52679443359375 28 205.79432678222656 115.40074920654297 29 142.00352478027344 133.05265808105469 -1 141.88581848144531 157.98118591308594 -1 186.16563415527344 202.84658813476562 31 178.32530212402344 98.288246154785156 36 208.56095886230469 87.066825866699219 32 186.16563415527344 202.84658813476562 25 95.7276611328125 56.530689239501953 62 212.67425537109375 79.966384887695312 35 200.1212158203125 87.017250061035156 84 214.39059448242188 199.09111022949219 -1 209.34661865234375 108.62270355224609 -1 209.68925476074219 113.12085723876953 39 147.2333984375 180.4296875 -1 209.16181945800781 198.50910949707031 42 226.96475219726562 212.98979187011719 63 243.89573669433594 231.54736328125 -1 249.233642578125 242.19230651855469 -1 109.25019073486328 18.398288726806641 37 247.04177856445312 234.73211669921875 -1 209.68925476074219 113.12085723876953 41 139.17396545410156 17.162693023681641 78 217.21113586425781 202.09356689453125 -1 15.744147300720215 207.29193115234375 149 12.075045585632324 210.43589782714844 135 220.79428100585938 211.4451904296875 -1 224.97491455078125 215.69181823730469 48 140.47918701171875 146.63749694824219 -1 203.89541625976562 124.71372222900391 118 108.86029052734375 122.66622161865234 -1 242.65139770507812 117.93011474609375 -1 115.05877685546875 117.17695617675781 33 172.76092529296875 115.50443267822266 88 206.89433288574219 114.14120483398438 120 181.16670227050781 99.391120910644531 52 249.75227355957031 94.34552001953125 -1 230.60224914550781 87.224739074707031 -1 216.63143920898438 70.788215637207031 83 92.565467834472656 22.904291152954102 46 115.02257537841797 27.146032333374023 -1 138.88359069824219 176.629150390625 -1 94.622772216796875 11.847721099853516 82 181.16670227050781 99.391120910644531 53 206.89433288574219 114.14120483398438 125 242.65139770507812 117.93011474609375 -1 203.89541625976562 124.71372222900391 124 103.42482757568359 21.981971740722656 45 36.671875 186.03826904296875 -1 190.55374145507812 199.87242126464844 51 46.565959930419922 177.34747314453125 85 36.671875 186.03826904296875 -1 190.55374145507812 199.87242126464844 49 46.565959930419922 177.34747314453125 90 56.703464508056641 171.70500183105469 150 253.10025024414062 89.830612182617188 74 
23 0.97936711872527238 -0.1263314880452254 -0.1571882377457931 -0.013124778185153294 0.45511948860972928 -3.2998895810364779 -0.35636165101284889 1 000024.png
135.79969787597656 51.043952941894531 1 176.71380615234375 155.38047790527344 64 141.70433044433594 208.20492553710938 65 134.95845031738281 103.86981201171875 -1 134.95845031738281 103.86981201171875 -1 190.17611694335938 63.565338134765625 -1 224.4183349609375 82.537117004394531 2 150.57527160644531 175.74374389648438 5 150.57527160644531 175.74374389648438 140 98.05615234375 13.826226234436035 3 122.09271240234375 45.436107635498047 4 106.47026062011719 59.810626983642578 55 106.47026062011719 59.810626983642578 54 106.47026062011719 59.810626983642578 6 208.67784118652344 211.3455810546875 12 197.24819946289062 102.45020294189453 68 82.343574523925781 18.077804565429688 10 156.00970458984375 106.78533935546875 -1 104.58642578125 30.460672378540039 7 197.24819946289062 102.45020294189453 8 156.00970458984375 106.78533935546875 -1 104.58642578125 30.460672378540039 9 244.91432189941406 247.29109191894531 -1 141.07234191894531 21.968879699707031 95 120.03407287597656 188.6190185546875 56 220.82879638671875 224.03514099121094 13 230.96708679199219 80.483863830566406 11 131.97695922851562 190.72331237792969 177 243.28590393066406 116.98350524902344 96 246.97686767578125 88.832878112792969 160 184.53485107421875 98.988700866699219 14 149.38040161132812 127.76113128662109 99 160.93443298339844 140.62364196777344 69 163.02587890625 154.82768249511719 -1 163.02587890625 154.82768249511719 -1 221.61734008789062 71.935646057128906 16 139.50517272949219 196.40513610839844 57 202.82199096679688 119.30918884277344 19 196.22219848632812 84.462440490722656 20 169.88734436035156 142.319091796875 -1 135.35379028320312 80.85906982421875 98 202.82199096679688 119.30918884277344 21 169.88734436035156 142.319091796875 15 169.88734436035156 142.319091796875 71 196.22219848632812 84.462440490722656 18 135.35379028320312 80.85906982421875 97 213.05712890625 65.914939880371094 23 205.96553039550781 94.445907592773438 171 239.60511779785156 107.68831634521484 101 178.67317199707031 110.16399383544922 212 190.87760925292969 207.39483642578125 106 217.49185180664062 80.757553100585938 17 188.24026489257812 124.99655151367188 76 188.24026489257812 124.99655151367188 22 208.25892639160156 87.144859313964844 32 208.25892639160156 87.144859313964844 27 147.55068969726562 181.266357421875 -1 96.341758728027344 29.738002777099609 26 205.79527282714844 115.44359588623047 29 176.03916931152344 145.53694152832031 61 186.78935241699219 202.84150695800781 31 251.96965026855469 239.56138610839844 104 186.78935241699219 202.84150695800781 25 196.63836669921875 115.53245544433594 28 230.80046081542969 216.63017272949219 -1 108.58960723876953 14.445858001708984 80 238.10557556152344 229.36888122558594 172 109.29139709472656 18.421342849731445 37 215.05723571777344 76.31964111328125 -1 95.776947021484375 56.711189270019531 62 212.60568237304688 80.081863403320312 35 178.31796264648438 98.36138916015625 40 209.68011474609375 113.05802917480469 39 162.59060668945312 137.54188537597656 -1 141.41749572753906 141.42770385742188 -1 173.79933166503906 154.81422424316406 173 191.58940124511719 174.95295715332031 128 248.32176208496094 235.42454528808594 -1 227.48086547851562 212.87176513671875 63 167.25938415527344 142.26596069335938 -1 254.95645141601562 107.09176635742188 -1 254.95645141601562 107.09176635742188 -1 178.31796264648438 98.36138916015625 36 209.68011474609375 113.05802917480469 41 173.79933166503906 154.81422424316406 175 31.184732437133789 193.61895751953125 -1 208.05915832519531 196.00991821289062 -1 210.42301940917969 198.97373962402344 42 188.59028625488281 201.69937133789062 -1 217.63752746582031 201.94070434570312 -1 2.6903083324432373 214.84075927734375 -1 6.2055230140686035 215.2191162109375 176 139.26556396484375 17.013431549072266 78 118.60874938964844 136.77337646484375 -1 163.2027587890625 138.72531127929688 -1 188.22885131835938 127.28216552734375 44 203.8209228515625 124.80657958984375 118 94.651824951171875 11.521419525146484 82 141.06434631347656 146.14979553222656 -1 65.191253662109375 161.02473449707031 -1 181.94932556152344 120.45709991455078 151 204.54231262207031 116.68915557861328 43 172.84614562988281 115.34714508056641 -1 172.84614562988281 115.34714508056641 -1 206.94903564453125 114.25714111328125 120 174.80943298339844 108.81639862060547 237 103.32429504394531 22.075353622436523 45 175.78814697265625 105.45950317382812 111 162.89692687988281 102.76522827148438 -1 181.16941833496094 99.398918151855469 52 143.40640258789062 130.59757995605469 -1 221.40858459472656 94.56610107421875 216 227.68099975585938 92.997657775878906 126 230.55058288574219 87.059814453125 -1 181.16941833496094 99.398918151855469 53 92.555809020996094 22.908397674560547 46 206.94903564453125 114.25714111328125 125 203.8209228515625 124.80657958984375 124 188.22885131835938 127.28216552734375 50 65.191253662109375 161.02473449707031 -1 46.098987579345703 177.40875244140625 90 115.02153015136719 29.033058166503906 -1 216.38058471679688 70.630508422851562 83 33.6629638671875 191.24221801757812 -1 109.35923767089844 71.108924865722656 -1 46.098987579345703 177.40875244140625 85 140.66249084472656 149.63699340820312 -1 
24 0.98016138572250033 -0.12184826189920862 -0.15566413491890613 -0.014329553748755339 0.35633714746743889 -2.9794658835015579 -0.2152707582037145 1 000022.png
135.67399597167969 50.963958740234375 1 177.4576416015625 155.06202697753906 64 142.11337280273438 207.93812561035156 65 135.9669189453125 103.13471984863281 -1 135.9669189453125 103.13471984863281 -1 189.97265625 63.180164337158203 -1 224.29095458984375 82.753807067871094 2 151.32707214355469 174.79707336425781 5 151.32707214355469 174.79707336425781 140 106.46520233154297 59.000446319580078 55 98.058753967285156 13.836788177490234 3 122.14516448974609 45.994968414306641 4 106.46520233154297 59.000446319580078 6 104.62594604492188 30.447973251342773 7 123.53739166259766 93.627159118652344 -1 82.420127868652344 18.289583206176758 10 197.47770690917969 102.50485229492188 8 156.31756591796875 106.14508819580078 -1 197.47770690917969 102.50485229492188 68 104.62594604492188 30.447973251342773 9 123.53739166259766 93.627159118652344 -1 156.31756591796875 106.14508819580078 -1 120.68873596191406 187.99330139160156 56 132.63166809082031 188.50209045410156 177 208.55105590820312 209.16380310058594 12 244.32369995117188 244.77769470214844 -1 230.40805053710938 80.723045349121094 11 221.10350036621094 222.43450927734375 13 133.04913330078125 191.6326904296875 177 163.65745544433594 154.66276550292969 -1 184.54440307617188 98.993293762207031 14 161.29792785644531 140.04853820800781 69 242.89778137207031 115.93779754638672 96 246.52250671386719 88.609504699707031 160 102.82005310058594 69.744316101074219 73 163.65745544433594 154.66276550292969 -1 140.70272827148438 195.03933715820312 57 135.97052001953125 80.595062255859375 98 135.97052001953125 80.595062255859375 97 196.22616577148438 84.490829467773438 20 202.78755187988281 119.27915954589844 19 150.1455078125 126.39332580566406 99 174.33883666992188 126.66884613037109 -1 196.22616577148438 84.490829467773438 18 169.94940185546875 142.20567321777344 71 169.94940185546875 142.20567321777344 15 87.809478759765625 150.45556640625 -1 169.94940185546875 142.20567321777344 -1 202.78755187988281 119.27915954589844 21 217.49996948242188 80.827125549316406 17 133.67189025878906 195.42118835449219 60 188.19987487792969 124.987548828125 22 221.47953796386719 71.845794677734375 16 212.94577026367188 65.876197814941406 23 191.91839599609375 206.14480590820312 106 191.91839599609375 206.14480590820312 105 191.91839599609375 206.14480590820312 102 191.91839599609375 206.14480590820312 -1 116.57674407958984 48.5576171875 75 188.19987487792969 124.987548828125 76 133.67189025878906 195.42118835449219 59 209.71307373046875 118.74532318115234 -1 115.58128356933594 25.633398056030273 -1 96.399673461914062 29.779836654663086 26 135.811767578125 79.339149475097656 -1 208.58099365234375 87.051651000976562 27 196.64115905761719 115.51558685302734 28 205.77330017089844 115.48028564453125 29 143.42124938964844 130.2197265625 -1 133.87504577636719 196.504150390625 -1 214.05490112304688 196.86044311523438 42 187.26840209960938 201.78334045410156 31 248.42045593261719 233.72637939453125 -1 252.03630065917969 237.54457092285156 104 135.811767578125 79.339149475097656 -1 208.58099365234375 87.051651000976562 32 133.87504577636719 196.504150390625 -1 187.26840209960938 201.78334045410156 25 123.93812561035156 7.2022190093994141 -1 209.70106506347656 113.15677642822266 39 116.25727844238281 116.52262878417969 33 159.09858703613281 137.14173889160156 -1 170.44241333007812 145.36177062988281 -1 179.46876525878906 160.13468933105469 24 203.86251831054688 186.05203247070312 -1 191.31895446777344 198.48106384277344 49 228.054443359375 211.77235412597656 63 219.94117736816406 203.27688598632812 117 138.11930847167969 197.31011962890625 -1 234.30535888671875 223.28031921386719 -1 139.4395751953125 17.470773696899414 78 118.61574554443359 101.99526977539062 -1 109.242919921875 18.429412841796875 37 178.32554626464844 98.362045288085938 36 209.70106506347656 113.15677642822266 41 179.46876525878906 160.13468933105469 30 191.31895446777344 198.48106384277344 51 212.74003601074219 80.017265319824219 35 200.26689147949219 86.858489990234375 84 178.32554626464844 98.362045288085938 40 209.06846618652344 83.953224182128906 236 214.20515441894531 92.216445922851562 38 221.41592407226562 94.647560119628906 216 181.13644409179688 99.44873046875 52 175.7315673828125 105.5943603515625 111 214.96249389648438 193.8404541015625 164 225.76179504394531 213.98588562011719 48 134.0267333984375 198.0565185546875 60 217.97747802734375 200.63230895996094 -1 223.66030883789062 203.14102172851562 -1 228.54396057128906 208.4072265625 -1 235.29508972167969 215.51034545898438 178 238.15855407714844 218.84417724609375 -1 230.82937622070312 219.35714721679688 -1 248.22224426269531 229.52481079101562 -1 244.32904052734375 233.66047668457031 -1 236.08448791503906 89.695358276367188 -1 146.94337463378906 183.36637878417969 -1 203.63534545898438 182.13468933105469 112 48.584014892578125 176.13211059570312 85 197.64308166503906 175.41917419433594 -1 176.88653564453125 156.98057556152344 173 143.51806640625 152.13720703125 -1 143.929443359375 148.60244750976562 -1 81.335762023925781 147.822265625 -1 163.34249877929688 137.8280029296875 -1 92.971061706542969 137.45675659179688 -1 188.11326599121094 127.29747772216797 44 203.92869567871094 124.70292663574219 118 160.67399597167969 118.45607757568359 -1 204.5059814453125 116.50367736816406 43 206.98776245117188 114.10932159423828 120 209.06846618652344 83.953224182128906 234 181.13644409179688 99.44873046875 53 206.98776245117188 114.10932159423828 125 203.92869567871094 124.70292663574219 124 188.11326599121094 127.29747772216797 50 92.971061706542969 137.45675659179688 -1 81.335762023925781 147.822265625 -1 13.800987243652344 210.09521484375 188 134.0267333984375 198.0565185546875 59 94.639999389648438 11.751623153686523 82 103.52162170410156 21.952526092529297 45 92.581825256347656 22.892246246337891 46 100.37330627441406 23.730358123779297 -1 112.87915802001953 61.539100646972656 47 216.52801513671875 70.702232360839844 83 239.25180053710938 80.867591857910156 34 48.584014892578125 176.13211059570312 90 36.964580535888672 189.48674011230469 -1 66.244400024414062 161.11819458007812 -1 180.72561645507812 138.64802551269531 -1 201.45753479003906 187.32763671875 -1 66.244400024414062 161.11819458007812 -1 
25 0.98712603743624794 -0.068938467803042108 -0.14220274446393119 -0.024658737585414734 -0.48665072015097977 0.86762932518326019 0.4715007254447563 1 000019.png
130.31072998046875 45.219165802001953 138 144.42707824707031 205.73269653320312 65 144.42707824707031 205.73269653320312 65 130.31072998046875 45.219165802001953 127 188.59506225585938 151.1058349609375 64 141.58956909179688 141.61222839355469 66 147.43399047851562 85.5504150390625 93 223.99348449707031 82.99334716796875 2 106.37440490722656 59.723068237304688 54 98.156990051269531 13.868382453918457 3 106.37440490722656 59.723068237304688 55 106.37440490722656 59.723068237304688 6 104.58699035644531 30.46912956237793 9 104.58699035644531 30.46912956237793 7 197.16659545898438 102.60038757324219 8 129.81892395019531 184.37583923339844 56 83.918922424316406 19.964460372924805 10 231.18257141113281 213.60084533691406 -1 218.56269836425781 201.47502136230469 12 144.98188781738281 23.511203765869141 95 146.715087890625 71.656181335449219 98 88.756439208984375 155.33485412597656 -1 184.56747436523438 99.021064758300781 14 170.59437561035156 142.25772094726562 71 102.97888946533203 69.375473022460938 73 146.715087890625 71.656181335449219 97 126.02618408203125 85.5787353515625 58 202.70945739746094 119.20531463623047 21 221.44160461425781 71.781547546386719 16 161.740234375 112.70736694335938 99 173.48487854003906 93.166946411132812 -1 187.94198608398438 124.87183380126953 22 173.48487854003906 93.166946411132812 -1 250.06298828125 106.14519500732422 96 161.740234375 112.70736694335938 -1 202.70945739746094 119.20531463623047 19 132.02745056152344 171.52622985839844 193 196.19833374023438 84.486358642578125 18 196.19833374023438 84.486358642578125 20 132.02745056152344 171.52622985839844 -1 213.00874328613281 66.05218505859375 23 107.33849334716797 73.700828552246094 77 217.34805297851562 80.848075866699219 17 143.03375244140625 188.56575012207031 177 143.03375244140625 188.56575012207031 143 223.16551208496094 188.54135131835938 42 149.3231201171875 189.13442993164062 57 205.63960266113281 171.87672424316406 -1 205.49197387695312 165.61940002441406 128 217.34805297851562 80.848075866699219 -1 126.63425445556641 110.69882202148438 33 230.18608093261719 195.64320373535156 -1 116.68460845947266 53.998332977294922 -1 201.14022827148438 198.298583984375 106 201.14022827148438 198.298583984375 105 201.14022827148438 198.298583984375 102 205.73658752441406 115.46994018554688 29 159.45423889160156 118.80657958984375 -1 186.50938415527344 130.56753540039062 -1 182.42117309570312 143.40260314941406 -1 197.74276733398438 158.93324279785156 116 210.14730834960938 170.93162536621094 129 196.70448303222656 194.07572937011719 31 241.70782470703125 201.49636840820312 178 237.90480041503906 202.96629333496094 63 245.84317016601562 204.86869812011719 178 143.45135498046875 190.738037109375 59 208.42501831054688 87.112045288085938 32 178.14608764648438 98.037368774414062 -1 178.14608764648438 98.037368774414062 -1 159.45423889160156 118.80657958984375 -1 182.42117309570312 143.40260314941406 -1 196.70448303222656 194.07572937011719 25 143.45135498046875 190.738037109375 60 96.548072814941406 29.720605850219727 26 208.42501831054688 87.112045288085938 27 246.60630798339844 96.9505615234375 101 178.14608764648438 98.037368774414062 -1 178.14608764648438 98.037368774414062 -1 199.38920593261719 111.58168029785156 130 196.71522521972656 115.52169036865234 28 127.3975830078125 123.55995941162109 -1 209.60992431640625 113.14120483398438 39 127.05419158935547 142.99557495117188 -1 115.63165283203125 56.232917785644531 131 95.775146484375 56.815319061279297 62 126.89382934570312 169.44346618652344 -1 181.45805358886719 142.90414428710938 -1 126.89382934570312 169.44346618652344 -1 177.63224792480469 143.61262512207031 100 165.89749145507812 145.13627624511719 183 129.80815124511719 160.47428894042969 132 109.23727416992188 18.418670654296875 37 10.011106491088867 216.19351196289062 -1 205.07136535644531 229.310791015625 133 234.81365966796875 204.388671875 48 188.16978454589844 205.96902465820312 114 10.011106491088867 216.19351196289062 -1 209.60992431640625 113.14120483398438 41 181.45805358886719 142.90414428710938 -1 205.07136535644531 229.310791015625 134 246.07110595703125 81.64678955078125 34 175.57522583007812 105.75453186035156 111 166.48712158203125 106.33216857910156 -1 204.5408935546875 116.44844055175781 43 251.91319274902344 85.597030639648438 148 203.92112731933594 124.60693359375 124 225.6866455078125 195.49856567382812 117 3.264535665512085 225.855224609375 202 10.775256156921387 219.03959655761719 200 17.103899002075195 213.3218994140625 135 216.68351745605469 201.74525451660156 -1 94.630195617675781 11.253711700439453 82 224.00328063964844 192.45907592773438 -1 200.6065673828125 191.02027893066406 49 203.83404541015625 190.45455932617188 -1 132.00442504882812 175.43534851074219 -1 57.033229827880859 173.81333923339844 85 194.57211303710938 197.02780151367188 136 188.97930908203125 165.89689636230469 -1 127.45558929443359 131.36270141601562 203 188.16661071777344 127.40911102294922 44 218.85284423828125 85.824073791503906 144 253.07363891601562 98.133407592773438 168 181.91970825195312 120.39337921142578 151 253.83587646484375 101.57992553710938 -1 203.92112731933594 124.60693359375 118 188.16661071777344 127.40911102294922 50 57.033229827880859 173.81333923339844 90 200.6065673828125 191.02027893066406 51 194.57211303710938 197.02780151367188 137 103.43157958984375 22.001888275146484 45 92.616653442382812 22.820734024047852 46 216.320068359375 70.613861083984375 83 143.92510986328125 19.947566986083984 95 218.85284423828125 85.824073791503906 185 212.73721313476562 80.005477905273438 35 253.07363891601562 98.133407592773438 -1 181.13931274414062 99.389091491699219 52 253.83587646484375 101.57992553710938 -1 127.56016540527344 109.25879669189453 33 181.13931274414062 99.389091491699219 53 202.24900817871094 172.2293701171875 189 138.99873352050781 70.560142517089844 -1 
26 0.98121825479249403 -0.11552642670226469 -0.15380430361580513 -0.014443593203772387 0.22326702137627868 -2.5327047679767545 -0.32233880946810306 1 000025.png
178.16748046875 154.76274108886719 64 140.04403686523438 207.45588684082031 65 136.65299987792969 97.555007934570312 93 131.8486328125 139.89450073242188 66 131.8486328125 139.89450073242188 -1 224.87522888183594 82.190597534179688 2 151.31538391113281 174.38838195800781 5 151.31538391113281 174.38838195800781 140 157.08979797363281 101.31559753417969 -1 157.08979797363281 101.31559753417969 -1 121.85199737548828 43.654579162597656 4 106.59037017822266 59.468547821044922 6 157.08979797363281 101.31559753417969 -1 106.59037017822266 59.468547821044922 -1 106.59037017822266 59.468547821044922 -1 98.042404174804688 13.799710273742676 3 104.54940032958984 30.422103881835938 9 197.14842224121094 102.47299957275391 8 82.052001953125 17.161527633666992 10 104.54940032958984 30.422103881835938 7 197.14842224121094 102.47299957275391 68 209.93667602539062 210.41047668457031 12 221.67520141601562 222.693603515625 13 119.70849609375 187.6702880859375 56 148.52177429199219 113.64250183105469 -1 245.18478393554688 245.60794067382812 -1 230.5802001953125 80.627532958984375 11 161.98040771484375 139.01687622070312 69 85.014244079589844 20.275119781494141 10 245.58798217773438 114.77285003662109 96 151.96212768554688 123.71250152587891 99 180.70779418945312 141.30171203613281 61 170.34396362304688 141.84541320800781 15 85.638893127441406 150.11422729492188 -1 132.55609130859375 191.78678894042969 177 170.34396362304688 141.84541320800781 71 184.55862426757812 98.951095581054688 14 161.98040771484375 139.01687622070312 72 202.91560363769531 119.34414672851562 19 119.76334381103516 87.321739196777344 -1 202.91560363769531 119.34414672851562 21 251.00546264648438 90.808883666992188 -1 196.20562744140625 84.522048950195312 18 140.02763366699219 194.51634216308594 57 119.76334381103516 87.321739196777344 58 102.66155242919922 69.922592163085938 73 251.00546264648438 90.808883666992188 74 196.20562744140625 84.522048950195312 20 221.60540771484375 71.888229370117188 16 212.90986633300781 66.05029296875 23 192.00889587402344 206.13459777832031 102 192.00889587402344 206.13459777832031 106 208.09805297851562 87.32275390625 27 157.16690063476562 131.44879150390625 145 116.22068786621094 46.042613983154297 75 125.42343139648438 75.541824340820312 -1 217.63526916503906 80.538787841796875 17 208.09805297851562 87.32275390625 32 188.04928588867188 124.94331359863281 76 188.04928588867188 124.94331359863281 22 192.00889587402344 206.13459777832031 105 192.00889587402344 206.13459777832031 -1 107.62796783447266 73.637763977050781 77 187.93046569824219 202.16099548339844 25 139.37342834472656 17.461227416992188 78 96.448898315429688 29.826747894287109 26 187.93046569824219 202.16099548339844 31 145.00350952148438 128.14805603027344 -1 205.82296752929688 115.54580688476562 29 196.62982177734375 115.50890350341797 28 116.02396392822266 114.00424957275391 33 146.55741882324219 121.61228179931641 -1 108.53369903564453 14.243186950683594 80 209.76026916503906 113.25128936767578 39 250.49592590332031 235.32827758789062 -1 86.791694641113281 2.8800251483917236 -1 109.27898406982422 18.444540023803711 37 178.28962707519531 98.344085693359375 40 146.55741882324219 121.61228179931641 -1 144.98554992675781 147.24690246582031 -1 46.028591156005859 177.94029235839844 199 246.30709838867188 235.87260437011719 -1 251.74632263183594 241.79354858398438 -1 212.54307556152344 79.828811645507812 35 250.49592590332031 235.32827758789062 104 86.791694641113281 2.8800251483917236 -1 178.28962707519531 98.344085693359375 36 209.76026916503906 113.25128936767578 41 94.599769592285156 11.599347114562988 82 216.61175537109375 70.736282348632812 83 200.24002075195312 86.7349853515625 84 20.447015762329102 195.99624633789062 -1 30.048345565795898 184.5430908203125 -1 23.11627197265625 197.0499267578125 -1 211.2359619140625 197.40229797363281 42 191.83897399902344 198.71481323242188 49 15.796894073486328 199.88055419921875 -1 189.59005737304688 200.83634948730469 -1 9.0995502471923828 202.14529418945312 -1 29.258693695068359 191.87806701660156 -1 197.77784729003906 174.56973266601562 128 41.869915008544922 174.55108642578125 -1 17.442302703857422 201.78959655761719 -1 48.641521453857422 171.94172668457031 85 54.420566558837891 167.13218688964844 -1 15.796894073486328 199.88055419921875 -1 103.4044189453125 22.041645050048828 45 59.878639221191406 159.54136657714844 -1 15.263034820556641 203.82600402832031 -1 181.14183044433594 99.377655029296875 53 80.5384521484375 144.78874206542969 -1 248.23344421386719 109.65703582763672 168 87.528236389160156 138.69981384277344 209 94.077285766601562 132.87995910644531 87 188.15019226074219 127.47200775146484 44 181.96821594238281 120.53887176513672 151 204.74253845214844 116.63063049316406 43 172.77545166015625 115.47719573974609 88 95.798683166503906 56.840831756591797 62 248.35655212402344 106.51531219482422 168 175.75749206542969 105.53458404541016 111 181.14183044433594 99.377655029296875 52 208.57205200195312 83.425865173339844 -1 118.98548126220703 81.583541870117188 -1 112.90546417236328 61.771553039550781 47 92.621658325195312 22.778482437133789 46 208.57205200195312 83.425865173339844 -1 250.01756286621094 114.65449523925781 -1 188.15019226074219 127.47200775146484 50 94.077285766601562 132.87995910644531 89 87.528236389160156 138.69981384277344 210 80.5384521484375 144.78874206542969 -1 54.420566558837891 167.13218688964844 -1 48.641521453857422 171.94172668457031 90 32.673885345458984 185.52523803710938 213 20.447015762329102 195.99624633789062 -1 191.83897399902344 198.71481323242188 51 5.7274627685546875 205.125732421875 -1 231.54890441894531 219.18060302734375 -1 32.673885345458984 185.52523803710938 -1 40.135940551757812 182.33140563964844 -1 57.169971466064453 164.71858215332031 -1 63.023021697998047 162.95114135742188 -1 75.367172241210938 149.32551574707031 -1 133.08206176757812 50.821731567382812 -1 166.87399291992188 142.21742248535156 -1 75.367172241210938 149.32551574707031 -1 57.169971466064453 164.71858215332031 -1 
29 0.98225948733411561 -0.113077345429065 -0.1489099106122411 -0.014340572313913752 -0.126282065340554 -2.3609058170896318 -0.34598396751226779 1 000026.png
130.29510498046875 41.899833679199219 138 181.04437255859375 154.95738220214844 64 138.62185668945312 206.35812377929688 65 130.29510498046875 41.899833679199219 127 139.20976257324219 87.761573791503906 -1 133.01327514648438 136.19485473632812 -1 164.73423767089844 114.04095458984375 -1 109.97657012939453 160.636474609375 139 152.80555725097656 173.83808898925781 5 164.73423767089844 114.04095458984375 -1 152.80555725097656 173.83808898925781 140 80.251388549804688 15.38040828704834 -1 98.068229675292969 13.80224609375 3 106.94124603271484 60.159538269042969 -1 225.55511474609375 81.275299072265625 2 158.44407653808594 92.809074401855469 -1 106.94124603271484 60.159538269042969 55 104.52582550048828 30.534318923950195 7 197.18014526367188 102.40826416015625 8 119.95622253417969 185.94911193847656 56 212.27406311035156 209.22126770019531 12 225.30714416503906 222.8504638671875 13 197.18014526367188 102.40826416015625 68 104.52582550048828 30.534318923950195 9 84.089523315429688 19.741399765014648 10 139.54541015625 68.349174499511719 -1 230.57460021972656 80.47735595703125 11 139.54541015625 68.349174499511719 -1 133.27214050292969 188.91204833984375 143 133.27214050292969 188.91204833984375 177 184.5576171875 98.928825378417969 14 170.61521911621094 141.48847961425781 15 82.334022521972656 149.80595397949219 -1 170.61521911621094 141.48847961425781 71 140.61471557617188 19.769157409667969 95 116.61669158935547 39.827503204345703 182 102.50210571289062 70.361984252929688 73 196.20707702636719 84.508583068847656 20 174.27978515625 126.72219848632812 -1 163.36845397949219 136.65559387207031 72 140.84469604492188 192.87370300292969 57 196.20707702636719 84.508583068847656 18 249.14480590820312 111.11503601074219 96 221.70004272460938 72.010467529296875 16 194.67132568359375 205.45854187011719 106 163.52978515625 106.83796691894531 -1 245.65858459472656 101.43490600585938 101 207.65617370605469 87.623153686523438 32 217.70692443847656 80.344688415527344 17 121.56613159179688 77.774627685546875 -1 194.67132568359375 205.45854187011719 -1 207.65617370605469 87.623153686523438 27 217.70692443847656 80.344688415527344 144 121.56613159179688 77.774627685546875 -1 126.59048461914062 67.754592895507812 -1 188.32521057128906 124.94253540039062 22 188.32521057128906 124.94253540039062 76 178.32704162597656 98.237144470214844 36 162.07344055175781 134.94755554199219 -1 213.44966125488281 87.665824890136719 -1 189.82728576660156 200.70610046386719 25 178.32704162597656 98.237144470214844 40 248.91848754882812 229.56962585449219 -1 96.484390258789062 29.759542465209961 26 126.63824462890625 72.720207214355469 -1 248.11210632324219 86.256637573242188 160 213.44966125488281 87.665824890136719 -1 238.53941345214844 105.66230010986328 -1 196.67964172363281 115.51123046875 28 205.91648864746094 115.45914459228516 29 191.49954223632812 163.35977172851562 116 189.82728576660156 200.70610046386719 31 162.07344055175781 134.94755554199219 -1 252.32852172851562 102.65808868408203 168 108.541748046875 14.200076103210449 80 6.1101579666137695 199.00048828125 -1 232.46893310546875 211.75588989257812 63 171.129638671875 145.86897277832031 -1 120.03684234619141 73.048637390136719 -1 209.79454040527344 113.19406127929688 41 229.48965454101562 213.48660278320312 48 239.973876953125 215.28305053710938 178 209.79454040527344 113.19406127929688 39 252.57928466796875 238.79638671875 104 252.32852172851562 102.65808868408203 -1 171.129638671875 145.86897277832031 146 245.52085876464844 230.86209106445312 -1 213.59779357910156 196.23725891113281 42 193.99578857421875 197.46652221679688 49 193.99578857421875 197.46652221679688 51 109.27442169189453 18.424530029296875 37 95.805892944335938 56.919448852539062 62 134.02738952636719 63.842945098876953 184 216.52032470703125 70.684051513671875 83 232.95143127441406 82.987808227539062 -1 94.651695251464844 11.990059852600098 82 252.99269104003906 89.133003234863281 74 181.15562438964844 99.386940002441406 52 245.30097961425781 100.12355041503906 -1 175.71771240234375 105.50798034667969 111 252.49307250976562 106.37594604492188 168 198.82670593261719 180.10466003417969 -1 199.51095581054688 83.344406127929688 -1 196.28273010253906 177.41017150878906 -1 42.913913726806641 172.26066589355469 -1 27.313583374023438 181.86187744140625 -1 33.579113006591797 183.52803039550781 -1 30.888864517211914 185.73204040527344 -1 18.933477401733398 188.95233154296875 -1 26.404184341430664 189.65011596679688 -1 217.38529968261719 191.36927795410156 164 17.581731796264648 196.87100219726562 -1 15.167727470397949 199.04818725585938 -1 191.5716552734375 199.35856628417969 -1 11.499428749084473 201.86540222167969 149 38.075099945068359 176.43524169921875 -1 46.992733001708984 169.02099609375 -1 49.580158233642578 166.95664978027344 -1 62.473030090332031 156.174560546875 -1 66.455398559570312 152.92875671386719 187 63.270133972167969 152.53660583496094 -1 168.27394104003906 146.96719360351562 -1 79.150032043457031 139.05709838867188 -1 83.41473388671875 138.66647338867188 -1 92.963943481445312 133.58396911621094 -1 188.22052001953125 127.34245300292969 44 162.90234375 122.79206848144531 -1 114.37940216064453 108.71209716796875 -1 252.99269104003906 89.133003234863281 -1 181.15562438964844 99.386940002441406 53 224.76322937011719 100.76941680908203 -1 114.37940216064453 108.71209716796875 -1 188.22052001953125 127.34245300292969 50 83.41473388671875 138.66647338867188 -1 168.27394104003906 146.96719360351562 -1 66.455398559570312 152.92875671386719 -1 62.473030090332031 156.174560546875 -1 49.580158233642578 166.95664978027344 -1 46.992733001708984 169.02099609375 -1 38.075099945068359 176.43524169921875 -1 197.361572265625 238.50666809082031 134 233.04917907714844 208.13104248046875 -1 197.361572265625 238.50666809082031 133 42.913913726806641 172.26066589355469 -1 103.48109436035156 21.968252182006836 45 92.602737426757812 22.88929557800293 46 224.76322937011719 100.76941680908203 -1 43.398731231689453 174.97219848632812 -1 114.95323181152344 44.140052795410156 75 191.25398254394531 127.12482452392578 -1 158.18487548828125 107.58929443359375 -1 243.62886047363281 85.896286010742188 -1 113.11244964599609 61.716930389404297 47 
32 0.98214127141215146 -0.11595922239757443 -0.14749721131759394 -0.014019785426517025 -0.22741823544669154 -2.5797691205776156 -0.17907115656731878 1 000027.png
129.39469909667969 39.777805328369141 138 182.76802062988281 155.07493591308594 64 137.95840454101562 206.20066833496094 65 129.39469909667969 39.777805328369141 127 176.54292297363281 60.617179870605469 -1 140.74591064453125 82.147911071777344 -1 133.81036376953125 134.68180847167969 -1 76.72027587890625 10.334385871887207 -1 165.60978698730469 111.23866271972656 -1 109.78996276855469 159.88909912109375 139 153.48358154296875 173.08412170410156 140 153.48358154296875 173.08412170410156 5 165.60978698730469 111.23866271972656 -1 107.17449188232422 59.947116851806641 -1 107.17449188232422 59.947116851806641 55 98.083824157714844 13.78148365020752 3 225.97088623046875 81.061744689941406 2 161.62374877929688 88.438522338867188 -1 104.55464935302734 30.442731857299805 7 197.09066772460938 102.41777801513672 8 119.98900604248047 184.88310241699219 56 213.80975341796875 208.82676696777344 12 226.70098876953125 222.151123046875 13 104.55464935302734 30.442731857299805 9 197.09066772460938 102.41777801513672 68 83.887626647949219 19.438457489013672 10 230.68998718261719 80.367729187011719 11 81.002815246582031 150.51997375488281 -1 133.33201599121094 185.11959838867188 -1 117.53398132324219 36.689620971679688 -1 117.53398132324219 36.689620971679688 -1 184.53492736816406 98.933982849121094 14 170.71163940429688 141.34622192382812 15 133.87342834472656 189.67355346679688 177 142.01399230957031 191.49803161621094 57 141.1668701171875 62.381702423095703 -1 102.73508453369141 69.810798645019531 73 141.1668701171875 62.381702423095703 -1 133.87342834472656 189.67355346679688 143 170.71163940429688 141.34622192382812 71 164.15975952148438 135.4244384765625 72 188.19303894042969 124.78630828857422 22 188.19303894042969 124.78630828857422 76 221.64356994628906 71.908882141113281 16 182.19297790527344 139.03750610351562 61 196.18893432617188 84.5128173828125 20 250.49644470214844 108.87717437744141 -1 178.67289733886719 111.93282318115234 -1 196.18893432617188 84.5128173828125 18 217.83341979980469 80.15478515625 144 207.50608825683594 87.721099853515625 27 217.83341979980469 80.15478515625 17 158.56825256347656 134.16427612304688 145 196.02925109863281 204.96272277832031 -1 207.50608825683594 87.721099853515625 32 240.85403442382812 104.38840484619141 -1 191.00422668457031 200.14375305175781 25 96.395820617675781 29.7677001953125 26 240.41349792480469 109.69825744628906 -1 196.58680725097656 115.51328277587891 28 205.83453369140625 115.29766845703125 29 250.49729919433594 117.5457763671875 -1 204.03746032714844 120.35634613037109 19 171.05783081054688 145.31808471679688 146 134.49615478515625 194.10768127441406 60 191.00422668457031 200.14375305175781 31 233.99923706054688 211.02743530273438 63 134.49615478515625 194.10768127441406 59 109.30564117431641 18.442441940307617 37 108.54841613769531 14.292359352111816 80 140.09251403808594 17.571327209472656 78 241.07571411132812 114.80978393554688 -1 212.20573425292969 79.778068542480469 35 246.99766540527344 81.92059326171875 -1 207.98506164550781 82.749702453613281 -1 246.42935180664062 88.971870422363281 -1 178.3360595703125 98.330642700195312 40 254.64523315429688 100.79136657714844 -1 209.73429870605469 113.06840515136719 39 190.18806457519531 123.84479522705078 -1 175.037841796875 147.25625610351562 100 215.77273559570312 196.43162536621094 42 223.50714111328125 199.51756286621094 -1 3.9272270202636719 206.23031616210938 -1 181.94854736328125 212.74789428710938 114 207.98506164550781 82.749702453613281 -1 178.3360595703125 98.330642700195312 36 115.16676330566406 41.75335693359375 -1 134.37074279785156 46.924095153808594 -1 95.844284057617188 57.095260620117188 62 94.669349670410156 11.428990364074707 82 251.39492797851562 84.825340270996094 148 250.65238952636719 87.4981689453125 -1 181.14793395996094 99.404434204101562 52 9.6907320022583008 200.90914916992188 149 7.2227072715759277 203.06695556640625 -1 232.0321044921875 213.95552062988281 48 198.9715576171875 238.54270935058594 134 216.47897338867188 70.573173522949219 83 121.37342834472656 74.447402954101562 -1 52.101863861083984 166.1070556640625 150 43.433341979980469 166.55209350585938 -1 57.850883483886719 158.05757141113281 -1 199.12225341796875 170.16348266601562 128 45.969955444335938 170.94908142089844 -1 22.172445297241211 183.87783813476562 -1 29.438344955444336 184.59011840820312 -1 205.75421142578125 185.56340026855469 -1 19.244951248168945 186.4178466796875 -1 211.70745849609375 191.6517333984375 -1 16.974822998046875 195.20997619628906 -1 63.487991333007812 156.52546691894531 -1 84.981307983398438 135.47889709472656 -1 97.019905090332031 125.09114074707031 -1 203.97618103027344 124.63418579101562 124 181.89840698242188 120.41860198974609 151 204.57984924316406 116.49812316894531 43 172.78199768066406 115.43275451660156 88 46.14459228515625 164.5118408203125 -1 174.71638488769531 108.92884826660156 237 244.29171752929688 106.85076141357422 -1 234.03675842285156 105.64192962646484 -1 175.78561401367188 105.42488861083984 111 181.14793395996094 99.404434204101562 53 155.86424255371094 110.65065765380859 -1 203.97618103027344 124.63418579101562 118 155.86424255371094 110.65065765380859 -1 84.981307983398438 135.47889709472656 -1 57.850883483886719 158.05757141113281 -1 198.9715576171875 238.54270935058594 133 121.37342834472656 74.447402954101562 -1 103.35693359375 22.043893814086914 45 92.620513916015625 22.882007598876953 46 8.2216758728027344 195.4620361328125 -1 97.019905090332031 125.09114074707031 -1 166.78170776367188 141.94866943359375 -1 58.739654541015625 160.23486328125 -1 
