# 3D point list with one line of data per point:
#   POINT3D_ID, X, Y, Z, R, G, B, ERROR, TRACK[] as (IMAGE_ID, POINT2D_IDX)
# Number of points: 188, mean track length: 6.5
1 10.792373229234681 -9.447874734460159 32.89563470139489 88 87 79 1.7535879999262605 24 0 21 0 22 0 20 0 23 0
2 11.531825026791472 -7.580154501014932 32.455964956481267 89 111 127 0.54856484908072001 24 6 21 6 22 6 26 5 20 5 25 7 32 16 29 14 23 6 18 7 19 5 16 6 15 5
3 10.36332038503437 -11.243114887974246 32.477965596085333 254 255 249 0.62566164802167457 24 10 21 7 22 9 26 15 20 13 25 9 32 15 29 12 23 9 18 10 19 8 16 9 15 9
4 10.579469089028503 -9.5995272182428018 32.655707448195578 88 87 78 0.55900369671275552 24 11 21 8 22 14 26 10 20 12 23 10
5 11.521917673173478 -3.4458399410390936 35.876838149264927 105 96 88 0.62604215080070247 24 7 21 10 22 7 26 6 20 10 32 11 29 8 23 7
6 10.322223210478409 -8.8089851245551358 32.570326992502878 56 46 33 0.49941464676608671 24 12 21 11 22 12 26 11 25 11 23 13
7 10.410001075353494 -10.379906169389614 32.584575697505372 57 55 36 0.48231019962129884 24 13 21 13 22 16 26 19 20 15 25 13 32 18 29 17 23 18 18 11 19 12 16 12 15 8
8 11.240196204336211 -6.5912929478844058 32.72668678067371 142 137 139 0.24628536880128477 24 16 21 14 22 19 26 17 20 16 25 14 32 19 29 18 23 19 18 14 19 11 16 14 15 15
9 10.410001075353494 -10.379906169389614 32.584575697505372 57 55 36 0.48231019962129884 24 19 21 16 22 21 26 16 20 14 25 12 32 23 29 23 23 21 18 16 19 13 16 16 15 12
10 10.165994902780117 -10.926342161091693 32.436680274620926 93 94 88 1.1873446023093532 24 15 21 17 22 18 26 18 26 28 20 18 25 16 32 25 29 24 23 16 18 17 19 18 16 17 15 25
11 11.654085030912977 -7.714373416446298 32.582212364400469 67 95 117 0.29355126549145488 24 26 21 20 22 27 26 26 20 20 32 26 29 26 23 26
12 12.397478860287368 -1.6319659198983747 36.785572841969376 136 136 133 0.71661436496205499 24 24 21 21 22 25 26 21 20 25 25 18 32 21 29 20 23 14 18 20 15 17
13 12.611933513668138 -0.94563495277275467 37.104247403359366 136 142 140 1.0075788089326301 24 27 21 22 22 26 26 22 20 24 32 22 29 21 23 25 19 17 16 15
14 11.127962867386582 -6.7895626758318661 32.781291180983636 254 255 249 0.28874324175177368 24 30 21 25 22 28 26 36 20 28 25 22 32 31 29 30 23 30 18 22 19 24 16 25 15 28
15 10.917963273692155 -4.6180451794868818 33.104983654665546 142 138 136 0.6365803273316647 24 45 21 26 22 45 26 32 20 26 32 32 29 31 23 42 18 23
16 11.591693856994924 -8.1857895619452012 32.593133814601586 97 117 138 0.36658120980684444 24 52 21 32 22 57 26 48 20 50 25 28 32 43 29 43 23 35 18 29 19 30 16 26 15 30
17 11.504866834421522 -7.7100786355721977 32.578751650301172 77 98 116 0.25480362265628465 24 49 21 33 22 54 26 56 20 49 25 42 32 51 29 48 23 51 18 46 19 44 16 43 15 44
18 11.298655789378584 -7.5446185117860223 32.726270478928669 252 255 249 0.29869914409343695 24 43 21 35 22 42 26 42 20 37 25 37 32 48 29 41 23 44 15 33
19 11.259309520928838 -5.719015092604562 32.783475287727697 253 254 247 0.50637297436115492 24 40 21 37 22 49 26 38 20 42 25 35 32 62 23 37 18 35 19 34 16 30 15 37
20 11.29494940273497 -7.5425087452402053 32.716860553016467 252 255 249 0.27675744742363667 24 39 21 38 22 47 26 47 20 41 25 38 32 45 29 37 23 38 18 33 19 31 16 27 15 38
21 11.241158965799695 -5.7191848193929316 32.734117911160553 253 254 247 0.30933877263879511 24 48 21 39 22 52 26 40 20 40 25 27 23 41 18 36 19 39 16 34 15 34
22 11.085810954191844 -5.440159351402194 32.827628003700205 138 136 132 0.47314161664983723 24 51 21 43 22 53 26 59 20 34 25 31 32 41 29 55 23 53 18 30 19 41 16 37 15 31
23 11.502283600970161 -8.4970261346889249 32.549257108940502 128 148 165 0.28005923873263755 24 53 21 44 22 56 26 49 20 46 25 40 23 46 18 38 19 28
24 11.966847781864722 -4.2577313536438277 36.007673737722037 47 42 40 0.33587360757260243 24 83 21 46
25 12.065182890178631 -2.0456508596694554 36.500404070298863 125 125 121 0.35804576281292033 24 77 21 47 22 74 26 63 20 64 25 72 32 56 29 60 23 62
26 10.341096856437272 -10.437959232159958 32.652365016831034 61 53 41 0.52182137036670906 24 63 21 48 22 64 26 65 20 67 25 74 32 57 29 63 23 57 18 53 19 55 16 51 15 52
27 11.414003253837116 -7.3915792818670116 32.692576335807175 206 195 192 0.51515975324644936 24 65 21 50 22 65 26 52 20 69 25 75 29 51 32 50 23 55 18 48 19 49 16 54 15 50
28 11.196812953877236 -5.9162888448754583 32.764748354969534 250 251 243 0.30404803557191962 24 66 21 53 22 67 26 69 20 55 25 80 32 59 29 68 23 63 18 51 19 59 16 58 15 57
29 11.28980999563551 -5.9143264142496159 32.730597326559284 231 169 138 0.4080776009490602 24 67 21 54 22 68 26 68 20 56 25 56 32 60 29 69 23 58 18 58 19 60 16 59 15 58
30 11.966847781864722 -4.2577313536438277 36.007673737722037 47 42 40 0.33587360757260243 24 95 21 56
31 12.119227928273933 -2.0673159044932801 36.661319864901088 125 125 121 0.40313299971889915 24 71 21 59 22 71 26 66 20 59 25 62 32 65 29 71 23 60 18 61 19 51 16 62 15 60
32 11.414003253837116 -7.3915792818670116 32.692576335807175 206 195 192 0.51515975324644936 24 75 21 62 22 73 26 57 20 63 25 67 29 47 32 54 23 54 18 49 19 50 16 48 15 51
33 11.207231491345492 -6.6214589648381441 35.46710141793293 47 32 27 1.6439154024171212 24 80 21 64 22 99 26 70 20 100 25 140 19 32 25 50 16 56
34 12.131032132893623 -7.911468639549426 33.534967232379515 188 188 189 1.9066050636765319 24 147 21 66 18 93 25 101
35 11.465916651953338 -7.7617436685741179 32.615451765325417 140 152 158 0.36491135255356316 24 97 21 70 22 76 26 83 20 81 25 136 32 72 23 70 18 55 19 71 16 71 15 101
36 11.07200983883954 -6.8316343807155357 32.816303506512895 62 61 50 0.3464262966380886 24 93 21 71 22 72 26 86 20 84 32 86 29 57 23 82 18 52 19 69 16 87 15 89
37 10.478472158894292 -11.003628060853973 32.494883278708272 254 232 216 0.58396244258316732 24 92 21 73 22 86 26 76 20 77 25 92 32 68 29 90 23 67 18 78 19 64 16 78 15 83
38 11.408985731236925 -7.0403884811050288 32.516167752286471 136 136 135 1.4207420430296527 24 101 21 75 18 40 19 105 16 82
39 11.327816338681066 -6.0223360902758971 32.687919551083731 253 250 222 0.3864523045025437 24 79 21 78 22 80 26 73 20 78 25 82 32 78 29 82 23 72 18 72 19 80 16 91 15 126
40 11.07200983883954 -6.8316343807155357 32.816303506512895 62 61 50 0.3464262966380886 24 99 21 83 22 62 26 77 20 89 32 76 29 61 23 71 18 63 19 70 16 83 15 70
41 11.31390019336094 -6.0160627446052786 32.651095721903438 253 250 222 0.38073357297361754 24 94 21 84 22 88 26 87 20 90 25 98 29 79 23 83 18 71 15 136
42 12.442796980100798 -2.3067382462842136 36.69403196387124 96 103 104 1.1874260887052774 21 87 22 82 26 94 20 128 24 70 25 45 32 81 29 87 23 87 18 101 19 89 15 109
43 11.312277188758431 -5.8810043965512326 32.85054726648189 222 179 158 0.31588288523616931 24 130 21 88 26 116 20 108 25 104 32 116 23 101
44 11.063437904833661 -5.308047653481494 32.789315616539881 146 141 135 0.38092427234324505 24 127 21 90 26 114 20 107 25 121 29 125 23 95 18 97 19 116 16 116 15 125
45 10.423476297835215 -10.836332834134355 32.571108845223293 235 197 176 0.55005742359241838 24 142 21 96 22 114 26 106 20 116 25 131 32 131 29 144 23 106 18 88 19 99 15 113
46 10.301102269956255 -10.787062427178773 32.584366087746396 255 254 223 0.53947297294144858 24 143 21 97 22 106 26 125 20 121 25 132 32 132 29 145 23 115 18 89 19 100 16 103 15 114
47 10.456783457486502 -8.7581024362655757 32.787697159671652 61 50 41 0.57707427418685187 24 145 21 99 26 124 29 152 19 103
48 12.612055185405646 -1.3960908176446509 36.843554692410144 99 109 108 1.0876138172427707 21 102 22 94 24 106 25 95 32 96 29 80 16 97 15 105
49 12.175008165642121 -2.2342999284775504 36.64232546453426 236 225 217 0.41640637145800818 24 85 21 106 22 119 26 95 20 75 25 114 29 88 18 67
50 11.063437904833661 -5.308047653481494 32.789315616539881 146 141 135 0.38092427234324505 24 136 21 111 26 128 20 115 25 127 29 132 23 118 18 119 19 121 16 131 15 137
51 12.173816176642063 -2.2357146091416067 36.638107981098848 236 225 217 0.43885172426016217 24 96 21 114 22 116 26 136 25 129 29 89 18 74
52 11.093491515124557 -6.77181164547273 32.798712894596278 254 253 240 0.35089131945841506 24 103 21 119 22 102 26 121 20 127 25 138 32 93 29 97 23 109 18 94 19 128 16 123 15 95
53 11.093491515124557 -6.77181164547273 32.798712894596278 254 253 240 0.35089131945841506 24 133 21 125 22 110 26 109 20 113 25 141 32 123 29 129 23 114 18 116 19 120 16 121 15 135
54 10.329551488423981 -8.8236610226923062 32.599912235497833 56 48 38 0.51835829223129792 21 12 22 13 20 8 25 8 23 12
55 10.379472219868754 -8.85655731314443 32.746481924646062 56 48 38 0.80154622541568699 21 9 22 15 20 11 25 10 32 14 29 16 24 9 23 11
56 10.737198399313996 -2.5654957867825265 34.732500776655762 106 102 98 1.0702023745081901 21 15 24 22 22 23 26 23 20 19 25 15 32 20 29 19 23 24
57 11.428042714043643 -2.3993743827484462 36.234277141371464 120 86 82 0.85061320408198982 21 41 24 36 22 39 26 43 20 33 25 46 32 34 29 40 23 36 18 31 19 38 16 31 15 32
58 11.227302295822421 -7.9967499170431964 35.179778663436586 251 126 110 1.7106324963827 21 69 22 44 26 44 25 26 18 12
59 11.132151552535792 -2.2367261446733662 35.568771008628161 251 103 101 1.4556994492809112 21 86 24 60 22 58 20 45 20 120 24 140 25 66 32 67
60 11.132151552535792 -2.2367261446733662 35.568771008628161 251 103 101 1.4556994492809112 21 76 24 50 22 60 20 44 20 97 24 107 25 73 32 64
61 12.226318211114954 -5.3677790310380464 36.608935849596541 96 92 87 1.8359724575212788 21 40 22 61 26 31 32 44 23 59
62 10.32890774617351 -9.0769259544288516 32.947181543958131 146 142 142 0.8507941474088957 21 74 22 75 26 118 20 76 25 85 32 89 29 91 23 69 16 79 15 84
63 12.79532798937344 -1.556688594897798 37.25858529058722 51 55 49 0.6979281206308604 21 60 24 86 22 83 25 64 32 66 29 76 23 78
64 12.039064901508446 -4.5225968301862798 36.195787062111407 75 71 68 1.7324128778900083 22 1 26 0 24 1 20 1 21 3 25 4 32 1 29 1 23 1 18 5
65 10.553454977222637 -1.3996713915035288 33.702725399244564 116 111 107 1.1376480650896288 22 2 26 1 24 2 20 2 21 2 25 1 25 2 32 2 29 2 23 2 18 1 19 1 16 1
66 10.996727845636808 -4.8981709139301399 34.573312136932515 253 119 111 2.0822748166976761 21 5 26 3 20 4 25 5
68 11.249186925147967 -6.5926231465814995 32.749960177089406 145 142 139 0.22165042727833448 22 20 26 20 24 18 20 17 32 24 29 22 23 15
69 11.630284359741726 -5.273556436341833 35.43251096534857 32 27 21 0.36744409214535145 22 29 26 27 24 31 20 35 23 32
71 10.8802455784194 -4.5959683180118915 32.997206248115262 142 139 136 0.68607834826653247 22 41 26 35 24 44 20 31 21 29 25 23 32 39 29 33 23 43 18 25
72 11.591003881048636 -5.3319074417723433 35.308465775770756 32 27 21 0.82687533646324873 21 42 26 37 20 36 32 40 29 39 19 37 16 19
73 10.359373081214628 -8.364576863801684 32.938591510446372 59 48 36 0.80199727103699092 22 40 26 45 24 34 25 24 32 36 29 36 19 25 16 24
74 11.840490358180961 -7.2126683670559251 32.532291102818256 180 181 187 1.0610646569399633 22 122 26 46 20 48 29 96
75 10.40890356153853 -9.3577042279044473 32.341971622898285 83 84 75 1.6124637661196215 22 37 26 54 24 58 20 22 21 19 29 148 18 18
76 11.091501050439218 -5.4412679179930459 32.841399488626244 139 137 132 0.4229292502684151 22 59 26 58 24 59 20 38 32 42 29 56 23 52 18 37 19 40 16 35 15 36
77 10.358324706227602 -8.1484355429438811 32.810318291717628 92 87 76 0.77332069215341659 22 55 26 62 25 41 18 43 16 44
78 10.755201419717396 -10.979978873266527 32.276547062635807 78 78 78 0.88817745728256237 22 89 26 64 24 90 20 47 32 70 23 92
80 10.474836147716475 -11.211357247357903 32.464460289619673 93 89 88 0.68386900669600159 21 72 26 72 20 72 32 69 29 74 23 65 18 64 19 62 16 63 15 63
82 10.319111990830459 -11.340988050207482 32.436925817827692 254 254 242 0.73631509434082598 22 109 26 88 24 141 20 126 25 112 32 90 29 95 23 97 19 63 16 72 15 82
83 11.53872681820636 -8.2493424753801143 32.597944175478524 135 151 165 0.32601417688809015 22 105 26 89 24 146 20 125 25 133 32 98 29 93 23 122 18 91 19 104 16 106 15 124
84 11.512790899253021 -7.5809940902588497 33.212422083636177 174 169 172 0.20886306506040267 22 77 26 90 24 98 20 96
85 10.166569362006964 -3.3325890169645289 35.441738873417584 43 43 33 1.656863571265575 22 117 26 103 24 119 20 103 25 117 23 125 18 106 19 87 16 109
87 11.043574846443452 -5.7187212615288798 36.016712990811833 48 38 32 1.036382287177904 21 91 26 113 15 143
88 10.964642574579424 -5.9367355184349186 32.872701316157247 61 57 53 0.4452584101886824 21 123 22 100 26 117 20 109 32 117
89 11.370159706368925 -5.9089745287633679 37.052272563446103 48 38 32 1.4489890158057459 21 112 26 129 18 66
90 10.166569362006964 -3.3325890169645289 35.441738873417584 43 43 33 1.656863571265575 22 120 26 133 24 148 20 117 25 128 23 120 18 121 19 75 16 124
93 12.658945789579127 -8.6277645863321037 38.914477401553611 251 120 106 1.2532191148620664 21 4 26 2 20 3 25 6 19 4 16 4 15 4
95 10.946144835265466 -10.936427282452057 32.793671349954742 85 92 91 1.7992376100829393 21 18 20 23 25 19 29 34 23 23 18 27 18 87 25 134 19 22 19 65 16 36 19 42
96 13.208918889504854 -7.0192464433451711 36.698131808135578 164 164 166 1.252457032560339 21 34 26 29 20 27 25 33 29 42 23 28 22 32 24 32
97 12.212600475286017 -9.2774433616912102 37.336008209611876 253 122 110 0.86803373951362706 21 23 20 29 25 25 22 43 24 38 23 45 18 28 19 19
98 12.212600475286017 -9.2774433616912102 37.336008209611876 253 122 110 0.86803373951362706 21 30 20 32 25 20 22 46 24 37 23 40 18 24 19 20
99 12.817814546628734 -7.0265872940106355 39.137420621451177 206 68 62 1.3532800541206995 21 36 26 30 20 43 25 29 23 31 22 31 24 41
100 11.46271170771139 -4.6099389409014888 34.614893881299096 45 39 34 2.26069510726597 21 79 20 51 25 89 32 80 18 83 19 68 16 84
101 13.056793091293379 -7.4988541842474845 36.292229964496613 210 205 210 1.5018547104746189 21 45 20 54 25 76 29 46 23 48
102 12.165246057323296 -1.8123237502294143 36.686471561748881 129 129 123 0.458240858289307 24 56 26 50 20 60 25 55 19 45 16 41 15 48
104 13.053477615259371 -0.19531204608876615 37.529771709937641 50 57 58 2.4400459840186115 24 73 29 83 23 61 26 84 20 62 19 97
105 12.165246057323296 -1.8123237502294143 36.686471561748881 129 129 123 0.458240858289307 24 55 26 60 20 65 25 54 19 46 16 45 15 47
106 12.162249443222221 -1.813814120003586 36.677358468590739 129 129 123 0.38972069807756538 24 54 26 51 20 66 25 53 29 44 23 50 19 47 16 40 15 49
111 11.01596416129539 -6.4507121977715887 32.822243743651796 56 54 49 0.46822057756163388 24 104 26 120 20 79 25 102 32 122 29 99 23 107 18 77 19 107 16 128 15 96
112 12.516768106119098 -3.2205266492924154 36.995209171742871 125 126 123 0.12714979304438745 24 118 20 80
114 11.98275987294396 -1.3920233063757856 36.7364244928483 125 126 122 0.43848735152822699 21 68 20 86 25 96 32 84 15 108
116 12.066484735998936 -3.9849038596413462 36.023723514647678 109 106 98 0.55968542708133417 21 82 20 92 25 60 29 70 19 124
117 12.421456488992254 -1.937651866166431 36.479256129889642 107 116 114 0.90653514173874872 24 87 20 95 25 107 18 80 19 91 16 64
118 11.222107932998858 -5.4247739448365664 32.703635597840915 120 111 113 0.49582433166057932 22 96 24 128 20 101 25 126 32 125 23 96 18 118 16 118 15 72
120 11.320968998842989 -5.9927680994805197 32.773978028376675 235 168 128 0.18345701100331971 22 101 24 131 20 110 23 104
124 11.222107932998858 -5.4247739448365664 32.703635597840915 120 111 113 0.49582433166057932 22 113 24 135 20 124 25 106 32 114 23 117 18 96 16 122 15 90
125 11.320968998842989 -5.9927680994805197 32.773978028376675 235 168 128 0.18345701100331971 22 111 24 134 20 129 23 116
126 11.608489201858092 -7.0836673898393263 32.624851548933421 79 95 112 1.7422403158745432 21 100 20 132 23 112 18 127 16 132 15 92
127 10.45554281837674 -9.5498251588259482 31.974839858473963 91 89 81 1.5594308521757632 25 3 29 3 32 3 18 2
128 12.542348685350859 -3.7299013332706674 37.267563062691003 122 122 118 1.79187513105903 21 57 25 48 32 103 26 100 23 76
129 12.467936750115985 -3.3686663248330651 36.924926603434265 127 127 122 0.15899912512374953 21 109 25 61
130 11.221435187898999 -6.1276622284868845 32.699221138864189 184 137 115 0.41932390062217645 21 52 25 79 18 57 19 58 16 57 15 56
131 10.558755032345772 -9.2126416483612008 32.947088722459888 87 85 76 0.980471550313047 21 98 25 84 18 54 19 102
132 10.735608034945042 -3.7787101200119615 34.332413128568163 246 103 99 0.15593991152849307 25 91 18 111
133 12.23724635571225 -0.066125525587048442 37.17055635153941 167 164 158 0.63773789446924489 21 93 25 94 32 129 29 142 18 69 19 54 15 91
134 12.246065035665614 -0.068541531895665642 37.194401482705132 167 164 158 0.66346763567059397 21 118 25 100 32 97 29 140 18 76 19 52 16 47 15 66
135 8.6410194699035099 -1.072281263064774 31.928751954863632 108 111 107 0.34390955405222434 22 92 25 110
136 12.024346885795312 -1.8775312117452303 36.490302284904573 249 243 231 0.12911940773291025 21 104 25 118
137 12.024346885795312 -1.8775312117452303 36.490302284904573 249 243 231 0.12911940773291025 21 116 25 130
138 10.728350387510485 -9.8508704909095268 32.85598418401915 85 84 78 2.3293604185455075 25 0 32 0 29 0 18 0 19 0
139 10.139958860903139 -3.652270981190993 32.922734161496365 103 103 104 0.52356845771339167 22 11 32 9 29 7
140 11.365239183894403 -3.3550269109517581 35.410276224062606 104 97 90 0.3129020615646414 22 8 26 7 32 10 24 8 29 10 23 8
143 11.192522613751759 -2.4883891436334995 35.72813879952156 252 98 98 1.930219652533838 21 28 32 38 29 28 18 39 25 44 19 90 16 75 15 139 16 22
144 11.33200285861655 -7.4543157752683555 32.076726062617638 102 114 119 1.5965236637951983 25 122 32 49 29 52 18 115 19 110 16 107 15 104
145 11.80607840757034 -5.7852667952780399 36.093211556053078 249 82 75 1.5717977905028324 26 53 32 52 19 33
146 11.195434323384898 -4.5844490621953522 33.955078233344246 147 140 137 0.67969983717954541 21 55 32 63 29 85
148 11.916149465214188 -7.4961233246156196 32.690660926516252 249 253 254 0.38236025983781574 25 105 32 91
149 8.5230944950769469 -1.3041157615970109 31.32946662612806 0 0 0 2.7765810857784303 21 103 22 91 32 94 29 114
150 9.1644797032920895 -2.9997119841782225 31.777516988947951 98 104 103 2.6189067299669002 22 121 32 100
151 11.037711101756383 -5.6751545967747958 32.841118765377374 129 125 122 0.51979978506404367 25 124 26 115 32 115 23 100 19 126
160 11.967812142651745 -7.4727512842466455 32.999218620850257 195 198 205 1.0084782942749781 21 49 29 65 23 29 22 30 24 33 19 43
164 12.67520148079263 -2.6181722211198735 37.180420884035463 141 145 140 0.82600879414418349 21 58 24 105 29 110
168 13.201755487490567 -7.4173647144547266 36.480982970327425 207 206 209 1.9106495838310287 21 95 26 111 29 100 21 120 26 119 20 112 25 123 29 73
171 11.388049556705631 -7.0609377380435356 32.759986604361728 142 138 140 0.41863484199435391 21 51 23 47 18 56 15 54
172 14.794727486615873 -1.1720185340884401 42.529460985518419 96 108 105 1.3196946666864506 21 61 23 66 20 61
173 11.895024945573342 -4.481280968485625 35.872341546198669 42 36 37 1.5446973001057402 21 81 24 121 23 75
175 11.845041022480855 -4.4867995415726991 35.732527778383712 42 36 37 1.6355327861468134 21 85 23 84
176 7.7176373979621928 -0.47989830205970119 28.99418883179613 108 109 112 0.30284297152292106 21 124 23 91
177 11.144814192032451 -2.5074781172024889 35.575685304046083 252 101 99 1.7927891825599545 21 27 26 34 20 30 24 28 32 33 29 29 23 27 22 24 24 23 18 44 19 76 16 90 16 21 15 107 25 43
178 13.127439766271552 -1.5167502693054398 38.035681698945957 131 133 130 2.6893793874688461 21 67 20 71 24 111 20 87 25 65 29 81 25 63
182 10.948957432333382 -10.387475352957306 33.973306869717753 88 85 74 0.9758956455271881 29 35 18 32 19 56 16 46
183 10.669693526216765 -4.3910125111512546 32.566191186648659 114 105 99 0.13340605974416073 25 90 18 60
184 11.307258119739611 -9.1855181146412015 34.635369058653687 75 58 56 2.0475540828863292 29 92 18 90 19 67
185 11.503081264348577 -7.4503767889038297 32.58054462256905 92 113 128 0.27565118280888701 25 135 18 99 19 119 16 119 15 133
187 9.0876522237550716 -3.6116668908965681 30.859264865895906 49 45 41 0.28478260034688829 29 119 18 110
188 10.341849695687543 -1.8008079992872119 37.806693882722982 103 110 108 0.43341000383782624 24 139 18 122
189 12.059483961173344 -3.1609889209190931 35.93765097869499 93 94 93 1.3396786191682013 25 142 18 128 15 117
191 11.232484833282475 -8.7813768916308046 32.838291030148284 104 107 106 0.14607298986703016 18 4 19 3
192 11.357146582345051 -3.5691410279876465 36.13710053908089 252 98 98 1.0559681745080685 18 9 19 7 16 8 15 11
193 10.046554361831371 -3.0275042419603282 32.109041147263355 90 87 84 1.2602096262542624 25 36 19 15
194 12.765198685126229 -7.4895175849680147 35.531210810159038 207 204 209 0.80501546465577967 18 41 19 48
195 10.629086895456858 -4.3570338398900015 35.930400788367692 43 40 36 0.49015913717784687 20 130 19 74
196 12.70734794540931 -6.6291489342840002 35.475433936455119 193 192 196 0.58391238603826812 18 79 19 79
197 10.629086895456858 -4.3570338398900015 35.930400788367692 43 40 36 0.49015913717784687 20 131 19 84
198 10.41431521654459 -3.38120132488792 36.489610770937901 121 118 112 1.3474331454353785 18 85 19 86 16 110 15 76
199 10.342305011353909 -3.2128196573322434 36.089547228925511 106 110 107 1.4899872966991132 18 86 26 80 19 88 16 69 15 77
200 8.9522123691865296 -0.80160508796705909 33.501725330819632 0 0 0 0.2731084753029428 21 94 25 109
202 9.5179896256695393 -0.41971464985775553 36.246383681736702 103 111 110 0.99875416322520838 25 108 19 98
203 10.920017123130174 -5.3516532468883984 34.729906359042808 101 94 88 1.6402306749957789 25 120 19 114 16 86
204 10.796439630845866 -5.4446521016376721 35.447010908303646 100 94 84 0.87219889880229506 18 129 19 117
207 10.301073711526319 -2.6490351337211764 36.561785088942678 102 104 103 1.4984531046614866 18 103 19 131 16 96 15 116
208 11.744114273649707 -8.5880295198488614 36.792168680598053 91 84 75 0.27953626480490529 18 47 19 29 16 33
209 10.008151159256482 -4.7734547339747255 33.118070504969424 44 37 30 2.0783864818577862 20 105 19 122 26 112
210 10.008151159256482 -4.7734547339747255 33.118070504969424 44 37 30 2.0783864818577862 20 122 19 127 26 130
211 11.357146582345051 -3.5691410279876465 36.13710053908089 253 99 98 1.0559681745080685 18 8 19 6 16 7 15 14
212 10.917700438996494 -6.1181010592578629 32.498255043167184 146 146 149 0.1215434402841437 23 49 16 29
213 9.9990802795636977 -2.7582690842073085 35.544019616363421 0 0 0 1.3713648626436956 18 123 26 134 20 119 16 89
214 10.512027957480138 -1.9289133779282552 30.208227843411496 99 108 107 0.17991183280651274 19 94 16 94
215 10.041806268925994 -1.5896925064486709 36.853565821077176 103 107 105 0.71147443238319019 18 126 16 105 15 106
216 11.507251877901918 -6.983903737041099 32.60924254224188 77 94 109 0.46439806072040424 23 111 16 115 24 102 15 93
217 10.687981642689158 -6.9020824207481182 29.93890120893164 168 164 165 0.96564085318757098 19 106 16 117
219 9.4088014170869787 -7.5223867227810244 29.648482432421559 254 98 100 2.2755377622704662 16 0 15 0
220 11.255517490867373 -10.376416482085331 34.469590916590818 96 97 91 2.360890576281673 16 2 15 3
221 12.321809560084921 -7.790490258510558 36.952832865068203 95 93 85 1.8913321566564651 16 39 15 19
222 11.725807367823458 -2.4761259029939295 37.820792003903989 93 88 85 0.17551417842497063 18 42 15 22
223 9.8769260323987584 -0.42496250037117994 37.254117345054752 122 130 127 1.3854090247325697 16 23 15 26
225 11.008166553064129 -0.90685500185129131 31.405829942731749 98 106 103 0.073183725094796981 18 68 15 73
226 11.178179033225511 -6.0995054130841577 36.035145128078177 98 91 81 1.4988165896991958 16 130 21 89 15 98 19 108
227 12.326211026266922 -5.4736882153346649 37.910056017693783 250 81 70 0.65558180675003375 16 61 15 99 19 61
228 12.046041345065669 -1.2678072362391826 36.866082975194331 140 138 125 0.4439210296850436 16 99 15 110 19 115
230 10.52739610999239 -3.6231595862240278 36.263475347047624 97 97 98 1.6372249997122301 18 109 15 118
231 10.542084377839936 -3.6845564260857513 36.549443669538555 113 111 102 1.1737899686297404 16 111 15 119
232 10.812989548504868 -4.3598387263024465 36.357855628252274 82 83 85 0.47958814483617557 16 112 15 121
233 11.048394957280028 -5.4895274229812374 32.626579598769808 138 132 124 0.096577735156096176 18 81 15 128
234 11.435457164025866 -7.5672849907394246 32.68763788855172 120 126 137 0.029092491735753529 24 132 15 132
235 10.817127784556881 -4.660511919928001 36.376486861009575 100 98 90 0.42844873721410576 16 114 15 134
236 11.435457164025866 -7.5672849907394246 32.68763788855172 120 126 137 0.029092491735753529 24 100 15 141
237 10.999391177731644 -6.2705393752718201 32.845576954075426 57 56 52 0.44267256567388946 23 105 16 129 15 100 21 121 20 111 32 119
238 9.8284540038740733 -0.41788568924711728 37.365049339438819 101 110 110 2.900081653115933 16 68 15 65
