# Frame list with one line of data per frame:
#   FRAME_ID, RIG_ID, RIG_FROM_WORLD[QW, QX, QY, QZ, TX, TY, TZ], NUM_DATA_IDS, DATA_IDS[] as (SENSOR_TYPE, SENSOR_ID, DATA_ID)
# Number of frames: 17
83 1 0.99823884081025716 0.04330056451610733 0.039991394445081319 0.0067056827182970149 -4.3801710627622263 -2.6318905984779861 -0.28241326850535942 1 CAMERA 1 83
85 1 0.99815202142055648 0.04566759060400221 0.039721082763562975 0.0054082239758100744 -3.1731735972819899 -2.3583416690397754 -0.15097183559535798 1 CAMERA 1 85
86 1 0.99819160215301594 0.044475590952563961 0.039917919597250273 0.0064812726869683986 -6.3274846742981259 -2.556342038850838 -0.22199221903650776 1 CAMERA 1 86
87 1 0.99808565099146196 0.046547290248182403 0.040011512915219476 0.0075803621111582807 1.7186544570544686 -1.0049267639825969 -0.17983840524032046 1 CAMERA 1 87
88 1 0.99803193772300913 0.047634140991446111 0.039951801798273921 0.0081910579252277085 0.35173446677125325 -0.4931535998007372 -0.090498571642162892 1 CAMERA 1 88
89 1 0.99791140926206912 0.049898505605109576 0.039741052637640412 0.010178759168990543 0.24940477688416798 0.93105932434679939 0.11248447762268664 1 CAMERA 1 89
90 1 0.99809889956083442 0.046116563146107473 0.040094756101356446 0.0080162230642147995 1.8462026446501476 -0.99845628758453664 -0.22728394159600301 1 CAMERA 1 90
91 1 0.99795334583582163 0.048863718417480551 0.039904650202508635 0.010443919270153038 0.56189706748118495 0.43244225635667938 0.005317049213749067 1 CAMERA 1 91
92 1 0.99795231384267347 0.049150404024013973 0.039712901773528292 0.009914762380246302 2.6509772793245703 0.61399082522463977 0.04344846247026396 1 CAMERA 1 92
93 1 0.99789869985722002 0.050068545338845534 0.039736066636557717 0.010600499949389197 4.1404877692720081 1.693096161051229 0.10672417549530445 1 CAMERA 1 93
94 1 0.99780203939132284 0.050963067352542434 0.040234679809666461 0.013229757864406994 1.8408770012894244 2.5825365254679591 0.07209254931127336 1 CAMERA 1 94
95 1 0.99782818692520403 0.050340811619520032 0.040267597276717096 0.013536346353731077 4.7170404945073949 2.8263687232116372 0.024164075274735228 1 CAMERA 1 95
96 1 0.99779675210739782 0.051768398218626589 0.04000892567705594 0.0109981951234597 -2.7587931597812343 1.6696574600781633 0.17003134963334327 1 CAMERA 1 96
97 1 0.99790877131536437 0.050652749973090945 0.039408200285113902 0.0077056344522426455 2.9024760018611055 1.0004762257899293 0.19372517987218865 1 CAMERA 1 97
98 1 0.99781056334396734 0.051532479618293194 0.040064405707315787 0.010645497588388347 -3.5338951067451942 1.2731423999848748 0.20830649939299531 1 CAMERA 1 98
100 1 0.99782312977073684 0.051790298906468704 0.039880820868110817 0.0087342292502279595 -4.2412443040250887 -0.21244224522183403 0.37341164020818196 1 CAMERA 1 100
101 1 0.99793893408016243 0.052087700621996878 0.037367560625576841 -0.0029018448884159842 1.7859987508114539 -6.0014466296966473 1.0578847178866095 1 CAMERA 1 101
