# 3D point list with one line of data per point:
#   POINT3D_ID, X, Y, Z, R, G, B, ERROR, TRACK[] as (IMAGE_ID, POINT2D_IDX)
# Number of points: 41, mean track length: 6.5365853658536581
4 -144.59939619979895 -4.1099330093614679 -9.6629649363931911 252 255 251 0.77681556068565061 93 12 92 15 89 18 95 10 94 9 91 20 88 19 87 18 90 28 85 24 86 29 83 17 97 21 96 30 98 33 101 52 100 44
16 -96.195209206913688 -7.9556405016485501 -5.3073382881689763 254 254 253 0.97333862069962429 93 24 92 37 89 31 95 11 94 26 91 44 88 80 85 40 90 61 86 38 83 28 98 122
31 -133.68514474692131 -9.1770033631652712 -7.8386371910098687 20 61 149 1.1624817355205246 93 73 92 72 89 88 91 86 88 81 87 68 90 74 85 109 96 103 97 90 98 86 101 159 100 123
37 -19.63885572433519 -31.409381505650781 5.1369503171236603 128 124 127 1.3801994953085135 92 79 89 95 95 64 93 150 94 70 91 104 88 45 86 50 85 56 83 52
51 -147.21133068852441 -6.4006226076631698 -9.4704051191466583 53 51 57 0.61456355589408163 93 100 92 98 89 100 95 102 94 115 91 106 88 101 87 89 90 82 85 70 86 72 83 69 97 103 96 148 98 143 101 190 100 159
65 -75.962232415472215 -50.246736574940307 4.173936268942998 204 179 168 1.078861693682124 93 111 92 125 89 139 95 96 94 127 88 132 87 134 86 108 97 98 96 111 98 109 101 120 100 125
73 -97.865382110843143 -49.860043917191796 3.5656093155524822 254 255 249 0.40802247312282014 92 12 93 11 89 12 95 8 94 8 91 16 88 17 87 9 90 9 85 13 101 9
89 29.806963536233408 -22.649883160397255 7.0668517736272509 254 255 251 0.51951393330652007 93 45 89 74 95 24
90 5.6800948872457893 -22.72671198195588 5.0734515583036934 255 254 249 0.68882683116990617 93 48 89 80 95 39 94 44
91 28.630759707578182 -22.19714304805623 6.8720086425854081 254 255 251 0.77477572939538075 93 43 89 81 95 28 94 38 97 55
104 -82.323205226802884 -8.9745815277176657 -4.0549138982202981 153 144 135 1.6687638041840351 92 86 93 129 89 129 91 84 87 44 90 50 86 79 97 36
105 -77.679791384173072 -49.672680200251904 3.924446033337726 203 180 172 0.82269721333422308 92 113 89 131 95 93 88 127 87 119 86 112
106 7.3699094474750204 -16.594853056202098 4.0855017438862165 210 202 199 0.87718800148878051 92 114 89 133 95 120 93 131 94 135 91 141
109 7.3699094474750204 -16.594853056202098 4.0855017438862165 210 202 199 0.87718800148878051 92 123 89 148 95 131 93 113 94 143 91 130
110 -29.121580391920226 -35.807528845095412 19.146517392224336 252 112 110 1.6992955325566597 89 0 93 0 95 0 94 0
116 34.433691667386739 -16.509625322587631 6.1004429607651707 103 104 100 1.2617912766874404 89 82 93 35 95 22 94 12 97 20 96 17 98 28 96 40
148 -99.222182326361121 -6.4616949671705033 -5.7521020427397147 98 97 104 1.219274006888668 92 54 95 25 91 50 93 26 88 102 83 30
151 16.197639656643268 -3.1970951646978296 2.2326651770532804 195 157 153 0.26436424788373064 95 63 91 155
156 21.70130292040762 39.17092992873409 8.4886212653627222 253 106 106 0.69917728431397452 91 29 93 21 88 22 89 33 87 31 90 35 85 17 86 12
165 35.304505028784405 31.281728484981976 7.0359313623145336 240 104 103 0.46242788020369702 91 139 93 156 88 140 87 94 85 50 86 61 88 74
168 36.366257424870177 32.426934798096219 7.2779611135800559 240 104 103 0.51050975276381205 91 119 93 152 88 146 87 97 85 46 86 45 88 66 96 106 100 53
169 -74.578398000972356 -8.5415928630848814 -3.3565866777072446 91 91 83 1.0643764627341636 88 3 91 2 87 1 92 2 90 1 85 1 86 3 83 3
171 -74.578398000972385 -8.541592863084885 -3.3565866777072464 91 91 83 1.0643764627341514 88 1 91 1 92 1 87 3 90 3 85 3 86 1 83 1
173 -90.436527246173725 -46.170749080126406 3.3284483953987425 254 255 249 0.41512876964606549 88 11 91 17 92 10 87 7 90 8 85 8 86 9 83 9 101 18
210 -119.21435832778923 -7.4806848689265903 -7.0738601194384971 248 254 251 0.71635497934198222 88 83 87 90 91 62 90 98 101 158
250 -42.846770151070466 6.7058252310032387 -1.1459786317392024 72 57 54 0.74677050421204116 91 96 85 94
257 16.033921315611778 27.075211565989282 5.8697494253412605 253 106 104 0.25516878719589636 90 32 86 14 87 32 91 34
258 15.043644484955609 24.96566174585535 5.4070934367399186 253 106 104 0.22128966290866078 90 34 86 15 87 33
260 -5.813867482524639 -28.695441242070626 5.8101271248398252 99 99 94 1.0248838452010138 85 22 90 19 86 18 87 12 83 16
262 -26.614987160535456 -42.129193413201733 6.704545364644293 100 100 99 1.1835744450420873 85 39 88 42 86 46 83 54 87 70
289 -17.791912058986636 0.78980014633114903 -1.0933519111169065 91 90 84 0.41507102765554249 92 4 97 11 89 2
291 -18.090947887030911 -24.527442236123278 4.1189295874812721 225 80 81 0.96177822633250909 94 20 97 34 100 95
292 -107.36927525702625 -24.709258324229875 -3.354570609774711 224 199 186 0.68800026691240335 94 48 95 49 97 64 96 67 101 46
318 -27.082042188787362 -26.812475608169105 3.5729113415736573 254 255 249 0.55962657792650949 97 15 96 11 98 14 100 8
319 -46.534436713419993 -8.268434721959272 -1.5705066900779887 90 90 86 0.8711677703815579 97 30 96 19 98 40 100 42
321 57.118746693578551 -27.263380560034296 10.343324458300184 107 110 110 1.15062623912881 97 23 96 23 98 35 96 49
328 39.222183875328348 -24.116483207751092 8.0805814090055694 254 254 253 0.49196470558906769 97 126 96 108 100 164
329 2.2617030252110464 -12.260991272336023 2.6737942282546983 253 254 249 0.3107157185873779 97 52 96 116 98 149 100 122
358 73.503771718342435 -27.01838619270022 11.93394245187045 104 104 104 1.1921982084727909 96 2 97 8 98 10 93 4 100 7
384 -4.1610668844721097 -1.6242990477426895 -0.27077792762166453 116 114 114 0.045185729076853406 93 83 101 135
392 -142.67642143255102 -6.9303494005456034 -9.1246312815730644 252 255 251 0.55153245105547433 85 35 83 38 90 36 101 71 93 55 96 72 100 85
