# Frame list with one line of data per frame:
#   FRAME_ID, RIG_ID, RIG_FROM_WORLD[QW, QX, QY, QZ, TX, TY, TZ], NUM_DATA_IDS, DATA_IDS[] as (SENSOR_TYPE, SENSOR_ID, DATA_ID)
# Number of frames: 56
21 1 0.99624632740020891 0.019178232737211354 0.084400027693610144 -0.0014442492828571642 -2.2887911831998986 4.2536560243977837 14.991806600182164 1 CAMERA 1 21
26 1 0.99627149118395086 0.033151492224026594 0.075953704925883159 0.023981849917372004 -0.91000289962628822 1.3248225626098231 -2.2326247973128019 1 CAMERA 1 26
28 1 0.99638712970427035 0.033311100113843181 0.074033340913934528 0.024942389661222513 -0.35789984781179252 1.1831656418581069 -2.5262978783233399 1 CAMERA 1 28
29 1 0.99664893107337738 0.020192067535331912 0.078060857984399462 0.013772837386767305 -3.3290387331137854 1.8939569854272518 3.9113147851466707 1 CAMERA 1 29
30 1 0.99624024148786838 0.034193550465341345 0.074764166477177207 0.027322184351563444 -0.18190716567171381 1.4305409472538853 -2.1267280358475333 1 CAMERA 1 30
31 1 0.99670731406090785 0.019394100806505249 0.077653216813665313 0.012976011324279675 -3.5380105808762718 2.4255905274413188 5.0397502977043924 1 CAMERA 1 31
32 1 0.99636082475398258 0.033449663409342432 0.074879037023955153 0.023224054937292744 -0.44686879897360804 1.1469436831157347 -2.3586216797114301 1 CAMERA 1 32
33 1 0.99645372408694177 0.033797910513412778 0.074804042788697442 0.018494112053811552 -0.15021810491463899 0.94875808014540186 -0.99804875874278631 1 CAMERA 1 33
34 1 0.99644772637635426 0.031530691375306938 0.075488828436013455 0.019979511559287875 0.72705249340634748 -0.1160446791217159 -1.3445413578643524 1 CAMERA 1 34
35 1 0.99641329227954956 0.032199921220770346 0.075749162565691447 0.01964129355723503 0.24641401678358366 0.20496685507161722 -1.4833128076136226 1 CAMERA 1 35
36 1 0.99631700167307469 0.034102459923332093 0.074329013124859539 0.025780849719059338 1.0672633716877316 1.1574580266491341 -0.35341913196591063 1 CAMERA 1 36
37 1 0.99629731857253145 0.033650351329155358 0.076296118653914127 0.020933445463088615 -0.14766975836817223 0.96821746137959241 -2.0084276049011884 1 CAMERA 1 37
38 1 0.99636515398848535 0.031742829075644227 0.076845118853401506 0.018539159317051541 0.61942682744754352 0.67556963718598451 -1.8166604896673724 1 CAMERA 1 38
39 1 0.99638209672359412 0.033569183689097018 0.074708211748938436 0.022682820204239333 1.0016491207700211 0.85493028937962789 -2.6360021221258481 1 CAMERA 1 39
40 1 0.99664086448669664 0.031360712724383857 0.07436003662002004 0.013931183958950299 0.19259877595533453 -0.7472727704133596 -0.99373850467570635 1 CAMERA 1 40
41 1 0.99641230775186096 0.031547076552668876 0.076484572341411539 0.017815866954552253 0.38680058036353093 -0.2860728227138804 0.17776504143337837 1 CAMERA 1 41
42 1 0.99659127372422052 0.030150817009660005 0.075819403923202189 0.012172894442823679 0.2288461578414375 -0.80609020262649667 0.31118521967553059 1 CAMERA 1 42
43 1 0.99660424790082836 0.032181013992958959 0.074311199784617102 0.014906407715474827 0.23889946385276173 -0.16590016935595864 -0.76482221963550967 1 CAMERA 1 43
44 1 0.99654881093889058 0.031349306428501297 0.075509128717306861 0.014354786069053263 0.47388764010481704 -1.1770512217621716 -0.085060994001600401 1 CAMERA 1 44
45 1 0.99654873677561173 0.032794628442264447 0.074816994480565113 0.014749403823929067 0.5316605858110115 -0.48065978829288358 0.13420783630626518 1 CAMERA 1 45
46 1 0.99666226784741929 0.030220290087970159 0.074896731093214056 0.011896957081077192 0.23171911426518046 -1.0929521347574935 -0.51148983394859515 1 CAMERA 1 46
47 1 0.99657609736121677 0.031464304827876696 0.075145182959251794 0.014116698197721898 0.2352818187949289 -1.0909157829750489 -0.51385382599583862 1 CAMERA 1 47
48 1 0.99660504339711287 0.031058718116819768 0.075220016329758291 0.012477685992596304 0.42570191859799439 -1.1571198246968331 -0.1717117952597732 1 CAMERA 1 48
49 1 0.99654607863273625 0.031337884087281651 0.075736014243800651 0.013338153137194419 0.22541136356327729 -1.0957257862287917 -0.41774356012073655 1 CAMERA 1 49
50 1 0.99656069378456635 0.030627882497061502 0.075800072154710116 0.013530169204810342 0.19174227846304684 -1.0673624627288461 -0.60067157054583331 1 CAMERA 1 50
51 1 0.99655739978531122 0.030311148122964489 0.075954577465598819 0.013619302281299921 0.54877049956025448 -1.214512198368475 0.26595432930599738 1 CAMERA 1 51
52 1 0.996499177173651 0.031426472197584279 0.076420126698915236 0.012717349282486252 0.069805831855078243 -1.0052738060745325 -0.26760880545729604 1 CAMERA 1 52
53 1 0.99652596317612696 0.031638072443132347 0.075802892479251413 0.013746220562574095 0.5833421655466019 -1.2196526404519408 0.11945222528810787 1 CAMERA 1 53
54 1 0.9965547113989387 0.031658264424568906 0.075598605733498678 0.012700877660748851 0.075263221449419326 -1.020020148997602 -0.81463289207301592 1 CAMERA 1 54
55 1 0.99652405466987903 0.031753463507389161 0.07586850201983282 0.013247506212702593 0.19605724429174062 -1.0637799882373447 -0.59815982679896984 1 CAMERA 1 55
56 1 0.99660536287205737 0.030979634024138138 0.07540065964990493 0.011521870279800402 0.29842358147577713 -1.0998114332468445 -0.41343559570504151 1 CAMERA 1 56
57 1 0.99644586728120166 0.0317526598836309 0.076488896461953504 0.01538996057697776 0.19426130755219254 -1.1549171652868393 -0.30122768112120379 1 CAMERA 1 57
58 1 0.99658855840108718 0.031050208594364869 0.075469356657328512 0.012308778006706777 0.36544357502433733 -1.13333557959883 -0.28105900393839839 1 CAMERA 1 58
59 1 0.99651129379202075 0.034308839691594623 0.074986595966301403 0.012851275787093813 0.22760704195392237 -0.30451095064893768 -1.0210008614537536 1 CAMERA 1 59
60 1 0.99659263898549588 0.031274879258462104 0.075402811419768692 0.011807195996027921 0.2628913804560275 -1.0954368117497824 -0.46523843361564654 1 CAMERA 1 60
61 1 0.99661687953976286 0.030220830954176329 0.075478533168818376 0.012020308795888871 0.47526202222273917 -1.3075718914624062 0.01657034888141453 1 CAMERA 1 61
62 1 0.9966077162895709 0.030417838936874657 0.075412398271660505 0.012680106206696155 0.65274795966055532 -1.3063266686034103 -0.071461494559696845 1 CAMERA 1 62
63 1 0.99656091659469437 0.031242102584447821 0.075481946626936663 0.013883309240014234 0.52941619101465986 -1.1982754254680947 0.017878569110803089 1 CAMERA 1 63
64 1 0.99662393266528426 0.02847095495257327 0.075852581221118209 0.013286364625631491 0.62142871009181577 -2.0357619975034038 0.368275288098175 1 CAMERA 1 64
65 1 0.99657679159573109 0.031552123500269459 0.075470118033117845 0.011975944198680333 0.23581948398047994 -1.0826506609867559 -0.51823606880454642 1 CAMERA 1 65
66 1 0.99669059329155063 0.028862963278891367 0.075228868084206438 0.010742811627652751 0.31623660285083477 -1.8509637791348781 -0.53781203591826243 1 CAMERA 1 66
67 1 0.99657635450180249 0.030809687533372789 0.075441268803236192 0.013962369546452899 0.53718884387960775 -1.2875940433212512 -0.22861352232565346 1 CAMERA 1 67
68 1 0.99644496200098021 0.031959028203923261 0.076705461670101172 0.01386832250500219 0.061753753931930846 -0.7214216961965465 0.093295721217247468 1 CAMERA 1 68
69 1 0.99668147316022171 0.029380075300347735 0.075337632981010635 0.0093323786536337796 0.31083721575004164 -1.4849629040565644 -0.11472163331115133 1 CAMERA 1 69
70 1 0.99651934371417206 0.031628829318399498 0.076274824229709978 0.011444035483620513 0.077661488528728673 -0.39094884944925906 0.14529867114534953 1 CAMERA 1 70
71 1 0.9966106096512376 0.030939809187873653 0.075010464433010016 0.013544414477957694 0.53846307566415985 -1.3612680949673941 -0.84542367125852214 1 CAMERA 1 71
72 1 0.99661795769614514 0.030982386213280099 0.075100724570333663 0.012353918856256762 0.4352051866316799 -1.1628344275181273 -0.15135866009673801 1 CAMERA 1 72
73 1 0.99651321397156123 0.033312160039185371 0.075526572103300438 0.012142951861808263 0.21748598547403888 -0.59299418774296797 -0.65974863234119874 1 CAMERA 1 73
74 1 0.99648730369923799 0.032725634518928716 0.075689805353563747 0.014599307418358945 0.46124543738549478 0.57749562783351571 0.72018203691610216 1 CAMERA 1 74
75 1 0.99627458790879764 0.035850939171106447 0.077637481162044136 0.011138993065732664 -0.40251365711480502 3.9636148075205511 2.6429283175118385 1 CAMERA 1 75
76 1 0.99594182437405321 0.036045793722520182 0.081815718256187595 0.010333027805062412 -2.7168806597682233 6.435025321893546 3.8430218785502879 1 CAMERA 1 76
77 1 0.99595773327311155 0.036727233761075499 0.081483575059715763 0.0089292121283308934 -3.5008319703491697 5.0746528549055414 1.0084416752464489 1 CAMERA 1 77
78 1 0.99588400593565207 0.041039805937897696 0.07927380349903082 0.015698570920152102 -0.85484260049702931 10.779893451443503 9.1540337032614527 1 CAMERA 1 78
79 1 0.99533607028866522 0.048415634861299385 0.081875953410757263 0.016073634821478118 -3.4356144265535322 16.617957510756224 11.274795226497604 1 CAMERA 1 79
81 1 0.99567974871204989 0.047026872684657862 0.078232695072539299 0.017028114161502354 -1.566163155163486 14.940362509959387 10.068067541066068 1 CAMERA 1 81
82 1 0.99565436308746136 0.046192605333294313 0.079984362177619964 0.011879995137360929 -2.571428897562376 14.259863735923432 9.2296070749914652 1 CAMERA 1 82
