# 3D point list with one line of data per point:
#   POINT3D_ID, X, Y, Z, R, G, B, ERROR, TRACK[] as (IMAGE_ID, POINT2D_IDX)
# Number of points: 112, mean track length: 20.071428571428573
3 -25.26613444965362 20.835286781327827 184.77204107127085 253 108 104 0.71726823973319642 37 2 42 3 43 3 41 3 54 4 71 4 46 4 53 4 56 4 45 3 59 3 73 4 67 4 66 4 50 4 51 4 70 4 52 4 48 4 72 4 61 4 63 4 68 4 57 4 62 4 60 5 77 3 74 3 47 4 55 4 58 4 64 4 69 4 75 2 44 4 30 1 32 1 36 2 33 2 40 3 35 2 39 4 38 4 49 4 28 1 34 2 26 1 76 2 78 4
6 -2.039482203856843 34.573228940059586 152.74042952974122 103 94 87 0.54085411517491733 37 5 42 7 43 7 41 7 54 8 71 7 46 8 53 7 56 9 45 7 59 10 73 10 67 10 66 11 50 9 51 8 70 8 52 7 48 14 72 8 61 9 63 7 68 7 57 10 62 7 60 9 74 7 77 5 47 10 55 7 58 8 64 8 69 9 75 4 44 9 30 3 32 3 36 5 33 7 40 7 35 5 39 7 38 8 65 8 49 8 28 4 34 6 26 4 76 6 78 7
7 44.11213526728006 58.273963626711897 133.03668331873268 139 144 144 0.51181580054375453 37 10 42 9 43 11 41 12 54 12 71 12 46 14 56 14 45 12 59 17 73 16 67 17 66 17 50 17 51 14 70 13 72 13 61 16 63 11 57 18 62 11 60 16 74 12 47 17 55 12 58 12 64 12 69 16 75 7 44 16 30 11 32 8 36 8 33 12 40 12 35 10 39 14 38 12 65 15 49 13 28 8 34 11 26 12 77 11
11 -6.8305960058708415 9.0198524000315263 396.94741623689043 149 139 132 0.3913035543291481 37 18 42 17 43 20 41 20 54 19 71 17 46 22 53 18 56 20 45 21 59 22 73 28 67 21 66 25 50 20 51 17 70 17 52 16 48 23 72 18 61 26 63 22 68 15 57 21 62 17 60 24 77 22 74 16 47 20 55 16 58 18 64 20 69 23 75 11 44 24 30 17 32 11 36 20 33 18 40 17 35 14 39 19 38 22 65 19 49 21 28 13 34 16 26 18 76 21 78 21 81 19 82 26 79 22
26 54.566800595730356 -10.897563641196342 146.73470122880539 180 178 186 0.65631222631904407 37 47 42 37 43 45 41 52 54 43 71 52 46 56 56 66 45 43 59 56 73 50 67 52 66 46 51 52 70 41 52 51 48 44 72 44 61 47 63 51 68 53 57 47 62 49 60 61 74 58 55 51 58 49 64 54 69 51 75 29 44 46 30 39 32 41 33 46 40 39 35 44 39 43 38 47 65 52 49 31 28 41 34 54 26 55 77 27
28 4.3637653359796795 2.6168578531980353 138.84303144373874 29 24 20 0.79300369291069805 37 40 42 40 43 58 41 69 54 45 71 44 46 42 53 47 56 51 45 44 59 77 73 78 67 44 66 48 50 53 51 47 70 44 52 45 48 47 72 46 61 49 63 45 68 62 57 60 62 45 60 65 74 39 77 45 47 50 55 37 58 63 64 38 69 60 75 30 44 59 30 40 32 42 36 51 33 47 40 48 35 43 39 62 38 49 65 47 49 41 28 42 34 39 26 56 76 55 78 52 81 59
34 100.66147155252176 -20.517810086452418 269.09256895269294 180 178 186 0.98116404857680439 37 39 42 47 43 53 41 46 54 52 71 42 46 50 56 58 45 50 59 48 73 58 67 42 66 53 51 45 70 51 52 42 48 52 72 52 61 54 63 42 68 44 57 54 62 43 60 47 77 34 74 46 55 38 58 41 64 39 69 43 75 110 44 57 30 47 32 50 33 35 40 31 35 49 39 50 38 38 65 46 49 30 28 50 34 45 26 42 76 36 78 51
37 50.101470664792281 55.807038724787475 142.49558938486297 102 112 112 1.8112903274446466 37 60 42 54 43 67 41 73 54 74 71 70 46 68 53 68 56 62 59 68 73 87 67 69 66 79 50 45 51 70 70 64 52 55 48 76 72 60 61 104 68 64 57 66 62 79 74 66 77 48 77 148 58 73 64 59 69 97 44 77 30 68 32 46 33 70 40 51 35 40 38 82 34 67 26 61 78 69 78 114 82 100 82 72 81 93 42 29 71 32 73 53 70 54 74 41 40 43 69 46 49 37 21 60 21 102 53 80 79 95 29 66 29 96 31 76 31 80 62 78 64 65 81 130 79 93
40 40.560467886346295 46.081589175840996 136.66349151986239 101 109 108 0.41875593286151808 37 69 42 61 43 64 41 72 54 60 71 68 46 66 53 64 56 70 45 58 59 64 73 85 50 59 51 64 70 62 52 71 48 70 72 75 61 79 63 74 68 63 57 64 62 62 60 68 74 62 77 76 55 59 64 61 69 67 75 67 44 69 30 61 32 58 36 59 33 68 40 60 35 68 39 68 38 62 65 64 49 59 28 52 34 66 26 68 76 59 81 113 78 85 82 115 21 87 79 96 29 81 31 87
52 36.564894999866318 41.304129807587955 128.84192187040645 96 104 104 0.96223805172371946 37 68 42 94 43 63 41 71 71 66 46 64 53 86 59 63 59 93 73 84 67 73 51 56 52 70 72 73 72 74 61 85 63 73 63 84 68 89 57 82 57 85 62 84 60 80 74 77 77 122 47 103 75 66 44 68 30 84 32 89 36 68 40 75 35 83 39 67 38 61 65 63 28 81 34 65 81 103 29 109
71 37.506120490174339 51.244705106250045 129.73034899076885 138 135 137 0.37618805000383176 42 8 43 10 41 11 54 11 71 11 46 13 53 12 56 13 45 11 59 16 73 15 67 16 66 16 50 16 51 13 70 12 52 10 48 17 72 12 61 15 63 10 68 11 57 17 62 10 60 15 47 16 55 11 58 11 64 11 69 15 75 6 44 15 30 10 32 7 36 7 40 11 65 14 49 12 28 7 34 10 26 11
72 -35.682728945919514 7.3903183460234159 116.63815580148089 97 98 93 0.78860942551788293 42 14 43 21 41 21 46 19 59 23 73 29 66 26 52 20 48 24 72 19 63 14 60 25 44 25 32 14 75 12 36 16 39 20 65 18 49 20 34 17 26 17
73 -37.081677262352855 7.6183189059119023 121.07604665783762 97 98 93 0.73754619852890724 42 19 43 25 41 26 46 20 59 25 73 20 66 20 52 17 48 25 72 21 63 18 60 21 44 18 32 18 75 14 36 17 65 25 49 18 34 19 26 21
76 25.741831919296427 48.589607874448355 127.66383173302829 131 129 124 0.4300331572790137 42 50 43 54 41 50 54 53 46 57 53 36 56 39 45 51 59 57 73 59 67 54 66 55 50 57 51 53 70 42 48 53 72 53 63 53 68 54 57 55 62 50 60 49 74 47 77 53 47 55 55 42 58 51 75 38 44 47 30 48 32 51 36 47 33 36 40 32 35 53 39 52 49 38 28 28 26 43 76 43 78 55 78 58 81 47 82 51 21 47 79 53 29 56 31 60
79 51.260705520305947 57.922660808529663 141.9933472167352 94 105 105 1.1103035237662167 42 56 43 65 41 62 54 66 71 71 46 65 53 69 59 51 67 76 51 71 70 58 48 77 61 64 63 63 47 66 58 45 75 52 30 56 32 29 33 31 33 72 40 53 39 70 38 56 76 63 78 70 81 94 82 101 79 97 79 128
80 -43.090171357192098 3.3477008531011365 130.51252355890799 40 32 22 1.4087649798810578 42 63 43 70 57 72 38 70 21 112 29 134
85 18.849800468311177 -4.4599359389486715 55.824933308538455 205 205 203 1.7377899015331886 42 82 43 93 59 76 70 106 74 68 69 75 38 93 66 71 43 46 30 92 37 61
86 -25.809811882284027 5.3129491192261922 67.327899766110065 44 36 27 2.0213861397006205 42 73 43 100 41 61 54 77 46 94 41 89 45 73 43 99 37 81 59 74 59 113 73 68 73 92 51 77 70 114 48 86 61 92 63 61 60 83 64 63 33 108 35 87 38 78 38 84 34 90 28 53 26 67 73 74 29 112 31 123 74 127 53 79 44 64 64 83 48 65 51 76 57 88 58 61
102 48.274059018926181 54.521876413354079 151.68822329293855 96 104 103 1.3629454548080577 43 48 41 113 37 42 54 47 71 58 46 53 56 53 45 46 59 67 67 46 50 63 51 65 70 53 52 46 48 87 62 64 74 94 77 64 55 62 64 36 75 68 30 42 32 45 36 42 33 79 40 42 77 65 35 41 35 82 67 103 39 47 38 51 49 61 28 45 34 40 26 59 76 99 82 114 78 99 78 61 79 129 82 106
110 15.734748004609262 41.533798118042334 120.142126753171 121 118 113 0.44629278928961041 42 65 41 78 32 65 33 55 49 64 81 117
111 15.675796748252626 40.936842237678107 118.80778866466837 121 118 113 0.40783707981660766 42 64 41 79 32 67 39 63 81 118
112 15.710173015228163 41.341006135258972 119.70925620645048 121 118 113 0.45581916549578044 42 70 41 80 32 61 33 64 39 66 49 60 81 104
119 43.427359616458723 -14.565135660000086 126.81822007928237 236 225 231 0.82176579202140709 37 12 43 13 54 17 71 16 46 15 53 16 56 18 45 14 59 20 73 27 67 20 66 23 50 21 52 13 48 21 61 24 63 13 68 21 57 23 62 15 60 23 74 9 58 16 64 22 69 21 44 22 30 8 32 5 36 6 40 13 39 11 38 14 65 17 49 17 28 5 26 9 31 130
121 -20.252181042315691 95.122333356126262 261.32284374895238 110 77 69 0.67742713880272154 37 22 43 30 54 25 71 23 46 28 53 22 56 27 45 25 59 31 73 34 67 27 66 29 50 32 51 23 70 22 52 24 48 28 72 23 63 25 68 24 57 27 62 20 60 29 77 124 47 29 55 21 58 25 64 26 69 29 44 29 40 23 35 21 65 28 49 22 78 77 81 28 82 40 79 27
124 35.676223857587082 40.446632867045558 135.41157777072988 96 102 101 0.78199651694028471 37 72 43 94 54 68 53 87 46 73 56 93 45 57 59 79 73 76 67 87 66 65 50 79 51 83 70 95 52 64 48 69 48 80 72 87 63 85 62 58 55 58 58 65 64 56 69 81 75 76 44 67 30 85 32 90 36 92 40 59 38 60 65 66 28 59 34 68
129 25.686029054823159 61.533763642299718 115.40092685351721 180 174 166 0.53171171495550007 43 62 54 85 41 112 71 101 53 81 56 87 59 112 67 104 66 82 50 84 51 78 70 88 48 81 61 107 62 97 60 92 55 91 58 101 69 102 75 80 33 82 40 93 38 83 28 100 21 93 29 129 31 142
131 25.693955004925936 61.569609613477049 115.46526922926077 180 174 166 0.53858194125246284 43 74 54 93 41 110 71 93 53 99 56 105 59 111 67 108 66 95 50 104 51 96 70 108 48 96 61 109 62 91 60 90 58 102 69 101 75 105 33 95 40 95 38 103 28 101 21 118 29 97 31 140
132 43.57234330874914 -14.54479703171558 127.04759151293281 229 223 224 0.84681942447588288 37 13 43 14 71 20 53 19 56 25 59 26 73 21 67 24 50 28 52 21 61 20 68 17 57 25 62 18 60 28 74 13 64 17 69 25 30 6 32 9 36 9 40 14 39 9 38 15 65 26 28 9 31 146
134 28.795830330199347 51.635679758630907 130.71936395001356 134 130 132 0.62533126147131379 37 29 41 40 71 46 46 31 45 33 73 47 72 36 61 38 60 64 74 31 77 33 47 32 35 30 65 31 78 35 81 40 82 37 79 63
150 30.412011522606544 34.594380856355343 131.51454327130293 92 97 96 0.78446845672561816 41 88 46 91 54 88 53 88 56 95 45 81 67 89 66 87 70 65 57 84 63 86 60 91 74 97 44 94 36 79 40 67 35 77 39 86 28 74 34 72 76 97
164 32.030421745644453 36.548495315485546 131.24857826898557 96 99 98 0.49220647950759894 42 69 45 56 46 77 53 63 54 58 71 65 59 78 73 79 67 72 66 85 50 65 51 63 70 77 52 56 48 66 72 70 61 89 63 99 60 66 77 83 47 56 55 57 64 55 69 66 44 93 36 67 33 63 40 58 39 57 38 58 65 76 28 54 34 64 76 98 78 92 81 107
195 14.597664062021941 -140.67069480207547 405.23737040828991 133 134 134 2.4362091500283549 42 31 43 38 41 58 46 45 45 62 50 47 50 101 51 38 54 102 53 93 56 112 45 84 59 98 52 87 48 57 61 60 61 65 66 67 68 59 57 98 77 59 74 51 74 102 55 48 55 82 55 98 64 47 69 62 75 41 36 76 39 97 38 40 65 88 49 48 49 82 26 48 82 55 28 58 41 103 39 96 73 101
203 50.950659337799706 57.867160186550329 137.04603779174008 93 106 105 1.4744592340419234 42 55 56 59 70 59 54 75 67 66 62 63 60 72 74 59 75 54 32 68 40 54 76 65 78 71 81 98 79 101
215 -27.310280226429686 -3.0701954718552669 117.86255954616918 252 101 100 1.5404267472383071 53 77 66 90 73 115 59 84 63 77 62 72 77 44 76 71 81 82 61 45 55 30 79 111
232 -32.543907637765699 3.3865526961165333 98.888237709257723 62 58 52 1.7300800798507103 42 68 43 59 57 62 42 98 43 108 48 88 68 80 71 64 69 87 30 59 32 102 33 89 38 66 65 83 34 74 26 74 21 91
236 43.635272654937545 -7.6530788604157189 146.42930360111922 142 140 139 0.94118109383819282 37 67 42 76 43 90 41 67 71 62 46 84 45 71 67 70 66 72 51 57 70 69 48 63 57 78 62 71 60 75 37 17 42 16 43 19 41 19 54 18 71 14 46 18 53 17 56 17 45 20 59 21 73 22 67 22 66 24 50 22 51 18 70 16 52 15 48 22 72 15 61 25 63 21 68 22 57 26 62 14 74 17 74 85 47 21 47 83 55 17 58 17 64 21 69 22 75 70 44 23 30 16 32 13 32 87 36 19 36 62 33 17 33 62 40 16 40 72 35 20 35 58 39 18 39 74 38 21 38 77 65 21 49 15 49 95 28 12 34 15 34 76 26 19 26 87
238 167.62216398124099 -55.142457205148908 444.70706661715462 247 254 254 1.4297812460706596 67 51 77 140 50 74 51 67 54 71 61 76 46 61 74 113 75 55 30 83 32 62 33 91 65 51 49 73 39 72 28 62 36 56 26 64 76 72 78 80 81 56 82 27 81 13 38 107 36 90 28 63 30 55 32 64
251 22.455904717773748 20.380585035661777 124.5827490217865 113 110 105 1.3840625321875204 74 105 60 100 67 91 77 149 35 92 78 91 78 78 82 64 76 107 21 92
253 -26.062080081163717 9.6540495899224954 54.763722575357306 91 91 87 1.0955869142213575 61 108 77 95 56 116 71 89 68 81 55 68 69 86 36 82 74 107
255 47.334044158681721 -11.326110075502415 137.08732858885671 173 170 175 2.7404404223991827 42 93 70 115 74 75 43 87 54 98 47 65 69 96 38 75 76 86 74 83 75 111 59 73 65 86 56 49 69 44 67 53 75 100 55 61 52 43 72 45
258 28.394537156307784 51.146803234955236 129.29173287031193 132 131 129 0.59193359804836843 41 37 73 40 70 31 72 29 74 30 61 44 77 29 35 31 37 28 65 30 78 31
259 -0.28781257126021853 1.130451099092689 0.46831739690693086 106 93 90 0.0043991701568359791 46 72 47 85 49 92
262 39.758363445792249 45.469080700661195 104.397387637959 95 106 104 0.94741442092780492 59 52 69 47 42 58 53 49 67 47 68 47 51 72 52 47 54 48 57 49 60 69 70 55 72 48 44 42 32 69 36 43 33 57
263 -47.808381608284058 28.294933041117467 61.119782057003178 111 113 115 0.65244748896940252 74 80 75 49 76 64 78 110
265 37.16562854911561 36.308223965854971 120.36602196998396 146 150 145 0.36462448124103264 70 85 75 77 76 104
274 72.210527584148053 -19.295427902222034 192.67153354682239 206 199 204 1.1676485947289397 43 85 55 31 58 35 63 105 74 133 77 36 61 43 52 26 51 34 54 35 68 36 30 81 32 75 36 61 35 93 26 63 48 33 39 61
279 28.644036869271144 47.0730615963056 130.36434670798124 229 224 218 0.32477775199370318 41 109 45 74 30 65 66 68 74 73 64 68 75 103 58 72 57 71 52 69 36 65 40 82 38 101 28 60 34 70 78 127 81 119 82 80 21 114 31 89
286 -35.120376074336669 17.359264013719233 56.437777358340526 41 33 26 1.388671649202174 43 61 40 49 30 95 42 99 69 65 47 67 51 88 32 94 38 111 49 58 28 75 34 62 35 76 37 91 43 96 41 60 74 71 70 76 75 50
287 27.699266199135096 45.748778258719199 126.42786271089525 233 231 226 0.14734736206961654 45 91 75 104 40 83 34 83
295 -20.958976708255264 3.6052991446900884 56.657383932120311 46 36 25 0.77298062501033959 52 67 38 95 50 71 51 95 48 71 44 65
301 16.113611749870326 22.983125642737484 109.4912345397574 128 119 120 0.60766574736024292 59 24 71 18 28 15 44 27 45 23 50 25 51 16 52 19 54 21 56 22 57 33 58 19 60 27 63 23 64 19 67 19 68 12 69 18 73 24 58 13 26 15
304 -15.260260117792713 5.0726322736656728 31.794160580523787 35 35 27 0.97522580650582569 28 86 32 100 62 89 26 85 31 136 37 65
310 14.067946472870725 10.085517456970942 121.90565633637178 95 94 89 1.2068732753185429 70 100 76 90 78 88
312 -44.977127511717832 17.978703973609161 91.752661439669481 112 108 100 0.13332100410563197 75 73 76 92
317 39.466123625525675 54.227886849366762 137.38632325457786 135 133 135 0.74550233945038979 77 6 76 14 78 15 74 11 81 14 82 19 21 21 35 9 37 9 38 11 39 13 33 11 79 14 29 21 31 20
318 34.212543831427524 -21.762422674237307 131.141568853921 120 120 116 1.2681296247018512 76 12 78 14 82 16 81 18
319 49.125501823927081 66.672131010078289 151.75261904905264 131 136 133 0.41106949589292185 76 10 78 16 81 15 82 20 21 22 79 15 29 22 31 21
322 102.39024382238453 -12.473072675655839 267.28809477516398 163 161 166 2.1250007705334735 76 22 77 14 42 49 34 46 41 76 54 72 35 98 36 93 58 50 56 79 33 75 46 110 47 81 45 72
323 -23.385935270364481 -5.5561700755625427 97.824684332904212 59 39 35 0.94440403611309565 72 101 78 64 71 75 52 101 59 82 66 108 68 79 71 106 73 95 64 89 48 91 51 61 54 99 56 67 63 104 65 85 82 97
324 19.207187602572073 53.251890678809879 120.04202621403637 138 135 131 0.61874733383826996 77 61 78 67 81 67 21 68 41 92 39 69 29 84
327 47.271480492147234 48.04572670277112 123.24831107491752 123 130 125 1.5713756716986877 76 116 77 66 78 111 75 94 21 67 31 81 32 59 40 68 45 76 35 56 33 71 41 111
329 139.95777461835232 -7.2476841021107248 358.80586726707037 188 186 189 1.4209180943508335 76 20 78 20 37 82 42 72 41 90 54 100 71 102 46 97 53 76 59 83 67 93 48 89 61 93 77 15 47 82 75 71 33 77 33 93 30 90 30 93 65 84 28 93 34 75 82 75 36 70
333 29.872900114261004 28.798292926516517 113.423490931174 50 51 53 1.4936282150315101 78 83 81 65 82 65 82 117 79 104
335 -10.469454680624709 16.576725188022994 150.09808917692786 252 123 110 0.63813438209617102 77 89 81 83
336 15.523709152891175 10.880844970864876 111.38170208615924 98 99 91 0.098937117484160758 78 89 81 84
337 -38.633682874877842 19.158329517564869 52.299864900977823 62 61 52 0.26987554447610518 78 128 81 91 82 140
338 -37.823422361210902 18.959603529525225 48.003357199680487 60 60 56 0.37257700970231622 78 129 81 97 21 107
341 -38.633682874877842 19.158329517564869 52.299864900977823 62 61 52 0.26987554447610518 78 139 81 120 82 141
342 -37.823422361210902 18.959603529525225 48.003357199680487 60 60 56 0.37257700970231622 78 115 81 122 21 113
345 -38.252528051348456 18.794262696057508 46.33686824015421 115 119 113 0.18652192287937464 78 113 81 99
364 -35.883743716081575 112.45904803449646 305.03485242552938 246 112 104 2.1773048906667327 49 88 53 103 63 81 78 123 82 119 62 83 72 94 58 88 59 102 69 94 50 103 52 93 55 92 56 104 61 97 66 99 68 87 70 107 47 37 34 23 36 22 46 26 30 21 40 22 49 25 74 19 43 23 72 26 47 25 26 22 62 23 63 26 67 30 50 26 53 23 66 31 68 26 61 28 32 16 44 28 57 30 33 19 51 20 28 16 55 14 63 15 79 105 35 16 56 23 70 19 73 32 37 14 58 21 36 13 43 15 45 15 21 27 29 33 31 29 30 12 38 16
368 25.806046130741201 45.697814968420069 123.02153053657007 161 156 145 2.7142199364547195 41 82 54 67 71 69 53 67 56 71 45 90 59 65 73 86 67 68 66 66 51 69 70 63 52 72 48 75 72 76 61 69 63 75 68 66 57 65 62 55 60 70 74 63 55 60 58 68 64 58 69 63 75 88 30 66 36 52 33 69 40 87 35 57 38 86 65 67 28 56 34 82 26 69 76 101 78 97 81 90 42 41 43 47 41 51 54 46 71 45 46 52 53 48 56 52 45 45 59 50 73 52 67 45 66 49 50 54 51 48 70 52 48 48 72 47 61 50 63 46 68 46 57 48 62 46 60 63 74 40 77 47 47 51 55 36 58 44 64 37 75 32 44 41 30 41 32 44 36 41 33 49 40 41 35 42 39 46 38 50 49 39 28 44 34 32 26 29 26 58 76 38 78 43 78 54 82 60 21 59 21 106 79 62 29 65 31 71 31 88 81 42
370 32.772036412945845 37.121301626947023 155.14740030621616 86 92 91 1.2524383728166029 53 110 66 109 67 90 60 98 74 128 77 97 71 85 73 91 61 106 46 88 63 88 47 87 58 98 44 79 36 94 40 66 39 87 38 89 76 56 78 62 81 87 82 70 79 107
371 17.901438912697696 13.1608468557839 181.98211424977671 94 92 84 0.68767275279378304 62 2 68 2 72 2 73 2 78 2 82 2 42 1 53 2 55 2 59 2 64 2 67 2 70 2 71 2 38 2 52 2 66 2 51 2 65 2 69 2 47 2 60 2 61 2 63 2 49 2 57 2 58 2 54 2 56 2 50 2 44 2 46 2 48 2 39 2 79 1
377 6.1976239647592299 -2.4998021142749924 194.09368729280447 90 85 77 0.54644123920013865 41 38 51 46 52 44 56 50 81 22 82 39 42 27 48 46 61 48 38 28 47 33 68 45 39 29 44 58 45 32 64 35 34 31 69 45 63 44 79 26
379 22.691339251613243 22.710288588741697 130.15407696754266 47 42 40 0.43673080160468741 78 82 21 56 82 79
380 52.058973522330952 52.605673623464277 168.75440713374095 143 144 140 1.1212175194296661 35 67 21 58 31 110
388 -26.15952941116818 14.54550556039972 37.610387290593124 108 112 107 1.3579344174681374 35 84 77 69 38 87 39 79 59 92 41 86 43 105 72 86 59 110 62 96 67 85 41 85 69 78 61 88 56 81 63 106 42 77 44 90 60 81 51 86 52 81 29 110 31 111 68 90 68 88 28 80 56 92 50 66 54 86 40 76 57 108 26 75 34 69
389 23.661629090043238 49.685893946873257 124.88681588408498 249 243 231 0.11320424598285428 74 95 21 104
392 32.258470005571695 30.520520984738766 117.07961738666229 121 120 115 1.0974831685355873 70 90 21 109
393 23.661629090043238 49.685893946873257 124.88681588408498 249 243 231 0.11320424598285428 74 121 21 116
395 -68.67176958400502 32.493771452393531 110.37163651736884 43 41 35 1.084190466126814 30 64 32 66 35 61 43 72 75 69 40 57 41 77 47 69 49 63 31 143
396 -38.500224530012723 18.044674749528792 62.920830668083703 0 0 0 1.6653358508728786 30 60 32 60 74 92 75 62 72 88 35 65 78 84
398 1.0877206727872788 -10.418118323532369 1.5069420993919822 90 85 79 0.22848842397513014 78 76 21 98
447 17.566897967214686 14.176969772496649 102.787836090458 48 47 44 1.3319448131956506 78 90 82 89 79 109 81 85
458 9.6619254615045111 4.1270765166645464 100.94983152212265 35 32 27 1.9560586729876832 78 87 79 71
471 -0.09768050687190119 1.0434599402953049 0.92399125697188633 0 0 0 0.25238534387821143 47 76 65 97 53 106 54 81 44 89 60 87 72 100 46 78 50 110 55 76 58 87 48 92 63 102 56 73 55 75
479 49.83474217723068 50.286184638517845 120.26171646829722 123 127 119 1.3757234281976469 78 125 82 76 79 124
481 128.08312152434442 -74.547876949116471 417.32155241297778 93 106 115 2.0732317835901366 21 6 61 27 65 20 52 23 47 23 50 31 51 22 54 15 55 20 57 37 59 30 62 25 71 22 72 17 48 27 56 30 63 20 64 16 66 22 68 20 69 20 58 24 60 32 75 15 30 82 45 64 67 28 44 30 73 26 49 23 46 63 34 49 71 57 39 39 69 61 71 59 32 83 26 81 50 64 51 62 52 59 57 67 61 71 65 69 72 63 62 57 66 64 56 60 62 59 54 59 58 59 47 61 44 61 45 38 48 68 59 66 63 83 49 68 29 16 31 14 75 90 77 121
483 -30.011322060822053 -92.004430886443075 218.40323444804579 85 84 78 1.3088668531376597 21 0 29 0 31 0
485 -30.011322060822053 -92.004430886443075 218.40323444804579 85 84 78 1.3088668531376597 21 1 29 3 31 3
486 -3.2216572870324294 -18.965739594455766 75.683291064263486 253 108 99 0.4901037191490531 21 4 29 5
487 -29.871629231874742 -64.935473182917875 146.19825645961905 86 83 78 0.63000351462565041 21 19 29 29
488 -4.4213550706623508 -29.077668794452379 84.331120554735975 253 108 104 0.14035774761390446 21 30 29 35
489 -4.4213550706623508 -29.077668794452379 84.331120554735975 253 108 104 0.14035774761390446 21 23 29 37
496 28.621709441167035 26.998634806421272 113.86358411080568 114 115 108 0.86270132758052398 35 66 45 83 29 103 77 105 75 61 70 70
498 -40.486665072947481 8.8010025806169256 102.57450275957315 39 39 33 1.2776651672831891 26 65 28 65 35 91 29 127 34 92 41 81 42 84 38 97 38 110 43 106 73 81 31 133
499 -57.504283938789435 24.793224578582425 107.24400410185089 93 97 96 2.0419921121873847 35 75 29 136 36 80 37 79 53 91 73 113 74 103 75 74 71 105 70 98 38 90 30 89 32 96 43 98 56 117 69 84
500 -0.19301676463279793 0.49690517676301255 29.852091884329813 251 111 107 0.77864588947843805 21 5 29 6 31 5
538 16.299907463395055 -99.853758999103135 287.27343174885465 0 0 0 2.5628002664997656 73 109 81 21 78 18 79 19 82 25 59 90 56 110 65 93
617 198.07478548821024 -64.281763787569403 522.65125798633653 0 0 0 0.87315752887708853 26 66 79 66 52 61 65 60 51 55 54 63 61 78 47 64 49 84 30 79 39 93 46 75 74 131 50 61 36 60 33 99 78 66 81 46 28 69 32 73 67 60
623 -70.252832202107015 92.675440894645917 341.35077296985321 0 0 0 0.76154696195734617 41 24 79 46 38 24 78 37
624 -70.252832202107015 92.675440894645917 341.35077296985321 0 0 0 0.76154696195734617 41 25 79 47 38 19 78 32
625 166.179381782257 -69.380984304230452 470.81865138345131 0 0 0 2.4154916057639859 79 74 52 90 51 101 42 89 33 83 34 87 37 63 41 97 43 101 45 93 61 80 57 103 39 60 68 75 67 106 50 105 52 95 38 106 41 66 49 81 47 105 63 68 61 102
630 87.116675210593613 -118.77342706916414 455.35807933469931 0 0 0 1.0591545524864541 63 19 82 13 53 15 71 15 49 16 78 12 30 15 39 17 40 15 42 15 44 21 46 21 47 22 48 20 57 22 59 19 79 24 26 20 28 11 32 12 33 16 35 13 36 18 37 16 41 17 43 18 45 19 50 23 51 19 52 14 54 16 55 15 56 19 58 15 60 22 61 22 62 16 64 15 65 22 66 21 67 23 68 19 69 19 70 15 72 16 73 25 74 18 75 10 76 16 78 19
659 -48.651328447106955 27.848081343331124 65.806063069154916 0 0 0 1.4302773996356355 63 79 82 103 49 89 53 107 65 78 69 76 71 84 41 123 44 73 46 85 50 82 52 78 56 83 58 97 60 73 66 83 68 83 72 81 42 79 36 96 44 72 45 77 64 57 67 63 40 70 72 84 33 84 43 97 55 77 30 78 32 92 26 76 29 94 54 73 67 97 31 114
660 -39.93990958549773 23.974345166148424 50.155561569543266 0 0 0 1.1955623825813864 63 80 82 28 49 90 58 95 62 95 69 98 66 81 67 105 68 84 61 83 56 86 44 75 41 116 45 75 70 87 74 65
662 -88.015027121694132 -158.76078872036817 317.56037306030271 0 0 0 1.6075914432010694 82 43 76 27 78 36 81 37 79 42
780 200.3803198766613 -31.076526742427035 543.01421490222651 0 0 0 2.1065485486576003 58 75 79 35 60 84 67 67 35 62
785 25.985153612115429 -79.207428947940869 531.22695867076345 0 0 0 0.47258648234162159 73 88 81 74 64 93 44 85 45 95 60 78 40 62 34 78 39 71 36 87 38 108 33 105 37 83 74 81 79 86 43 83 26 78 35 94 66 74 41 94 75 92 50 111 55 83 52 94 65 94 57 104 30 77 51 102 32 85 69 73 54 95 61 94 72 83 48 78 42 90 58 96 28 92 70 78 63 76 82 90 53 71 71 72 49 85 56 74 46 80 76 84 68 105 59 108 67 81 77 141 62 68 78 136 47 92
849 84.867485158914548 -147.32113139969806 524.74101183231221 0 0 0 0.72751902440445482 74 120 79 82 43 80 26 72 35 73 41 118 77 70 32 95 33 92 37 89 45 89 81 72 39 98 76 80 82 85
854 30.531930095612655 -73.708815549014417 528.39287510807719 0 0 0 0.48465510050074295 67 34 77 28 45 29 60 39 40 28 34 29 39 27 36 30 38 33 33 28 37 48 74 24 79 30 43 32 26 33 35 33 66 40 41 34 75 22 50 40 55 23 52 25 65 39 57 34 30 34 51 33 32 36 69 34 54 28 61 41 72 33 48 32 42 24 58 30 28 35 70 28 56 32 44 48 63 36 82 45 53 27 71 27 49 34 46 29 76 30 68 35 59 36 73 46 81 30 64 30 44 33 62 27 78 28 47 38
