# Frame list with one line of data per frame:
#   FRAME_ID, RIG_ID, RIG_FROM_WORLD[QW, QX, QY, QZ, TX, TY, TZ], NUM_DATA_IDS, DATA_IDS[] as (SENSOR_TYPE, SENSOR_ID, DATA_ID)
# Number of frames: 10
8 1 0.99999899501105338 0.0008905230953851999 0.00096207781587527878 0.00053977011414841605 0.25294798040764926 -0.27014732265779051 4.9366795309174245 1 CAMERA 1 8
20 1 0.99996630120184216 0.0028635824103715886 0.0046691716670124363 0.0061151608670348126 0.054225226900074044 0.072804504618048563 1.2757542725340607 1 CAMERA 1 20
21 1 0.99984291567280692 0.00079638413726061241 0.0018021639740377646 0.017614254347460889 0.15900219257520898 -0.16864841164890185 3.5247212360544791 1 CAMERA 1 21
33 1 0.99995312216138477 0.004604025078390102 0.0081571595576781179 0.0024529942370153431 -0.16303840540313921 0.34954146419926907 -1.5711487978179961 1 CAMERA 1 33
42 1 0.99982384824712922 0.0020328482821439387 0.0078366634398803238 0.016933006534379385 -0.21907887291967004 0.21664304033984474 -1.717017688579106 1 CAMERA 1 42
43 1 0.99994915598034728 0.0015397907267355661 0.0073069981043214728 0.0067765977756098989 -0.17565331854002025 0.045777799422427254 0.47347803619579731 1 CAMERA 1 43
51 1 0.99980682233155582 0.0022502149259881455 0.0062268742502695623 0.018506231089420778 -0.12055178894936627 0.16897650755200194 -0.66225626974908758 1 CAMERA 1 51
55 1 0.98656872743997592 -0.0029512911175930611 -0.0063492590302607925 0.16319657725569051 0.2315509067842528 -0.23501801348591531 -2.4469256023539234 1 CAMERA 1 55
70 1 0.99981766294827978 0.0011592249406316112 0.0039316399584421223 0.018650449362264628 -0.0073172878151383835 -0.0059972208937799894 1.2377154606219769 1 CAMERA 1 70
74 1 0.98503288176793313 -0.003079949784473996 -0.0064798293473915334 0.17221715233075663 0.19620306303365073 -0.12385139875436743 -5.0316835080635416 1 CAMERA 1 74
