# Image list with two lines of data per image:
#   IMAGE_ID, QW, QX, QY, QZ, TX, TY, TZ, CAMERA_ID, NAME
#   POINTS2D[] as (X, Y, POINT3D_ID)
# Number of images: 10, mean observations per image: 0
8 0.99999899501105338 0.0008905230953851999 0.00096207781587527878 0.00053977011414841605 0.25294798040764926 -0.27014732265779051 4.9366795309174245 1 000010.png
113.33261871337891 118.44290924072266 -1 113.33261871337891 118.44290924072266 -1 82.004249572753906 37.867462158203125 -1 82.004249572753906 37.867462158203125 -1 157.65867614746094 67.550971984863281 -1 174.74909973144531 98.450630187988281 -1 174.74909973144531 98.450630187988281 -1 174.74909973144531 98.450630187988281 -1 125.71726226806641 79.310531616210938 -1 66.186965942382812 139.34017944335938 -1 57.320842742919922 177.95335388183594 -1 170.57479858398438 189.6243896484375 -1 57.320842742919922 177.95335388183594 -1 86.825325012207031 81.964332580566406 -1 72.988853454589844 110.60570526123047 -1 138.47113037109375 140.99615478515625 -1 114.63861846923828 175.43099975585938 -1 86.825325012207031 81.964332580566406 -1 86.825325012207031 81.964332580566406 -1 138.47113037109375 140.99615478515625 -1 114.63861846923828 175.43099975585938 -1 124.05374908447266 157.65153503417969 -1 153.48405456542969 137.10884094238281 -1 159.06352233886719 153.6934814453125 -1 124.05374908447266 157.65153503417969 -1 134.16273498535156 112.33013916015625 -1 134.16273498535156 112.33013916015625 -1 105.35252380371094 115.39598083496094 -1 153.48405456542969 137.10884094238281 -1 90.814079284667969 146.85629272460938 -1 159.06352233886719 153.6934814453125 -1 119.25278472900391 100.57363128662109 -1 148.1881103515625 110.56586456298828 -1 119.99134826660156 127.16271209716797 -1 90.488922119140625 128.10263061523438 -1 119.99134826660156 127.16271209716797 -1 148.1881103515625 110.56586456298828 -1 90.488922119140625 128.10263061523438 -1 100.89084625244141 49.925029754638672 -1 100.89084625244141 49.925029754638672 -1 79.952003479003906 162.32400512695312 -1 79.952003479003906 162.32400512695312 -1 141.92079162597656 154.68400573730469 -1 105.09718322753906 124.08009338378906 -1 105.09718322753906 124.08009338378906 -1 97.752273559570312 160.39469909667969 -1 141.92079162597656 154.68400573730469 -1 105.09718322753906 124.08009338378906 -1 90.967033386230469 114.77743530273438 -1 92.297035217285156 102.82154846191406 -1 146.06816101074219 89.285484313964844 -1 153.79185485839844 87.27423095703125 -1 144.30780029296875 123.74623870849609 -1 89.472885131835938 32.549324035644531 -1 120.73065185546875 2.2756562232971191 -1 108.18445587158203 22.306873321533203 -1 142.26095581054688 18.809881210327148 -1 127.33855438232422 12.564789772033691 -1 63.339256286621094 201.53594970703125 -1 158.80473327636719 122.62519836425781 -1 142.26095581054688 18.809881210327148 -1 158.80473327636719 122.62519836425781 -1 134.29852294921875 125.57076263427734 -1 107.90792083740234 160.70591735839844 -1 104.90708160400391 101.57682800292969 -1 101.83319854736328 62.517246246337891 -1 117.52873992919922 113.49332427978516 -1 135.32736206054688 52.843074798583984 -1 144.30780029296875 123.74623870849609 -1 145.59114074707031 93.428550720214844 -1 150.94305419921875 149.64007568359375 -1 126.02267456054688 39.496707916259766 -1 145.59114074707031 93.428550720214844 -1 152.05348205566406 97.399772644042969 -1 140.128662109375 98.368461608886719 -1 12.153032302856445 250.16822814941406 -1 150.94305419921875 149.64007568359375 -1 132.16519165039062 20.450998306274414 -1 144.7684326171875 31.770111083984375 -1 140.128662109375 98.368461608886719 -1 152.05348205566406 97.399772644042969 -1 13.156765937805176 245.26902770996094 -1 188.70034790039062 187.60391235351562 -1 88.918060302734375 161.08258056640625 -1 250.03863525390625 153.18927001953125 -1 118.89730834960938 104.83806610107422 -1 113.25077056884766 97.879798889160156 -1 13.156765937805176 245.26902770996094 -1 167.36639404296875 54.458122253417969 -1 118.89730834960938 104.83806610107422 -1 114.74817657470703 50.396438598632812 -1 121.40163421630859 50.106098175048828 -1 114.74817657470703 50.396438598632812 -1 124.30133056640625 22.143768310546875 -1 123.60093688964844 97.242591857910156 -1 108.14952850341797 7.3206949234008789 -1 9.8872594833374023 5.9583368301391602 -1 127.38461303710938 49.707088470458984 -1 175.79934692382812 59.752304077148438 -1 127.38461303710938 49.707088470458984 -1 71.382865905761719 81.846084594726562 -1 61.990932464599609 188.71394348144531 -1 114.42897796630859 3.1689653396606445 -1 138.86505126953125 3.8674266338348389 -1 125.81047821044922 4.4690084457397461 -1 141.26448059082031 8.2729568481445312 -1 148.49186706542969 11.323619842529297 -1 105.28861999511719 12.309874534606934 -1 139.63360595703125 13.942985534667969 -1 116.85318756103516 28.203744888305664 -1 139.02296447753906 28.711652755737305 -1 172.10833740234375 56.425617218017578 -1 164.6661376953125 83.876113891601562 -1 118.52134704589844 99.909675598144531 -1 95.539138793945312 121.23455810546875 -1 86.407196044921875 122.18431091308594 -1 97.842987060546875 128.84616088867188 -1 89.853759765625 135.11778259277344 -1 241.42912292480469 135.44410705566406 -1 241.42912292480469 135.44410705566406 -1 162.33517456054688 143.00315856933594 -1 67.502166748046875 170.66165161132812 -1 27.361106872558594 203.30125427246094 -1 138.06033325195312 243.4232177734375 -1 141.50379943847656 244.10169982910156 -1 100.98577880859375 252.48054504394531 -1 148.73471069335938 53.435165405273438 -1 61.990932464599609 188.71394348144531 -1 125.81047821044922 4.4690084457397461 -1 139.63360595703125 13.942985534667969 -1 89.853759765625 135.11778259277344 -1 172.10833740234375 56.425617218017578 -1 95.539138793945312 121.23455810546875 -1 86.407196044921875 122.18431091308594 -1 97.842987060546875 128.84616088867188 -1 107.52590942382812 44.686672210693359 -1 140.81781005859375 24.148778915405273 -1 80.988121032714844 57.388271331787109 -1 65.280708312988281 191.99905395507812 -1 148.2764892578125 22.066471099853516 -1 144.48342895507812 8.1075286865234375 -1 131.63444519042969 7.8134922981262207 -1 117.22522735595703 7.2107667922973633 -1 160.45382690429688 80.327529907226562 -1 77.273544311523438 66.919136047363281 -1 106.84165191650391 37.625667572021484 -1 141.79573059082031 126.41770172119141 -1 124.44416809082031 149.60856628417969 -1 65.280708312988281 191.99905395507812 -1 149.71536254882812 99.720680236816406 -1 3.3050105571746826 248.47004699707031 -1 95.5780029296875 32.278030395507812 -1 144.48342895507812 8.1075286865234375 -1 106.84165191650391 37.625667572021484 -1 107.52590942382812 44.686672210693359 -1 196.25479125976562 49.431938171386719 -1 168.34979248046875 53.547779083251953 -1 141.79573059082031 126.41770172119141 -1 124.44416809082031 149.60856628417969 -1 84.886734008789062 47.720684051513672 -1 196.25479125976562 49.431938171386719 -1 168.34979248046875 53.547779083251953 -1 131.864501953125 24.165687561035156 -1 124.98899841308594 182.57058715820312 -1 188.85267639160156 177.49591064453125 -1 68.973739624023438 155.655029296875 -1 121.17174530029297 100.66121673583984 -1 121.17174530029297 100.66121673583984 -1 118.52732849121094 97.297378540039062 -1 7.1167011260986328 252.56266784667969 -1 162.44242858886719 52.605457305908203 -1 88.001800537109375 44.899707794189453 -1 115.60035705566406 42.426776885986328 -1 134.53408813476562 14.455098152160645 -1 144.47715759277344 35.845409393310547 -1 131.864501953125 24.165687561035156 -1 135.26324462890625 31.002252578735352 -1 134.08122253417969 26.401630401611328 -1 129.31825256347656 26.218156814575195 -1 114.03938293457031 23.658536911010742 -1 144.189697265625 22.967000961303711 -1 143.11251831054688 17.215145111083984 -1 123.31204986572266 17.209527969360352 -1 131.26431274414062 14.934064865112305 -1 120.66001129150391 15.155792236328125 -1 144.189697265625 22.967000961303711 -1 133.18330383300781 3.8524625301361084 -1 134.08122253417969 26.401630401611328 -1 135.26324462890625 31.002252578735352 -1 144.47715759277344 35.845409393310547 -1 134.53408813476562 14.455098152160645 -1 88.001800537109375 44.899707794189453 -1 121.17174530029297 100.66121673583984 -1 121.17174530029297 100.66121673583984 -1 188.85267639160156 177.49591064453125 -1 145.07411193847656 13.983808517456055 -1 145.07411193847656 13.983808517456055 -1 104.08385467529297 37.573097229003906 -1 142.24330139160156 31.693838119506836 -1 
20 0.99996630120184216 0.0028635824103715886 0.0046691716670124363 0.0061151608670348126 0.054225226900074044 0.072804504618048563 1.2757542725340607 1 000019.png
110.23210144042969 127.64354705810547 -1 110.23210144042969 127.64354705810547 -1 66.067977905273438 16.673526763916016 -1 66.067977905273438 16.673526763916016 -1 157.73530578613281 67.6724853515625 -1 177.03810119628906 97.572853088378906 -1 177.03810119628906 97.572853088378906 -1 177.03810119628906 97.572853088378906 -1 127.98826599121094 78.900161743164062 -1 66.047103881835938 139.76811218261719 -1 57.220924377441406 178.27088928222656 -1 170.540283203125 189.63233947753906 -1 127.98826599121094 78.900161743164062 -1 57.220924377441406 178.27088928222656 -1 127.98826599121094 78.900161743164062 -1 86.250663757324219 80.989715576171875 -1 72.481727600097656 110.40453338623047 -1 137.93243408203125 140.42037963867188 -1 114.77790832519531 175.42088317871094 -1 86.250663757324219 80.989715576171875 -1 86.250663757324219 80.989715576171875 -1 137.93243408203125 140.42037963867188 -1 114.77790832519531 175.42088317871094 -1 153.62669372558594 137.11274719238281 -1 112.20484161376953 143.27076721191406 -1 153.62669372558594 137.11274719238281 -1 159.02862548828125 153.69390869140625 -1 124.05097961425781 157.62225341796875 -1 132.94715881347656 111.98831176757812 -1 105.16389465332031 116.15765380859375 -1 112.20484161376953 143.27076721191406 -1 159.02862548828125 153.69390869140625 -1 124.05097961425781 157.62225341796875 -1 132.94715881347656 111.98831176757812 -1 132.94715881347656 111.98831176757812 -1 105.16389465332031 116.15765380859375 -1 92.412117004394531 102.77532196044922 -1 148.07302856445312 110.56285858154297 -1 120.02150726318359 127.03624725341797 -1 90.525276184082031 128.1033935546875 -1 90.525276184082031 128.1033935546875 -1 120.02150726318359 127.03624725341797 -1 148.07302856445312 110.56285858154297 -1 123.92675018310547 11.73261547088623 -1 118.70638275146484 100.35751342773438 -1 100.75736236572266 49.858238220214844 -1 153.98112487792969 87.25799560546875 -1 90.85540771484375 114.83023071289062 -1 105.13314819335938 124.15578460693359 -1 141.93562316894531 154.74073791503906 -1 97.753654479980469 160.36436462402344 -1 79.95703125 162.31913757324219 -1 146.02751159667969 89.2860107421875 -1 141.93562316894531 154.74073791503906 -1 79.95703125 162.31913757324219 -1 100.75736236572266 49.858238220214844 -1 105.13314819335938 124.15578460693359 -1 143.792724609375 61.489971160888672 -1 143.792724609375 61.489971160888672 -1 134.06515502929688 124.67112731933594 -1 101.71742248535156 62.236179351806641 -1 134.06515502929688 124.67112731933594 -1 105.19563293457031 7.0652647018432617 -1 89.404212951660156 32.664764404296875 -1 117.74269866943359 113.39768218994141 -1 158.79707336425781 122.62973785400391 -1 144.2171630859375 123.70990753173828 -1 134.06515502929688 124.67112731933594 -1 63.288597106933594 201.14271545410156 -1 107.70332336425781 21.422355651855469 -1 142.17910766601562 18.814090728759766 -1 142.17910766601562 18.814090728759766 -1 117.74269866943359 113.39768218994141 -1 158.79707336425781 122.62973785400391 -1 144.2171630859375 123.70990753173828 -1 134.06515502929688 124.67112731933594 -1 140.06016540527344 98.323593139648438 -1 9.7685604095458984 5.2705931663513184 -1 144.70892333984375 31.92024040222168 -1 145.57586669921875 93.576301574707031 -1 132.13960266113281 97.999961853027344 -1 150.97990417480469 149.65928649902344 -1 152.05259704589844 97.411895751953125 -1 152.05259704589844 97.411895751953125 -1 145.57586669921875 93.576301574707031 -1 126.29041290283203 39.56683349609375 -1 132.07586669921875 20.461692810058594 -1 140.06016540527344 98.323593139648438 -1 9.7685604095458984 5.2705931663513184 -1 150.97990417480469 149.65928649902344 -1 137.61653137207031 152.34767150878906 -1 123.71122741699219 97.209884643554688 -1 121.54869079589844 50.023685455322266 -1 118.71350860595703 5.0620784759521484 -1 1.7895447015762329 247.47335815429688 -1 13.097596168518066 245.29621887207031 -1 88.921356201171875 161.03932189941406 -1 250.07638549804688 153.41090393066406 -1 137.61653137207031 152.34767150878906 -1 125.23345947265625 4.7920331954956055 -1 13.097596168518066 245.29621887207031 -1 124.54293060302734 150.78547668457031 -1 162.06594848632812 142.57527160644531 -1 119.03717803955078 104.81937408447266 -1 123.71122741699219 97.209884643554688 -1 125.23345947265625 4.7920331954956055 -1 124.36753082275391 22.10302734375 -1 121.54869079589844 50.023685455322266 -1 153.45895385742188 54.308170318603516 -1 167.25227355957031 54.489471435546875 -1 113.28938293457031 97.892768859863281 -1 118.71350860595703 5.0620784759521484 -1 63.169734954833984 197.50901794433594 -1 172.13899230957031 56.374168395996094 -1 144.2418212890625 40.750064849853516 -1 175.78323364257812 59.778438568115234 -1 172.13899230957031 56.374168395996094 -1 116.78353881835938 27.925537109375 -1 92.828445434570312 36.665615081787109 -1 107.12187957763672 36.608848571777344 -1 111.20308685302734 48.621849060058594 -1 148.71681213378906 53.535972595214844 -1 165.16897583007812 83.820037841796875 -1 219.73463439941406 94.5262451171875 -1 118.52360534667969 99.852272033691406 -1 95.496749877929688 121.23265075683594 -1 86.412490844726562 122.22236633300781 -1 97.895576477050781 128.83772277832031 -1 89.868507385253906 135.13731384277344 -1 240.92626953125 134.77412414550781 -1 172.072265625 152.56526184082031 -1 142.25260925292969 244.21231079101562 -1 2.7694361209869385 248.07293701171875 -1 100.93416595458984 252.41632080078125 -1 64.408599853515625 100.72988128662109 -1 138.83366394042969 28.92692756652832 -1 89.868507385253906 135.13731384277344 -1 114.76377105712891 3.1218984127044678 -1 138.85665893554688 3.8455049991607666 -1 117.59561920166016 6.7503657341003418 -1 141.01567077636719 8.2520723342895508 -1 120.39530181884766 10.775068283081055 -1 138.83366394042969 28.92692756652832 -1 120.39530181884766 10.775068283081055 -1 139.69242858886719 13.962405204772949 -1 107.12187957763672 36.608848571777344 -1 139.69242858886719 13.962405204772949 -1 118.52360534667969 99.852272033691406 -1 95.496749877929688 121.23265075683594 -1 86.412490844726562 122.22236633300781 -1 97.895576477050781 128.83772277832031 -1 129.21852111816406 26.283071517944336 -1 196.25917053222656 49.337108612060547 -1 168.46633911132812 53.408451080322266 -1 53.562110900878906 127.24283599853516 -1 217.1669921875 88.588737487792969 -1 141.66059875488281 126.46018981933594 -1 124.47041320800781 149.59272766113281 -1 138.09246826171875 243.32382202148438 -1 7.3880105018615723 252.97134399414062 -1 106.21011352539062 31.280620574951172 -1 129.21852111816406 26.283071517944336 -1 141.66059875488281 126.46018981933594 -1 107.60968017578125 44.651477813720703 -1 144.49497985839844 8.0447731018066406 -1 140.81985473632812 24.308063507080078 -1 106.21011352539062 31.280620574951172 -1 107.60968017578125 44.651477813720703 -1 168.46633911132812 53.408451080322266 -1 168.46633911132812 53.408451080322266 -1 124.47041320800781 149.59272766113281 -1 90.384773254394531 47.708209991455078 -1 148.43135070800781 22.182989120483398 -1 11.445425033569336 9.5748844146728516 -1 144.49497985839844 8.0447731018066406 -1 131.56794738769531 7.8792552947998047 -1 131.40541076660156 15.027085304260254 -1 120.67262268066406 15.152154922485352 -1 134.62649536132812 14.488492965698242 -1 144.91799926757812 13.929737091064453 -1 105.41075897216797 11.470065116882324 -1 107.13488006591797 8.8208122253417969 -1 111.29073333740234 8.3805179595947266 -1 142.56004333496094 2.8233039379119873 -1 101.27106475830078 2.9072787761688232 -1 93.125877380371094 2.8949782848358154 -1 135.32453918457031 30.857034683227539 -1 140.42741394042969 240.45747375488281 -1 64.699844360351562 191.66691589355469 -1 97.889434814453125 185.48040771484375 -1 93.125877380371094 2.8949782848358154 -1 101.27106475830078 2.9072787761688232 -1 125.09156036376953 182.53623962402344 -1 144.91799926757812 13.929737091064453 -1 134.62649536132812 14.488492965698242 -1 143.02415466308594 17.245283126831055 -1 188.84815979003906 177.49903869628906 -1 134.03770446777344 26.353078842163086 -1 134.03770446777344 26.353078842163086 -1 135.32453918457031 30.857034683227539 -1 91.714897155761719 107.96101379394531 -1 91.714897155761719 107.96101379394531 -1 188.84815979003906 177.49903869628906 -1 121.47024536132812 100.71598052978516 -1 140.33189392089844 52.633411407470703 -1 107.05011749267578 52.045661926269531 -1 84.925323486328125 47.535182952880859 -1 196.34677124023438 44.008941650390625 -1 152.51028442382812 42.439697265625 -1 88.428421020507812 42.512805938720703 -1 144.33236694335938 35.862247467041016 -1 64.699844360351562 191.66691589355469 -1 137.79414367675781 35.886688232421875 -1 95.130699157714844 32.629364013671875 -1 134.03770446777344 26.353078842163086 -1 114.06729888916016 23.669208526611328 -1 143.02415466308594 17.245283126831055 -1 151.42213439941406 253.5352783203125 -1 138.88095092773438 247.33808898925781 -1 142.56004333496094 2.8233039379119873 -1 95.173614501953125 52.354637145996094 -1 
21 0.99984291567280692 0.00079638413726061241 0.0018021639740377646 0.017614254347460889 0.15900219257520898 -0.16864841164890185 3.5247212360544791 1 000020.png
110.37646484375 128.54396057128906 -1 110.37646484375 128.54396057128906 -1 65.769500732421875 14.427071571350098 -1 65.769500732421875 14.427071571350098 -1 157.76304626464844 67.639823913574219 -1 176.51235961914062 97.637611389160156 -1 176.51235961914062 97.637611389160156 -1 176.51235961914062 97.637611389160156 -1 127.59036254882812 78.622200012207031 -1 66.090408325195312 139.90756225585938 -1 57.296894073486328 178.12525939941406 -1 170.521728515625 189.65277099609375 -1 127.59036254882812 78.622200012207031 -1 57.296894073486328 178.12525939941406 -1 127.59036254882812 78.622200012207031 -1 86.285629272460938 80.715805053710938 -1 72.485252380371094 110.58212280273438 -1 137.89239501953125 140.45280456542969 -1 114.57561492919922 175.43266296386719 -1 86.285629272460938 80.715805053710938 -1 86.285629272460938 80.715805053710938 -1 137.89239501953125 140.45280456542969 -1 114.57561492919922 175.43266296386719 -1 132.93513488769531 112.01004791259766 -1 131.94833374023438 63.022426605224609 -1 132.93513488769531 112.01004791259766 -1 132.93513488769531 112.01004791259766 -1 105.11308288574219 116.1402587890625 -1 131.94833374023438 63.022426605224609 -1 153.84759521484375 137.10368347167969 -1 105.11308288574219 116.1402587890625 -1 153.84759521484375 137.10368347167969 -1 112.39028930664062 143.24505615234375 -1 90.801399230957031 146.84799194335938 -1 159.06089782714844 153.688720703125 -1 124.04474639892578 157.61631774902344 -1 112.39028930664062 143.24505615234375 -1 90.801399230957031 146.84799194335938 -1 159.06089782714844 153.688720703125 -1 124.04474639892578 157.61631774902344 -1 118.69905090332031 100.32598114013672 -1 92.40435791015625 102.79312133789062 -1 148.05908203125 110.53551483154297 -1 120.03498840332031 127.00701904296875 -1 90.515754699707031 128.10073852539062 -1 90.515754699707031 128.10073852539062 -1 148.05908203125 110.53551483154297 -1 120.03498840332031 127.00701904296875 -1 123.84214782714844 11.736383438110352 -1 107.83425140380859 22.393033981323242 -1 100.7152099609375 49.657375335693359 -1 146.02262878417969 89.27923583984375 -1 90.930168151855469 114.86975860595703 -1 105.12181854248047 124.28262329101562 -1 141.94148254394531 154.62863159179688 -1 97.745582580566406 160.35554504394531 -1 79.971420288085938 162.33279418945312 -1 153.87582397460938 87.224342346191406 -1 100.7152099609375 49.657375335693359 -1 105.12181854248047 124.28262329101562 -1 79.971420288085938 162.33279418945312 -1 141.94148254394531 154.62863159179688 -1 134.02207946777344 124.66806793212891 -1 134.02207946777344 124.66806793212891 -1 144.2645263671875 123.69783020019531 -1 158.78456115722656 122.59135437011719 -1 101.67521667480469 61.918209075927734 -1 89.226509094238281 32.520057678222656 -1 118.31893157958984 113.284912109375 -1 106.30898284912109 6.7209610939025879 -1 158.78456115722656 122.59135437011719 -1 144.2645263671875 123.69783020019531 -1 134.02207946777344 124.66806793212891 -1 107.89390563964844 160.68766784667969 -1 63.336006164550781 201.24040222167969 -1 101.67521667480469 61.918209075927734 -1 118.31893157958984 113.284912109375 -1 142.39291381835938 18.774351119995117 -1 142.39291381835938 18.774351119995117 -1 134.02207946777344 124.66806793212891 -1 150.38836669921875 117.2470703125 -1 152.05201721191406 97.404830932617188 -1 132.04234313964844 97.7244873046875 -1 145.48497009277344 93.570518493652344 -1 126.37147521972656 39.528293609619141 -1 132.203125 20.532503128051758 -1 150.93461608886719 149.62120056152344 -1 140.02812194824219 98.321136474609375 -1 140.02812194824219 98.321136474609375 -1 150.93461608886719 149.62120056152344 -1 145.48497009277344 93.570518493652344 -1 152.05201721191406 97.404830932617188 -1 144.71463012695312 31.709995269775391 -1 118.80619812011719 4.8310604095458984 -1 121.49240112304688 50.045600891113281 -1 123.70758819580078 97.20123291015625 -1 137.63639831542969 152.32672119140625 -1 124.47438812255859 150.73324584960938 -1 1.3504278659820557 247.46307373046875 -1 28.524768829345703 203.181884765625 -1 119.06623077392578 104.80521392822266 -1 123.70758819580078 97.20123291015625 -1 88.896339416503906 161.20068359375 -1 175.47215270996094 60.255401611328125 -1 167.28388977050781 54.552768707275391 -1 121.49240112304688 50.045600891113281 -1 125.22039794921875 4.6127181053161621 -1 113.27989959716797 97.867057800292969 -1 162.09068298339844 142.60195922851562 -1 137.63639831542969 152.32672119140625 -1 114.90685272216797 50.321247100830078 -1 124.44749450683594 22.147912979125977 -1 118.80619812011719 4.8310604095458984 -1 125.22039794921875 4.6127181053161621 -1 114.90685272216797 50.321247100830078 -1 172.45753479003906 153.09756469726562 -1 144.18333435058594 40.898193359375 -1 172.14018249511719 56.353012084960938 -1 172.14018249511719 56.353012084960938 -1 107.08143615722656 37.407470703125 -1 148.69903564453125 53.523654937744141 -1 164.91813659667969 83.712409973144531 -1 86.399169921875 122.22071838378906 -1 97.757781982421875 128.84880065917969 -1 89.882698059082031 135.1343994140625 -1 72.444961547851562 163.28312683105469 -1 41.385269165039062 164.01541137695312 -1 141.97157287597656 243.98550415039062 -1 100.89676666259766 252.39474487304688 -1 118.65180969238281 99.836601257324219 -1 100.89676666259766 252.39474487304688 -1 95.704025268554688 121.08422088623047 -1 65.547615051269531 192.18478393554688 -1 114.72642517089844 3.2619180679321289 -1 138.78659057617188 3.8268806934356689 -1 141.01802062988281 8.2328968048095703 -1 120.16189575195312 10.750482559204102 -1 148.47560119628906 11.28054141998291 -1 139.48149108886719 13.845932006835938 -1 95.704025268554688 121.08422088623047 -1 65.547615051269531 192.18478393554688 -1 120.16189575195312 10.750482559204102 -1 139.48149108886719 13.845932006835938 -1 107.08143615722656 37.407470703125 -1 138.92680358886719 28.748291015625 -1 118.65180969238281 99.836601257324219 -1 86.399169921875 122.22071838378906 -1 97.757781982421875 128.84880065917969 -1 89.882698059082031 135.1343994140625 -1 91.351593017578125 21.788063049316406 -1 140.63978576660156 24.003725051879883 -1 141.71484375 126.52986145019531 -1 91.029869079589844 120.48488616943359 -1 144.52143859863281 8.0061426162719727 -1 148.5234375 22.1531982421875 -1 131.64820861816406 7.8336658477783203 -1 220.14497375488281 94.215972900390625 -1 124.39923858642578 149.55386352539062 -1 63.692134857177734 101.03532409667969 -1 137.96408081054688 243.25808715820312 -1 116.82365417480469 27.056474685668945 -1 107.55005645751953 44.703529357910156 -1 141.71484375 126.52986145019531 -1 144.52143859863281 8.0061426162719727 -1 144.73881530761719 35.696044921875 -1 124.39923858642578 149.55386352539062 -1 117.32675170898438 7.098330020904541 -1 161.46522521972656 52.950527191162109 -1 78.4578857421875 63.508892059326172 -1 4.334083080291748 6.5066428184509277 -1 156.18763732910156 253.40083312988281 -1 129.33790588378906 26.280101776123047 -1 131.83988952636719 24.171682357788086 -1 113.99227905273438 23.48246955871582 -1 143.06085205078125 17.142402648925781 -1 131.317626953125 14.99232006072998 -1 120.71556091308594 15.099806785583496 -1 134.52955627441406 14.382266998291016 -1 144.99598693847656 13.961551666259766 -1 105.6771240234375 11.84641170501709 -1 133.15626525878906 3.8810791969299316 -1 93.041908264160156 2.9025876522064209 -1 2.8968586921691895 2.553117036819458 -1 112.21381378173828 8.5873699188232422 -1 137.70559692382812 13.152469635009766 -1 67.975547790527344 162.273681640625 -1 121.23204040527344 100.62445831298828 -1 2.8968586921691895 2.553117036819458 -1 117.41040802001953 23.046291351318359 -1 133.15626525878906 3.8810791969299316 -1 144.99598693847656 13.961551666259766 -1 134.52955627441406 14.382266998291016 -1 143.06085205078125 17.142402648925781 -1 131.83988952636719 24.171682357788086 -1 129.33790588378906 26.280101776123047 -1 134.03773498535156 26.365297317504883 -1 134.03773498535156 26.365297317504883 -1 145.146484375 29.415000915527344 -1 135.28028869628906 30.913793563842773 -1 107.16835784912109 52.603092193603516 -1 121.23204040527344 100.62445831298828 -1 196.74992370605469 48.863605499267578 -1 188.908935546875 177.42575073242188 -1 92.281044006347656 47.53973388671875 -1 84.650108337402344 47.596942901611328 -1 83.0439453125 44.835006713867188 -1 86.754638671875 42.514072418212891 -1 83.0439453125 44.835006713867188 -1 137.96023559570312 35.883426666259766 -1 135.28028869628906 30.913793563842773 -1 145.146484375 29.415000915527344 -1 134.03773498535156 26.365297317504883 -1 7.084561824798584 252.8095703125 -1 188.908935546875 177.42575073242188 -1 93.041908264160156 2.9025876522064209 -1 125.10821533203125 182.55758666992188 -1 161.88255310058594 135.81243896484375 -1 105.89433288574219 30.644636154174805 -1 
33 0.99995312216138477 0.004604025078390102 0.0081571595576781179 0.0024529942370153431 -0.16303840540313921 0.34954146419926907 -1.5711487978179961 1 000031.png
109.23108673095703 128.0123291015625 -1 109.23108673095703 128.0123291015625 -1 63.749538421630859 18.813322067260742 -1 63.749538421630859 18.813322067260742 -1 157.63179016113281 67.606903076171875 -1 176.62745666503906 97.585487365722656 -1 176.62745666503906 97.585487365722656 -1 176.62745666503906 97.585487365722656 -1 170.55894470214844 189.652587890625 -1 66.079475402832031 140.06106567382812 -1 57.260036468505859 178.16757202148438 -1 126.697998046875 77.235557556152344 -1 126.697998046875 77.235557556152344 -1 57.260036468505859 178.16757202148438 -1 85.00079345703125 81.506134033203125 -1 72.063125610351562 110.52001190185547 -1 137.91439819335938 140.45841979980469 -1 114.61594390869141 175.43142700195312 -1 85.00079345703125 81.506134033203125 -1 85.00079345703125 81.506134033203125 -1 114.61594390869141 175.43142700195312 -1 137.91439819335938 140.45841979980469 -1 131.36857604980469 63.786472320556641 -1 122.89772796630859 12.012139320373535 -1 131.36857604980469 63.786472320556641 -1 124.03117370605469 157.60487365722656 -1 153.74461364746094 137.1068115234375 -1 124.03117370605469 157.60487365722656 -1 159.03213500976562 153.6943359375 -1 130.44650268554688 140.543212890625 -1 130.44650268554688 140.543212890625 -1 122.89772796630859 12.012139320373535 -1 105.66980743408203 115.91573333740234 -1 159.03213500976562 153.6943359375 -1 132.63638305664062 111.93431854248047 -1 112.53059387207031 143.18962097167969 -1 112.53059387207031 143.18962097167969 -1 105.66980743408203 115.91573333740234 -1 132.63638305664062 111.93431854248047 -1 153.74461364746094 137.1068115234375 -1 90.5496826171875 128.10708618164062 -1 118.60306549072266 100.23651123046875 -1 92.440544128417969 102.8265380859375 -1 147.9913330078125 110.53153228759766 -1 90.5496826171875 128.10708618164062 -1 119.96295166015625 126.99053955078125 -1 147.9913330078125 110.53153228759766 -1 92.440544128417969 102.8265380859375 -1 119.96295166015625 126.99053955078125 -1 79.972640991210938 162.29446411132812 -1 105.05599212646484 124.134521484375 -1 98.154617309570312 49.953125 -1 141.96412658691406 154.79708862304688 -1 97.735404968261719 160.364013671875 -1 79.972640991210938 162.29446411132812 -1 141.96412658691406 154.79708862304688 -1 98.154617309570312 49.953125 -1 106.25725555419922 22.269769668579102 -1 154.06153869628906 87.248725891113281 -1 145.99922180175781 89.296096801757812 -1 90.746017456054688 114.80625152587891 -1 131.86427307128906 97.773849487304688 -1 173.39030456542969 63.389450073242188 -1 118.23945617675781 113.31724548339844 -1 142.30072021484375 18.790317535400391 -1 158.78079223632812 122.63160705566406 -1 173.39030456542969 63.389450073242188 -1 118.23945617675781 113.31724548339844 -1 158.78079223632812 122.63160705566406 -1 144.21505737304688 123.69326019287109 -1 134.11500549316406 125.15167236328125 -1 63.326377868652344 201.3873291015625 -1 144.21505737304688 123.69326019287109 -1 134.11500549316406 125.15167236328125 -1 134.11500549316406 125.15167236328125 -1 134.11500549316406 125.15167236328125 -1 142.30072021484375 18.790317535400391 -1 9.8851585388183594 5.3241457939147949 -1 99.462898254394531 61.3392333984375 -1 10.968202590942383 250.96330261230469 -1 132.19221496582031 20.582256317138672 -1 126.01628875732422 39.595947265625 -1 145.52449035644531 93.570777893066406 -1 152.04203796386719 97.394668579101562 -1 140.06614685058594 98.34405517578125 -1 144.70243835449219 31.846689224243164 -1 99.462898254394531 61.3392333984375 -1 9.8851585388183594 5.3241457939147949 -1 140.06614685058594 98.34405517578125 -1 152.04203796386719 97.394668579101562 -1 145.52449035644531 93.570777893066406 -1 80.617218017578125 92.437477111816406 -1 113.32802581787109 97.893974304199219 -1 123.71646118164062 97.215545654296875 -1 119.04948425292969 104.83299255371094 -1 162.15815734863281 142.54669189453125 -1 172.41232299804688 152.68461608886719 -1 249.97666931152344 153.35073852539062 -1 146.69627380371094 154.67257690429688 -1 88.909263610839844 161.13357543945312 -1 188.62139892578125 187.84573364257812 -1 124.5023193359375 150.44288635253906 -1 13.515475273132324 245.07675170898438 -1 1.4102044105529785 247.51861572265625 -1 125.26425933837891 4.7689003944396973 -1 118.63716125488281 5.0410628318786621 -1 107.736083984375 7.5046882629394531 -1 28.747259140014648 202.40922546386719 -1 103.46833801269531 12.882495880126953 -1 124.47146606445312 22.222833633422852 -1 116.73540496826172 28.014400482177734 -1 88.130805969238281 31.751157760620117 -1 123.71646118164062 97.215545654296875 -1 104.54483795166016 35.770320892333984 -1 121.50656890869141 50.191490173339844 -1 114.46966552734375 50.112468719482422 -1 104.54483795166016 35.770320892333984 -1 104.54483795166016 35.770320892333984 -1 114.46966552734375 50.112468719482422 -1 80.617218017578125 92.437477111816406 -1 125.26425933837891 4.7689003944396973 -1 121.50656890869141 50.191490173339844 -1 167.33120727539062 54.499179840087891 -1 175.41799926757812 60.411773681640625 -1 118.63716125488281 5.0410628318786621 -1 144.17343139648438 40.849212646484375 -1 141.70458984375 244.15367126464844 -1 101.0372314453125 252.49754333496094 -1 141.16073608398438 8.2415637969970703 -1 108.83538818359375 48.895900726318359 -1 172.12051391601562 56.4661865234375 -1 118.66535949707031 99.87847900390625 -1 95.5667724609375 121.17628479003906 -1 86.50787353515625 122.31351470947266 -1 97.947891235351562 128.86209106445312 -1 148.84913635253906 53.457218170166016 -1 45.029857635498047 153.37223815917969 -1 114.12647247314453 4.0396480560302734 -1 138.56782531738281 3.8431954383850098 -1 117.5260009765625 6.8843135833740234 -1 148.51806640625 11.217817306518555 -1 138.97344970703125 18.706954956054688 -1 138.89181518554688 28.862668991088867 -1 108.83538818359375 48.895900726318359 -1 172.12051391601562 56.4661865234375 -1 164.99079895019531 83.834732055664062 -1 67.975318908691406 91.207313537597656 -1 118.66535949707031 99.87847900390625 -1 233.25650024414062 120.22460174560547 -1 95.5667724609375 121.17628479003906 -1 86.50787353515625 122.31351470947266 -1 97.947891235351562 128.86209106445312 -1 89.873756408691406 135.09466552734375 -1 89.873756408691406 135.09466552734375 -1 115.81952667236328 235.47457885742188 -1 196.257080078125 49.42938232421875 -1 161.452880859375 53.005195617675781 -1 144.72184753417969 8.0455598831176758 -1 65.1729736328125 191.95556640625 -1 62.388412475585938 188.94921875 -1 124.39614105224609 149.52871704101562 -1 225.54359436035156 104.27152252197266 -1 63.717693328857422 101.29624938964844 -1 90.396263122558594 36.240074157714844 -1 65.649955749511719 95.840171813964844 -1 151.65225219726562 159.75167846679688 -1 141.72627258300781 126.46695709228516 -1 91.638267517089844 107.72315216064453 -1 220.04219055175781 94.058334350585938 -1 149.75985717773438 99.754325866699219 -1 90.894783020019531 44.860591888427734 -1 131.51576232910156 7.8284339904785156 -1 139.9969482421875 14.335017204284668 -1 148.30830383300781 22.152980804443359 -1 144.33296203613281 22.823286056518555 -1 140.74107360839844 24.249706268310547 -1 104.97496795654297 44.741386413574219 -1 138.16143798828125 243.3359375 -1 124.39614105224609 149.52871704101562 -1 91.638267517089844 107.72315216064453 -1 141.72627258300781 126.46695709228516 -1 151.65225219726562 159.75167846679688 -1 144.72184753417969 8.0455598831176758 -1 144.33296203613281 22.823286056518555 -1 196.257080078125 49.42938232421875 -1 62.388412475585938 188.94921875 -1 65.1729736328125 191.95556640625 -1 168.4544677734375 194.83869934082031 -1 137.94097900390625 35.939033508300781 -1 135.18998718261719 31.014823913574219 -1 134.177978515625 26.542024612426758 -1 113.98809814453125 23.471944808959961 -1 143.0635986328125 17.110183715820312 -1 89.882080078125 2.6929223537445068 -1 117.18672943115234 22.807178497314453 -1 147.56123352050781 3.9379932880401611 -1 111.851318359375 8.5557584762573242 -1 109.96656799316406 10.61634635925293 -1 137.29792785644531 12.918717384338379 -1 144.83601379394531 13.938655853271484 -1 155.99703979492188 52.929771423339844 -1 129.210205078125 26.249975204467773 -1 134.56672668457031 14.409128189086914 -1 109.96656799316406 10.61634635925293 -1 144.83601379394531 13.938655853271484 -1 134.56672668457031 14.409128189086914 -1 143.0635986328125 17.110183715820312 -1 134.177978515625 26.542024612426758 -1 134.177978515625 26.542024612426758 -1 120.65888214111328 15.135233879089355 -1 131.33131408691406 15.061976432800293 -1 188.90428161621094 177.442138671875 -1 121.66903686523438 100.80355834960938 -1 118.58417510986328 97.369369506835938 -1 188.90428161621094 177.442138671875 -1 93.487655639648438 96.969520568847656 -1 95.7152099609375 57.309783935546875 -1 129.210205078125 26.249975204467773 -1 88.340690612792969 47.522174835205078 -1 93.487655639648438 96.969520568847656 -1 84.695350646972656 47.603424072265625 -1 152.51998901367188 42.461639404296875 -1 4.825716495513916 7.3924703598022461 -1 73.794662475585938 252.97251892089844 -1 67.075569152832031 252.87857055664062 -1 7.0394721031188965 252.82670593261719 -1 144.357666015625 35.941616058349609 -1 134.177978515625 26.542024612426758 -1 124.87249755859375 182.59442138671875 -1 131.77388000488281 24.215295791625977 -1 
42 0.99982384824712922 0.0020328482821439387 0.0078366634398803238 0.016933006534379385 -0.21907887291967004 0.21664304033984474 -1.717017688579106 1 000038.png
109.22169494628906 129.50276184082031 -1 109.22169494628906 129.50276184082031 -1 62.441631317138672 16.520164489746094 -1 62.441631317138672 16.520164489746094 -1 157.5889892578125 67.607101440429688 -1 177.033447265625 97.387680053710938 -1 177.033447265625 97.387680053710938 -1 177.033447265625 97.387680053710938 -1 126.35856628417969 77.060089111328125 -1 66.101547241210938 139.79916381835938 -1 57.348567962646484 178.05949401855469 -1 170.5704345703125 189.64093017578125 -1 126.35856628417969 77.060089111328125 -1 57.348567962646484 178.05949401855469 -1 84.577400207519531 81.816261291503906 -1 72.095809936523438 110.75360107421875 -1 137.84846496582031 140.43460083007812 -1 114.82611083984375 175.4228515625 -1 137.84846496582031 140.43460083007812 -1 84.577400207519531 81.816261291503906 -1 84.577400207519531 81.816261291503906 -1 114.82611083984375 175.4228515625 -1 124.0137939453125 157.61528015136719 -1 159.02558898925781 153.7025146484375 -1 112.51008605957031 143.20329284667969 -1 122.87485504150391 12.033893585205078 -1 132.58183288574219 111.82525634765625 -1 105.24292755126953 116.11237335205078 -1 153.58746337890625 137.12355041503906 -1 130.54237365722656 140.51376342773438 -1 105.24292755126953 116.11237335205078 -1 91.089591979980469 146.74534606933594 -1 159.02558898925781 153.7025146484375 -1 124.0137939453125 157.61528015136719 -1 112.51008605957031 143.20329284667969 -1 130.54237365722656 140.51376342773438 -1 153.58746337890625 137.12355041503906 -1 132.58183288574219 111.82525634765625 -1 122.87485504150391 12.033893585205078 -1 91.089591979980469 146.74534606933594 -1 119.97371673583984 126.994873046875 -1 148.05747985839844 110.5419921875 -1 92.454116821289062 102.83570098876953 -1 90.553825378417969 128.10647583007812 -1 148.05747985839844 110.5419921875 -1 92.454116821289062 102.83570098876953 -1 118.50795745849609 100.276123046875 -1 119.97371673583984 126.994873046875 -1 90.553825378417969 128.10647583007812 -1 105.67744445800781 22.333217620849609 -1 96.917755126953125 50.204280853271484 -1 79.970428466796875 162.2958984375 -1 96.917755126953125 50.204280853271484 -1 79.970428466796875 162.2958984375 -1 97.749282836914062 160.36514282226562 -1 141.933349609375 154.69606018066406 -1 105.05795288085938 124.17940521240234 -1 146.13406372070312 89.264778137207031 -1 153.84452819824219 87.247482299804688 -1 141.933349609375 154.69606018066406 -1 90.612831115722656 114.59269714355469 -1 104.8206787109375 102.12727355957031 -1 118.37570190429688 113.27883911132812 -1 158.77873229980469 122.63329315185547 -1 144.23870849609375 123.71817016601562 -1 134.09709167480469 125.13880157470703 -1 63.258029937744141 201.43879699707031 -1 158.77873229980469 122.63329315185547 -1 144.23870849609375 123.71817016601562 -1 134.09709167480469 125.13880157470703 -1 134.09709167480469 125.13880157470703 -1 134.09709167480469 125.13880157470703 -1 184.84953308105469 180.34417724609375 -1 142.25736999511719 18.847530364990234 -1 184.84953308105469 180.34417724609375 -1 118.37570190429688 113.27883911132812 -1 142.25736999511719 18.847530364990234 -1 150.94059753417969 149.65803527832031 -1 152.03231811523438 97.418075561523438 -1 132.1785888671875 20.544567108154297 -1 144.62530517578125 31.970451354980469 -1 125.80200958251953 39.624797821044922 -1 145.52572631835938 93.586212158203125 -1 140.05563354492188 98.35443115234375 -1 11.98908805847168 250.23918151855469 -1 140.05563354492188 98.35443115234375 -1 152.03231811523438 97.418075561523438 -1 145.52572631835938 93.586212158203125 -1 150.94059753417969 149.65803527832031 -1 113.33905792236328 97.930679321289062 -1 123.69926452636719 97.216278076171875 -1 119.07212066650391 104.81877899169922 -1 162.16278076171875 142.60116577148438 -1 124.43682098388672 150.84451293945312 -1 137.67979431152344 152.31591796875 -1 249.58695983886719 152.74810791015625 -1 88.89910888671875 161.21563720703125 -1 28.61448860168457 202.70341491699219 -1 13.323009490966797 245.08404541015625 -1 172.43467712402344 152.86759948730469 -1 125.28160095214844 4.7539682388305664 -1 118.73277282714844 4.9313955307006836 -1 107.50685882568359 7.2247233390808105 -1 124.39463043212891 22.166275024414062 -1 1.3132936954498291 247.41249084472656 -1 116.70391082763672 27.932315826416016 -1 87.4112548828125 31.311965942382812 -1 121.45428466796875 50.142822265625 -1 103.48671722412109 36.19757080078125 -1 125.28160095214844 4.7539682388305664 -1 103.48671722412109 36.19757080078125 -1 13.323009490966797 245.08404541015625 -1 118.73277282714844 4.9313955307006836 -1 103.48671722412109 36.19757080078125 -1 121.45428466796875 50.142822265625 -1 167.33122253417969 54.511295318603516 -1 80.906982421875 92.229507446289062 -1 137.67979431152344 152.31591796875 -1 80.906982421875 92.229507446289062 -1 123.69926452636719 97.216278076171875 -1 144.21162414550781 40.917648315429688 -1 138.93351745605469 18.629337310791016 -1 83.753608703613281 252.31927490234375 -1 127.64338684082031 48.625984191894531 -1 172.10432434082031 56.515113830566406 -1 118.63025665283203 99.874946594238281 -1 86.41461181640625 122.22753143310547 -1 98.030975341796875 128.86123657226562 -1 164.9906005859375 83.995368957519531 -1 83.753608703613281 252.31927490234375 -1 114.60349273681641 3.3420460224151611 -1 138.65908813476562 3.8175277709960938 -1 117.36994171142578 6.987269401550293 -1 141.05056762695312 8.2616901397705078 -1 138.88673400878906 28.825050354003906 -1 107.84923553466797 48.582996368408203 -1 127.64338684082031 48.625984191894531 -1 148.74505615234375 53.673923492431641 -1 172.10432434082031 56.515113830566406 -1 175.870849609375 59.669265747070312 -1 66.963775634765625 94.739585876464844 -1 118.63025665283203 99.874946594238281 -1 86.41461181640625 122.22753143310547 -1 54.431110382080078 127.37480163574219 -1 98.030975341796875 128.86123657226562 -1 89.872428894042969 135.18524169921875 -1 240.99778747558594 135.00071716308594 -1 141.74446105957031 244.51466369628906 -1 101.00467681884766 252.54267883300781 -1 89.872428894042969 135.18524169921875 -1 85.169731140136719 47.702373504638672 -1 104.63041687011719 11.192026138305664 -1 124.38642120361328 149.63812255859375 -1 162.51863098144531 143.84043884277344 -1 95.729103088378906 121.04552459716797 -1 87.400825500488281 24.883800506591797 -1 4.304713249206543 6.3172163963317871 -1 103.72211456298828 44.802890777587891 -1 7.5038375854492188 252.77403259277344 -1 95.729103088378906 121.04552459716797 -1 137.95361328125 243.40560913085938 -1 65.231117248535156 191.99349975585938 -1 196.03677368164062 49.252044677734375 -1 161.70814514160156 53.076339721679688 -1 168.3494873046875 53.575904846191406 -1 79.658454895019531 60.123725891113281 -1 78.458732604980469 64.266380310058594 -1 144.681640625 35.65936279296875 -1 140.90406799316406 24.254949569702148 -1 144.72955322265625 8.0672664642333984 -1 139.94599914550781 14.18034553527832 -1 196.03677368164062 49.252044677734375 -1 168.3494873046875 53.575904846191406 -1 168.3494873046875 53.575904846191406 -1 124.38642120361328 149.63812255859375 -1 65.231117248535156 191.99349975585938 -1 148.37022399902344 22.17314338684082 -1 139.94599914550781 14.18034553527832 -1 11.764617919921875 9.4787702560424805 -1 144.72955322265625 8.0672664642333984 -1 131.67491149902344 7.824920654296875 -1 4.304713249206543 6.3172163963317871 -1 79.384162902832031 91.510940551757812 -1 129.19261169433594 26.40191650390625 -1 131.77098083496094 24.310581207275391 -1 114.06397247314453 23.638847351074219 -1 121.4031982421875 201.03851318359375 -1 8.0927457809448242 8.8014259338378906 -1 144.9716796875 13.948472023010254 -1 134.57113647460938 14.479207038879395 -1 120.66226196289062 15.181715965270996 -1 131.40672302246094 15.067624092102051 -1 79.899101257324219 252.91683959960938 -1 144.9716796875 13.948472023010254 -1 134.57113647460938 14.479207038879395 -1 143.05705261230469 17.151821136474609 -1 131.77098083496094 24.310581207275391 -1 129.19261169433594 26.40191650390625 -1 134.06459045410156 26.326787948608398 -1 134.06459045410156 26.326787948608398 -1 138.9102783203125 247.26239013671875 -1 135.33970642089844 30.885732650756836 -1 188.84811401367188 177.51319885253906 -1 69.541793823242188 186.7664794921875 -1 125.02155303955078 182.55650329589844 -1 188.84811401367188 177.51319885253906 -1 67.946502685546875 162.21731567382812 -1 121.21583557128906 100.65687561035156 -1 79.384162902832031 91.510940551757812 -1 143.05705261230469 17.151821136474609 -1 118.60392761230469 97.547317504882812 -1 160.99851989746094 80.360076904296875 -1 103.53534698486328 53.326480865478516 -1 155.46546936035156 52.489425659179688 -1 111.9542236328125 47.441947937011719 -1 137.8563232421875 35.947544097900391 -1 135.33970642089844 30.885732650756836 -1 134.06459045410156 26.326787948608398 -1 134.06459045410156 26.326787948608398 -1 116.81438446044922 22.703563690185547 -1 192.74322509765625 44.084774017333984 -1 116.81438446044922 22.703563690185547 -1 
43 0.99994915598034728 0.0015397907267355661 0.0073069981043214728 0.0067765977756098989 -0.17565331854002025 0.045777799422427254 0.47347803619579731 1 000039.png
109.29765319824219 128.82742309570312 -1 109.29765319824219 128.82742309570312 -1 62.914962768554688 17.159414291381836 -1 62.914962768554688 17.159414291381836 -1 157.62220764160156 67.588249206542969 -1 177.10357666015625 97.247688293457031 -1 177.10357666015625 97.247688293457031 -1 177.10357666015625 97.247688293457031 -1 170.49101257324219 189.67655944824219 -1 126.54372406005859 77.072021484375 -1 126.54372406005859 77.072021484375 -1 65.9825439453125 140.13442993164062 -1 57.136810302734375 178.14340209960938 -1 57.136810302734375 178.14340209960938 -1 108.08731079101562 143.20675659179688 -1 141.52142333984375 171.39115905761719 -1 114.60853576660156 175.42767333984375 -1 84.92596435546875 81.65374755859375 -1 84.92596435546875 81.65374755859375 -1 108.08731079101562 143.20675659179688 -1 141.52142333984375 171.39115905761719 -1 114.60853576660156 175.42767333984375 -1 84.92596435546875 81.65374755859375 -1 72.14434814453125 110.61498260498047 -1 137.86235046386719 140.44528198242188 -1 137.86235046386719 140.44528198242188 -1 153.67198181152344 137.11122131347656 -1 122.88199615478516 12.022603988647461 -1 132.66641235351562 111.89485931396484 -1 105.26152801513672 116.19752502441406 -1 132.66641235351562 111.89485931396484 -1 130.55455017089844 140.53530883789062 -1 112.70289611816406 143.16249084472656 -1 159.01448059082031 153.69657897949219 -1 123.99338531494141 157.60777282714844 -1 105.26152801513672 116.19752502441406 -1 153.67198181152344 137.11122131347656 -1 130.55455017089844 140.53530883789062 -1 112.70289611816406 143.16249084472656 -1 159.01448059082031 153.69657897949219 -1 123.99338531494141 157.60777282714844 -1 119.96147155761719 126.99440002441406 -1 90.575958251953125 128.12620544433594 -1 148.00083923339844 110.53765106201172 -1 92.418853759765625 102.81700134277344 -1 90.575958251953125 128.12620544433594 -1 90.575958251953125 128.12620544433594 -1 119.96147155761719 126.99440002441406 -1 118.51417541503906 100.29877471923828 -1 92.418853759765625 102.81700134277344 -1 148.00083923339844 110.53765106201172 -1 106.16536712646484 22.259237289428711 -1 153.84623718261719 87.222343444824219 -1 146.06925964355469 89.258621215820312 -1 105.07530975341797 124.14775085449219 -1 141.95584106445312 154.7548828125 -1 97.737495422363281 160.36672973632812 -1 79.954399108886719 162.30215454101562 -1 97.750106811523438 50.232688903808594 -1 97.750106811523438 50.232688903808594 -1 141.95584106445312 154.7548828125 -1 79.954399108886719 162.30215454101562 -1 90.825477600097656 114.61115264892578 -1 142.40701293945312 18.758796691894531 -1 131.87356567382812 97.822105407714844 -1 118.46630096435547 113.23043823242188 -1 142.40701293945312 18.758796691894531 -1 134.0260009765625 124.59288024902344 -1 134.0260009765625 124.59288024902344 -1 134.0260009765625 124.59288024902344 -1 118.46630096435547 113.23043823242188 -1 158.78730773925781 122.62490844726562 -1 144.2391357421875 123.68769836425781 -1 134.0260009765625 124.59288024902344 -1 63.322998046875 201.44052124023438 -1 144.2391357421875 123.68769836425781 -1 158.78730773925781 122.62490844726562 -1 145.49819946289062 93.551490783691406 -1 140.06759643554688 98.332542419433594 -1 107.41046142578125 7.3172965049743652 -1 152.0635986328125 97.387596130371094 -1 140.06759643554688 98.332542419433594 -1 12.09288215637207 250.222412109375 -1 144.69938659667969 31.829690933227539 -1 152.0635986328125 97.387596130371094 -1 132.16078186035156 20.528814315795898 -1 150.90989685058594 149.61993408203125 -1 125.86390686035156 39.665157318115234 -1 145.49819946289062 93.551490783691406 -1 150.90989685058594 149.61993408203125 -1 118.68550872802734 5.0328540802001953 -1 9.8809871673583984 5.9155998229980469 -1 103.04265594482422 13.042662620544434 -1 249.87733459472656 153.0125732421875 -1 88.902870178222656 161.10067749023438 -1 28.699069976806641 202.19419860839844 -1 162.1343994140625 142.55741882324219 -1 119.06870269775391 104.81966400146484 -1 123.70272064208984 97.233360290527344 -1 113.374755859375 97.878707885742188 -1 80.664047241210938 92.634086608886719 -1 175.4642333984375 60.307304382324219 -1 125.24699401855469 4.8598556518554688 -1 245.25302124023438 145.43046569824219 -1 152.96026611328125 54.215244293212891 -1 121.57508850097656 50.128589630126953 -1 114.63494873046875 50.358455657958984 -1 116.71849060058594 27.591508865356445 -1 124.47579193115234 150.87800598144531 -1 80.664047241210938 92.634086608886719 -1 172.40281677246094 152.61102294921875 -1 114.63494873046875 50.358455657958984 -1 121.57508850097656 50.128589630126953 -1 123.70272064208984 97.233360290527344 -1 167.23161315917969 54.484947204589844 -1 125.24699401855469 4.8598556518554688 -1 124.34709167480469 22.194009780883789 -1 146.71040344238281 154.36051940917969 -1 144.06211853027344 40.970619201660156 -1 138.90667724609375 18.713142395019531 -1 139.04951477050781 28.821615219116211 -1 103.77247619628906 36.679534912109375 -1 109.05052185058594 48.898578643798828 -1 172.10385131835938 56.426326751708984 -1 165.39701843261719 83.931533813476562 -1 118.66575622558594 99.79241943359375 -1 86.405326843261719 122.20985412597656 -1 97.876907348632812 128.83380126953125 -1 89.861190795898438 135.19796752929688 -1 115.99153900146484 235.68075561523438 -1 141.76071166992188 244.19728088378906 -1 101.06541442871094 252.41636657714844 -1 148.98707580566406 53.501735687255859 -1 140.83482360839844 8.2928810119628906 -1 101.06541442871094 252.41636657714844 -1 172.343994140625 80.288551330566406 -1 95.676483154296875 121.13234710693359 -1 65.43426513671875 192.10359191894531 -1 114.18922424316406 3.8362472057342529 -1 138.74192810058594 3.8537662029266357 -1 117.45610809326172 6.9661202430725098 -1 139.54310607910156 14.024003982543945 -1 172.343994140625 80.288551330566406 -1 95.676483154296875 121.13234710693359 -1 65.43426513671875 192.10359191894531 -1 139.54310607910156 14.024003982543945 -1 139.04951477050781 28.821615219116211 -1 172.10385131835938 56.426326751708984 -1 118.66575622558594 99.79241943359375 -1 86.405326843261719 122.20985412597656 -1 97.876907348632812 128.83380126953125 -1 89.861190795898438 135.19796752929688 -1 78.114913940429688 64.851356506347656 -1 131.59416198730469 7.8540716171264648 -1 168.38351440429688 53.388835906982422 -1 196.27021789550781 49.4263916015625 -1 104.56509399414062 53.171901702880859 -1 148.40690612792969 22.206140518188477 -1 81.155387878417969 56.677833557128906 -1 141.71066284179688 126.54933166503906 -1 161.35714721679688 52.926753997802734 -1 62.450187683105469 188.88751220703125 -1 149.73202514648438 99.749343872070312 -1 144.61911010742188 8.1150226593017578 -1 164.55894470214844 80.395767211914062 -1 11.567419052124023 9.5234537124633789 -1 141.71066284179688 126.54933166503906 -1 3.5928454399108887 3.8500895500183105 -1 3.5928454399108887 3.8500895500183105 -1 83.414436340332031 44.805850982666016 -1 83.414436340332031 44.805850982666016 -1 196.27021789550781 49.4263916015625 -1 196.27021789550781 49.4263916015625 -1 168.38351440429688 53.388835906982422 -1 168.38351440429688 53.388835906982422 -1 140.93341064453125 24.24395751953125 -1 124.53965759277344 149.50967407226562 -1 124.53965759277344 149.50967407226562 -1 66.905029296875 171.41328430175781 -1 62.450187683105469 188.88751220703125 -1 138.14875793457031 243.37825012207031 -1 83.414436340332031 44.805850982666016 -1 4.639012336730957 7.0995502471923828 -1 3.5928454399108887 3.8500895500183105 -1 145.06484985351562 13.987421035766602 -1 7.9000940322875977 9.0022974014282227 -1 111.83299255371094 8.5170516967773438 -1 142.52510070800781 2.9433410167694092 -1 144.27412414550781 35.883541107177734 -1 114.13689422607422 23.652654647827148 -1 142.52510070800781 2.9433410167694092 -1 145.06484985351562 13.987421035766602 -1 134.06086730957031 26.314113616943359 -1 117.00161743164062 100.65884399414062 -1 134.06086730957031 26.314113616943359 -1 87.072708129882812 42.463523864746094 -1 177.51309204101562 56.211437225341797 -1 117.00161743164062 100.65884399414062 -1 70.347724914550781 252.77760314941406 -1 188.9365234375 177.41447448730469 -1 7.5262517929077148 252.42686462402344 -1 3.5611875057220459 248.86392211914062 -1 129.23149108886719 26.372249603271484 -1 69.582115173339844 186.81118774414062 -1 125.03357696533203 182.55308532714844 -1 188.9365234375 177.41447448730469 -1 121.35575103759766 100.66831207275391 -1 118.61874389648438 97.677604675292969 -1 177.51309204101562 56.211437225341797 -1 84.779594421386719 47.368320465087891 -1 104.14197540283203 44.677478790283203 -1 115.39108276367188 42.406299591064453 -1 137.447998046875 13.00212574005127 -1 87.072708129882812 42.463523864746094 -1 137.88499450683594 36.013858795166016 -1 129.23149108886719 26.372249603271484 -1 135.32795715332031 30.964550018310547 -1 138.75047302246094 247.2640380859375 -1 134.06086730957031 26.314113616943359 -1 143.10357666015625 17.212104797363281 -1 131.50367736816406 15.111566543579102 -1 134.06086730957031 26.314113616943359 -1 151.26666259765625 253.65264892578125 -1 117.00762176513672 22.760402679443359 -1 139.27011108398438 20.523736953735352 -1 
51 0.99980682233155582 0.0022502149259881455 0.0062268742502695623 0.018506231089420778 -0.12055178894936627 0.16897650755200194 -0.66225626974908758 1 000050.png
108.84580230712891 127.65403747558594 -1 108.84580230712891 127.65403747558594 -1 63.858718872070312 20.485267639160156 -1 63.858718872070312 20.485267639160156 -1 157.61427307128906 67.578384399414062 -1 177.19114685058594 97.234115600585938 -1 177.19114685058594 97.234115600585938 -1 177.19114685058594 97.234115600585938 -1 127.16049957275391 78.017326354980469 -1 127.16049957275391 78.017326354980469 -1 65.999366760253906 139.89579772949219 -1 57.335941314697266 178.05088806152344 -1 170.5482177734375 189.63548278808594 -1 50.567291259765625 199.3531494140625 -1 127.16049957275391 78.017326354980469 -1 57.335941314697266 178.05088806152344 -1 84.824913024902344 81.81353759765625 -1 137.81607055664062 140.44361877441406 -1 114.63482666015625 175.4283447265625 -1 114.63482666015625 175.4283447265625 -1 137.81607055664062 140.44361877441406 -1 84.824913024902344 81.81353759765625 -1 84.824913024902344 81.81353759765625 -1 130.49363708496094 140.55242919921875 -1 153.906494140625 137.094970703125 -1 105.3033447265625 116.10254669189453 -1 132.65341186523438 111.91196441650391 -1 130.49363708496094 140.55242919921875 -1 153.906494140625 137.094970703125 -1 105.3033447265625 116.10254669189453 -1 90.972396850585938 146.78718566894531 -1 159.01605224609375 153.69636535644531 -1 132.65341186523438 111.91196441650391 -1 122.86492156982422 12.026775360107422 -1 124.01516723632812 157.61256408691406 -1 112.76570129394531 143.18074035644531 -1 124.01516723632812 157.61256408691406 -1 159.01605224609375 153.69636535644531 -1 90.972396850585938 146.78718566894531 -1 112.76570129394531 143.18074035644531 -1 90.546470642089844 128.115234375 -1 119.97219848632812 127.00753784179688 -1 148.00991821289062 110.54704284667969 -1 92.42205810546875 102.83649444580078 -1 118.50357055664062 100.25184631347656 -1 92.42205810546875 102.83649444580078 -1 148.00991821289062 110.54704284667969 -1 119.97219848632812 127.00753784179688 -1 90.546470642089844 128.115234375 -1 97.752784729003906 160.36442565917969 -1 79.960227966308594 162.30622863769531 -1 79.960227966308594 162.30622863769531 -1 106.35523986816406 22.498291015625 -1 97.840789794921875 49.819789886474609 -1 97.840789794921875 49.819789886474609 -1 153.82077026367188 87.25360107421875 -1 146.17141723632812 89.234512329101562 -1 105.08133697509766 124.09159088134766 -1 141.91134643554688 154.66716003417969 -1 141.91134643554688 154.66716003417969 -1 90.804733276367188 114.57492828369141 -1 99.531867980957031 62.517490386962891 -1 118.391845703125 113.27046966552734 -1 158.78977966308594 122.61311340332031 -1 144.24424743652344 123.71443176269531 -1 134.00547790527344 124.61365509033203 -1 107.85901641845703 160.48965454101562 -1 63.181922912597656 201.29074096679688 -1 134.00547790527344 124.61365509033203 -1 184.38006591796875 180.76713562011719 -1 118.391845703125 113.27046966552734 -1 158.78977966308594 122.61311340332031 -1 144.24424743652344 123.71443176269531 -1 134.00547790527344 124.61365509033203 -1 134.00547790527344 124.61365509033203 -1 184.38006591796875 180.76713562011719 -1 142.40916442871094 18.828811645507812 -1 144.55108642578125 31.890285491943359 -1 87.719642639160156 31.876632690429688 -1 132.17437744140625 20.595251083374023 -1 125.90677642822266 39.649738311767578 -1 150.96493530273438 149.70965576171875 -1 7.655451774597168 13.465544700622559 -1 145.55450439453125 93.605735778808594 -1 152.02751159667969 97.411636352539062 -1 140.05447387695312 98.333816528320312 -1 150.96493530273438 149.70965576171875 -1 140.05447387695312 98.333816528320312 -1 152.02751159667969 97.411636352539062 -1 145.55450439453125 93.605735778808594 -1 104.46534729003906 36.328758239746094 -1 152.51632690429688 54.186695098876953 -1 167.33259582519531 54.507301330566406 -1 80.5784912109375 92.437042236328125 -1 113.34156799316406 97.939529418945312 -1 123.70365142822266 97.237678527832031 -1 119.07078552246094 104.80978393554688 -1 162.1236572265625 142.57279968261719 -1 124.37089538574219 150.79515075683594 -1 249.97642517089844 153.28630065917969 -1 245.085693359375 144.56425476074219 -1 28.926769256591797 201.55230712890625 -1 13.277015686035156 245.77491760253906 -1 88.896247863769531 161.11880493164062 -1 125.22281646728516 4.7793278694152832 -1 118.70603179931641 5.0380878448486328 -1 9.9167547225952148 5.9085850715637207 -1 123.70365142822266 97.237678527832031 -1 107.90660095214844 7.5278811454772949 -1 80.5784912109375 92.437042236328125 -1 104.46534729003906 36.328758239746094 -1 125.22281646728516 4.7793278694152832 -1 103.15135955810547 13.760469436645508 -1 124.27778625488281 22.225959777832031 -1 116.57919311523438 28.008302688598633 -1 118.70603179931641 5.0380878448486328 -1 121.50921630859375 49.991950988769531 -1 172.3748779296875 152.78587341308594 -1 121.50921630859375 49.991950988769531 -1 172.136474609375 56.398757934570312 -1 172.136474609375 56.398757934570312 -1 144.13772583007812 40.994945526123047 -1 95.677009582519531 121.09313201904297 -1 98.637199401855469 128.89067077636719 -1 139.51570129394531 13.930497169494629 -1 96.224456787109375 57.310825347900391 -1 118.60793304443359 99.871940612792969 -1 86.407966613769531 122.21923828125 -1 89.852676391601562 135.23068237304688 -1 95.677009582519531 121.09313201904297 -1 98.637199401855469 128.89067077636719 -1 114.34682464599609 3.5563642978668213 -1 138.7000732421875 3.756540060043335 -1 117.45789337158203 7.0079641342163086 -1 139.51570129394531 13.930497169494629 -1 139.01252746582031 19.042531967163086 -1 138.93937683105469 28.810329437255859 -1 124.63489532470703 32.697517395019531 -1 108.80341339111328 48.725536346435547 -1 148.99569702148438 53.506599426269531 -1 96.224456787109375 57.310825347900391 -1 175.86711120605469 59.658943176269531 -1 165.22506713867188 83.81512451171875 -1 118.60793304443359 99.871940612792969 -1 64.419677734375 100.76287078857422 -1 86.407966613769531 122.21923828125 -1 89.852676391601562 135.23068237304688 -1 72.4847412109375 163.365966796875 -1 62.155586242675781 188.78297424316406 -1 141.73051452636719 244.03089904785156 -1 100.88407897949219 252.43852233886719 -1 141.09780883789062 8.3034753799438477 -1 62.155586242675781 188.78297424316406 -1 124.35027313232422 149.66326904296875 -1 65.842315673828125 95.507926940917969 -1 161.70498657226562 52.846687316894531 -1 84.897377014160156 47.703056335449219 -1 104.76583862304688 44.706764221191406 -1 83.060844421386719 252.56182861328125 -1 117.32328796386719 23.207597732543945 -1 131.71635437011719 7.8283376693725586 -1 144.63491821289062 35.783313751220703 -1 138.11360168457031 243.4666748046875 -1 123.83271026611328 41.720161437988281 -1 65.267646789550781 192.00245666503906 -1 144.48011779785156 8.0408782958984375 -1 148.38021850585938 22.177736282348633 -1 65.267646789550781 192.00245666503906 -1 104.76583862304688 44.706764221191406 -1 84.897377014160156 47.703056335449219 -1 124.35027313232422 149.66326904296875 -1 83.060844421386719 252.56182861328125 -1 140.77445983886719 24.080377578735352 -1 92.331611633300781 53.648311614990234 -1 135.41096496582031 31.007608413696289 -1 134.14181518554688 26.495401382446289 -1 129.29037475585938 26.284879684448242 -1 131.87838745117188 24.225852966308594 -1 114.06250762939453 23.699256896972656 -1 144.40216064453125 23.124332427978516 -1 143.03665161132812 17.193984985351562 -1 123.40103149414062 17.165544509887695 -1 131.43550109863281 15.050816535949707 -1 120.69416046142578 15.188311576843262 -1 134.60710144042969 14.466792106628418 -1 67.009246826171875 252.899658203125 -1 196.58076477050781 48.805374145507812 -1 73.566337585449219 252.82456970214844 -1 151.25140380859375 253.53369140625 -1 89.677970886230469 3.3488357067108154 -1 144.87657165527344 13.915791511535645 -1 7.3400745391845703 252.75727844238281 -1 133.15168762207031 3.8158087730407715 -1 133.15168762207031 3.8158087730407715 -1 144.87657165527344 13.915791511535645 -1 134.60710144042969 14.466792106628418 -1 143.03665161132812 17.193984985351562 -1 144.40216064453125 23.124332427978516 -1 131.87838745117188 24.225852966308594 -1 129.29037475585938 26.284879684448242 -1 3.6943769454956055 248.69422912597656 -1 91.811714172363281 5.8090505599975586 -1 135.41096496582031 31.007608413696289 -1 188.82014465332031 177.52413940429688 -1 111.91493225097656 8.5543861389160156 -1 11.527285575866699 9.4255008697509766 -1 139.09046936035156 247.20149230957031 -1 109.98237609863281 10.862717628479004 -1 134.14181518554688 26.495401382446289 -1 115.73578643798828 42.516361236572266 -1 188.82014465332031 177.52413940429688 -1 137.78077697753906 35.958850860595703 -1 121.18004608154297 100.63880920410156 -1 118.52408599853516 97.473167419433594 -1 79.415435791015625 59.637851715087891 -1 118.42296600341797 33.865268707275391 -1 134.14181518554688 26.495401382446289 -1 155.46456909179688 52.447566986083984 -1 124.947021484375 182.61260986328125 -1 
55 0.98656872743997592 -0.0029512911175930611 -0.0063492590302607925 0.16319657725569051 0.2315509067842528 -0.23501801348591531 -2.4469256023539234 1 000054.png
108.90495300292969 128.5240478515625 -1 108.90495300292969 128.5240478515625 -1 63.867710113525391 20.248346328735352 -1 63.867710113525391 20.248346328735352 -1 157.61468505859375 67.620147705078125 -1 177.45684814453125 97.257057189941406 -1 177.45684814453125 97.257057189941406 -1 177.45684814453125 97.257057189941406 -1 126.97692108154297 77.7872314453125 -1 66.139541625976562 139.83018493652344 -1 57.173347473144531 178.24171447753906 -1 170.48124694824219 189.6873779296875 -1 126.97692108154297 77.7872314453125 -1 126.97692108154297 77.7872314453125 -1 57.173347473144531 178.24171447753906 -1 84.811332702636719 81.77227783203125 -1 72.072853088378906 110.50167083740234 -1 137.89044189453125 140.43095397949219 -1 114.70364379882812 175.41206359863281 -1 137.89044189453125 140.43095397949219 -1 84.811332702636719 81.77227783203125 -1 84.811332702636719 81.77227783203125 -1 114.70364379882812 175.41206359863281 -1 124.03313446044922 157.60096740722656 -1 130.66412353515625 140.4921875 -1 122.85753631591797 12.0196533203125 -1 131.12828063964844 64.240234375 -1 132.67816162109375 111.88835906982422 -1 105.30867767333984 116.07598876953125 -1 153.51164245605469 137.12281799316406 -1 153.51164245605469 137.12281799316406 -1 112.34321594238281 143.17987060546875 -1 159.05543518066406 153.69129943847656 -1 124.03313446044922 157.60096740722656 -1 159.05543518066406 153.69129943847656 -1 112.34321594238281 143.17987060546875 -1 130.66412353515625 140.4921875 -1 105.30867767333984 116.07598876953125 -1 132.67816162109375 111.88835906982422 -1 131.12828063964844 64.240234375 -1 90.544265747070312 128.11642456054688 -1 119.97508239746094 126.97885894775391 -1 148.1517333984375 110.55549621582031 -1 92.4190673828125 102.82402801513672 -1 90.544265747070312 128.11642456054688 -1 148.1517333984375 110.55549621582031 -1 92.4190673828125 102.82402801513672 -1 118.53691101074219 100.25688934326172 -1 119.97508239746094 126.97885894775391 -1 106.28189849853516 22.641866683959961 -1 141.97882080078125 154.85772705078125 -1 97.858489990234375 49.800243377685547 -1 79.972007751464844 162.28231811523438 -1 97.747856140136719 160.33180236816406 -1 141.97882080078125 154.85772705078125 -1 105.06204223632812 123.97011566162109 -1 146.0888671875 89.232322692871094 -1 153.83219909667969 87.201133728027344 -1 97.858489990234375 49.800243377685547 -1 79.972007751464844 162.28231811523438 -1 90.703590393066406 114.56732940673828 -1 158.81185913085938 122.6131591796875 -1 144.2197265625 123.68482971191406 -1 134.08740234375 125.02487945556641 -1 107.87646484375 160.39866638183594 -1 63.327972412109375 201.24754333496094 -1 144.2197265625 123.68482971191406 -1 134.08740234375 125.02487945556641 -1 134.08740234375 125.02487945556641 -1 134.08740234375 125.02487945556641 -1 142.34144592285156 18.762737274169922 -1 131.84049987792969 98.793701171875 -1 118.29405212402344 113.29097747802734 -1 142.34144592285156 18.762737274169922 -1 144.61979675292969 31.828540802001953 -1 99.381271362304688 62.468879699707031 -1 131.84049987792969 98.793701171875 -1 118.29405212402344 113.29097747802734 -1 158.81185913085938 122.6131591796875 -1 132.07752990722656 20.511764526367188 -1 152.03956604003906 97.391845703125 -1 87.822311401367188 31.83057975769043 -1 125.88861846923828 39.645740509033203 -1 145.55073547363281 93.620132446289062 -1 140.05171203613281 98.311820983886719 -1 12.189691543579102 250.10745239257812 -1 150.3870849609375 117.45526885986328 -1 145.55073547363281 93.620132446289062 -1 152.03956604003906 97.391845703125 -1 140.05171203613281 98.311820983886719 -1 114.33494567871094 50.108718872070312 -1 121.36627197265625 50.085609436035156 -1 167.31312561035156 54.497650146484375 -1 175.453369140625 60.309535980224609 -1 80.467926025390625 92.354049682617188 -1 113.34389495849609 97.904914855957031 -1 123.70354461669922 97.198554992675781 -1 119.10218048095703 104.78184509277344 -1 249.93605041503906 153.35758972167969 -1 146.60035705566406 154.75772094726562 -1 88.895820617675781 161.22024536132812 -1 124.54262542724609 150.73138427734375 -1 125.28011322021484 4.7950344085693359 -1 118.81144714355469 4.8368415832519531 -1 107.95919036865234 7.5404796600341797 -1 13.218483924865723 245.40809631347656 -1 103.16194152832031 13.826855659484863 -1 124.4814453125 22.228790283203125 -1 116.57857513427734 27.789531707763672 -1 104.60243988037109 36.394550323486328 -1 13.218483924865723 245.40809631347656 -1 144.1484375 40.541385650634766 -1 80.467926025390625 92.354049682617188 -1 121.36627197265625 50.085609436035156 -1 114.33494567871094 50.108718872070312 -1 123.70354461669922 97.198554992675781 -1 125.28011322021484 4.7950344085693359 -1 109.69324493408203 49.519657135009766 -1 118.81144714355469 4.8368415832519531 -1 172.39804077148438 152.99305725097656 -1 172.09457397460938 56.373210906982422 -1 172.09457397460938 56.373210906982422 -1 138.96485900878906 18.748739242553711 -1 65.963790893554688 192.44664001464844 -1 95.643409729003906 121.11083984375 -1 139.94377136230469 14.10947322845459 -1 127.32737731933594 48.936367034912109 -1 118.60813903808594 99.856796264648438 -1 86.423698425292969 122.208740234375 -1 97.885307312011719 128.85191345214844 -1 89.871421813964844 135.17729187011719 -1 62.313873291015625 188.72517395019531 -1 95.643409729003906 121.11083984375 -1 114.08318328857422 3.9032254219055176 -1 138.94734191894531 3.8726210594177246 -1 117.41958618164062 7.0179572105407715 -1 148.39219665527344 11.308432579040527 -1 139.94377136230469 14.10947322845459 -1 138.9332275390625 28.729446411132812 -1 108.76857757568359 48.869037628173828 -1 127.32737731933594 48.936367034912109 -1 148.90934753417969 53.483104705810547 -1 118.60813903808594 99.856796264648438 -1 232.92817687988281 119.8646240234375 -1 86.423698425292969 122.208740234375 -1 97.885307312011719 128.85191345214844 -1 89.871421813964844 135.17729187011719 -1 162.28384399414062 142.95211791992188 -1 67.265151977539062 170.43418884277344 -1 62.313873291015625 188.72517395019531 -1 65.963790893554688 192.44664001464844 -1 137.92582702636719 243.48391723632812 -1 141.80322265625 244.20127868652344 -1 101.0303955078125 252.48312377929688 -1 118.40980529785156 95.45062255859375 -1 67.625640869140625 90.607734680175781 -1 70.903701782226562 82.553825378417969 -1 79.413284301757812 61.087173461914062 -1 80.9989013671875 57.182991027832031 -1 124.42967224121094 149.51235961914062 -1 144.62142944335938 35.648983001708984 -1 104.72438812255859 44.721061706542969 -1 85.06689453125 47.73065185546875 -1 140.85263061523438 24.206161499023438 -1 161.64923095703125 52.904975891113281 -1 168.3726806640625 53.53900146484375 -1 141.68385314941406 126.50382995605469 -1 91.485786437988281 107.7342529296875 -1 145.11172485351562 13.994365692138672 -1 91.485786437988281 107.7342529296875 -1 141.02470397949219 8.2908649444580078 -1 144.51739501953125 8.0069656372070312 -1 145.11172485351562 13.994365692138672 -1 85.06689453125 47.73065185546875 -1 152.734375 42.412322998046875 -1 168.3726806640625 53.53900146484375 -1 168.3726806640625 53.53900146484375 -1 144.51739501953125 8.0069656372070312 -1 131.56846618652344 7.9260659217834473 -1 4.4239921569824219 6.1156582832336426 -1 141.68385314941406 126.50382995605469 -1 3.3436481952667236 248.4595947265625 -1 124.42967224121094 149.51235961914062 -1 60.451984405517578 109.33338928222656 -1 63.738048553466797 101.09956359863281 -1 142.47274780273438 2.899303674697876 -1 89.62408447265625 3.3154606819152832 -1 112.33049011230469 8.5293283462524414 -1 109.91378021240234 10.660397529602051 -1 137.13667297363281 12.997219085693359 -1 134.57786560058594 14.463681221008301 -1 120.64529418945312 15.184115409851074 -1 131.35617065429688 15.04832935333252 -1 148.37516784667969 22.185148239135742 -1 162.56004333496094 143.896240234375 -1 162.03572082519531 140.04170227050781 -1 121.37732696533203 100.69408416748047 -1 149.60627746582031 100.02890014648438 -1 79.297248840332031 91.322509765625 -1 104.51152801513672 53.587032318115234 -1 94.544105529785156 52.10009765625 -1 196.78596496582031 48.967632293701172 -1 123.76412963867188 41.938304901123047 -1 90.067802429199219 36.456649780273438 -1 137.82798767089844 36.014610290527344 -1 135.3077392578125 31.077669143676758 -1 134.04780578613281 26.398101806640625 -1 117.21311187744141 22.909175872802734 -1 188.90151977539062 177.49769592285156 -1 134.57786560058594 14.463681221008301 -1 117.21311187744141 22.909175872802734 -1 129.1998291015625 26.233066558837891 -1 134.04780578613281 26.398101806640625 -1 134.04780578613281 26.398101806640625 -1 134.04780578613281 26.398101806640625 -1 135.3077392578125 31.077669143676758 -1 69.104782104492188 155.34475708007812 -1 79.297248840332031 91.322509765625 -1 129.1998291015625 26.233066558837891 -1 67.104965209960938 253.0091552734375 -1 117.3697509765625 235.54327392578125 -1 69.670478820800781 186.707763671875 -1 124.93879699707031 182.56419372558594 -1 188.90151977539062 177.49769592285156 -1 142.47274780273438 2.899303674697876 -1 114.27664184570312 23.755001068115234 -1 
70 0.99981766294827978 0.0011592249406316112 0.0039316399584421223 0.018650449362264628 -0.0073172878151383835 -0.0059972208937799894 1.2377154606219769 1 000070.png
108.72779083251953 128.27627563476562 -1 108.72779083251953 128.27627563476562 -1 63.827278137207031 20.24468994140625 -1 63.827278137207031 20.24468994140625 -1 157.61997985839844 67.598472595214844 -1 176.51325988769531 97.436210632324219 -1 176.51325988769531 97.436210632324219 -1 176.51325988769531 97.436210632324219 -1 126.87412261962891 77.185104370117188 -1 66.076972961425781 139.85429382324219 -1 57.250865936279297 178.12901306152344 -1 170.54275512695312 189.64767456054688 -1 126.87412261962891 77.185104370117188 -1 57.250865936279297 178.12901306152344 -1 84.796485900878906 81.754104614257812 -1 72.142066955566406 110.54927062988281 -1 137.85025024414062 140.42658996582031 -1 114.70911407470703 175.41291809082031 -1 137.85025024414062 140.42658996582031 -1 84.796485900878906 81.754104614257812 -1 84.796485900878906 81.754104614257812 -1 114.70911407470703 175.41291809082031 -1 124.04823303222656 157.60197448730469 -1 159.024169921875 153.68954467773438 -1 112.71829986572266 143.16450500488281 -1 122.86390686035156 12.040236473083496 -1 132.66448974609375 111.86710357666016 -1 105.25302886962891 116.13111877441406 -1 153.77362060546875 137.11808776855469 -1 130.55508422851562 140.5064697265625 -1 105.25302886962891 116.13111877441406 -1 90.957618713378906 146.7496337890625 -1 159.024169921875 153.68954467773438 -1 124.04823303222656 157.60197448730469 -1 112.71829986572266 143.16450500488281 -1 130.55508422851562 140.5064697265625 -1 153.77362060546875 137.11808776855469 -1 132.66448974609375 111.86710357666016 -1 90.957618713378906 146.7496337890625 -1 148.15390014648438 110.54723358154297 -1 92.417129516601562 102.84214019775391 -1 90.581260681152344 128.10562133789062 -1 148.15390014648438 110.54723358154297 -1 92.417129516601562 102.84214019775391 -1 118.55519104003906 100.23905181884766 -1 119.97733306884766 126.98702239990234 -1 90.581260681152344 128.10562133789062 -1 119.97733306884766 126.98702239990234 -1 106.36794281005859 22.584968566894531 -1 97.871574401855469 49.754371643066406 -1 79.9495849609375 162.30148315429688 -1 97.871574401855469 49.754371643066406 -1 79.9495849609375 162.30148315429688 -1 97.744483947753906 160.34703063964844 -1 141.91307067871094 154.69306945800781 -1 105.04390716552734 124.13726043701172 -1 146.11866760253906 89.242279052734375 -1 153.91941833496094 87.240615844726562 -1 141.91307067871094 154.69306945800781 -1 90.745849609375 114.52589416503906 -1 118.36524200439453 113.29325103759766 -1 158.79960632324219 122.64020538330078 -1 144.24118041992188 123.70108795166016 -1 134.10311889648438 125.13985443115234 -1 107.87925720214844 160.57673645019531 -1 63.347194671630859 201.46186828613281 -1 158.79960632324219 122.64020538330078 -1 144.24118041992188 123.70108795166016 -1 134.10311889648438 125.13985443115234 -1 134.10311889648438 125.13985443115234 -1 134.10311889648438 125.13985443115234 -1 118.36524200439453 113.29325103759766 -1 142.46347045898438 18.777875900268555 -1 144.79237365722656 31.826519012451172 -1 99.567413330078125 62.675762176513672 -1 105.07318878173828 102.20286560058594 -1 150.95365905761719 149.68154907226562 -1 132.18032836914062 20.599025726318359 -1 125.86824798583984 39.659961700439453 -1 145.55914306640625 93.573867797851562 -1 152.05790710449219 97.382522583007812 -1 140.07171630859375 98.323104858398438 -1 140.07171630859375 98.323104858398438 -1 152.05790710449219 97.382522583007812 -1 145.55914306640625 93.573867797851562 -1 150.95365905761719 149.68154907226562 -1 175.41415405273438 60.410957336425781 -1 80.506988525390625 92.430717468261719 -1 113.36663818359375 97.9195556640625 -1 123.70779418945312 97.200218200683594 -1 119.07194519042969 104.80660247802734 -1 162.15962219238281 142.56022644042969 -1 124.48429107666016 150.701171875 -1 250.18013000488281 153.47474670410156 -1 88.912620544433594 161.25849914550781 -1 28.660572052001953 202.48283386230469 -1 13.308864593505859 245.31227111816406 -1 1.4830961227416992 247.41719055175781 -1 125.20573425292969 4.6916089057922363 -1 87.865020751953125 31.947385787963867 -1 118.76004028320312 4.8977065086364746 -1 107.94632720947266 7.4815902709960938 -1 103.16819000244141 13.737186431884766 -1 124.39560699462891 22.204784393310547 -1 118.76004028320312 4.8977065086364746 -1 125.20573425292969 4.6916089057922363 -1 116.69696807861328 27.615518569946289 -1 114.92182922363281 49.919551849365234 -1 121.46598052978516 50.098945617675781 -1 13.308864593505859 245.31227111816406 -1 167.32200622558594 54.426048278808594 -1 123.70779418945312 97.200218200683594 -1 80.506988525390625 92.430717468261719 -1 121.46598052978516 50.098945617675781 -1 114.92182922363281 49.919551849365234 -1 97.865837097167969 128.84449768066406 -1 89.906356811523438 135.1536865234375 -1 172.08120727539062 152.55818176269531 -1 141.43406677246094 244.16055297851562 -1 101.11713409423828 252.49894714355469 -1 89.906356811523438 135.1536865234375 -1 104.33697509765625 36.948955535888672 -1 104.33697509765625 36.948955535888672 -1 91.859886169433594 53.040477752685547 -1 172.03656005859375 56.523208618164062 -1 118.60763549804688 99.893348693847656 -1 86.386573791503906 122.24708557128906 -1 97.865837097167969 128.84449768066406 -1 114.19637298583984 3.6832616329193115 -1 138.64717102050781 3.7959628105163574 -1 117.49758148193359 7.0021438598632812 -1 141.35610961914062 8.2154808044433594 -1 148.70001220703125 11.350418090820312 -1 139.08622741699219 28.78913688659668 -1 104.33697509765625 36.948955535888672 -1 108.62721252441406 48.791397094726562 -1 148.85882568359375 53.420097351074219 -1 172.03656005859375 56.523208618164062 -1 66.443145751953125 95.356269836425781 -1 118.60763549804688 99.893348693847656 -1 86.386573791503906 122.24708557128906 -1 54.33587646484375 127.84953308105469 -1 104.74925994873047 44.737453460693359 -1 95.72705078125 120.98421478271484 -1 63.938240051269531 100.68133544921875 -1 141.7100830078125 126.53733825683594 -1 138.12820434570312 243.29277038574219 -1 65.279319763183594 192.01852416992188 -1 124.35020446777344 149.50971984863281 -1 149.91395568847656 99.718124389648438 -1 214.57115173339844 83.995132446289062 -1 148.37019348144531 22.204158782958984 -1 83.365798950195312 44.82843017578125 -1 85.134872436523438 47.809501647949219 -1 67.518157958984375 90.699119567871094 -1 168.35404968261719 53.410423278808594 -1 195.90478515625 49.371440887451172 -1 140.67256164550781 24.05705451965332 -1 118.19340515136719 33.737598419189453 -1 144.732177734375 35.676376342773438 -1 141.7100830078125 126.53733825683594 -1 95.72705078125 120.98421478271484 -1 143.44711303710938 17.24287223815918 -1 144.732177734375 35.676376342773438 -1 104.74925994873047 44.737453460693359 -1 83.365798950195312 44.82843017578125 -1 195.90478515625 49.371440887451172 -1 168.35404968261719 53.410423278808594 -1 168.35404968261719 53.410423278808594 -1 124.35020446777344 149.50971984863281 -1 65.279319763183594 192.01852416992188 -1 139.97901916503906 14.186532974243164 -1 131.63333129882812 7.8723053932189941 -1 152.7327880859375 42.505947113037109 -1 137.73292541503906 35.884311676025391 -1 135.24957275390625 31.048688888549805 -1 123.00677490234375 17.401058197021484 -1 120.70832824707031 15.179648399353027 -1 90.984886169433594 120.59867858886719 -1 96.221138000488281 3.0402350425720215 -1 89.756454467773438 3.2821235656738281 -1 133.2330322265625 3.8784604072570801 -1 144.41188049316406 23.027704238891602 -1 111.97276306152344 8.5157175064086914 -1 129.25038146972656 26.316875457763672 -1 8.0384626388549805 8.9922943115234375 -1 110.04909515380859 10.718540191650391 -1 116.88343811035156 22.717002868652344 -1 96.221138000488281 3.0402350425720215 -1 133.2330322265625 3.8784604072570801 -1 144.94140625 13.999314308166504 -1 134.57522583007812 14.502976417541504 -1 135.24957275390625 31.048688888549805 -1 116.99742889404297 100.74214172363281 -1 92.115432739257812 108.05850219726562 -1 144.94140625 13.999314308166504 -1 134.57522583007812 14.502976417541504 -1 131.39639282226562 14.997721672058105 -1 129.25038146972656 26.316875457763672 -1 138.99552917480469 247.13482666015625 -1 124.98238372802734 182.55436706542969 -1 188.92933654785156 177.39213562011719 -1 92.115432739257812 108.05850219726562 -1 116.99742889404297 100.74214172363281 -1 121.46468353271484 100.69620513916016 -1 188.92933654785156 177.39213562011719 -1 118.57579040527344 97.332244873046875 -1 160.75079345703125 80.429405212402344 -1 162.56349182128906 52.626377105712891 -1 140.37095642089844 52.403285980224609 -1 170.31094360351562 253.52033996582031 -1 74.111526489257812 252.83427429199219 -1 70.388236999511719 252.82684326171875 -1 66.710784912109375 252.9600830078125 -1 144.41188049316406 23.027704238891602 -1 114.00455474853516 23.783313751220703 -1 
74 0.98503288176793313 -0.003079949784473996 -0.0064798293473915334 0.17221715233075663 0.19620306303365073 -0.12385139875436743 -5.0316835080635416 1 000071.png
108.76408386230469 128.20437622070312 -1 108.76408386230469 128.20437622070312 -1 63.821205139160156 20.278240203857422 -1 63.821205139160156 20.278240203857422 -1 157.62094116210938 67.604637145996094 -1 176.77859497070312 97.455543518066406 -1 176.77859497070312 97.455543518066406 -1 176.77859497070312 97.455543518066406 -1 126.94371032714844 77.77099609375 -1 66.0948486328125 139.73713684082031 -1 57.136734008789062 178.12567138671875 -1 170.65777587890625 189.64083862304688 -1 57.136734008789062 178.12567138671875 -1 126.94371032714844 77.77099609375 -1 126.94371032714844 77.77099609375 -1 84.823532104492188 81.827362060546875 -1 72.033348083496094 110.75939178466797 -1 137.88363647460938 140.433349609375 -1 114.65811920166016 175.43130493164062 -1 84.823532104492188 81.827362060546875 -1 84.823532104492188 81.827362060546875 -1 137.88363647460938 140.433349609375 -1 114.65811920166016 175.43130493164062 -1 130.52737426757812 140.51765441894531 -1 153.53019714355469 137.13191223144531 -1 91.136856079101562 146.714599609375 -1 112.40660858154297 143.18537902832031 -1 159.06138610839844 153.6951904296875 -1 124.02793884277344 157.59855651855469 -1 124.02793884277344 157.59855651855469 -1 159.06138610839844 153.6951904296875 -1 91.136856079101562 146.714599609375 -1 112.40660858154297 143.18537902832031 -1 130.52737426757812 140.51765441894531 -1 105.30803680419922 116.12773895263672 -1 132.63517761230469 111.90995788574219 -1 122.87652587890625 12.021393775939941 -1 132.63517761230469 111.90995788574219 -1 105.30803680419922 116.12773895263672 -1 153.53019714355469 137.13191223144531 -1 119.981201171875 126.9796142578125 -1 118.55281066894531 100.24057006835938 -1 92.411399841308594 102.83634948730469 -1 148.08583068847656 110.53281402587891 -1 90.540130615234375 128.12112426757812 -1 148.08583068847656 110.53281402587891 -1 119.981201171875 126.9796142578125 -1 90.540130615234375 128.12112426757812 -1 92.411399841308594 102.83634948730469 -1 97.867996215820312 50.033363342285156 -1 153.66670227050781 87.220649719238281 -1 105.05345153808594 124.02915191650391 -1 141.92387390136719 154.79432678222656 -1 97.739349365234375 160.35769653320312 -1 79.947052001953125 162.29705810546875 -1 106.31403350830078 22.541666030883789 -1 146.15643310546875 89.200050354003906 -1 141.92387390136719 154.79432678222656 -1 79.947052001953125 162.29705810546875 -1 97.867996215820312 50.033363342285156 -1 90.679039001464844 114.68605041503906 -1 144.22860717773438 123.68321228027344 -1 134.11311340332031 125.031494140625 -1 63.236671447753906 201.42129516601562 -1 142.30131530761719 18.818943023681641 -1 118.20629119873047 113.22672271728516 -1 142.30131530761719 18.818943023681641 -1 99.463722229003906 62.722770690917969 -1 131.994873046875 98.616012573242188 -1 118.20629119873047 113.22672271728516 -1 158.78860473632812 122.62721252441406 -1 144.22860717773438 123.68321228027344 -1 134.11311340332031 125.031494140625 -1 134.11311340332031 125.031494140625 -1 134.11311340332031 125.031494140625 -1 158.78860473632812 122.62721252441406 -1 152.0540771484375 97.399444580078125 -1 150.96247863769531 149.67642211914062 -1 140.09054565429688 98.346733093261719 -1 152.0540771484375 97.399444580078125 -1 125.90261077880859 39.680744171142578 -1 132.13714599609375 20.512556076049805 -1 145.53038024902344 93.556663513183594 -1 150.96247863769531 149.67642211914062 -1 144.71211242675781 31.845293045043945 -1 140.09054565429688 98.346733093261719 -1 145.53038024902344 93.556663513183594 -1 104.58209228515625 36.294300079345703 -1 121.49308013916016 50.036846160888672 -1 152.90447998046875 54.287734985351562 -1 167.2017822265625 54.548564910888672 -1 123.69116973876953 97.196205139160156 -1 119.05035400390625 104.81508636474609 -1 121.49308013916016 50.036846160888672 -1 123.69116973876953 97.196205139160156 -1 137.60737609863281 152.55430603027344 -1 13.222604751586914 245.31822204589844 -1 113.35806274414062 97.908470153808594 -1 162.12559509277344 142.55400085449219 -1 125.28648376464844 4.7222270965576172 -1 118.83248901367188 4.7932348251342773 -1 11.231497764587402 250.96873474121094 -1 13.222604751586914 245.31822204589844 -1 28.6055908203125 202.65940856933594 -1 9.8669605255126953 5.9511651992797852 -1 88.894363403320312 161.121826171875 -1 250.07809448242188 153.26287841796875 -1 137.60737609863281 152.55430603027344 -1 124.49362945556641 150.74038696289062 -1 107.90709686279297 7.5774202346801758 -1 118.83248901367188 4.7932348251342773 -1 103.06625366210938 13.75605583190918 -1 125.28648376464844 4.7222270965576172 -1 124.34609222412109 22.24888801574707 -1 87.960906982421875 31.785938262939453 -1 116.62715148925781 27.734500885009766 -1 138.89321899414062 18.705339431762695 -1 80.394317626953125 92.150177001953125 -1 175.79571533203125 59.768566131591797 -1 80.394317626953125 92.150177001953125 -1 89.578140258789062 36.95819091796875 -1 108.91191101074219 48.688785552978516 -1 148.64820861816406 53.438884735107422 -1 172.07876586914062 56.501110076904297 -1 219.74833679199219 94.636634826660156 -1 118.63338470458984 99.911376953125 -1 86.500205993652344 122.32337951660156 -1 97.907623291015625 128.8443603515625 -1 89.86962890625 135.16250610351562 -1 172.16976928710938 152.51435852050781 -1 141.70982360839844 244.099365234375 -1 2.4115109443664551 247.98170471191406 -1 100.94363403320312 252.45878601074219 -1 89.86962890625 135.16250610351562 -1 95.713211059570312 121.08707427978516 -1 65.445854187011719 192.11279296875 -1 138.73611450195312 3.6659173965454102 -1 114.08625030517578 3.9171504974365234 -1 139.67179870605469 14.029989242553711 -1 95.713211059570312 121.08707427978516 -1 65.445854187011719 192.11279296875 -1 139.67179870605469 14.029989242553711 -1 172.07876586914062 56.501110076904297 -1 138.90512084960938 28.835512161254883 -1 118.63338470458984 99.911376953125 -1 86.500205993652344 122.32337951660156 -1 97.907623291015625 128.8443603515625 -1 140.701416015625 24.083965301513672 -1 138.26756286621094 243.40850830078125 -1 85.638587951660156 41.842674255371094 -1 104.72944641113281 44.72412109375 -1 117.13629913330078 7.2747387886047363 -1 131.73051452636719 7.8276114463806152 -1 85.054313659667969 47.796730041503906 -1 129.30604553222656 26.248004913330078 -1 125.33458709716797 3.6075916290283203 -1 125.33458709716797 3.6075916290283203 -1 141.7120361328125 126.47889709472656 -1 132.15159606933594 11.500694274902344 -1 141.10906982421875 8.3115596771240234 -1 161.64230346679688 52.871452331542969 -1 65.851951599121094 95.564582824707031 -1 63.627719879150391 101.32018280029297 -1 148.17691040039062 22.0286865234375 -1 129.30604553222656 26.248004913330078 -1 59.677940368652344 111.96957397460938 -1 141.7120361328125 126.47889709472656 -1 144.56535339355469 8.0496559143066406 -1 132.15159606933594 11.500694274902344 -1 85.638587951660156 41.842674255371094 -1 104.72944641113281 44.72412109375 -1 85.054313659667969 47.796730041503906 -1 124.32913970947266 149.49946594238281 -1 62.503883361816406 188.94715881347656 -1 144.56535339355469 8.0496559143066406 -1 53.4676513671875 127.72407531738281 -1 124.32913970947266 149.49946594238281 -1 67.128738403320312 170.78839111328125 -1 62.503883361816406 188.94715881347656 -1 120.67188262939453 15.173481941223145 -1 134.52801513671875 14.411144256591797 -1 145.11312866210938 14.048057556152344 -1 8.1104907989501953 8.73614501953125 -1 112.16041564941406 8.5598955154418945 -1 15.446632385253906 3.94915771484375 -1 89.782966613769531 3.3442742824554443 -1 5.5882573127746582 2.1642642021179199 -1 131.41496276855469 15.034928321838379 -1 141.85440063476562 1.0014870166778564 -1 70.332244873046875 252.82139587402344 -1 7.1497220993041992 252.9962158203125 -1 139.00320434570312 247.17901611328125 -1 147.88864135742188 239.96980285644531 -1 124.95877838134766 182.56196594238281 -1 141.85440063476562 1.0014870166778564 -1 2.8326809406280518 2.0329294204711914 -1 2.8326809406280518 2.0329294204711914 -1 188.84944152832031 177.45497131347656 -1 134.52801513671875 14.411144256591797 -1 143.01856994628906 17.159158706665039 -1 162.02902221679688 140.20547485351562 -1 134.13829040527344 26.573537826538086 -1 134.13829040527344 26.573537826538086 -1 134.13829040527344 26.573537826538086 -1 135.23231506347656 30.950672149658203 -1 121.19562530517578 100.61082458496094 -1 85.901260375976562 44.734527587890625 -1 160.88117980957031 80.364822387695312 -1 188.84944152832031 177.45497131347656 -1 75.847076416015625 68.768943786621094 -1 81.169700622558594 55.446891784667969 -1 144.26780700683594 22.99873161315918 -1 196.35069274902344 48.703907012939453 -1 85.901260375976562 44.734527587890625 -1 83.083793640136719 44.849205017089844 -1 83.083793640136719 44.849205017089844 -1 152.74929809570312 42.489501953125 -1 144.61006164550781 35.782806396484375 -1 144.26780700683594 22.99873161315918 -1 143.01856994628906 17.159158706665039 -1 137.81103515625 35.848114013671875 -1 135.23231506347656 30.950672149658203 -1 134.13829040527344 26.573537826538086 -1 114.12914276123047 23.684268951416016 -1 123.47825622558594 17.07557487487793 -1 145.11312866210938 14.048057556152344 -1 167.76986694335938 253.75808715820312 -1 
