# Image list with two lines of data per image:
#   IMAGE_ID, QW, QX, QY, QZ, TX, TY, TZ, CAMERA_ID, NAME
#   POINTS2D[] as (X, Y, POINT3D_ID)
# Number of images: 3, mean observations per image: 57
122 0.99968708583806076 0.02298356226783144 0.0098207931184573147 -0.0010189684052705514 -0.037090978856914321 -0.11218137861453382 0.0045497041211218035 1 000122.png
216.63124084472656 102.97711181640625 101 144.71224975585938 35.683815002441406 -1 120.2364501953125 91.752662658691406 -1 45.232662200927734 153.557373046875 2 45.232662200927734 153.557373046875 1 195.0523681640625 137.25654602050781 52 220.48139953613281 81.024795532226562 -1 162.17356872558594 171.59841918945312 53 99.67120361328125 202.40420532226562 54 147.8189697265625 208.08673095703125 55 122.30325317382812 210.53958129882812 6 107.392578125 227.08760070800781 56 99.67120361328125 202.40420532226562 3 107.392578125 227.08760070800781 -1 99.898605346679688 175.09440612792969 -1 156.21365356445312 35.429389953613281 -1 99.898605346679688 175.09440612792969 -1 127.26799774169922 14.371689796447754 -1 141.36489868164062 153.66061401367188 58 116.51815795898438 25.08935546875 -1 98.005523681640625 28.985546112060547 -1 167.67770385742188 79.850914001464844 -1 106.23900604248047 124.70110321044922 60 25.196893692016602 142.58724975585938 -1 109.01155090332031 146.75862121582031 -1 169.08198547363281 149.04969787597656 9 180.60214233398438 162.90396118164062 8 155.87367248535156 192.33184814453125 61 176.45492553710938 69.339065551757812 -1 167.67770385742188 79.850914001464844 -1 169.08198547363281 149.04969787597656 62 177.8162841796875 215.04197692871094 -1 113.34973907470703 222.405517578125 -1 183.96836853027344 61.826778411865234 -1 151.47581481933594 120.90634918212891 -1 78.3406982421875 140.14204406738281 12 178.42759704589844 151.63861083984375 13 86.426887512207031 154.41740417480469 63 93.306312561035156 161.08120727539062 64 64.499649047851562 163.15470886230469 -1 145.14796447753906 177.02755737304688 -1 151.19769287109375 203.1888427734375 -1 177.8162841796875 215.04197692871094 -1 146.93559265136719 242.89547729492188 -1 151.47581481933594 120.90634918212891 -1 178.42759704589844 151.63861083984375 65 93.306312561035156 161.08120727539062 66 151.19769287109375 203.1888427734375 67 154.18588256835938 91.05181884765625 -1 94.531982421875 214.51039123535156 -1 22.097734451293945 141.19132995605469 26 156.68000793457031 78.80712890625 -1 59.79229736328125 147.32386779785156 -1 149.72335815429688 183.5626220703125 69 156.72702026367188 129.09666442871094 -1 151.77365112304688 103.67337799072266 -1 112.57933044433594 203.11808776855469 70 133.34671020507812 207.79475402832031 -1 112.57933044433594 203.11808776855469 16 149.72335815429688 183.5626220703125 -1 156.72702026367188 129.09666442871094 -1 100.28388977050781 223.87904357910156 -1 175.53224182128906 66.035263061523438 -1 193.66273498535156 54.54595947265625 71 169.56840515136719 52.179424285888672 -1 122.96872711181641 8.8350887298583984 -1 104.74763488769531 234.03619384765625 -1 104.74763488769531 234.03619384765625 -1 217.88101196289062 102.42900085449219 -1 162.72285461425781 187.2994384765625 15 161.91679382324219 199.48126220703125 73 142.42866516113281 207.43586730957031 -1 124.68049621582031 213.86430358886719 74 166.7286376953125 35.885105133056641 -1 134.01629638671875 220.06594848632812 -1 197.80116271972656 50.547313690185547 -1 197.80116271972656 50.547313690185547 -1 164.70448303222656 142.15977478027344 75 101.40982818603516 63.046516418457031 -1 161.61367797851562 92.000984191894531 -1 124.11170196533203 177.69938659667969 -1 82.307106018066406 146.54823303222656 76 82.307106018066406 146.54823303222656 25 174.82730102539062 95.742721557617188 -1 168.74430847167969 91.990753173828125 -1 168.74430847167969 91.990753173828125 -1 174.82730102539062 95.742721557617188 -1 106.21533203125 106.11418914794922 41 232.71925354003906 113.62284088134766 77 17.264806747436523 131.24717712402344 27 136.42170715332031 227.13125610351562 -1 164.70448303222656 142.15977478027344 78 82.307106018066406 146.54823303222656 23 188.24256896972656 165.76460266113281 -1 242.30082702636719 96.745323181152344 -1 161.61367797851562 92.000984191894531 -1 124.11170196533203 177.69938659667969 -1 124.68049621582031 213.86430358886719 -1 103.55101013183594 51.2353515625 -1 189.961669921875 62.608692169189453 -1 156.37138366699219 63.063945770263672 -1 169.9105224609375 63.186305999755859 -1 92.657035827636719 75.282005310058594 -1 205.74349975585938 84.556571960449219 79 239.14993286132812 89.403434753417969 -1 208.10629272460938 92.209609985351562 -1 70.04168701171875 92.477119445800781 39 179.93594360351562 94.412666320800781 -1 211.84236145019531 97.01312255859375 -1 51.966133117675781 106.51814270019531 -1 55.921810150146484 108.19130706787109 34 247.96588134765625 111.22941589355469 -1 221.46463012695312 111.55978393554688 -1 164.14529418945312 117.28822326660156 -1 101.91565704345703 119.66046142578125 81 22.118144989013672 134.217041015625 35 74.913604736328125 134.44926452636719 36 187.47882080078125 181.859375 -1 168.74565124511719 184.91213989257812 82 139.04864501953125 209.84954833984375 -1 155.34117126464844 219.65071105957031 -1 46.735591888427734 110.24734497070312 83 96.812362670898438 11.027563095092773 -1 110.36244201660156 24.461015701293945 -1 121.85190582275391 27.168882369995117 -1 160.06179809570312 30.923250198364258 -1 177.56349182128906 41.977333068847656 -1 156.37138366699219 63.063945770263672 -1 205.74349975585938 84.556571960449219 85 55.921810150146484 108.19130706787109 38 187.47882080078125 181.859375 -1 168.74565124511719 184.91213989257812 86 234.78485107421875 90.455375671386719 -1 217.53202819824219 103.79795837402344 -1 105.60073089599609 116.42791748046875 87 4.051755428314209 117.73731231689453 28 240.6842041015625 117.96849060058594 -1 149.59292602539062 84.882400512695312 -1 100.41785430908203 123.99610900878906 88 105.98423767089844 131.45790100097656 89 189.40629577636719 179.70571899414062 -1 34.071964263916016 181.04705810546875 -1 77.873390197753906 86.91156005859375 90 166.07704162597656 205.35624694824219 -1 48.012741088867188 206.56027221679688 -1 160.33206176757812 219.50552368164062 -1 105.98423767089844 131.45790100097656 91 177.26191711425781 196.80552673339844 92 4.6792621612548828 235.3656005859375 -1 114.08025360107422 2.3128490447998047 -1 103.36712646484375 72.071884155273438 -1 201.43521118164062 84.431358337402344 93 189.40629577636719 179.70571899414062 -1 221.64596557617188 76.051185607910156 -1 83.552177429199219 82.841728210449219 -1 201.43521118164062 84.431358337402344 94 139.92349243164062 182.0379638671875 -1 80.038063049316406 195.72694396972656 -1 42.440681457519531 200.62696838378906 -1 163.46115112304688 215.84904479980469 -1 70.821022033691406 177.57415771484375 -1 148.20185852050781 168.94868469238281 95 105.61977386474609 166.46253967285156 -1 188.42304992675781 156.52046203613281 43 73.487632751464844 144.9627685546875 42 245.86442565917969 120.01111602783203 96 193.90803527832031 111.81165313720703 -1 171.95254516601562 89.679885864257812 -1 189.42088317871094 61.11822509765625 -1 9.4501714706420898 4.3367595672607422 -1 172.44657897949219 60.269378662109375 -1 145.1583251953125 41.680255889892578 -1 105.61977386474609 166.46253967285156 -1 80.038063049316406 195.72694396972656 97 157.0635986328125 219.08010864257812 98 188.9710693359375 54.385059356689453 -1 183.49617004394531 69.582130432128906 -1 192.41819763183594 51.376022338867188 -1 145.1583251953125 41.680255889892578 -1 168.03343200683594 35.438041687011719 -1 157.0635986328125 219.08010864257812 100 2.3610656261444092 231.45124816894531 -1 65.382827758789062 252.46214294433594 -1 109.09625244140625 179.74859619140625 -1 
123 0.99956601062022232 0.024181117061879698 0.0091229622754235695 -0.014136320233168463 0.38836115471772975 5.0419277940650495 0.025116971097647565 1 000118.png
218.49639892578125 116.68586730957031 101 176.47268676757812 227.3985595703125 -1 101.945068359375 182.23014831542969 -1 101.945068359375 182.23014831542969 -1 120.63797760009766 85.25787353515625 -1 193.53019714355469 158.71604919433594 -1 145.51101684570312 38.107379913330078 -1 48.445655822753906 182.87429809570312 1 48.445655822753906 182.87429809570312 2 120.63797760009766 85.25787353515625 -1 81.3060302734375 17.550930023193359 -1 76.349769592285156 147.73101806640625 -1 76.349769592285156 147.73101806640625 -1 81.3060302734375 17.550930023193359 -1 45.183746337890625 32.447284698486328 -1 200.29661560058594 126.02643585205078 -1 224.96676635742188 147.8782958984375 -1 106.43497467041016 234.03102111816406 3 164.50393676757812 200.32955932617188 53 200.29661560058594 126.02643585205078 -1 200.29661560058594 126.02643585205078 -1 105.65883636474609 188.06941223144531 4 160.44094848632812 39.177417755126953 -1 116.4971923828125 24.95475959777832 -1 182.16558837890625 59.579914093017578 -1 59.200813293457031 9.7741365432739258 -1 96.52166748046875 66.240516662597656 -1 96.52166748046875 66.240516662597656 -1 109.16115570068359 153.76759338378906 60 157.60092163085938 170.9261474609375 -1 144.9779052734375 190.21000671386719 58 102.87840270996094 204.54525756835938 -1 126.01979827880859 238.25187683105469 6 157.60092163085938 170.9261474609375 -1 126.01979827880859 238.25187683105469 -1 241.84761047363281 125.22509765625 7 195.24420166015625 58.388141632080078 71 153.85392761230469 58.108562469482422 -1 205.66159057617188 53.091182708740234 -1 147.30616760253906 204.74749755859375 -1 159.50852966308594 221.01792907714844 61 181.80796813964844 189.55482482910156 8 165.91630554199219 187.93283081054688 -1 170.28060913085938 175.70248413085938 9 153.85392761230469 58.108562469482422 -1 167.53057861328125 80.031883239746094 -1 212.58641052246094 101.74351501464844 -1 220.86215209960938 127.94891357421875 -1 167.53057861328125 80.031883239746094 -1 212.58641052246094 101.74351501464844 -1 238.14118957519531 156.62165832519531 -1 246.99211120605469 137.49929809570312 -1 139.23869323730469 171.29438781738281 -1 81.993705749511719 172.38272094726562 12 122.95351409912109 178.98663330078125 -1 179.61216735839844 178.65330505371094 65 139.23869323730469 171.29438781738281 -1 81.993705749511719 172.38272094726562 -1 179.61216735839844 178.65330505371094 13 90.479217529296875 186.55508422851562 -1 47.380519866943359 9.762761116027832 -1 124.84820556640625 11.351500511169434 -1 52.881198883056641 24.294504165649414 -1 100.15325927734375 32.896739959716797 -1 9.683253288269043 39.689167022705078 -1 160.12551879882812 108.55735015869141 -1 198.70237731933594 115.41966247558594 -1 195.22816467285156 205.31369018554688 -1 145.85935974121094 152.1322021484375 -1 157.85728454589844 156.51197814941406 -1 105.99443817138672 210.65084838867188 -1 73.796798706054688 176.46525573730469 -1 184.02462768554688 64.551628112792969 -1 30.789093017578125 27.645639419555664 -1 73.796798706054688 176.46525573730469 -1 165.62091064453125 215.48959350585938 15 118.63967895507812 234.89566040039062 16 161.53413391113281 91.685462951660156 -1 123.06795501708984 8.9566984176635742 -1 184.02462768554688 64.551628112792969 -1 193.24131774902344 54.092494964599609 -1 202.62295532226562 72.745246887207031 -1 156.58628845214844 79.143730163574219 -1 161.53413391113281 91.685462951660156 -1 110.28148651123047 98.903091430664062 19 152.141845703125 102.93610382080078 -1 231.56501770019531 136.62754821777344 77 166.56826782226562 35.915317535400391 -1 105.70233917236328 39.210357666015625 -1 170.65840148925781 40.916801452636719 -1 168.85304260253906 91.972747802734375 -1 153.37310791015625 212.68574523925781 69 109.58930206298828 23.659229278564453 -1 86.227081298828125 178.85215759277344 23 150.53642272949219 147.34016418457031 -1 5.8181371688842773 147.70416259765625 -1 168.85304260253906 91.972747802734375 -1 86.227081298828125 178.85215759277344 25 170.65840148925781 40.916801452636719 -1 166.56826782226562 35.915317535400391 -1 103.70382690429688 81.235336303710938 -1 25.260404586791992 172.62429809570312 26 165.45223999023438 170.36930847167969 75 20.935182571411133 163.66668701171875 27 155.88662719726562 148.68614196777344 -1 150.53642272949219 147.34016418457031 -1 5.8181371688842773 147.70416259765625 28 239.96041870117188 144.7890625 96 165.45223999023438 170.36930847167969 78 205.67350769042969 114.5928955078125 -1 198.70263671875 111.47946929931641 -1 174.58157348632812 95.322265625 -1 174.58157348632812 95.322265625 -1 228.74839782714844 141.56838989257812 -1 155.65345764160156 63.533920288085938 -1 155.65345764160156 63.533920288085938 -1 155.65345764160156 63.533920288085938 -1 142.06460571289062 210.60211181640625 -1 100.29902648925781 8.9690046310424805 -1 50.722553253173828 17.424942016601562 -1 56.744171142578125 17.163490295410156 -1 61.662921905517578 17.767837524414062 -1 37.887886047363281 25.773296356201172 -1 27.27110481262207 32.944362640380859 -1 12.880046844482422 35.750892639160156 -1 1.9948588609695435 36.869609832763672 -1 15.810344696044922 38.849964141845703 -1 3.0679066181182861 46.035480499267578 -1 168.45918273925781 59.061103820800781 -1 177.24044799804688 60.682994842529297 -1 169.88685607910156 63.103633880615234 -1 151.45391845703125 75.346870422363281 -1 179.96620178222656 94.158599853515625 -1 164.09629821777344 102.43408203125 -1 58.541210174560547 136.48295593261719 34 111.81423950195312 146.77072143554688 -1 104.20230102539062 149.60501098632812 81 108.45710754394531 161.93516540527344 89 25.337711334228516 166.29159545898438 35 78.262031555175781 166.91831970214844 36 88.095840454101562 167.38987731933594 -1 166.82539367675781 176.38185119628906 -1 151.12876892089844 197.7799072265625 95 142.73834228515625 197.98857116699219 -1 171.28450012207031 213.81825256347656 86 123.02534484863281 245.70216369628906 -1 102.56427764892578 154.55244445800781 88 194.13127136230469 207.31927490234375 -1 194.13127136230469 207.31927490234375 -1 100.29902648925781 8.9690046310424805 -1 37.887886047363281 25.773296356201172 -1 151.45391845703125 75.346870422363281 -1 164.09629821777344 102.43408203125 -1 164.09629821777344 102.43408203125 -1 58.541210174560547 136.48295593261719 38 71.43023681640625 120.84754943847656 39 59.352069854736328 131.47933959960938 40 110.36979675292969 131.58029174804688 41 49.552017211914062 140.24325561523438 83 107.78806304931641 146.15605163574219 87 76.935195922851562 177.54707336425781 42 189.66299438476562 182.795166015625 43 166.23971557617188 204.02357482910156 -1 114.42749786376953 2.41552734375 -1 197.17568969726562 60.625808715820312 -1 44.787002563476562 20.364534378051758 -1 12.051731109619141 29.540750503540039 -1 8.8932075500488281 31.313325881958008 -1 172.80233764648438 79.648887634277344 -1 246.50563049316406 90.516815185546875 -1 93.712547302246094 100.83602905273438 -1 243.04045104980469 138.79635620117188 -1 202.19142150878906 107.26764678955078 79 179.5994873046875 226.05625915527344 92 140.12031555175781 252.32856750488281 -1 131.29472351074219 232.28974914550781 -1 178.11634826660156 234.42817687988281 -1 140.12031555175781 252.32856750488281 -1 8.8932075500488281 31.313325881958008 -1 202.19142150878906 107.26764678955078 85 118.7113037109375 243.54710388183594 -1 173.94818115234375 235.05157470703125 -1 171.85023498535156 238.31047058105469 -1 130.41633605957031 242.35371398925781 74 118.7113037109375 243.54710388183594 -1 164.57353210449219 249.75100708007812 -1 243.04045104980469 138.79635620117188 -1 233.487060546875 81.590347290039062 -1 230.1485595703125 79.363883972167969 -1 226.45075988769531 76.879531860351562 -1 230.49180603027344 75.936134338378906 -1 216.0753173828125 69.907463073730469 -1 213.01504516601562 67.705818176269531 -1 209.56434631347656 65.580543518066406 -1 171.91954040527344 89.640533447265625 -1 201.56503295898438 60.483009338378906 -1 172.54072570800781 60.251308441162109 -1 198.75033569335938 58.567996978759766 -1 190.45457458496094 57.539215087890625 -1 198.60067749023438 55.292877197265625 -1 188.99099731445312 54.518314361572266 -1 192.38236999511719 51.324047088623047 -1 189.42288208007812 61.090831756591797 -1 173.86958312988281 50.435344696044922 -1 167.92222595214844 35.559440612792969 -1 6.0536031723022461 34.461719512939453 -1 24.516143798828125 27.075851440429688 -1 44.351646423339844 23.554347991943359 -1 47.885654449462891 22.121469497680664 -1 105.70403289794922 7.0539355278015137 -1 198.90513610839844 107.72122955322266 94 175.19453430175781 167.04508972167969 -1 24.516143798828125 27.075851440429688 -1 163.99972534179688 178.99212646484375 -1 167.92222595214844 35.559440612792969 -1 173.86958312988281 50.435344696044922 -1 192.38236999511719 51.324047088623047 -1 198.90513610839844 107.72122955322266 93 175.19453430175781 167.04508972167969 -1 164.89129638671875 222.03778076171875 -1 133.39004516601562 183.31086730957031 -1 171.85258483886719 208.24923706054688 -1 6.0536031723022461 34.461719512939453 -1 164.89129638671875 222.03778076171875 -1 176.29423522949219 231.57276916503906 -1 163.16738891601562 103.587158203125 -1 53.2740478515625 13.590396881103516 -1 251.23017883300781 93.965560913085938 -1 101.84352111816406 94.360855102539062 49 96.488166809082031 98.872611999511719 -1 236.28602600097656 83.703178405761719 -1 169.75091552734375 235.19769287109375 -1 209.01368713378906 95.250984191894531 -1 
127 0.99970131134813367 0.02196832439720349 0.010106956247892979 -0.0035398089502651541 -0.24338094295202228 -4.9371244888890171 -0.0081804423884035329 1 000126.png
169.87298583984375 204.38720703125 -1 88.554664611816406 221.68455505371094 -1 212.81845092773438 82.856597900390625 -1 43.359745025634766 127.53512573242188 1 43.359745025634766 127.53512573242188 2 200.34486389160156 113.47354125976562 52 130.40873718261719 230.71397399902344 -1 163.62417602539062 143.06231689453125 53 99.659378051757812 146.29336547851562 4 97.305503845214844 173.64515686035156 54 150.9849853515625 181.58619689941406 55 121.40898132324219 183.56349182128906 6 163.62417602539062 143.06231689453125 -1 97.305503845214844 173.64515686035156 3 133.8145751953125 21.872777938842773 -1 106.63840484619141 194.99276733398438 56 90.723396301269531 12.782986640930176 -1 156.38188171386719 113.90774536132812 -1 82.727378845214844 139.38877868652344 -1 169.8433837890625 120.46292877197266 62 181.85850524902344 134.33589172363281 8 155.47659301757812 162.58607482910156 61 126.21937561035156 13.009937286376953 -1 117.58866882324219 25.979148864746094 -1 35.490455627441406 51.71795654296875 -1 106.60977172851562 56.448005676269531 19 176.89909362792969 69.413406372070312 -1 190.68702697753906 74.336830139160156 -1 167.58828735351562 79.963249206542969 -1 216.29669189453125 110.33345031738281 -1 190.68702697753906 74.336830139160156 -1 167.58828735351562 79.963249206542969 -1 169.8433837890625 120.46292877197266 9 181.85850524902344 134.33589172363281 -1 155.47659301757812 162.58607482910156 -1 38.819774627685547 155.58183288574219 -1 91.369659423828125 131.07400512695312 66 149.94584655761719 172.15159606933594 67 140.31939697265625 173.59217834472656 -1 123.07560729980469 240.41334533691406 -1 91.369659423828125 131.07400512695312 64 91.369659423828125 131.07400512695312 -1 161.65130615234375 95.668418884277344 -1 149.94584655761719 172.15159606933594 -1 247.87004089355469 91.303268432617188 7 204.61375427246094 62.091548919677734 -1 140.31939697265625 173.59217834472656 -1 161.65130615234375 95.668418884277344 -1 103.73737335205078 96.420928955078125 60 75.954216003417969 110.66496276855469 12 179.44869995117188 123.08113098144531 13 84.241600036621094 124.6016845703125 63 166.18647766113281 35.825080871582031 -1 61.468643188476562 134.94154357910156 -1 162.48626708984375 156.34806823730469 15 110.48737335205078 172.04469299316406 70 110.48737335205078 172.04469299316406 16 139.17819213867188 189.67231750488281 -1 97.526664733886719 192.05903625488281 -1 102.28009033203125 202.20855712890625 -1 164.808349609375 113.78089141845703 -1 56.543869018554688 116.67394256591797 -1 116.68471527099609 11.134309768676758 -1 116.68471527099609 11.134309768676758 -1 156.65557861328125 78.741844177246094 -1 193.472412109375 54.000400543212891 71 169.66831970214844 52.337898254394531 -1 116.68471527099609 11.134309768676758 -1 154.20845031738281 90.609367370605469 -1 152.2230224609375 103.14665222167969 -1 149.58390808105469 154.25021362304688 -1 197.24087524414062 63.660003662109375 -1 197.24087524414062 63.660003662109375 -1 187.76031494140625 53.046047210693359 -1 168.5047607421875 92.082687377929688 -1 79.763214111328125 117.29020690917969 76 79.763214111328125 117.29020690917969 25 18.610273361206055 113.71369171142578 -1 174.63092041015625 96.015266418457031 -1 168.5047607421875 92.082687377929688 -1 174.63092041015625 96.015266418457031 -1 197.24087524414062 63.660003662109375 -1 249.70135498046875 98.649452209472656 -1 18.610273361206055 113.71369171142578 26 79.763214111328125 117.29020690917969 23 101.75053405761719 223.75495910644531 -1 97.507965087890625 216.11947631835938 -1 108.53485107421875 214.93717956542969 -1 58.571582794189453 121.50995635986328 -1 197.24087524414062 63.660003662109375 -1 187.76031494140625 53.046047210693359 -1 73.806800842285156 159.57008361816406 -1 101.12487030029297 8.3495159149169922 -1 142.44863891601562 19.82391357421875 -1 111.54331207275391 23.146928787231445 -1 115.71103668212891 30.584199905395508 -1 190.20341491699219 62.47125244140625 -1 169.97760009765625 63.128929138183594 -1 68.921669006347656 66.67034912109375 39 60.376670837402344 72.95672607421875 -1 220.81390380859375 76.026809692382812 -1 55.387485504150391 76.511398315429688 40 103.39585113525391 78.774505615234375 41 228.85110473632812 81.952751159667969 -1 53.548583984375 82.279319763183594 38 179.85325622558594 94.490463256835938 -1 20.416524887084961 102.22264862060547 -1 14.614538192749023 105.31723022460938 27 190.13920593261719 127.29386138916016 43 87.993721008300781 140.20205688476562 -1 168.91722106933594 154.98988342285156 82 78.873344421386719 168.759033203125 -1 160.55619812011719 169.75137329101562 73 113.76654052734375 233.47772216796875 -1 120.25591278076172 236.62551879882812 -1 153.66380310058594 190.23431396484375 -1 100.88582611083984 210.01423645019531 -1 101.12487030029297 8.3495159149169922 -1 190.20341491699219 62.47125244140625 -1 53.548583984375 82.279319763183594 34 168.91722106933594 154.98988342285156 -1 120.25591278076172 236.62551879882812 -1 196.47309875488281 147.96466064453125 -1 190.50743103027344 150.79496765136719 -1 82.10455322265625 174.76383972167969 97 165.92070007324219 175.23579406738281 -1 85.902191162109375 181.61485290527344 -1 156.32884216308594 188.33627319335938 98 150.04843139648438 201.35752868652344 -1 98.2747802734375 204.85917663574219 -1 18.701286315917969 107.60904693603516 35 76.496170043945312 61.475624084472656 90 140.60763549804688 212.57676696777344 -1 138.06752014160156 215.77212524414062 -1 71.585586547851562 69.104034423828125 -1 25.084844589233398 103.01393127441406 -1 133.76040649414062 29.782644271850586 -1 124.49185943603516 232.37359619140625 -1 71.585586547851562 69.104034423828125 -1 196.47309875488281 147.96466064453125 -1 114.34061431884766 1.9537583589553833 -1 196.47309875488281 147.96466064453125 -1 85.902191162109375 181.61485290527344 -1 156.32884216308594 188.33627319335938 100 140.60763549804688 212.57676696777344 -1 26.073980331420898 98.366966247558594 -1 25.084844589233398 103.01393127441406 -1 72.574432373046875 104.93388366699219 36 18.701286315917969 107.60904693603516 -1 70.335975646972656 115.10531616210938 42 99.38079833984375 95.535652160644531 88 107.82203674316406 142.12541198730469 -1 127.95726776123047 228.32350158691406 -1 180.40861511230469 76.659095764160156 -1 3.8503220081329346 93.932174682617188 28 98.2747802734375 204.85917663574219 -1 97.764945983886719 217.225341796875 -1 192.39178466796875 51.435226440429688 -1 128.92903137207031 28.651880264282227 -1 104.24884033203125 210.19952392578125 -1 133.0927734375 183.48849487304688 -1 149.49238586425781 146.70793151855469 -1 200.83918762207031 140.78050231933594 -1 90.665847778320312 125.01255035400391 -1 104.34937286376953 102.08967590332031 91 168.97702026367188 96.605247497558594 -1 2.6687359809875488 96.868141174316406 -1 97.816032409667969 46.891651153564453 49 137.23216247558594 19.997516632080078 -1 174.35385131835938 38.595554351806641 -1 171.9520263671875 89.619743347167969 -1 147.38516235351562 80.618576049804688 -1 245.56475830078125 90.367874145507812 -1 184.65518188476562 72.643013000488281 -1 104.34937286376953 102.08967590332031 89 149.49238586425781 146.70793151855469 -1 128.92903137207031 28.651880264282227 -1 214.90768432617188 70.029067993164062 -1 190.60540771484375 57.410957336425781 -1 192.39178466796875 51.435226440429688 -1 89.003997802734375 148.84181213378906 -1 
