# 3D point list with one line of data per point:
#   POINT3D_ID, X, Y, Z, R, G, B, ERROR, TRACK[] as (IMAGE_ID, POINT2D_IDX)
# Number of points: 71, mean track length: 2.408450704225352
1 -15.257163391851028 4.7855848870371069 0.13152350614264452 91 99 96 0.48136597338464576 127 3 123 7 122 4
2 -15.257163391851028 4.7855848870371069 0.13152350614264452 91 99 96 0.48136597338464576 127 4 123 8 122 3
3 -4.3992829550223274 11.865558819394829 -0.08437299847640671 96 126 160 0.94315614664294911 127 13 123 17 122 12
4 -6.1292231673152893 9.0772530532487234 0.23611173298763866 34 90 138 0.71855851694398987 127 8 123 21
6 -0.99926900514829275 13.950655915715817 -0.074263006508157398 25 34 31 0.52127531200157395 127 11 123 32 122 10
7 33.549769296826724 -4.8808017006125048 1.9636195308554663 67 69 61 0.76907728695150079 127 44 123 35
8 8.9181471715471989 6.057682993636905 0.47297231823731634 2 16 26 0.11699284993423015 127 20 123 41 122 26
9 7.1560641668344172 3.7738505766184973 0.54494442229228957 5 20 28 0.30621052781406582 127 32 123 43 122 25
12 -8.1042631801011407 2.1243019686544686 0.28983109802590445 0 13 23 0.11902200816598894 127 49 123 53 122 35
13 8.6476205995782411 4.2123625277762686 0.5525768864312377 88 130 186 0.043719677700859716 127 50 123 58 122 36
15 5.4098048405796026 9.3143932752285696 0.21344034637747561 140 166 204 0.45145199156081411 127 54 123 75 122 69
16 -2.2977346058343775 11.401286891331615 -0.047518099753838361 87 116 150 0.6124436002875151 127 56 123 76 122 58
19 -4.6354759711614815 -12.273680902817951 1.2915817487310339 251 106 105 0.84192000967856229 127 25 123 84
23 -7.435288831419264 3.1794745121157857 0.25108052422051763 32 90 136 0.19497663303679116 127 84 123 93 122 92
25 -7.435288831419264 3.1794745121157857 0.25108052422051763 32 90 136 0.19497663303679116 127 76 123 97 122 82
26 -18.616703831217574 2.3641398237393512 0.16739353041532659 78 92 89 0.41461455416610365 127 83 123 101 122 50
27 -19.642154185864019 0.76742856103441748 0.23409935119541367 84 93 86 0.51937788590353107 127 107 123 103 122 89
28 -24.196262608568322 -1.8870725739844727 0.35248786253434605 89 96 95 0.40540207844779991 127 154 123 106 122 135
34 -13.753450035569426 -3.7301619660880014 0.56369988425287643 51 55 50 0.22160940589255648 127 119 123 134 122 110
35 -18.696317662112193 1.2376605452506801 0.22037683504610814 55 61 53 0.4541410756436019 127 130 123 138 122 115
36 -8.6790112726446402 1.201529777754399 0.32351243995618739 22 87 137 0.26583768782773343 127 147 123 139 122 116
38 -13.753450035569426 -3.7301619660880014 0.56369988425287643 51 55 50 0.22160940589255648 127 104 123 154 122 129
39 -11.15680361129529 -6.7601046589450586 0.75469171058009288 94 94 87 0.6517781729538793 127 98 123 155 122 106
40 -13.368484463557769 -4.7376714465997045 0.61219599784377698 93 95 86 0.35945824222685807 127 101 123 156
41 -4.1247786584123265 -4.2885027673411686 0.75007320319747672 35 88 136 1.4164384026085586 127 102 123 157 122 87
42 -8.8407256336951452 2.856879741673886 0.23905634216979749 21 86 140 0.20818866675865255 127 149 123 160 122 164
43 10.258430162720536 4.9393900969514037 0.55324471507313566 82 125 176 0.26452687600807678 127 108 123 161 122 163
49 -6.0466741401988831 -12.628936174068004 1.2096672041898275 94 96 86 0.80289515264903732 127 167 123 228
52 14.447348559834797 2.1396771560166838 0.90808146693276637 114 117 117 1.6410842215284647 127 5 122 5
53 5.6867992044748128 7.3632760075993184 0.32594314660705037 106 138 187 0.67763601788593142 123 18 127 7 122 7
54 -4.6059471922921222 12.075556984438508 -0.084852919690205586 77 112 150 0.36984121350998722 127 9 122 8
55 3.689149138172144 13.877998178403246 0.037733751004567516 134 161 196 1.6132977993053741 127 10 122 9
56 -2.8625587483435178 14.173007263467429 -0.1939959148371761 88 115 144 0.39397287700546824 127 15 122 11
58 1.832181814150863 3.5917258972015227 0.30915014492002563 231 68 56 0.061001125793117138 123 30 122 18
60 -3.8392331525480676 -0.46725135558194059 0.51826512335565367 4 17 33 0.31143823788462582 123 28 127 48 122 22
61 4.3995200618694819 10.262809937160581 0.15625202629273366 4 17 21 0.24249309176453512 123 40 127 21 122 27
62 7.0930755495332454 3.7681553240969636 0.53671969438206468 3 18 29 0.097000868222154951 127 19 122 30
63 -6.6736902287855839 4.3728658620198235 0.20414438568632157 0 12 27 0.035161516947365891 127 51 122 37
64 -5.5046082379767656 5.392060254828098 0.1736760568296046 41 87 132 0.054589500148239919 127 40 122 38
65 8.6306691342358004 4.1972153744538012 0.55175841776902235 76 122 180 0.045319245544660151 123 55 122 45
66 -5.5046082379767647 5.3920602548280945 0.17367605682960474 41 87 132 0.054589500148246838 127 36 122 46
67 3.3926275170588003 11.341805982917807 0.064253891520688014 149 171 211 0.48112644888030087 127 37 122 47
69 3.5120836831427495 9.0389580868532153 0.19516372832795628 125 148 182 0.12335179169715968 123 91 122 53
70 -2.3501763108005234 11.361916412847394 -0.049264043548552135 60 93 129 0.34157430932180322 127 55 122 56
71 72.737659034917499 -77.558974999426454 8.9487128548914416 81 86 80 1.327672338638145 123 36 127 65 122 63
73 5.1430551711892916 11.228538885070524 0.1253939271852694 138 158 194 0.78423209964860918 127 112 122 70
74 -0.45752674535241172 13.814230818494304 -0.081461694560893277 43 49 44 0.43174950959979574 123 183 122 72
75 6.1605700207664729 2.5544912958760153 0.56152035660802846 73 117 171 0.48780866649552845 123 102 122 77
76 -7.5322171082867291 3.1778124621214845 0.25532559481449185 29 89 135 0.081694660991519147 127 75 122 81
77 20.852892704233149 -2.625496039988283 1.2545797704357673 84 85 76 1.0941247182603178 123 86 122 88
78 6.1605700207664729 2.5544912958760153 0.56152035660802846 73 117 171 0.48780866649552845 123 108 122 91
79 16.51220503793208 -9.1173812246559667 1.505513038371646 115 120 115 0.83129538066977937 123 172 122 103
81 -4.5413637851853208 -1.3169884909702463 0.53634503070567563 3 24 51 0.2331776197898181 123 136 122 114
82 6.3796285084161886 9.0771509242547026 0.24723450030830713 96 132 185 0.1659208905436827 127 110 122 118
83 -14.904886507253698 -3.1599512202242583 0.49839694875251433 93 97 91 0.074136176567515283 123 158 122 121
85 16.51220503793208 -9.1173812246559667 1.505513038371646 115 120 115 0.83129538066977937 123 179 122 128
86 6.3612104188819432 9.0309868610647364 0.24623220228457859 96 132 185 0.08029391657118734 123 144 122 131
87 -3.9181635370688102 -1.8878338421447167 0.57707204494859143 19 82 128 0.20721973698224083 123 159 122 134
88 -4.7133969653999523 -0.51463467983405009 0.49290314538214475 8 84 137 0.72670849975882212 123 146 127 150 122 138
89 -3.6979617286391093 0.70838343192346898 0.44121760469824262 16 74 119 0.31226628250301436 123 137 127 174 122 139
90 -9.7795843976687493 -7.9927299892160546 0.84791886984976628 94 95 88 0.3786819721010799 127 131 122 142
91 -3.6562824052360798 0.70826495997282735 0.44149254044750608 16 74 119 0.16503660931065994 127 164 122 146
92 7.3324747032279207 10.393808939679564 0.190630823249682 113 147 194 0.098219049149698923 123 173 122 147
93 15.396402845774784 -8.9735673188451912 1.4587055971023413 33 36 35 0.40131649490392507 123 217 122 151
94 15.396402845774784 -8.9735673188451912 1.4587055971023413 33 36 35 0.40131649490392507 123 210 122 155
95 3.3438785886939018 6.9092372438275458 0.29634533943994995 115 135 168 0.066817602475766569 123 142 122 161
96 20.943344762029273 -1.2340551468742609 1.1381133480254704 55 59 52 0.83204240362776616 123 107 122 165
97 -10.001842028286204 14.808506393476241 -0.11507842040133008 71 81 80 1.9118746507366047 127 124 122 173
98 4.2123300915317747 13.518781802752022 -0.011523493330059234 111 138 178 0.41769649886485044 127 127 122 174
100 4.2123300915317747 13.518781802752022 -0.011523493330059234 111 138 178 0.41769649886485044 127 143 122 180
101 29.977921245134329 -8.0029838692629305 2.1480899834027034 93 94 85 1.978163041852504 123 0 122 0
