# Frame list with one line of data per frame:
#   FRAME_ID, RIG_ID, RIG_FROM_WORLD[QW, QX, QY, QZ, TX, TY, TZ], NUM_DATA_IDS, DATA_IDS[] as (SENSOR_TYPE, SENSOR_ID, DATA_ID)
# Number of frames: 10
109 1 0.99759855027761613 -0.023591857142843571 -0.063906802253636583 -0.012509092143914073 -4.8941428050535061 0.062755474132620018 0.070445344852236233 1 CAMERA 1 109
117 1 0.99733059090321508 -0.023571994810494181 -0.067875479489384188 -0.012998953549580347 -7.0472613590191333 0.13511258360474249 -0.047870962053089626 1 CAMERA 1 117
118 1 0.99772021458455995 -0.023798811323795507 -0.061971375713817514 -0.012146546054373137 -1.9952619672937613 0.012300426188847932 0.24812439842129141 1 CAMERA 1 118
119 1 0.9976517445020312 -0.021818939891468204 -0.063820269120950832 -0.011912338284142126 2.4729898580003309 -0.013013616927131943 0.02773222434599654 1 CAMERA 1 119
120 1 0.99752399368298961 -0.021446185326541228 -0.065914035308409669 -0.011886257234317731 2.8353636555096986 -0.025471244678790333 -0.090543531939629385 1 CAMERA 1 120
121 1 0.99776803566205186 -0.023005292917996443 -0.061546316062860117 -0.011906069373986982 1.2100715732919995 -0.013479683787742655 0.20905524866768943 1 CAMERA 1 121
122 1 0.99735631290587967 -0.020933007785567063 -0.068586349773266511 -0.011751889916854091 2.5632003389020781 -0.037209264240670122 -0.23647078375355776 1 CAMERA 1 122
123 1 0.99779410790322109 -0.023488620681331888 -0.060912606471986784 -0.012035668028511661 -0.81394114406165896 0.0035763272582335741 0.32408601113566299 1 CAMERA 1 123
124 1 0.99729965001825172 -0.020997236379221761 -0.069379534524004707 -0.01179000963274855 2.9498336290760037 -0.04318594133832776 -0.22582544955266559 1 CAMERA 1 124
130 1 0.99717814064971855 -0.020775463263776404 -0.071160541238125014 -0.011845391814659498 2.7325582761946485 -0.047625342201356134 -0.2215931605558859 1 CAMERA 1 130
