# Image list with two lines of data per image:
#   IMAGE_ID, QW, QX, QY, QZ, TX, TY, TZ, CAMERA_ID, NAME
#   POINTS2D[] as (X, Y, POINT3D_ID)
# Number of images: 10, mean observations per image: 55.799999999999997
109 0.99759855027761613 -0.023591857142843571 -0.063906802253636583 -0.012509092143914073 -4.8941428050535061 0.062755474132620018 0.070445344852236233 1 000116.png
32.612552642822266 104.59038543701172 -1 145.63053894042969 35.558448791503906 -1 128.58621215820312 148.18023681640625 -1 50.37847900390625 165.11843872070312 -1 190.59852600097656 128.29168701171875 5 208.65902709960938 150.67645263671875 266 240.61735534667969 143.15390014648438 -1 234.53596496582031 90.119056701660156 -1 215.50552368164062 117.54456329345703 -1 80.798561096191406 124.0428466796875 -1 163.93846130371094 169.03831481933594 9 103.28861999511719 202.64601135253906 279 163.93846130371094 169.03831481933594 7 103.28861999511719 202.64601135253906 280 104.72821807861328 87.66162109375 -1 21.185356140136719 20.908580780029297 -1 106.31724548339844 126.36881256103516 42 116.87895202636719 225.24172973632812 223 100.33347320556641 176.6063232421875 224 162.01908874511719 39.122299194335938 281 239.18997192382812 121.11164093017578 -1 144.74165344238281 152.46211242675781 -1 122.48939514160156 207.22483825683594 328 95.119377136230469 28.373079299926758 -1 95.119377136230469 28.373079299926758 -1 100.33347320556641 176.6063232421875 11 122.48939514160156 207.22483825683594 -1 166.8890380859375 80.254615783691406 -1 162.40951538085938 97.662582397460938 -1 166.21124267578125 143.54254150390625 14 164.19020080566406 156.86129760742188 -1 178.43342590332031 155.96623229980469 15 166.8890380859375 80.254615783691406 -1 14.129456520080566 123.48747253417969 -1 156.23590087890625 187.71119689941406 227 118.85289764404297 26.642948150634766 -1 118.85289764404297 26.642948150634766 -1 14.129456520080566 123.48747253417969 -1 166.21124267578125 143.54254150390625 21 157.83729553222656 174.03890991210938 -1 176.24296569824219 68.598594665527344 -1 157.83729553222656 174.03890991210938 -1 24.986764907836914 149.1798095703125 -1 9.2756824493408203 28.848186492919922 -1 9.2756824493408203 28.848186492919922 -1 77.809829711914062 146.14546203613281 283 93.427398681640625 165.29129028320312 -1 93.427398681640625 165.29129028320312 -1 125.05422973632812 11.393604278564453 -1 41.410831451416016 34.847988128662109 276 175.91366577148438 145.62408447265625 31 77.809829711914062 146.14546203613281 23 86.575042724609375 159.101806640625 32 120.07302093505859 161.19720458984375 -1 93.427398681640625 165.29129028320312 28 152.72627258300781 199.01908874511719 230 161.17855834960938 92.008415222167969 -1 27.827098846435547 142.13308715820312 -1 162.525146484375 181.32734680175781 161 135.19808959960938 206.06787109375 27 126.23799896240234 212.3037109375 286 109.47795104980469 233.69265747070312 -1 69.45355224609375 150.58697509765625 270 143.72421264648438 141.54507446289062 -1 101.45207977294922 33.036655426025391 -1 193.56265258789062 54.44219970703125 -1 175.52731323242188 65.801231384277344 -1 156.50422668457031 79.058242797851562 -1 69.45355224609375 150.58697509765625 -1 109.47795104980469 233.69265747070312 -1 59.982574462890625 153.82356262207031 320 107.50841522216797 167.58784484863281 -1 174.91476440429688 95.74359130859375 -1 180.3760986328125 198.96464538574219 -1 170.64456176757812 40.947761535644531 -1 117.75106811523438 10.007016181945801 -1 117.75106811523438 10.007016181945801 -1 103.15363311767578 182.84780883789062 289 31.589103698730469 152.55162048339844 -1 82.153388977050781 151.943359375 41 151.45352172851562 103.48436737060547 -1 174.91476440429688 95.74359130859375 -1 184.38748168945312 64.932052612304688 -1 82.153388977050781 151.943359375 43 180.3760986328125 198.96464538574219 -1 49.183269500732422 5.5943713188171387 -1 117.75106811523438 10.007016181945801 -1 170.64456176757812 40.947761535644531 -1 116.20692443847656 245.40379333496094 -1 136.72213745117188 217.48506164550781 290 184.38748168945312 64.932052612304688 -1 121.94683074951172 47.906822204589844 -1 121.94683074951172 47.906822204589844 -1 112.85648345947266 98.011871337890625 -1 115.01679229736328 232.71745300292969 -1 179.95199584960938 94.602256774902344 -1 219.31877136230469 95.648582458496094 277 149.50172424316406 111.54190063476562 54 106.82505798339844 118.95336151123047 -1 99.3868408203125 122.88194274902344 292 100.78913879394531 131.25836181640625 -1 186.043701171875 147.9290771484375 -1 124.31755828857422 178.01007080078125 -1 168.06723022460938 179.49391174316406 293 128.0660400390625 198.47494506835938 -1 129.90937805175781 200.89498901367188 -1 157.70823669433594 214.00727844238281 247 17.443790435791016 13.496397972106934 -1 184.9202880859375 66.398338317871094 -1 112.88124084472656 23.617773056030273 -1 122.44562530517578 41.293869018554688 -1 102.34383392333984 43.634654998779297 -1 120.94975280761719 47.430980682373047 -1 189.90103149414062 62.829654693603516 -1 170.05570983886719 63.217678070068359 -1 168.06723022460938 179.49391174316406 173 112.88124084472656 23.617773056030273 -1 112.88124084472656 23.617773056030273 -1 122.44562530517578 41.293869018554688 -1 120.94975280761719 47.430980682373047 -1 219.31877136230469 95.648582458496094 272 149.50172424316406 111.54190063476562 61 106.82505798339844 118.95336151123047 -1 99.3868408203125 122.88194274902344 -1 100.78913879394531 131.25836181640625 -1 186.043701171875 147.9290771484375 -1 126.28404235839844 30.714122772216797 -1 188.65409851074219 65.1624755859375 -1 151.53323364257812 75.831924438476562 -1 128.40377807617188 33.156623840332031 -1 21.58625602722168 12.354031562805176 -1 12.515426635742188 16.792665481567383 -1 110.66597747802734 120.31995391845703 -1 177.42257690429688 91.164390563964844 -1 167.00503540039062 198.9241943359375 102 167.00503540039062 198.9241943359375 -1 151.53323364257812 75.831924438476562 -1 172.63601684570312 80.0335693359375 -1 177.42257690429688 91.164390563964844 -1 113.79935455322266 124.60283660888672 -1 111.38214874267578 130.1121826171875 -1 103.3388671875 134.27142333984375 299 167.00503540039062 198.9241943359375 300 192.48216247558594 51.400691986083984 -1 102.93166351318359 43.622329711914062 -1 117.05422973632812 36.620304107666016 -1 113.36756896972656 18.656438827514648 -1 105.57307434082031 6.916172981262207 -1 133.99411010742188 225.05406188964844 301 166.57421875 215.66030883789062 -1 172.07121276855469 89.592231750488281 -1 192.48216247558594 51.400691986083984 -1 168.11515808105469 60.174991607666016 -1 170.46479797363281 194.63792419433594 -1 70.245887756347656 114.54547119140625 -1 45.123851776123047 134.97781372070312 -1 168.31173706054688 173.87625122070312 258 170.46479797363281 194.63792419433594 -1 163.27545166015625 204.94383239746094 303 168.31173706054688 173.87625122070312 259 45.123851776123047 134.97781372070312 -1 133.99411010742188 225.05406188964844 304 41.507854461669922 134.88912963867188 -1 70.245887756347656 114.54547119140625 -1 161.5411376953125 80.948898315429688 -1 103.25760650634766 118.81780242919922 -1 133.22798156738281 184.53363037109375 -1 153.52757263183594 77.851539611816406 -1 189.54902648925781 61.483726501464844 -1 172.90635681152344 60.207523345947266 -1 32.202507019042969 145.75144958496094 -1 168.11515808105469 60.174991607666016 -1 153.52757263183594 77.851539611816406 -1 253.45368957519531 149.14457702636719 -1 253.45368957519531 149.14457702636719 -1 
117 0.99733059090321508 -0.023571994810494181 -0.067875479489384188 -0.012998953549580347 -7.0472613590191333 0.13511258360474249 -0.047870962053089626 1 000115.png
145.802490234375 35.377056121826172 -1 46.258430480957031 176.68244934082031 -1 168.2152099609375 218.17414855957031 -1 185.90187072753906 136.78353881835938 -1 185.90187072753906 136.78353881835938 -1 91.762924194335938 28.317127227783203 -1 208.31544494628906 121.9984130859375 -1 76.962890625 133.06890869140625 -1 235.2679443359375 148.16357421875 -1 159.8475341796875 176.64505004882812 9 101.42839813232422 211.68392944335938 279 208.31544494628906 121.9984130859375 -1 101.42839813232422 211.68392944335938 280 89.398429870605469 153.87629699707031 -1 102.27365875244141 135.32679748535156 42 182.01130676269531 57.489776611328125 -1 128.16546630859375 15.359521865844727 -1 162.08575439453125 39.048858642578125 281 230.60600280761719 124.52748107910156 -1 96.453018188476562 186.03575134277344 224 119.14198303222656 216.08311462402344 -1 115.77900695800781 233.729248046875 223 119.14198303222656 216.08311462402344 328 12.969751358032227 25.857151031494141 -1 118.19754028320312 26.661701202392578 -1 176.20309448242188 68.597114562988281 -1 166.99665832519531 80.151130676269531 -1 119.03221893310547 94.761238098144531 -1 222.81834411621094 96.490631103515625 -1 162.47525024414062 97.706962585449219 -1 161.44644165039062 150.5281982421875 14 152.53413391113281 195.21530151367188 227 173.53041076660156 162.61949157714844 15 21.654022216796875 148.87272644042969 -1 158.74884033203125 163.37091064453125 -1 106.51577758789062 176.57998657226562 -1 142.51966857910156 162.68846130371094 -1 118.19754028320312 26.661701202392578 -1 166.99665832519531 80.151130676269531 -1 10.602724075317383 138.53544616699219 -1 161.44644165039062 150.5281982421875 21 142.51966857910156 162.68846130371094 -1 19.386333465576172 160.95455932617188 -1 10.602724075317383 138.53544616699219 -1 82.966102600097656 169.44729614257812 32 90.247673034667969 175.16629028320312 28 132.94769287109375 180.34773254394531 -1 141.3160400390625 182.547119140625 117 149.16168212890625 206.26054382324219 230 73.807632446289062 156.65992736816406 283 170.95730590820312 152.63894653320312 -1 132.94769287109375 180.34773254394531 -1 57.80816650390625 9.9092292785644531 -1 34.886814117431641 45.873691558837891 276 133.38298034667969 56.226551055908203 -1 216.84886169433594 112.00912475585938 -1 242.23587036132812 134.73025512695312 -1 170.95730590820312 152.63894653320312 31 73.807632446289062 156.65992736816406 23 161.17990112304688 91.961433410644531 -1 99.623931884765625 192.16433715820312 289 177.49314880371094 204.55926513671875 -1 131.88340759277344 213.68722534179688 27 232.52851867675781 99.707252502441406 -1 177.49314880371094 204.55926513671875 -1 115.36224365234375 219.533203125 -1 107.21954345703125 243.28660583496094 -1 175.50531005859375 65.796653747558594 -1 156.51455688476562 78.925346374511719 -1 123.16460418701172 220.74320983886719 286 214.81658935546875 110.00745391845703 319 22.727296829223633 153.51033020019531 -1 65.590126037597656 161.67816162109375 270 27.223455429077148 164.58499145507812 -1 56.149158477783203 165.41595458984375 320 158.52827453613281 188.83653259277344 161 65.590126037597656 161.67816162109375 -1 193.55393981933594 54.446548461914062 -1 101.65718841552734 32.957450866699219 -1 103.32767486572266 22.940034866333008 -1 34.968833923339844 14.402041435241699 -1 5.1544928550720215 25.330318450927734 -1 170.64476013183594 41.301567077636719 -1 112.86128234863281 212.33503723144531 -1 145.90672302246094 187.91932678222656 -1 145.90672302246094 187.91932678222656 47 78.143707275390625 162.733642578125 43 249.94703674316406 112.58495330810547 -1 216.803466796875 100.60969543457031 -1 174.70913696289062 95.419532775878906 -1 168.84748840332031 91.977989196777344 -1 168.84748840332031 91.977989196777344 -1 170.64476013183594 41.301567077636719 -1 174.70913696289062 95.419532775878906 -1 112.77947998046875 101.83341979980469 -1 216.803466796875 100.60969543457031 -1 153.62809753417969 222.13101196289062 -1 112.86128234863281 212.33503723144531 -1 145.90672302246094 187.91932678222656 275 78.143707275390625 162.733642578125 41 249.94703674316406 112.58495330810547 -1 151.55293273925781 103.45799255371094 -1 168.84748840332031 91.977989196777344 -1 189.76951599121094 62.024188995361328 -1 63.70965576171875 4.8028311729431152 -1 18.459760665893555 17.358509063720703 -1 9.4722213745117188 21.1234130859375 -1 121.669921875 41.611392974853516 -1 121.25113677978516 47.691574096679688 -1 170.01296997070312 63.159934997558594 -1 216.27517700195312 67.500892639160156 -1 107.99000549316406 92.205986022949219 -1 179.95884704589844 94.489875793457031 -1 149.55441284179688 111.55665588378906 54 102.32477569580078 128.43048095703125 -1 106.63292694091797 128.80525207519531 -1 94.979255676269531 132.32859802246094 292 107.62300109863281 139.25465393066406 -1 99.299530029296875 144.16404724121094 299 181.17063903808594 154.62200927734375 323 26.828376770019531 157.74601745605469 -1 163.77903747558594 186.56304931640625 293 125.37908172607422 208.1466064453125 -1 134.46305847167969 226.0947265625 290 131.08822631835938 233.20068359375 304 131.08822631835938 233.20068359375 301 121.25113677978516 47.691574096679688 -1 149.55441284179688 111.55665588378906 61 102.32477569580078 128.43048095703125 -1 94.979255676269531 132.32859802246094 -1 26.828376770019531 157.74601745605469 -1 26.828376770019531 157.74601745605469 -1 163.77903747558594 186.56304931640625 173 134.46305847167969 226.0947265625 -1 126.37126922607422 30.70684814453125 -1 109.04267883300781 133.50161743164062 -1 93.382064819335938 137.80427551269531 249 162.915283203125 206.53459167480469 -1 47.566818237304688 8.8490886688232422 -1 13.612542152404785 20.084403991699219 -1 23.46735954284668 24.43037223815918 -1 112.20333099365234 28.410478591918945 -1 177.47718811035156 90.921669006347656 -1 128.21017456054688 33.299179077148438 -1 123.51089477539062 36.125011444091797 -1 252.47959899902344 135.01641845703125 -1 151.61280822753906 75.712326049804688 -1 188.56338500976562 65.259971618652344 -1 151.61280822753906 75.712326049804688 -1 173.00967407226562 79.438667297363281 -1 88.025390625 187.76303100585938 326 211.51799011230469 101.42002105712891 272 177.47718811035156 90.921669006347656 -1 211.51799011230469 101.42002105712891 277 162.915283203125 206.53459167480469 -1 136.61759948730469 188.87799072265625 -1 159.64599609375 212.571533203125 -1 153.83671569824219 234.63619995117188 -1 252.47959899902344 135.01641845703125 -1 148.81645202636719 243.62527465820312 -1 144.58563232421875 252.02407836914062 -1 100.84822082519531 92.99468994140625 -1 172.00157165527344 89.658485412597656 -1 161.63790893554688 80.916183471679688 -1 189.54557800292969 61.403812408447266 -1 172.56568908691406 60.247966766357422 -1 168.15235900878906 60.164382934570312 -1 192.49140930175781 51.426822662353516 -1 173.92218017578125 50.382102966308594 -1 111.03086090087891 85.633018493652344 -1 109.05118560791016 35.913009643554688 -1 167.73532104492188 32.292922973632812 -1 8.7592296600341797 29.089275360107422 -1 7.3641963005065918 26.980100631713867 -1 12.414861679077148 24.910970687866211 -1 104.92440032958984 7.0825490951538086 -1 42.833488464355469 6.4886474609375 -1 116.93397521972656 36.676128387451172 -1 7.3641963005065918 26.980100631713867 -1 109.05118560791016 35.913009643554688 -1 173.92218017578125 50.382102966308594 -1 192.49140930175781 51.426822662353516 -1 168.15235900878906 60.164382934570312 -1 111.03086090087891 85.633018493652344 -1 100.84822082519531 92.99468994140625 -1 161.25382995605469 180.732177734375 -1 168.83250427246094 198.37057495117188 -1 166.35560607910156 201.86521911621094 -1 158.48291015625 221.14424133300781 -1 163.10342407226562 222.48252868652344 -1 156.89295959472656 229.19770812988281 -1 166.35560607910156 201.86521911621094 300 161.25382995605469 180.732177734375 -1 89.0528564453125 167.16827392578125 -1 57.262569427490234 127.55903625488281 327 114.45158386230469 125.94467926025391 -1 73.450103759765625 113.45546722412109 -1 80.90545654296875 107.02877807617188 -1 109.07225036621094 189.12942504882812 -1 168.83250427246094 198.37057495117188 -1 104.92440032958984 7.0825490951538086 -1 153.34880065917969 77.851524353027344 -1 164.10809326171875 180.64765930175781 258 153.34880065917969 77.851524353027344 -1 
118 0.99772021458455995 -0.023798811323795507 -0.061971375713817514 -0.012146546054373137 -1.9952619672937613 0.012300426188847932 0.24812439842129141 1 000117.png
36.699993133544922 99.253494262695312 -1 172.03671264648438 212.33981323242188 -1 145.05282592773438 35.778427124023438 -1 215.14048767089844 150.19569396972656 266 54.301654815673828 156.86051940917969 -1 195.39736938476562 123.07823181152344 5 127.73896026611328 148.57383728027344 -1 127.17747497558594 160.32328796386719 -1 167.28324890136719 163.80754089355469 7 129.09037780761719 203.38771057128906 328 167.28324890136719 163.80754089355469 9 104.78221130371094 86.866111755371094 92 26.047807693481445 15.810626983642578 -1 31.663719177246094 122.85929870605469 -1 253.1114501953125 121.47991180419922 -1 105.80399322509766 170.80181884765625 224 118.70663452148438 219.70465087890625 223 118.70663452148438 219.70465087890625 330 105.80399322509766 170.80181884765625 11 71.545158386230469 126.97264099121094 -1 161.80482482910156 39.346088409423828 281 239.35684204101562 88.172981262207031 -1 109.63370513916016 121.28278350830078 42 119.23716735839844 26.611873626708984 -1 182.97598266601562 59.545944213867188 -1 166.94692993164062 80.328643798828125 -1 162.22172546386719 97.378837585449219 -1 171.39642333984375 139.97889709472656 14 138.53187561035156 211.81069946289062 268 176.22763061523438 68.684440612792969 -1 127.12545013427734 13.988175392150879 -1 171.39642333984375 139.97889709472656 21 183.61787414550781 152.47616577148438 15 119.23716735839844 26.611873626708984 -1 166.94692993164062 80.328643798828125 -1 160.61605834960938 183.53492736816406 17 160.61605834960938 183.53492736816406 227 29.675882339477539 140.64498901367188 -1 169.90077209472656 51.114353179931641 -1 41.125217437744141 8.0686550140380859 -1 124.52526092529297 10.59967041015625 -1 133.69540405273438 55.808322906494141 -1 161.25917053222656 94.705291748046875 -1 151.51028442382812 120.07382202148438 -1 82.138580322265625 139.44511413574219 23 181.01193237304688 141.97126770019531 31 90.774742126464844 152.59097290039062 32 149.47879028320312 168.93719482421875 117 156.75239562988281 194.28741455078125 230 149.47879028320312 168.93719482421875 -1 82.138580322265625 139.44511413574219 283 29.675882339477539 140.64498901367188 -1 156.75239562988281 194.28741455078125 119 47.835166931152344 27.328725814819336 276 122.99748992919922 8.8517074584960938 -1 101.44167327880859 32.930805206298828 -1 107.63570404052734 42.938377380371094 -1 132.27235412597656 180.7901611328125 -1 138.72404479980469 182.47679138183594 -1 64.379127502441406 146.54751586914062 320 185.14234924316406 196.07295227050781 -1 139.09577941894531 199.62840270996094 27 112.78809356689453 227.53915405273438 -1 248.50946044921875 130.21102905273438 -1 193.65718078613281 54.732872009277344 -1 175.66482543945312 66.258674621582031 -1 156.44697570800781 79.08258056640625 -1 161.16914367675781 92.351127624511719 -1 7.5546784400939941 103.68862152099609 -1 107.63570404052734 42.938377380371094 -1 229.34675598144531 103.08077239990234 319 7.5546784400939941 103.68862152099609 -1 73.538795471191406 143.929931640625 -1 185.14234924316406 196.07295227050781 -1 73.538795471191406 143.929931640625 270 107.40627288818359 176.82118225097656 289 167.28347778320312 178.19943237304688 161 12.271562576293945 250.35494995117188 -1 119.38356018066406 239.51197814941406 -1 112.09130096435547 114.00460815429688 -1 43.418312072753906 5.6021647453308105 -1 174.82176208496094 95.809585571289062 -1 112.7569580078125 97.695968627929688 -1 151.37718200683594 103.53919982910156 -1 154.00953674316406 175.20388793945312 275 86.107330322265625 145.61210632324219 43 35.860500335693359 144.54046630859375 -1 164.53472900390625 103.11019134521484 -1 174.82176208496094 95.809585571289062 -1 140.2281494140625 212.49496459960938 290 173.50250244140625 211.28884887695312 269 102.22731781005859 209.95835876464844 -1 142.81658935546875 144.85501098632812 -1 164.53472900390625 103.11019134521484 -1 127.53389739990234 182.43803405761719 -1 159.32118225097656 122.61299896240234 37 102.22731781005859 209.95835876464844 -1 173.50250244140625 211.28884887695312 -1 107.91005706787109 218.0406494140625 241 35.860500335693359 144.54046630859375 -1 86.107330322265625 145.61210632324219 41 154.40205383300781 162.515380859375 -1 158.450439453125 234.49957275390625 191 154.00953674316406 175.20388793945312 47 129.61485290527344 207.6163330078125 286 147.77549743652344 198.98826599121094 51 179.90049743652344 94.793296813964844 -1 230.08375549316406 94.628250122070312 278 149.45130920410156 111.50208282470703 54 107.43831634521484 113.22278594970703 -1 104.00839996337891 116.79953765869141 292 240.13381958007812 117.51295471191406 -1 102.48665618896484 121.97122192382812 249 88.410568237304688 134.49716186523438 166 76.303489685058594 144.00196838378906 270 172.59056091308594 175.42070007324219 293 111.82577514648438 182.439453125 -1 156.90800476074219 191.51570129394531 172 161.83541870117188 209.54609680175781 247 156.13597106933594 211.29052734375 198 137.45281982421875 183.585205078125 -1 184.92263793945312 66.427574157714844 -1 24.087551116943359 8.2730388641357422 -1 113.69320678710938 23.397983551025391 -1 120.81172180175781 47.481372833251953 -1 190.03199768066406 62.658283233642578 -1 170.04216003417969 63.206039428710938 -1 169.12869262695312 92.176925659179688 -1 226.14619445800781 93.488548278808594 277 184.92263793945312 66.427574157714844 -1 113.69320678710938 23.397983551025391 -1 120.81172180175781 47.481372833251953 -1 169.12869262695312 92.176925659179688 -1 226.14619445800781 93.488548278808594 272 149.45130920410156 111.50208282470703 61 172.59056091308594 175.42070007324219 173 137.45281982421875 183.585205078125 -1 28.348495483398438 6.6406927108764648 -1 32.560436248779297 6.850285530090332 -1 113.93916320800781 17.856855392456055 -1 128.29513549804688 33.240039825439453 -1 128.94082641601562 36.677936553955078 -1 165.47087097167969 49.258625030517578 -1 180.66471862792969 64.043212890625 -1 103.08402252197266 220.51919555664062 -1 151.55331420898438 75.744377136230469 -1 191.21466064453125 145.27772521972656 323 177.38603210449219 91.127815246582031 -1 166.49787902832031 109.67874908447266 -1 248.14927673339844 124.42919158935547 -1 161.70932006835938 80.879043579101562 -1 171.50338745117188 194.56210327148438 102 131.82421875 192.17579650878906 137 91.071556091308594 159.46376037597656 250 116.56062316894531 173.89634704589844 -1 32.986579895019531 137.33505249023438 -1 105.95454406738281 225.14302062988281 -1 239.47959899902344 121.14391326904297 -1 105.95454406738281 225.14302062988281 -1 151.55331420898438 75.744377136230469 -1 151.55331420898438 75.744377136230469 -1 177.38603210449219 91.127815246582031 -1 32.986579895019531 137.33505249023438 -1 171.50338745117188 194.56210327148438 300 103.08402252197266 220.51919555664062 -1 108.67160797119141 5.3632221221923828 -1 19.194650650024414 11.158194541931152 -1 108.13333129882812 127.98215484619141 299 172.0343017578125 89.771270751953125 -1 172.96818542480469 170.08607482910156 259 192.51152038574219 51.463325500488281 -1 168.13954162597656 60.14678955078125 -1 153.51080322265625 78.014686584472656 -1 172.96818542480469 170.08607482910156 258 167.45994567871094 200.82945251464844 303 167.45994567871094 200.82945251464844 201 113.07178497314453 236.67958068847656 -1 153.51080322265625 78.014686584472656 -1 154.93856811523438 72.355499267578125 -1 189.56146240234375 61.485942840576172 -1 172.77336120605469 60.197280883789062 -1 168.13954162597656 60.14678955078125 -1 192.51152038574219 51.463325500488281 -1 105.63674163818359 7.004450798034668 -1 191.11802673339844 171.49783325195312 -1 145.34617614746094 175.67015075683594 196 151.20980834960938 193.60317993164062 83 159.375732421875 199.0384521484375 -1 167.45994567871094 200.82945251464844 265 166.30641174316406 209.1875 274 113.07178497314453 236.67958068847656 -1 189.06512451171875 54.795642852783203 -1 168.14718627929688 35.533847808837891 -1 110.3125 227.02362060546875 -1 168.14718627929688 35.533847808837891 -1 
119 0.9976517445020312 -0.021818939891468204 -0.063820269120950832 -0.011912338284142126 2.4729898580003309 -0.013013616927131943 0.02773222434599654 1 000120.png
144.47627258300781 34.948875427246094 -1 96.185905456542969 132.65841674804688 -1 55.887668609619141 141.2159423828125 -1 55.887668609619141 141.2159423828125 -1 202.73696899414062 116.55442047119141 5 222.23457336425781 146.055419921875 266 33.997718811035156 104.10094451904297 -1 173.35928344726562 155.00254821777344 7 154.87548828125 187.60682678222656 -1 136.80964660644531 197.79182434082031 328 104.37801361083984 78.760757446289062 92 173.35928344726562 155.00254821777344 9 33.997718811035156 104.10094451904297 -1 162.03659057617188 38.738819122314453 -1 149.87750244140625 233.58598327636719 -1 109.66741180419922 160.81982421875 11 176.42848205566406 69.228363037109375 -1 167.01094055175781 80.085380554199219 -1 179.8970947265625 132.83494567871094 14 192.41511535644531 146.33615112304688 15 155.65037536621094 159.92269897460938 16 168.47648620605469 176.55899047851562 17 144.11521911621094 204.53413391113281 268 118.55573272705078 26.328475952148438 -1 131.15234375 210.81838989257812 330 179.8970947265625 132.83494567871094 21 131.15234375 210.81838989257812 94 155.65037536621094 159.92269897460938 117 192.41511535644531 146.33615112304688 22 167.01094055175781 80.085380554199219 -1 118.55573272705078 26.328475952148438 -1 87.4383544921875 126.93471527099609 23 133.77194213867188 55.615444183349609 -1 244.52505493164062 88.653068542480469 278 184.03765869140625 61.492637634277344 -1 153.79859924316406 201.73880004882812 25 124.45529174804688 10.474118232727051 -1 146.21260070800781 190.52629089355469 27 164.00701904296875 187.18913269042969 119 140.58625793457031 171.66786193847656 -1 150.71566772460938 46.741531372070312 -1 103.09549713134766 147.73724365234375 28 193.94659423828125 55.048679351806641 -1 96.375137329101562 140.91133117675781 -1 189.52130126953125 135.34880065917969 31 96.375137329101562 140.91133117675781 32 124.50016784667969 180.61941528320312 -1 173.561279296875 219.09027099609375 -1 54.074253082275391 8.0878314971923828 276 7.4311776161193848 237.67930603027344 -1 112.14238739013672 94.205604553222656 -1 102.16768646240234 32.499031066894531 -1 169.78923034667969 52.117519378662109 -1 175.66584777832031 66.065498352050781 -1 156.67643737792969 78.895431518554688 -1 161.25027465820312 92.261154174804688 -1 164.24505615234375 105.34405517578125 -1 167.1966552734375 113.77372741699219 37 37.773910522460938 130.61630249023438 -1 54.074253082275391 8.0878314971923828 -1 7.4311776161193848 237.67930603027344 -1 173.561279296875 219.09027099609375 -1 164.24505615234375 105.34405517578125 -1 37.564197540283203 12.170616149902344 -1 37.564197540283203 12.170616149902344 -1 37.564197540283203 12.170616149902344 -1 168.93220520019531 203.34187316894531 -1 53.743492126464844 177.70013427734375 -1 118.59220886230469 162.11106872558594 -1 174.75169372558594 170.18098449707031 161 161.74552917480469 167.76669311523438 275 91.519447326660156 133.27983093261719 41 112.63175964355469 113.13376617431641 42 91.519447326660156 133.27983093261719 43 102.48217010498047 43.831550598144531 -1 166.58868408203125 37.197769165039062 281 125.68428802490234 24.28394889831543 -1 122.72636413574219 8.0775918960571289 -1 161.74552917480469 167.76669311523438 47 161.74552917480469 167.76669311523438 275 122.82613372802734 41.7640380859375 -1 156.46763610839844 165.86085510253906 -1 240.90576171875 109.70267486572266 -1 156.46763610839844 165.86085510253906 -1 38.618816375732422 123.77598571777344 -1 174.89808654785156 137.97929382324219 98 55.368728637695312 185.21734619140625 -1 124.68128204345703 190.71693420410156 214 155.7711181640625 190.98072814941406 51 163.90347290039062 204.90800476074219 -1 15.065959930419922 236.1923828125 -1 154.12240600585938 235.72404479980469 -1 168.97648620605469 92.196212768554688 -1 73.081535339355469 99.88336181640625 -1 150.97764587402344 103.37664794921875 61 149.40628051757812 111.58979797363281 -1 124.68128204345703 190.71693420410156 213 163.90347290039062 204.90800476074219 198 163.90347290039062 204.90800476074219 -1 15.065959930419922 236.1923828125 -1 103.2359619140625 136.91801452636719 -1 96.296493530273438 10.265884399414062 -1 177.55630493164062 42.011009216308594 -1 190.07266235351562 62.437789916992188 -1 170.14454650878906 63.139240264892578 -1 168.97648620605469 92.196212768554688 -1 179.88554382324219 94.774528503417969 -1 73.081535339355469 99.88336181640625 -1 150.97764587402344 103.37664794921875 54 51.756813049316406 110.25430297851562 -1 149.40628051757812 111.58979797363281 -1 83.432853698730469 121.13121032714844 -1 93.368148803710938 121.96634674072266 166 56.453159332275391 107.33485412597656 -1 112.38821411132812 29.61305046081543 -1 126.27783966064453 30.713539123535156 -1 128.34188842773438 33.185146331787109 -1 167.08938598632812 192.20939636230469 -1 125.87895202636719 38.671840667724609 -1 165.46279907226562 49.358970642089844 -1 151.52133178710938 75.764480590820312 -1 88.409515380859375 85.273933410644531 -1 231.93258666992188 90.007179260253906 -1 74.507408142089844 95.245292663574219 -1 96.105918884277344 147.98060607910156 250 39.266559600830078 119.33705139160156 -1 197.37510681152344 173.97015380859375 -1 181.38859558105469 168.76077270507812 173 158.75381469726562 213.84663391113281 -1 3.8951997756958008 3.4300882816314697 -1 236.26078796386719 95.170379638671875 319 69.844383239746094 98.482231140136719 327 120.48839569091797 47.248943328857422 -1 238.63058471679688 100.07706451416016 319 180.08782958984375 102.30615234375 -1 3.8951997756958008 3.4300882816314697 -1 125.87895202636719 38.671840667724609 -1 151.52133178710938 75.764480590820312 -1 231.93258666992188 90.007179260253906 -1 180.08782958984375 102.30615234375 -1 180.08782958984375 102.30615234375 -1 151.96354675292969 194.00047302246094 76 120.48839569091797 47.248943328857422 -1 33.485759735107422 122.07947540283203 -1 179.59159851074219 188.51583862304688 102 151.96354675292969 194.00047302246094 79 175.38514709472656 194.31166076660156 201 163.26797485351562 213.2408447265625 200 172.03164672851562 89.513748168945312 -1 161.3226318359375 217.99073791503906 180 156.79457092285156 220.19908142089844 -1 157.14044189453125 223.73638916015625 -1 69.387321472167969 233.21517944335938 -1 70.263603210449219 235.85411071777344 -1 133.18228149414062 211.26834106445312 -1 166.06549072265625 210.22531127929688 -1 153.62881469726562 208.78643798828125 -1 170.98234558105469 201.88005065917969 -1 58.104801177978516 193.89204406738281 -1 158.97756958007812 185.904541015625 83 136.48255920410156 185.38700866699219 137 152.71392822265625 180.54249572753906 -1 162.37590026855469 179.95646667480469 172 147.62324523925781 180.01860046386719 85 49.203266143798828 168.99687194824219 -1 169.83413696289062 165.92182922363281 -1 92.291725158691406 146.4510498046875 -1 82.422866821289062 131.38189697265625 270 142.9896240234375 119.75852203369141 -1 168.22836303710938 108.04301452636719 -1 236.81556701660156 102.38349151611328 -1 79.270088195800781 92.284049987792969 -1 252.88606262207031 91.014991760253906 -1 62.903411865234375 215.49331665039062 -1 153.54940795898438 77.759628295898438 -1 235.64439392089844 89.754287719726562 272 108.71190643310547 5.3834576606750488 -1 92.291725158691406 146.4510498046875 -1 136.48255920410156 185.38700866699219 -1 170.98234558105469 201.88005065917969 -1 105.15203857421875 7.0613040924072266 -1 192.50723266601562 51.423843383789062 -1 172.3914794921875 60.174320220947266 -1 168.08256530761719 60.217830657958984 -1 180.43104553222656 64.091018676757812 -1 183.52841186523438 69.688972473144531 -1 252.88606262207031 91.014991760253906 -1 148.78070068359375 74.590408325195312 -1 102.13241577148438 76.874298095703125 -1 148.06056213378906 216.39311218261719 -1 153.54940795898438 77.759628295898438 -1 235.64439392089844 89.754287719726562 277 98.153495788574219 79.245887756347656 -1 172.30746459960938 80.884376525878906 -1 92.763755798339844 83.172500610351562 -1 168.08256530761719 60.217830657958984 -1 166.17138671875 89.473091125488281 -1 62.223342895507812 212.14759826660156 -1 166.17138671875 89.473091125488281 -1 
120 0.99752399368298961 -0.021446185326541228 -0.065914035308409669 -0.011886257234317731 2.8353636555096986 -0.025471244678790333 -0.090543531939629385 1 000121.png
144.6558837890625 34.487476348876953 -1 95.949127197265625 129.26539611816406 -1 128.39718627929688 136.4580078125 -1 54.446090698242188 138.24470520019531 -1 54.446090698242188 138.24470520019531 -1 222.53298950195312 144.07989501953125 266 202.51762390136719 113.59172058105469 5 222.53298950195312 144.07989501953125 -1 32.768657684326172 100.48393249511719 -1 173.75489807128906 152.58082580566406 7 154.38490295410156 184.61259460449219 -1 104.63892364501953 75.265953063964844 92 32.768657684326172 100.48393249511719 -1 173.75489807128906 152.58082580566406 9 118.11617279052734 26.140737533569336 -1 161.74879455566406 37.989177703857422 -1 127.76094055175781 14.855850219726562 -1 109.64833831787109 158.11477661132812 11 156.2220458984375 157.75019836425781 16 144.78599548339844 202.54362487792969 268 132.52316284179688 208.29533386230469 330 148.54595947265625 231.53910827636719 -1 169.09524536132812 174.61666870117188 17 176.55555725097656 69.562309265136719 -1 180.4013671875 130.78414916992188 14 192.91925048828125 144.43629455566406 22 156.2220458984375 157.75019836425781 117 132.52316284179688 208.29533386230469 94 167.06185913085938 79.920478820800781 -1 87.078498840332031 123.82328033447266 23 180.4013671875 130.78414916992188 21 192.91925048828125 144.43629455566406 15 146.68486022949219 188.47578430175781 27 96.330009460449219 137.98851013183594 32 164.46368408203125 185.13897705078125 119 141.119140625 170.56008911132812 -1 103.32178497314453 144.95004272460938 28 96.330009460449219 137.98851013183594 -1 193.92835998535156 54.916175842285156 -1 244.08248901367188 88.202659606933594 278 184.15628051757812 60.45184326171875 -1 149.94891357421875 46.242183685302734 -1 154.30238342285156 199.63285827636719 25 189.91725158691406 133.45114135742188 31 102.37754058837891 32.490703582763672 -1 169.80233764648438 52.211929321289062 -1 175.69577026367188 66.056770324707031 -1 156.72943115234375 78.881767272949219 -1 161.29620361328125 92.422500610351562 -1 167.69462585449219 111.54856109619141 37 36.135692596435547 127.41438293457031 -1 116.56668090820312 169.76057434082031 -1 116.71366882324219 10.089470863342285 -1 167.69462585449219 111.54856109619141 -1 116.71366882324219 10.089470863342285 -1 122.98139953613281 8.5234155654907227 -1 116.71366882324219 10.089470863342285 -1 123.25742340087891 179.31600952148438 -1 113.69960021972656 140.91084289550781 -1 91.289299011230469 130.46078491210938 41 112.6351318359375 110.19455718994141 42 164.58070373535156 104.15586090087891 -1 198.41499328613281 50.617938995361328 -1 13.790725708007812 234.19181823730469 -1 102.61205291748047 43.829841613769531 -1 108.21527099609375 42.879714965820312 -1 72.004753112792969 96.7353515625 -1 169.77647399902344 201.01927185058594 -1 13.790725708007812 234.19181823730469 -1 13.790725708007812 234.19181823730469 -1 162.21885681152344 165.74201965332031 47 91.289299011230469 130.46078491210938 43 164.58070373535156 104.15586090087891 -1 72.004753112792969 96.7353515625 -1 108.21527099609375 42.879714965820312 -1 166.57810974121094 35.974128723144531 281 125.63047790527344 24.239089965820312 -1 111.40079498291016 23.792484283447266 -1 97.841133117675781 12.497513771057129 -1 174.96089172363281 167.65139770507812 161 162.21885681152344 165.74201965332031 275 118.68923950195312 162.22380065917969 -1 169.19660949707031 92.487724304199219 -1 169.19660949707031 92.487724304199219 -1 175.26382446289062 95.923484802246094 -1 175.26382446289062 95.923484802246094 -1 149.310546875 111.49704742431641 -1 164.2020263671875 227.5537109375 -1 175.31661987304688 135.70510864257812 98 240.67218017578125 136.83474731445312 -1 121.62618255615234 41.943843841552734 -1 190.11723327636719 62.432598114013672 -1 170.11386108398438 63.149150848388672 -1 182.78013610839844 69.835334777832031 -1 96.000900268554688 76.202568054199219 -1 179.89703369140625 94.7275390625 -1 67.908592224121094 94.972412109375 327 181.51753234863281 100.46385955810547 -1 181.51753234863281 100.46385955810547 -1 150.97921752929688 103.39414215087891 54 149.310546875 111.49704742431641 -1 37.890789031982422 115.12599945068359 -1 83.198196411132812 118.01170349121094 -1 93.58154296875 119.07727813720703 166 37.147121429443359 120.28384399414062 -1 127.04447937011719 194.048095703125 -1 164.2020263671875 227.5537109375 191 134.78572082519531 252.31446838378906 -1 190.11723327636719 62.432598114013672 -1 181.51753234863281 100.46385955810547 -1 181.51753234863281 100.46385955810547 -1 181.51753234863281 100.46385955810547 -1 181.51753234863281 100.46385955810547 -1 150.97921752929688 103.39414215087891 61 167.3634033203125 35.6544189453125 -1 112.18454742431641 28.850664138793945 -1 128.39730834960938 33.166595458984375 -1 232.36729431152344 88.47698974609375 -1 129.5921630859375 36.366317749023438 -1 165.39523315429688 49.368057250976562 -1 104.08502197265625 71.574989318847656 -1 180.06039428710938 186.60189819335938 102 183.56304931640625 69.698257446289062 -1 49.579799652099609 170.42301940917969 -1 156.55117797851562 188.88479614257812 51 151.50657653808594 75.837791442871094 -1 151.50657653808594 75.837791442871094 -1 232.36729431152344 88.47698974609375 -1 152.5439453125 191.87727355957031 76 174.59034729003906 201.03614807128906 274 166.59535217285156 207.8927001953125 -1 166.59535217285156 207.8927001953125 200 173.67567443847656 167.54916381835938 -1 152.5439453125 191.87727355957031 79 130.92842102050781 195.10919189453125 -1 174.59034729003906 201.03614807128906 171 166.59535217285156 207.8927001953125 -1 141.22453308105469 209.51698303222656 -1 164.95848083496094 180.37184143066406 172 52.499240875244141 178.87080383300781 -1 147.99159240722656 177.90243530273438 85 153.89984130859375 177.75 -1 182.34866333007812 166.65693664550781 173 152.26681518554688 163.75099182128906 196 234.64483642578125 130.55389404296875 -1 114.34391021728516 2.0494918823242188 -1 167.68048095703125 116.40911102294922 -1 172.0908203125 89.640312194824219 -1 235.82484436035156 88.362213134765625 272 107.87239837646484 72.632987976074219 -1 167.95086669921875 60.298126220703125 -1 189.09881591796875 54.781318664550781 -1 117.01889801025391 36.661899566650391 -1 192.53269958496094 51.423553466796875 -1 155.62017822265625 39.664234161376953 -1 108.8096923828125 5.4807133674621582 -1 167.95086669921875 60.298126220703125 -1 107.87239837646484 72.632987976074219 -1 235.82484436035156 88.362213134765625 277 150.10786437988281 203.73075866699219 -1 108.8096923828125 5.4807133674621582 -1 60.550060272216797 201.53773498535156 -1 150.10786437988281 203.73075866699219 -1 154.36199951171875 207.0823974609375 -1 145.16139221191406 210.399658203125 -1 159.07649230957031 212.57662963867188 -1 135.13580322265625 195.91304016113281 -1 172.21224975585938 60.100540161132812 -1 159.55012512207031 183.9271240234375 83 156.46031188964844 184.42491149902344 -1 157.41694641113281 218.16183471679688 -1 17.568962097167969 236.03041076660156 -1 148.91331481933594 214.232177734375 -1 137.48518371582031 184.24885559082031 137 236.33097839355469 93.833526611328125 319 162.27366638183594 215.78874206542969 180 185.28121948242188 121.83359527587891 -1 
121 0.99776803566205186 -0.023005292917996443 -0.061546316062860117 -0.011906069373986982 1.2100715732919995 -0.013479683787742655 0.20905524866768943 1 000119.png
38.50286865234375 90.394851684570312 -1 144.23040771484375 35.425064086914062 -1 57.356296539306641 147.3026123046875 -1 221.161376953125 148.6011962890625 266 57.356296539306641 147.3026123046875 -1 221.161376953125 148.6011962890625 -1 201.22657775878906 118.66607666015625 5 128.25445556640625 151.41450500488281 -1 104.27472686767578 83.412002563476562 92 128.61712646484375 156.86260986328125 -1 171.47119140625 158.41233825683594 7 156.12271118164062 193.6060791015625 -1 135.04541015625 200.83787536621094 328 104.27472686767578 83.412002563476562 -1 171.47119140625 158.41233825683594 9 109.48248291015625 164.9466552734375 11 110.91718292236328 194.02130126953125 279 124.62376403808594 214.05326843261719 223 109.48248291015625 164.9466552734375 224 110.91718292236328 194.02130126953125 280 124.62376403808594 214.05326843261719 330 36.012802124023438 113.49349975585938 -1 162.04426574707031 39.318790435791016 281 119.05135345458984 26.470510482788086 -1 177.4405517578125 135.38566589355469 14 189.83151245117188 148.89457702636719 15 153.41200256347656 163.10052490234375 117 166.21366882324219 164.44769287109375 -1 166.11506652832031 179.3572998046875 17 127.3040771484375 212.62821960449219 94 127.19234466552734 14.029403686523438 -1 151.36543273925781 237.950439453125 -1 166.914794921875 80.317718505859375 -1 166.21366882324219 164.44769287109375 -1 153.41200256347656 163.10052490234375 16 189.83151245117188 148.89457702636719 22 177.4405517578125 135.38566589355469 21 166.914794921875 80.317718505859375 -1 119.05135345458984 26.470510482788086 -1 166.11506652832031 179.3572998046875 227 228.55110168457031 98.973808288574219 -1 112.01637268066406 116.38880157470703 42 193.88984680175781 55.032051086425781 -1 187.255126953125 138.12814331054688 31 95.329902648925781 145.40605163574219 32 102.12287139892578 151.76397705078125 28 161.68650817871094 190.08702087402344 119 143.9046630859375 193.92234802246094 27 151.6787109375 204.0257568359375 25 100.49714660644531 32.743770599365234 -1 53.705390930175781 17.0745849609375 276 10.220413208007812 13.561188697814941 -1 86.632179260253906 131.92459106445312 23 124.63657379150391 10.739020347595215 -1 95.329902648925781 145.40605163574219 -1 161.68650817871094 190.08702087402344 230 172.50047302246094 221.39544677734375 -1 133.6796875 55.375808715820312 -1 183.86019897460938 62.515998840332031 -1 175.96615600585938 67.327552795410156 -1 8.2750005722045898 240.76405334472656 -1 184.26713562011719 64.399948120117188 -1 169.71696472167969 52.013526916503906 -1 8.2750005722045898 240.76405334472656 -1 107.63961791992188 42.869709014892578 -1 107.63961791992188 42.869709014892578 -1 68.448150634765625 139.11398315429688 320 165.02410888671875 117.31981658935547 37 184.26713562011719 64.399948120117188 -1 112.07436370849609 212.03437805175781 241 152.35699462890625 238.2745361328125 -1 161.20774841308594 92.386505126953125 -1 156.53038024902344 79.115608215332031 -1 174.95448303222656 96.046623229980469 -1 112.30382537841797 97.144546508789062 -1 164.47607421875 102.8311767578125 -1 151.37255859375 103.55569458007812 -1 239.02340698242188 112.01424407958984 -1 140.50669860839844 124.53751373291016 -1 126.13838195800781 181.63591003417969 -1 172.59835815429688 173.39515686035156 161 103.89706420898438 14.688034057617188 -1 37.926506042480469 21.46563720703125 -1 37.926506042480469 21.46563720703125 -1 166.45256042480469 205.66990661621094 247 159.50543212890625 170.61807250976562 275 164.47607421875 102.8311767578125 -1 174.95448303222656 96.046623229980469 -1 166.45256042480469 205.66990661621094 -1 103.89706420898438 14.688034057617188 -1 159.50543212890625 170.61807250976562 275 37.926506042480469 21.46563720703125 -1 162.5230712890625 231.0977783203125 191 54.727458953857422 182.02006530761719 -1 159.50543212890625 170.61807250976562 47 90.783378601074219 137.94892883300781 41 38.939113616943359 136.03231811523438 -1 90.783378601074219 137.94892883300781 43 184.79769897460938 65.701019287109375 -1 184.79769897460938 65.701019287109375 -1 15.965413093566895 239.39993286132812 -1 118.04918670654297 8.6812114715576172 -1 118.04918670654297 8.6812114715576172 -1 169.14558410644531 92.188873291015625 -1 229.39456176757812 92.499748229980469 -1 149.45539855957031 111.31739807128906 61 123.27162170410156 192.55877685546875 213 178.00642395019531 207.7822265625 -1 118.04918670654297 8.6812114715576172 -1 190.04841613769531 62.54473876953125 -1 170.10211181640625 63.148963928222656 -1 169.14558410644531 92.188873291015625 -1 229.39456176757812 92.499748229980469 -1 179.82992553710938 94.919952392578125 -1 236.41848754882812 101.09053802490234 319 149.45539855957031 111.31739807128906 54 65.828323364257812 115.80101013183594 -1 60.220737457275391 119.48136138916016 -1 93.001472473144531 127.56010437011719 166 172.47402954101562 141.02215576171875 98 72.701530456542969 154.25274658203125 -1 149.10269165039062 169.45071411132812 196 178.77001953125 171.25425720214844 173 123.27162170410156 192.55877685546875 214 153.2926025390625 193.86831665039062 51 161.43568420410156 206.9949951171875 198 178.00642395019531 207.7822265625 269 58.388118743896484 204.48094177246094 -1 107.67425537109375 152.91181945800781 -1 78.091537475585938 164.17263793945312 -1 196.93011474609375 168.147216796875 -1 162.53634643554688 186.66175842285156 172 177.04371643066406 190.8602294921875 102 164.79249572753906 194.78097534179688 -1 161.73493957519531 80.886795043945312 -1 195.12078857421875 176.08721923828125 -1 118.79512023925781 169.96437072753906 -1 83.421859741210938 125.97956848144531 -1 113.89022064208984 17.950553894042969 -1 183.40385437011719 152.12257385253906 -1 128.27151489257812 33.286472320556641 -1 165.50157165527344 49.399162292480469 -1 151.57489013671875 75.702362060546875 -1 173.06657409667969 79.516838073730469 -1 177.37675476074219 91.075218200683594 -1 233.67926025390625 91.352973937988281 277 108.04098510742188 115.00779724121094 249 81.273658752441406 135.8555908203125 270 35.825939178466797 128.61659240722656 -1 160.54850769042969 215.95088195800781 200 195.12078857421875 176.08721923828125 -1 171.73051452636719 205.20713806152344 171 113.89022064208984 17.950553894042969 -1 151.57489013671875 75.702362060546875 -1 177.37675476074219 91.075218200683594 -1 233.67926025390625 91.352973937988281 272 164.79249572753906 194.78097534179688 -1 149.86573791503906 196.32484436035156 76 172.91120910644531 196.57502746582031 265 99.008941650390625 199.8609619140625 -1 171.73051452636719 205.20713806152344 -1 174.64210510253906 210.88710021972656 -1 149.86573791503906 196.32484436035156 79 172.91120910644531 196.57502746582031 201 99.008941650390625 199.8609619140625 -1 171.73051452636719 205.20713806152344 -1 174.64210510253906 210.88710021972656 -1 95.314811706542969 151.68508911132812 250 91.377960205078125 150.69503784179688 -1 235.97825622558594 135.32472229003906 -1 51.457569122314453 176.55421447753906 -1 50.971450805664062 121.54192352294922 -1 26.048751831054688 120.56703948974609 -1 51.823116302490234 117.83145141601562 -1 21.843830108642578 114.71370697021484 -1 8.390467643737793 96.593482971191406 -1 172.03173828125 89.605949401855469 -1 166.18370056152344 89.319953918457031 -1 108.77537536621094 5.4890055656433105 -1 114.55830383300781 133.39865112304688 -1 165.57588195800781 72.873489379882812 -1 192.50411987304688 51.463260650634766 -1 166.18370056152344 89.319953918457031 -1 3.1716630458831787 85.018913269042969 -1 91.377960205078125 150.69503784179688 -1 179.0828857421875 166.04293823242188 258 105.62031555175781 6.960545539855957 -1 180.50480651855469 187.26820373535156 -1 183.49526977539062 188.46304321289062 -1 167.98861694335938 35.473335266113281 281 107.41149139404297 213.94920349121094 -1 117.21044921875 36.560569763183594 -1 102.90930938720703 43.432754516601562 -1 192.50411987304688 51.463260650634766 -1 107.41149139404297 213.94920349121094 -1 159.04203796386719 219.94090270996094 180 129.09249877929688 250.65093994140625 -1 126.40088653564453 30.749897003173828 -1 114.53658294677734 1.6847915649414062 -1 92.847793579101562 188.86416625976562 -1 92.847793579101562 188.86416625976562 -1 183.49526977539062 188.46304321289062 -1 157.00027465820312 188.51487731933594 83 137.05584716796875 187.84001159667969 137 172.65234375 60.203872680664062 -1 180.50480651855469 187.26820373535156 -1 101.38237762451172 169.81330871582031 326 179.0828857421875 166.04293823242188 259 105.36321258544922 205.61164855957031 -1 50.971450805664062 121.54192352294922 -1 176.58470153808594 104.74765777587891 -1 179.84979248046875 76.768112182617188 -1 176.58470153808594 104.74765777587891 -1 176.58470153808594 104.74765777587891 -1 
122 0.99735631290587967 -0.020933007785567063 -0.068586349773266511 -0.011751889916854091 2.5632003389020781 -0.037209264240670122 -0.23647078375355776 1 000122.png
94.508895874023438 127.93113708496094 -1 86.491127014160156 226.84474182128906 -1 144.1951904296875 33.824798583984375 -1 233.75520324707031 103.08629608154297 -1 51.941753387451172 133.9022216796875 -1 128.32879638671875 132.79283142089844 -1 51.941753387451172 133.9022216796875 -1 202.10853576660156 113.75089263916016 5 221.08290100097656 144.19853210449219 266 221.08290100097656 144.19853210449219 -1 104.17481994628906 70.476974487304688 92 29.934909820556641 96.374702453613281 -1 173.1546630859375 150.03706359863281 7 153.09498596191406 181.67803955078125 -1 29.934909820556641 96.374702453613281 -1 173.1546630859375 150.03706359863281 9 92.885848999023438 152.43359375 -1 109.16555023193359 155.37895202636719 11 116.90042114257812 25.623945236206055 -1 160.005859375 36.86663818359375 -1 176.43756103515625 70.681060791015625 -1 168.27725219726562 172.14263916015625 17 132.58186340332031 205.81916809082031 94 134.69354248046875 55.723922729492188 -1 184.41880798339844 58.416709899902344 -1 167.14176940917969 79.7730712890625 -1 85.745193481445312 120.00950622558594 23 179.9052734375 128.5386962890625 21 192.26341247558594 142.38291931152344 15 155.50384521484375 155.43161010742188 16 144.094970703125 200.23257446289062 268 132.58186340332031 205.81916809082031 330 146.58027648925781 229.32106018066406 -1 155.50384521484375 155.43161010742188 117 192.26341247558594 142.38291931152344 22 179.9052734375 128.5386962890625 14 134.69354248046875 55.723922729492188 -1 100.71443176269531 31.256814956665039 -1 153.48460388183594 197.14501953125 25 145.91546630859375 186.13996887207031 27 242.95758056640625 87.3931884765625 278 189.56993103027344 131.22174072265625 31 95.095687866210938 134.64028930664062 -1 102.16255950927734 141.72384643554688 28 141.2366943359375 171.84321594238281 -1 163.60389709472656 182.74948120117188 119 95.095687866210938 134.64028930664062 32 242.95758056640625 87.3931884765625 -1 121.4599609375 177.32920837402344 -1 156.73045349121094 78.831886291503906 -1 193.89643859863281 54.803684234619141 -1 161.39688110351562 92.087379455566406 -1 112.24063110351562 106.62579345703125 42 140.16184997558594 219.62741088867188 -1 164.56484985351562 47.481597900390625 -1 10.329353332519531 231.63156127929688 -1 108.43382263183594 42.599605560302734 -1 50.273792266845703 172.17317199707031 -1 90.104415893554688 126.68208312988281 41 156.22479248046875 161.28068542480469 -1 32.648113250732422 121.95768737792969 -1 167.80039978027344 109.41748809814453 -1 116.34697723388672 7.5740046501159668 -1 168.61482238769531 92.037101745605469 -1 103.30867767333984 32.9359130859375 -1 164.58650207519531 34.323287963867188 281 10.329353332519531 231.63156127929688 -1 10.329353332519531 231.63156127929688 -1 122.48339080810547 7.8979201316833496 -1 156.22479248046875 161.28068542480469 -1 90.104415893554688 126.68208312988281 43 32.648113250732422 121.95768737792969 -1 167.80039978027344 109.41748809814453 37 168.61482238769531 92.037101745605469 -1 108.43382263183594 42.599605560302734 -1 161.64982604980469 163.2509765625 275 168.96270751953125 199.028564453125 -1 102.96463012695312 43.988285064697266 -1 161.64982604980469 163.2509765625 47 116.24382781982422 167.89161682128906 -1 147.42047119140625 170.90592956542969 -1 169.02149963378906 178.98060607910156 -1 126.02886199951172 191.26710510253906 -1 96.851768493652344 194.84249877929688 -1 133.21028137207031 197.85675048828125 -1 192.32597351074219 147.81466674804688 -1 190.15786743164062 62.462635040283203 -1 150.82077026367188 103.22676849365234 61 126.02886199951172 191.26710510253906 -1 192.32597351074219 147.81466674804688 -1 54.406230926513672 196.67485046386719 -1 58.337394714355469 207.54351806640625 -1 177.67510986328125 41.912319183349609 -1 190.15786743164062 62.462635040283203 -1 170.15713500976562 63.084758758544922 -1 182.71759033203125 69.989692687988281 -1 179.93266296386719 94.672195434570312 -1 150.82077026367188 103.22676849365234 54 50.730854034423828 109.23307800292969 -1 102.91005706787109 144.01275634765625 -1 169.02191162109375 179.71910095214844 -1 151.51399230957031 75.78570556640625 -1 151.88795471191406 189.51318359375 79 126.28618621826172 38.240425109863281 -1 119.97422027587891 47.028457641601562 -1 165.37620544433594 49.261451721191406 -1 113.85193634033203 2.4322614669799805 -1 99.3516845703125 3.9485306739807129 -1 45.491058349609375 162.15219116210938 -1 61.941368103027344 216.34529113769531 -1 156.21965026855469 162.924560546875 -1 129.79502868652344 192.25970458984375 -1 108.89376068115234 5.6381983757019043 -1 173.66928100585938 199.10755920410156 274 126.23529815673828 30.714817047119141 -1 128.28726196289062 33.237648010253906 -1 61.973136901855469 208.54928588867188 -1 64.397850036621094 214.50025939941406 -1 155.73143005371094 186.54098510742188 51 151.51399230957031 75.78570556640625 -1 156.21965026855469 162.924560546875 -1 151.88795471191406 189.51318359375 76 99.3516845703125 3.9485306739807129 -1 108.89376068115234 5.6381983757019043 -1 119.97422027587891 47.028457641601562 -1 231.82295227050781 86.839447021484375 -1 231.82295227050781 86.839447021484375 -1 169.02191162109375 179.71910095214844 -1 155.73143005371094 186.54098510742188 -1 173.66928100585938 199.10755920410156 171 67.27935791015625 230.47611999511719 -1 135.21427917480469 253.97422790527344 -1 147.73762512207031 212.26641845703125 -1 165.88423156738281 205.58407592773438 -1 153.47544860839844 204.80230712890625 -1 60.0787353515625 204.29074096679688 -1 137.0653076171875 197.87136840820312 -1 154.7025146484375 189.113525390625 -1 133.72698974609375 184.4971923828125 137 155.6005859375 182.44285583496094 -1 147.14048767089844 181.92951965332031 -1 158.83316040039062 181.35417175292969 83 149.32160949707031 177.14962768554688 -1 152.56340026855469 175.93730163574219 -1 146.05230712890625 172.50184631347656 85 34.993045806884766 132.993896484375 -1 29.588615417480469 115.44107055664062 -1 43.683639526367188 109.34597778320312 -1 172.16815185546875 89.598472595214844 -1 108.80206298828125 86.8675537109375 -1 161.38389587402344 30.875259399414062 -1 117.037353515625 36.659088134765625 -1 98.594551086425781 73.910873413085938 -1 43.683639526367188 109.34597778320312 -1 174.09364318847656 38.2042236328125 -1 192.54470825195312 51.405536651611328 -1 155.6005859375 182.44285583496094 -1 133.72698974609375 184.4971923828125 -1 193.92460632324219 60.003608703613281 -1 165.88423156738281 205.58407592773438 -1 98.594551086425781 73.910873413085938 -1 145.24453735351562 214.43498229980469 -1 146.55197143554688 217.01019287109375 -1 29.588615417480469 115.44107055664062 -1 140.55387878417969 207.58113098144531 -1 193.26205444335938 135.20388793945312 -1 156.70280456542969 219.66244506835938 -1 158.39476013183594 210.24076843261719 -1 104.84839630126953 7.0408062934875488 -1 157.48715209960938 222.89581298828125 -1 235.33164978027344 91.733818054199219 272 193.26205444335938 135.20388793945312 -1 193.92460632324219 60.003608703613281 -1 48.686817169189453 106.23456573486328 -1 48.686817169189453 106.23456573486328 -1 172.64985656738281 80.480796813964844 -1 
123 0.99779410790322109 -0.023488620681331888 -0.060912606471986784 -0.012035668028511661 -0.81394114406165896 0.0035763272582335741 0.32408601113566299 1 000118.png
95.248870849609375 240.74057006835938 -1 37.646099090576172 96.022270202636719 -1 171.86166381835938 212.37971496582031 -1 144.61636352539062 35.753623962402344 -1 217.94917297363281 150.18392944335938 266 56.175621032714844 153.52043151855469 -1 217.94917297363281 150.18392944335938 -1 56.175621032714844 153.52043151855469 -1 197.64859008789062 121.20504760742188 5 127.79604339599609 159.8834228515625 -1 169.03300476074219 161.87832641601562 7 108.44432067871094 195.97474670410156 279 131.45179748535156 202.2664794921875 328 169.03300476074219 161.87832641601562 9 108.44432067871094 195.97474670410156 280 104.40081024169922 86.022048950195312 92 33.985561370849609 119.80208587646484 -1 26.330720901489258 14.101035118103027 -1 107.73931121826172 168.56930541992188 11 120.02687835693359 217.37535095214844 223 107.73931121826172 168.56930541992188 224 120.02687835693359 217.37535095214844 330 73.928024291992188 123.60768890380859 -1 161.94406127929688 39.322616577148438 281 119.32366180419922 26.515298843383789 -1 176.22911071777344 68.554931640625 -1 167.05447387695312 80.261550903320312 -1 241.403564453125 88.101486206054688 -1 110.62657928466797 119.38477325439453 42 173.628662109375 138.22291564941406 14 185.82138061523438 151.05474853515625 15 150.70632934570312 166.44100952148438 117 162.62741088867188 181.72708129882812 227 127.07188415527344 13.900088310241699 -1 183.143798828125 59.977321624755859 -1 167.05447387695312 80.261550903320312 -1 119.32366180419922 26.515298843383789 -1 162.62741088867188 181.72708129882812 17 185.82138061523438 151.05474853515625 22 173.628662109375 138.22291564941406 21 223.81739807128906 101.42975616455078 -1 84.17498779296875 136.71603393554688 23 31.611360549926758 137.2177734375 -1 31.611360549926758 137.2177734375 -1 84.17498779296875 136.71603393554688 283 168.21479797363281 130.59785461425781 -1 168.21479797363281 130.59785461425781 -1 8.6270895004272461 21.743295669555664 -1 124.2867431640625 10.30787467956543 -1 92.773536682128906 149.91885375976562 32 99.831825256347656 155.87313842773438 28 8.6270895004272461 21.743295669555664 -1 133.47116088867188 55.345272064208984 -1 161.414306640625 95.5960693359375 -1 183.29322814941406 140.49613952636719 31 151.90995788574219 119.12448120117188 -1 168.21479797363281 130.59785461425781 -1 158.54318237304688 192.60481262207031 230 148.14895629882812 206.52806091308594 25 169.88737487792969 50.942699432373047 -1 158.54318237304688 192.60481262207031 119 161.12217712402344 92.387184143066406 -1 66.233741760253906 143.60592651367188 320 140.82807922363281 197.14842224121094 27 114.28221893310547 224.7391357421875 -1 7.2306113243103027 247.44306945800781 -1 193.74664306640625 54.941944122314453 -1 101.24061584472656 32.951618194580078 -1 50.610172271728516 24.514366149902344 276 7.2306113243103027 247.44306945800781 -1 107.62291717529297 42.994338989257812 -1 107.62291717529297 42.994338989257812 -1 50.610172271728516 24.514366149902344 -1 107.62291717529297 42.994338989257812 -1 175.70489501953125 66.2349853515625 -1 156.4488525390625 79.078742980957031 -1 125.50208282470703 23.494588851928711 -1 184.451416015625 65.087356567382812 -1 174.84194946289062 95.919242858886719 -1 8.6458663940429688 99.423995971679688 -1 231.91236877441406 102.03839111328125 319 14.607710838317871 245.41407775878906 -1 121.28878784179688 237.80305480957031 -1 151.35205078125 103.70578002929688 -1 234.21745300292969 113.31427764892578 -1 37.650241851806641 141.56515502929688 -1 88.462944030761719 142.48745727539062 41 156.21165466308594 160.38449096679688 -1 109.26569366455078 174.51667785644531 289 155.92927551269531 173.61009216308594 47 169.169677734375 176.14994812011719 161 120.78891754150391 194.91844177246094 214 103.91487884521484 207.50527954101562 -1 179.24176025390625 155.52311706542969 -1 120.78891754150391 194.91844177246094 213 155.92927551269531 173.61009216308594 275 155.92927551269531 173.61009216308594 275 88.462944030761719 142.48745727539062 -1 88.462944030761719 142.48745727539062 43 37.650241851806641 141.56515502929688 -1 174.84194946289062 95.919242858886719 -1 184.451416015625 65.087356567382812 -1 159.85145568847656 232.71078491210938 191 109.45072174072266 215.14955139160156 241 161.39419555664062 120.615234375 37 40.994251251220703 5.6640958786010742 -1 14.607710838317871 245.41407775878906 -1 29.364227294921875 133.94851684570312 -1 138.772216796875 216.92335510253906 304 138.772216796875 216.92335510253906 301 26.800418853759766 5.627833366394043 -1 174.83332824707031 173.89837646484375 293 251.02642822265625 123.47044372558594 -1 149.56939697265625 111.44544219970703 61 229.05247497558594 92.752426147460938 272 169.239501953125 92.227455139160156 -1 179.85682678222656 94.884918212890625 -1 167.54240417480469 107.24864196777344 -1 80.399124145507812 108.20949554443359 -1 149.56939697265625 111.44544219970703 54 106.0936279296875 114.56998443603516 292 243.5506591796875 117.11910247802734 -1 141.30923461914062 123.68861389160156 -1 251.02642822265625 123.47044372558594 -1 58.060291290283203 125.26154327392578 -1 250.58265686035156 127.75906372070312 -1 90.580520629882812 132.00572204589844 166 34.722702026367188 133.73689270019531 -1 78.576690673828125 141.72482299804688 270 174.83332824707031 173.89837646484375 173 49.611255645751953 178.48851013183594 -1 113.50513458251953 180.21322631835938 -1 158.91326904296875 189.53569030761719 172 55.397853851318359 194.37750244140625 -1 184.89822387695312 66.391288757324219 -1 149.82099914550781 196.71066284179688 51 163.89453125 207.60189819335938 247 158.09461975097656 209.38267517089844 198 118.18624877929688 9.018162727355957 -1 118.18624877929688 9.018162727355957 -1 190.03910827636719 62.648258209228516 -1 170.07846069335938 63.22528076171875 -1 184.89822387695312 66.391288757324219 -1 181.069091796875 76.541946411132812 -1 169.239501953125 92.227455139160156 -1 229.05247497558594 92.752426147460938 277 233.18928527832031 93.769660949707031 278 180.64326477050781 64.009971618652344 -1 151.52665710449219 75.837432861328125 -1 172.96418762207031 79.691459655761719 -1 177.33676147460938 91.17340087890625 -1 104.91129302978516 119.63121795654297 249 247.29714965820312 124.44673919677734 -1 193.51739501953125 143.95948791503906 323 93.364715576171875 156.4705810546875 250 193.33940124511719 169.77812194824219 -1 146.67994689941406 173.21055603027344 196 133.70916748046875 190.26097106933594 137 173.34663391113281 193.24943542480469 102 176.30923461914062 195.19407653808594 -1 169.17658996582031 199.34109497070312 265 96.625450134277344 204.11650085449219 -1 99.005416870117188 208.15542602539062 -1 171.29402160644531 212.8194580078125 -1 104.56855773925781 217.42591857910156 -1 120.53499603271484 238.60887145996094 -1 117.51500701904297 239.27247619628906 -1 121.10138702392578 245.13265991210938 -1 120.11978912353516 47.494110107421875 -1 114.03225708007812 17.741493225097656 -1 168.28524780273438 207.40724182128906 274 128.27702331542969 33.261566162109375 -1 120.11978912353516 47.494110107421875 -1 151.52665710449219 75.837432861328125 -1 151.52665710449219 75.837432861328125 -1 177.33676147460938 91.17340087890625 -1 173.34663391113281 193.24943542480469 300 169.17658996582031 199.34109497070312 201 169.17658996582031 199.34109497070312 303 169.17658996582031 199.34109497070312 -1 96.625450134277344 204.11650085449219 -1 99.005416870117188 208.15542602539062 -1 120.53499603271484 238.60887145996094 -1 117.51500701904297 239.27247619628906 -1 121.10138702392578 245.13265991210938 -1 110.13727569580078 125.59819793701172 299 242.59837341308594 120.14366912841797 -1 221.78451538085938 93.163978576660156 -1 172.00991821289062 89.651863098144531 -1 166.19970703125 89.40667724609375 -1 161.51898193359375 80.895912170410156 -1 153.42556762695312 77.98876953125 -1 148.7957763671875 74.811744689941406 -1 189.57704162597656 61.211257934570312 -1 175.978759765625 60.804615020751953 -1 172.38888549804688 60.303813934326172 -1 168.11029052734375 60.155288696289062 -1 192.48919677734375 51.4371337890625 -1 117.39611053466797 36.443813323974609 -1 114.88919830322266 234.54463195800781 -1 168.04396057128906 35.520244598388672 -1 192.48919677734375 51.4371337890625 -1 168.11029052734375 60.155288696289062 -1 153.42556762695312 77.98876953125 -1 166.19970703125 89.40667724609375 -1 175.23666381835938 168.46784973144531 258 114.88919830322266 234.54463195800781 -1 115.08006286621094 229.47868347167969 -1 112.07456207275391 224.5732421875 -1 17.039731979370117 241.35313415527344 -1 161.31634521484375 197.19255065917969 -1 52.029041290283203 194.62501525878906 -1 153.261962890625 191.57376098632812 83 133.04437255859375 184.3543701171875 -1 175.23666381835938 168.46784973144531 259 112.62824249267578 161.10769653320312 -1 183.26283264160156 157.82438659667969 -1 114.47874450683594 131.77537536621094 -1 177.21333312988281 127.96856689453125 -1 114.54087829589844 1.520334005355835 -1 64.422134399414062 221.59892272949219 -1 168.04396057128906 35.520244598388672 -1 21.451644897460938 8.4921455383300781 -1 105.31676483154297 7.0872201919555664 -1 108.62478637695312 5.4062151908874512 -1 30.72355842590332 4.2336387634277344 -1 30.72355842590332 4.2336387634277344 -1 117.38184356689453 233.98585510253906 -1 
124 0.99729965001825172 -0.020997236379221761 -0.069379534524004707 -0.01179000963274855 2.9498336290760037 -0.04318594133832776 -0.22582544955266559 1 000123.png
33.328975677490234 75.576087951660156 -1 94.679679870605469 127.01995086669922 -1 144.2314453125 33.815410614013672 -1 233.27195739746094 102.41199493408203 -1 128.31256103515625 132.18881225585938 -1 52.314357757568359 133.34526062011719 -1 86.521659851074219 226.85009765625 -1 52.314357757568359 133.34526062011719 -1 202.31866455078125 113.24463653564453 5 221.2757568359375 142.50840759277344 266 221.2757568359375 142.50840759277344 -1 104.503173828125 70.377464294433594 92 30.093711853027344 96.176582336425781 -1 173.56256103515625 149.1356201171875 7 153.77481079101562 180.77696228027344 -1 30.093711853027344 96.176582336425781 -1 173.56256103515625 149.1356201171875 9 30.641525268554688 100.83332061767578 -1 93.411651611328125 152.66195678710938 -1 169.19938659667969 171.68048095703125 17 116.91133880615234 25.673652648925781 -1 159.70634460449219 36.764347076416016 -1 109.49967956542969 154.76922607421875 11 144.59672546386719 199.05345153808594 268 146.64178466796875 228.62728881835938 -1 86.268989562988281 119.67217254638672 23 180.19052124023438 127.5889892578125 21 192.64356994628906 141.33383178710938 15 156.186279296875 154.49409484863281 16 180.19052124023438 127.5889892578125 14 192.64356994628906 141.33383178710938 22 133.57752990722656 204.19102478027344 94 133.57752990722656 204.19102478027344 330 134.85612487792969 55.813453674316406 -1 176.45100402832031 69.895584106445312 -1 167.101318359375 79.841690063476562 -1 134.85612487792969 55.813453674316406 -1 100.68074035644531 31.084648132324219 -1 154.33999633789062 196.21728515625 25 122.86051940917969 199.02491760253906 -1 95.771049499511719 134.11567687988281 32 242.57191467285156 86.948829650878906 -1 163.62309265136719 35.558986663818359 281 121.31273651123047 177.23069763183594 -1 184.44851684570312 59.32049560546875 -1 242.57191467285156 86.948829650878906 278 189.83544921875 130.34425354003906 31 95.771049499511719 134.11567687988281 -1 102.83472442626953 141.2738037109375 28 141.4515380859375 171.39482116699219 -1 146.68470764160156 185.22232055664062 27 129.4847412109375 187.1690673828125 -1 164.40504455566406 46.767799377441406 -1 193.89833068847656 54.780818939208984 -1 156.72276306152344 78.821022033691406 -1 161.3948974609375 92.102798461914062 -1 33.541862487792969 122.43228149414062 -1 123.55116271972656 9.4253501892089844 -1 129.4847412109375 187.1690673828125 -1 33.541862487792969 122.43228149414062 -1 164.40504455566406 46.767799377441406 -1 116.31344604492188 7.7400317192077637 -1 177.58078002929688 42.204547882080078 -1 140.79536437988281 218.7823486328125 -1 169.7930908203125 197.750244140625 -1 162.32073974609375 162.42105102539062 275 113.61474609375 137.24478149414062 -1 90.880043029785156 126.13219451904297 41 51.247653961181641 110.00115966796875 -1 167.98896789550781 108.67668151855469 -1 112.40785217285156 106.53311920166016 42 168.62039184570312 92.084014892578125 -1 102.77672576904297 43.897365570068359 -1 108.35417175292969 42.596996307373047 -1 58.323440551757812 207.25318908691406 -1 162.32073974609375 162.42105102539062 47 90.880043029785156 126.13219451904297 -1 90.880043029785156 126.13219451904297 43 167.98896789550781 108.67668151855469 37 168.62039184570312 92.084014892578125 -1 108.35417175292969 42.596996307373047 -1 130.78022766113281 193.20445251464844 -1 182.86054992675781 69.864837646484375 -1 179.92967224121094 94.687149047851562 -1 175.39271545410156 96.046791076660156 -1 175.18952941894531 132.72325134277344 98 156.87471008300781 160.93515014648438 -1 169.744873046875 177.95050048828125 -1 135.14041137695312 249.54930114746094 -1 175.39271545410156 96.046791076660156 -1 150.92890930175781 103.28391265869141 61 156.87471008300781 160.93515014648438 -1 150.92890930175781 103.28391265869141 54 115.18817901611328 31.186677932739258 -1 165.20048522949219 49.122539520263672 -1 140.58395385742188 205.97872924804688 -1 159.95039367675781 208.454833984375 -1 111.26549530029297 23.491649627685547 -1 103.84432220458984 33.252712249755859 -1 190.11221313476562 62.547496795654297 -1 170.14222717285156 63.095241546630859 -1 128.25152587890625 33.231208801269531 -1 156.89059448242188 161.83348083496094 -1 146.76280212402344 171.27206420898438 85 51.151870727539062 176.03169250488281 -1 155.88381958007812 225.21337890625 -1 184.24920654296875 183.72195434570312 -1 156.62960815429688 185.66703796386719 51 188.76593017578125 54.791664123535156 -1 181.60536193847656 187.28042602539062 -1 55.596519470214844 187.92015075683594 -1 151.84886169433594 172.32978820800781 -1 120.73597717285156 47.462654113769531 -1 151.53135681152344 75.751319885253906 -1 172.92205810546875 79.459762573242188 -1 180.074462890625 183.17073059082031 102 181.86601257324219 98.599174499511719 -1 108.87731170654297 103.09751129150391 -1 81.57977294921875 114.40102386474609 -1 47.761837005615234 166.70191955566406 -1 44.440196990966797 165.68980407714844 -1 241.65147399902344 102.53305053710938 -1 108.3011474609375 87.430320739746094 -1 188.76593017578125 54.791664123535156 -1 151.53135681152344 75.751319885253906 -1 181.86601257324219 98.599174499511719 -1 156.89059448242188 161.83348083496094 -1 156.62960815429688 185.66703796386719 -1 120.73597717285156 47.462654113769531 -1 113.83008575439453 2.4563503265380859 -1 98.775947570800781 193.32876586914062 -1 102.29048919677734 199.353515625 -1 139.59635925292969 199.59390258789062 -1 173.07876586914062 200.6064453125 274 171.03762817382812 203.54191589355469 -1 154.28512573242188 203.71023559570312 -1 63.931507110595703 211.69970703125 -1 148.66349792480469 211.35696411132812 -1 157.81367492675781 214.63150024414062 -1 147.60691833496094 215.92427062988281 -1 127.88880920410156 236.64047241210938 -1 148.02760314941406 181.13906860351562 -1 129.81596374511719 239.81687927246094 -1 159.6383056640625 180.41177368164062 83 190.06346130371094 180.02127075195312 -1 153.42424011230469 175.04905700683594 -1 148.39060974121094 174.36537170410156 85 126.59797668457031 30.753377914428711 -1 164.44476318359375 33.436611175537109 281 114.48273468017578 124.77822113037109 -1 29.913270950317383 115.26762390136719 -1 117.01736450195312 36.634738922119141 -1 224.00016784667969 93.310722351074219 -1 10.861024856567383 92.775421142578125 -1 172.18441772460938 89.427360534667969 -1 231.92967224121094 85.693038940429688 -1 236.25328063964844 79.97015380859375 -1 174.22207641601562 38.152420043945312 -1 189.6195068359375 61.144931793212891 -1 192.55874633789062 51.394073486328125 -1 172.10566711425781 60.080295562744141 -1 168.03617858886719 60.225414276123047 -1 231.92967224121094 85.693038940429688 -1 29.913270950317383 115.26762390136719 -1 190.06346130371094 180.02127075195312 -1 133.75204467773438 184.43391418457031 -1 186.21949768066406 185.66191101074219 -1 152.82286071777344 188.27418518066406 -1 126.64813232421875 191.22055053710938 -1 173.07876586914062 200.6064453125 171 171.03762817382812 203.54191589355469 -1 154.28512573242188 203.71023559570312 -1 172.10566711425781 60.080295562744141 -1 168.03617858886719 60.225414276123047 -1 152.82286071777344 188.27418518066406 79 133.75204467773438 184.43391418457031 137 112.0172119140625 28.552606582641602 -1 136.11799621582031 252.94422912597656 -1 126.64813232421875 191.22055053710938 -1 186.21949768066406 185.66191101074219 -1 168.04884338378906 35.374973297119141 281 99.91778564453125 72.739608764648438 -1 99.91778564453125 72.739608764648438 -1 225.89520263671875 120.59830474853516 -1 
130 0.99717814064971855 -0.020775463263776404 -0.071160541238125014 -0.011845391814659498 2.7325582761946485 -0.047625342201356134 -0.2215931605558859 1 000124.png
31.33686637878418 73.846038818359375 -1 94.189224243164062 126.962890625 -1 85.922050476074219 225.30201721191406 -1 144.03887939453125 33.516658782958984 -1 231.91389465332031 101.71452331542969 -1 128.136474609375 131.52528381347656 -1 50.878120422363281 132.97113037109375 -1 50.878120422363281 132.97113037109375 -1 219.05178833007812 140.54707336425781 266 200.70425415039062 111.92821502685547 5 219.05178833007812 140.54707336425781 -1 104.29605102539062 68.416107177734375 92 28.474403381347656 94.9766845703125 -1 172.56057739257812 147.61701965332031 7 153.12333679199219 179.46078491210938 -1 172.56057739257812 147.61701965332031 9 28.474403381347656 94.9766845703125 -1 158.38554382324219 36.054916381835938 -1 92.750862121582031 151.30291748046875 -1 127.47054290771484 14.673144340515137 -1 116.60163116455078 25.80748176574707 -1 176.4202880859375 70.667121887207031 -1 109.27637481689453 153.94998168945312 11 134.39201354980469 55.787368774414062 -1 167.21531677246094 79.673973083496094 -1 85.434745788574219 118.7652587890625 23 179.13449096679688 126.5286865234375 21 133.21525573730469 203.1739501953125 330 100.42613983154297 30.725723266601562 -1 191.27330017089844 139.92414855957031 15 144.09425354003906 197.51518249511719 268 168.07150268554688 169.56314086914062 17 155.51992797851562 153.2999267578125 16 179.13449096679688 126.5286865234375 14 191.27330017089844 139.92414855957031 22 240.63941955566406 85.791191101074219 278 123.21939086914062 198.81622314453125 -1 153.78842163085938 194.87747192382812 25 146.20755004882812 183.86090087890625 27 184.4725341796875 59.259727478027344 -1 120.09227752685547 176.46705627441406 -1 141.97586059570312 171.67343139648438 -1 102.27582550048828 140.04513549804688 28 94.988265991210938 133.13137817382812 -1 188.64741516113281 128.85469055175781 31 240.63941955566406 85.791191101074219 -1 94.988265991210938 133.13137817382812 32 141.97586059570312 171.67343139648438 -1 123.21939086914062 198.81622314453125 -1 164.29461669921875 46.064365386962891 -1 170.04681396484375 51.397216796875 -1 193.77120971679688 54.622890472412109 -1 12.193221092224121 230.72491455078125 -1 161.40228271484375 91.961715698242188 -1 112.05522918701172 104.78084564208984 42 164.29461669921875 46.064365386962891 -1 156.73233032226562 78.857872009277344 -1 12.193221092224121 230.72491455078125 -1 122.74789428710938 8.4130649566650391 -1 174.61497497558594 176.25398254394531 -1 161.53207397460938 161.02583312988281 275 113.40287780761719 135.89793395996094 -1 31.506101608276367 121.64703369140625 -1 49.823192596435547 109.515380859375 -1 167.6053466796875 107.81662750244141 -1 89.745361328125 125.41572570800781 41 130.44601440429688 193.01304626464844 -1 129.15104675292969 185.3485107421875 -1 161.53207397460938 161.02583312988281 47 89.745361328125 125.41572570800781 43 31.506101608276367 121.64703369140625 -1 168.85777282714844 196.01486206054688 -1 167.6053466796875 107.81662750244141 37 168.40936279296875 91.870712280273438 -1 129.15104675292969 185.3485107421875 -1 108.36147308349609 42.529483795166016 -1 168.40936279296875 91.870712280273438 -1 103.00910949707031 43.884387969970703 -1 177.43252563476562 42.128250122070312 -1 108.36147308349609 42.529483795166016 -1 103.36744689941406 32.980979919433594 -1 110.65978240966797 24.072254180908203 -1 130.44601440429688 193.01304626464844 -1 140.66395568847656 217.14613342285156 -1 116.14121246337891 7.9344882965087891 -1 182.41758728027344 69.934814453125 -1 170.13296508789062 63.102432250976562 -1 190.02714538574219 62.602512359619141 -1 151.8302001953125 187.47914123535156 79 139.14324951171875 183.64511108398438 -1 155.86235046386719 159.31819152832031 -1 175.12452697753906 121.01809692382812 -1 238.537353515625 105.57991790771484 -1 150.87863159179688 103.2662353515625 54 134.60086059570312 247.432373046875 -1 134.60086059570312 247.432373046875 -1 155.61781311035156 222.63188171386719 -1 97.146926879882812 193.19120788574219 -1 179.95841979980469 94.59991455078125 -1 115.058349609375 30.746286392211914 -1 190.02714538574219 62.602512359619141 -1 150.87863159179688 103.2662353515625 61 155.86235046386719 159.31819152832031 -1 151.8302001953125 187.47914123535156 76 128.36569213867188 33.163619995117188 -1 123.44257354736328 36.150711059570312 -1 129.83755493164062 36.441932678222656 -1 124.75493621826172 39.066291809082031 -1 119.80425262451172 47.024921417236328 -1 165.50540161132812 49.576023101806641 -1 151.47392272949219 75.814910888671875 -1 70.954780578613281 86.5120849609375 -1 75.830276489257812 86.984954833984375 -1 233.20417785644531 89.589691162109375 272 34.360260009765625 110.37254333496094 -1 250.24482727050781 113.48487854003906 -1 99.5706787109375 137.7821044921875 -1 150.99870300292969 145.90205383300781 -1 158.97332763671875 179.08177185058594 83 155.96572875976562 184.2017822265625 -1 126.34871673583984 189.16946411132812 -1 173.99853515625 195.64306640625 274 150.49330139160156 202.15753173828125 -1 139.99359130859375 204.23307800292969 -1 188.63983154296875 54.079971313476562 -1 98.477828979492188 72.098686218261719 -1 108.01625823974609 101.76677703857422 -1 133.70097351074219 184.40408325195312 137 14.200077056884766 235.25112915039062 -1 113.73764801025391 2.7075858116149902 -1 98.477828979492188 72.098686218261719 -1 133.70097351074219 184.40408325195312 -1 119.80425262451172 47.024921417236328 -1 151.47392272949219 75.814910888671875 -1 151.47392272949219 75.814910888671875 -1 75.830276489257812 86.984954833984375 -1 158.97332763671875 179.08177185058594 -1 155.96572875976562 184.2017822265625 51 126.34871673583984 189.16946411132812 -1 150.49330139160156 202.15753173828125 -1 188.63983154296875 54.079971313476562 -1 114.66343688964844 21.283205032348633 -1 111.09366607666016 30.564682006835938 -1 126.35960388183594 30.717470169067383 -1 162.99749755859375 32.614887237548828 281 50.086814880371094 175.4923095703125 -1 152.96830749511719 173.36656188964844 -1 146.43016052246094 170.00529479980469 85 86.497314453125 167.89239501953125 -1 58.1124267578125 196.88677978515625 -1 28.00019645690918 114.31791687011719 -1 246.15962219238281 112.97093963623047 -1 58.114086151123047 98.542404174804688 -1 172.20832824707031 89.612220764160156 -1 110.97776031494141 85.228218078613281 -1 233.16606140136719 84.505905151367188 -1 161.65324401855469 80.951957702636719 -1 86.267570495605469 79.961013793945312 -1 176.73806762695312 196.72695922851562 -1 188.90780639648438 54.809043884277344 -1 192.53752136230469 51.396697998046875 -1 175.71015930175781 36.525592803955078 -1 116.88175201416016 36.748489379882812 -1 167.93128967285156 35.471176147460938 281 74.021827697753906 245.57154846191406 -1 163.95130920410156 216.23358154296875 -1 233.16606140136719 84.505905151367188 -1 155.55015563964844 227.64048767089844 -1 69.331321716308594 91.160507202148438 -1 182.11827087402344 97.741836547851562 -1 86.267570495605469 79.961013793945312 -1 76.470893859863281 83.542327880859375 -1 110.97776031494141 85.228218078613281 -1 110.97776031494141 85.228218078613281 -1 58.114086151123047 98.542404174804688 -1 86.497314453125 167.89239501953125 -1 147.41812133789062 214.18040466308594 -1 176.73806762695312 196.72695922851562 -1 153.94474792480469 202.14218139648438 -1 124.06936645507812 228.96653747558594 -1 162.34402465820312 213.85188293457031 -1 129.99058532714844 239.01907348632812 -1 157.27078247070312 212.93023681640625 -1 69.331321716308594 91.160507202148438 -1 182.11827087402344 97.741836547851562 -1 167.46333312988281 210.44680786132812 -1 164.60014343261719 210.21125793457031 -1 147.98593139648438 209.95542907714844 -1 146.17190551757812 207.36026000976562 -1 168.13487243652344 204.87814331054688 -1 148.05656433105469 204.97718811035156 -1 153.94474792480469 202.14218139648438 -1 239.10691833496094 139.31564331054688 -1 107.13200378417969 66.207275390625 -1 158.86094665527344 222.73594665527344 -1 158.86094665527344 222.73594665527344 -1 
