# 3D point list with one line of data per point:
#   POINT3D_ID, X, Y, Z, R, G, B, ERROR, TRACK[] as (IMAGE_ID, POINT2D_IDX)
# Number of points: 90, mean track length: 6.2000000000000002
5 40.191908748869743 0.45385775969342523 7.2118029640553862 116 121 121 0.93319438656789366 130 9 119 4 124 8 122 7 120 6 121 6 123 8 118 5 109 4
7 26.750888344358867 0.32555276084101376 10.133124866090322 90 133 199 1.4466396326231568 130 13 119 7 124 13 122 12 120 9 121 10 123 10 118 8 109 12
9 25.719842472636376 0.31699960844073566 9.6898322279158648 90 133 199 1.7796236829081284 130 15 119 11 124 16 122 15 120 13 121 14 123 13 118 10 109 10 117 9
11 -14.91635888051076 -0.88291557526288211 20.520361839624197 1 8 12 0.58791034296998856 130 22 119 15 124 22 122 17 120 17 121 15 123 18 118 18 109 25
14 27.990619182600987 0.22535739137960251 9.034786307693599 3 19 35 0.35412417583334105 130 33 119 18 124 29 122 35 120 24 121 24 123 29 118 27 109 29 117 30
15 33.623837210219833 0.48847353997341009 7.837505574997496 0 17 33 0.28359127232913683 130 29 119 19 124 27 122 28 120 31 121 25 123 30 118 32 109 31 117 32
16 16.370245708332085 0.069906236442524333 11.932605411819715 6 15 19 0.16318519516989746 130 32 119 20 124 28 122 29 120 18 121 34
17 23.242711276907858 0.39404478564653556 10.476268614414309 3 21 30 0.25692153918074973 130 31 119 21 124 19 122 21 120 22 121 28 123 37 118 35
21 27.990619182600987 0.22535739137960251 9.034786307693599 3 19 35 0.35412417583334105 130 26 119 25 124 26 122 27 120 30 121 36 123 39 118 31 109 38 117 40
22 32.565294791744165 0.47413719028407247 7.6019018445185838 0 17 33 0.2454877871690111 130 34 119 28 124 30 122 34 120 25 121 35 123 38
23 -32.101772363138281 -1.6503415058700415 21.794315197442984 0 11 24 0.35119705855253014 130 25 119 31 124 25 122 26 120 29 121 52 123 41 118 44 109 51 117 58
25 15.327177298191545 0.36736558426627208 12.177438367127669 157 180 228 0.30968648799043896 130 37 119 35 124 38 122 38 120 42 121 48 123 58
27 10.671969359546175 0.16088276861889383 12.727784976331305 136 159 194 0.59734736317807235 130 38 119 37 124 50 122 39 120 32 121 47 123 63 118 61 109 59 117 62
28 -19.029617136686884 -1.076758070180645 19.52071065235074 20 81 126 0.22002496809421626 130 42 119 41 124 48 122 43 120 36 121 45 123 50 109 54 117 45
31 32.087700484547625 0.37429639592040548 8.0043918670891863 59 118 183 0.27783750507769306 130 44 119 44 124 46 122 41 120 43 121 43 123 54 118 45 109 50 117 57
32 -24.445248084927599 -1.2902600134509403 20.336248797067572 0 11 18 0.27378815404739837 130 46 119 45 124 40 122 46 120 33 121 44 123 49 118 46 109 52 117 44
37 21.470557937704879 -0.089293473970538328 10.045916806183943 5 20 40 0.2602704812006591 130 72 119 57 124 78 122 72 120 49 121 67 123 104 118 95
41 -28.405202788194295 -1.4782396570848277 21.068362734513368 23 80 124 0.3121552892326106 130 65 119 71 124 67 122 58 120 59 121 95 123 86 118 100 109 79 117 99
42 -14.152322153216158 -1.5367167298187119 23.547115415520341 1 8 19 0.89505961071878171 130 54 119 72 124 70 122 52 120 60 121 41 123 28 118 22 109 16 117 14
43 -28.405202788194295 -1.4782396570848277 21.068362734513368 23 80 124 0.3121552892326106 130 69 119 73 124 77 122 70 120 71 121 97 123 98 118 85 109 83 117 86
47 19.490051860243611 0.22422763780491103 11.112107348496908 120 147 197 0.20234790300789207 130 68 119 78 124 75 122 78 120 70 121 94 123 89 118 103 117 85
51 14.940148417602735 0.28757199549640583 10.96313320010432 111 140 195 0.12086454640604717 130 137 119 88 124 107 122 118 120 124 121 124 123 135 118 105
54 91.621345963305743 -2.2762294349971222 70.544779402619199 129 136 135 1.1021570139818331 130 93 124 92 122 97 121 115 120 99 123 119 119 108 118 108 109 97 117 113
61 91.621345963305743 -2.2762294349971217 70.544779402619184 129 136 135 1.1021570139818291 130 101 124 90 122 87 121 105 120 113 123 113 119 94 118 134 109 121 117 127
76 15.160675396669461 0.29622215378723799 13.000375895880131 95 127 179 0.27534277198588647 130 103 119 141 122 121 120 128 121 157
79 14.089144892659535 0.27528321940194739 12.204962752742739 95 127 179 0.35345247638824939 130 88 119 145 124 174 122 102 120 133 121 162
83 17.573679868458541 0.31345639342695625 11.172602207092513 134 160 212 0.2319499778522032 130 118 119 159 124 143 122 141 120 168 121 202 123 212 118 186
85 4.9832544019388259 0.020245455854399543 7.3354435164124894 92 124 171 1.4037305071919215 130 147 119 163 124 103 124 146 122 144 120 140
92 -36.616233936236569 -3.810699442997401 43.319423736348547 34 34 32 1.1751073750009797 119 10 130 11 124 11 122 10 120 11 121 8 123 15 118 11
94 -0.40340310267803409 0.014365284772311006 7.182334046087508 108 120 142 0.63690090272802613 119 26 124 31 122 22 120 27 121 29
98 25.13637177642622 0.18927049709920504 9.3495048842504307 63 121 185 0.16940786403142735 119 85 124 85 120 88 121 119
102 29.246193436468651 0.64674454176243301 9.4613802415471842 98 138 198 0.32948818234982813 119 144 124 115 120 121 121 132 123 158 118 151 109 134
117 16.234811550165201 0.079178539212377566 11.602084761367102 4 16 22 0.77949436779079417 119 27 122 33 120 26 121 26 123 31 118 47 117 47
119 22.398401423637402 0.43870226602555173 11.687151315516495 156 183 247 0.18455799774089196 119 38 122 45 120 34 121 46 123 60 118 52
137 40.696092363805789 -0.14570157121457827 93.656110784200536 203 77 71 2.1337494319143975 119 160 124 175 130 127 122 138 120 173 121 203 123 157 118 152
161 26.818280217484009 0.44802034868880164 9.8874352387346445 110 144 201 0.45123005817449097 119 69 120 79 121 80 123 90 118 76 109 58 117 75
166 -25.003915090562131 -1.4392262940636142 19.433253104944754 15 77 122 0.32658900747019176 119 112 120 103 121 118 123 126 118 113
171 40.899340223770693 1.0455521195440054 15.019310741146757 151 183 239 1.0565449208411208 122 129 124 169 120 135 121 151
172 22.352671917697986 0.40403974568260037 11.627889318426645 149 172 222 1.4897657005571934 119 162 120 138 121 131 123 132 118 117
173 28.678616919384744 0.50112853438291771 8.8711810434996874 70 123 194 0.29376919687527792 119 127 120 142 121 122 123 129 118 135 109 115 117 132
180 16.412290615653429 0.51444247318574754 9.6577908309300007 138 166 215 0.32587367451236926 119 149 120 175 121 195
191 30.325011718415585 1.0378237087456561 15.322524467511906 169 167 157 0.59236850727140467 120 106 121 92 123 102 118 102
196 14.634270658241451 0.065203056055107178 12.654685824698545 86 115 156 0.7317516166964142 120 143 121 121 123 156 118 185
198 20.695146126519077 0.53581237195245168 10.92213111539713 146 172 216 0.32637006785798051 119 97 121 125 123 137 118 119
200 10.699166411837114 0.31819730055878759 6.2069299468165378 125 154 198 1.6039708907783712 119 147 120 131 121 149
201 26.337037233330534 0.61378674176377523 9.6217697383087835 128 154 204 0.23895263251787091 119 146 121 163 123 177 118 175
213 -2.8659567491834368 -0.25979362717992349 18.781377914648562 40 83 119 0.85543880459814925 119 96 121 106 123 94
214 -2.8659567491834368 -0.25979362717992349 18.781377914648562 40 83 119 0.85543880459814925 119 87 121 123 123 91
223 -2.4634237455303714 -0.020555007739262474 19.651601222693039 81 114 153 1.2925726110989904 121 17 123 19 118 16 109 17 117 21
224 -13.317534004073282 -0.79833668612109676 18.664427217152227 2 13 17 0.78966736084668965 121 18 123 20 118 15 109 18 117 19
227 23.563404054077392 0.39859622491976621 10.602517055440636 3 16 25 0.20235761438869285 121 39 123 32 118 36 109 34 117 31
230 21.923549755993381 0.43184876926594973 11.33436253428029 151 173 218 0.33705133389321895 121 55 123 57 118 48 109 55 117 48
241 -11.302849603300693 -0.28629354840932342 18.452445835746403 104 128 162 0.07907168059036801 121 69 123 103 118 98
247 25.76297042187489 0.65629108229178845 11.303245497793649 118 146 187 0.31388585798148749 121 84 123 136 118 118 109 106
249 -13.142232789672228 -1.1591821858348375 16.579832592403037 9 81 134 0.5126705959676584 121 146 123 151 118 112 117 136
250 -23.510848365227741 -1.1784033697208129 19.57008985811153 24 85 134 0.37219896786271667 119 124 121 167 123 154 118 153
258 29.485820328399882 0.47594301814417678 9.0988418723593831 81 123 185 0.13523288140535802 121 185 123 205 118 173 109 156 117 202
259 29.687382286593831 0.47894656100310395 9.1692488221767032 81 123 185 0.14917165643060656 121 207 123 214 118 169 109 159
265 26.601192605492681 0.619089481805147 9.7303597194908775 127 152 197 0.21645204816216243 121 158 123 160 118 188
266 54.139547799749245 1.001643041635762 6.1939383674901167 113 119 119 0.61363788498604011 119 5 120 5 121 3 123 4 118 3 122 8 124 9 130 8 109 5
268 11.856349742406429 0.28872249405782996 15.534707656309417 16 29 37 0.42833408582705551 119 22 118 28 120 19 122 30 124 23 130 30
269 36.041778535508399 0.94726473611169704 11.330251292511305 202 201 191 0.22045245826341014 121 126 118 90
270 -34.484081251747334 -1.6185596010849004 20.735264786129829 10 89 148 1.4226683164327574 119 167 121 147 123 128 118 114 109 62 118 74 117 72
272 51.861252934649727 0.66470968694216592 4.4447532937974437 112 118 114 1.4379380812499594 119 175 120 148 121 155 123 114 118 133 130 113 122 170 109 120 117 151
274 29.140305939923394 0.74870709046944395 11.024017877838428 182 202 245 0.92215811593346286 120 129 123 170 118 189 122 113 124 133 130 121
275 19.478088742146301 0.22420579157903242 11.09970446123873 117 144 191 0.18738676754187808 119 79 121 90 123 96 118 84 130 60 119 70 124 65 122 75 120 80 121 85 123 95 117 98
276 -44.142561357656142 -2.6460362411631384 18.786392057208211 121 125 126 0.73141275493353186 119 48 123 68 118 53 109 49 117 53 121 50
277 50.776630057894046 0.64282802387976379 4.4018863829483532 112 118 114 0.74382722053413719 119 191 120 158 121 145 123 145 118 128 109 96 117 153
278 39.488647115712908 0.5398044546173647 2.9017654666909256 0 0 0 0.83545517824979154 119 33 123 146 118 107 120 39 122 40 124 45 130 35
279 -16.390452334470929 -0.66796849161922789 24.811175583031613 82 120 163 0.66481585827890699 123 11 109 11 121 16 117 10
280 -16.390452334470929 -0.66796849161922789 24.811175583031613 82 120 163 0.66481585827890699 123 14 109 13 121 19 117 12
281 105.24173913164792 -3.0309572671590228 46.759609195099905 100 101 95 2.211336862606299 118 20 123 23 130 163 109 19 119 75 120 75 121 189 122 65 124 148 130 144 124 180 117 17 124 42 121 22
283 -33.05594902784749 -1.692295833244182 22.303593365745506 0 16 35 0.085741956103898384 118 50 123 44 109 45 117 49
286 5.5289906873111496 0.073736387056583738 16.306627976093761 59 67 62 0.34763845095657064 118 104 109 60 117 69
289 -11.993063105677033 -0.71146852708077413 18.897690882492732 53 64 60 0.20978313837340545 118 75 123 88 109 77 117 60
290 12.733772136112224 0.32391697730510943 13.639716204796485 17 30 44 0.78515338011521385 118 89 109 89 117 123
292 -12.745152472195645 -1.214825334815977 16.962691438843645 0 33 68 0.27102779449765779 118 110 123 120 109 99 117 116
293 28.886249320317113 0.50367775387532043 8.981246157556825 98 131 187 0.21358739486769041 118 115 123 111 109 103 117 121
299 -9.374803445284952 -0.99227841181376564 15.895484670170228 9 70 117 0.10109813062775307 118 167 123 185 109 141 117 118
300 36.336186918958155 0.80461694609561418 11.934892551582173 118 143 185 1.164081265343716 118 163 123 176 109 142 117 191
301 10.716353788473313 0.32885289228817483 14.092018620171892 59 70 69 0.67139335785199517 123 109 109 148 117 125
303 28.87535551136153 0.67291851303512951 10.607401843718382 123 147 188 0.17532476668052563 118 174 123 178 109 158
304 10.716353788473313 0.32885289228817483 14.092018620171892 59 70 69 0.67139335785199517 123 108 109 161 117 124
319 52.367335854620599 0.73285136450120691 4.2951269765847799 81 83 72 1.8224292382463372 118 70 119 130 121 114 117 70 119 133 120 174 123 80
320 -53.715493939544935 -2.2746550610738794 27.233288691413925 7 94 154 0.36121691944895062 109 70 118 59 121 66 117 74 123 62
323 37.81847177655402 0.55213124019300786 7.3508432580493439 79 124 178 0.041962156862639599 118 146 117 119 123 153
326 -26.004485220443762 -1.2164729535737286 24.958797920816966 42 100 152 2.1852856882858811 121 206 117 150
327 -56.17998089217334 -2.830578947577044 28.903294477580307 88 91 86 0.44481385630458004 119 131 117 194 120 96
328 4.6645001059745388 0.021435437084948144 15.657304062500682 16 20 22 2.2296723942548708 109 22 117 22 119 9 121 12 123 12 118 9
330 -0.47932907546616138 0.012629805042297179 7.337768732617068 75 109 150 1.4089168657954816 121 20 123 21 118 17 130 27 119 24 124 32 122 31 120 20
