# Frame list with one line of data per frame:
#   FRAME_ID, RIG_ID, RIG_FROM_WORLD[QW, QX, QY, QZ, TX, TY, TZ], NUM_DATA_IDS, DATA_IDS[] as (SENSOR_TYPE, SENSOR_ID, DATA_ID)
# Number of frames: 35
61 1 0.99914564796238725 0.037217850445139193 -0.017606704832734688 -0.0035790656598866325 -0.16214191515088971 -1.640582046612292 2.0348530341798585 1 CAMERA 1 61
66 1 0.99949118434417383 0.030323549168831395 -0.0098585063783379057 0.00081525215391214077 0.97900277948734282 -2.3136129612077592 0.30230890363368002 1 CAMERA 1 66
67 1 0.99942869011250468 0.032315198648326493 -0.0099001165251653873 -9.4916334469543123e-05 0.86732838199115392 -2.2732829841620159 0.40066684533127433 1 CAMERA 1 67
68 1 0.99950805675337118 0.030101645376375098 -0.0087880918889838445 0.00055215186819290653 0.99453328482752534 -2.3324157524358444 0.24561582143620059 1 CAMERA 1 68
69 1 0.99952552426607577 0.029571432128353593 -0.0086171410636267445 4.0278954373370239e-05 0.98527872607444378 -2.3450599985123044 0.23566433779844054 1 CAMERA 1 69
70 1 0.99947455859267564 0.030618266495827922 -0.010377468501565486 0.0023316582652214454 0.97937778244523155 -2.3342335021091776 0.2863228722339542 1 CAMERA 1 70
71 1 0.99961720645557395 0.025510071878016689 -0.010001049677731685 0.0038282889228326874 1.1274704232198278 -2.3735146434520762 0.23733590391516826 1 CAMERA 1 71
72 1 0.99959961693285715 0.026247975620153637 -0.010181578377628012 0.0028257857791326702 1.1636616239095006 -2.3779708325774997 0.20315042458736143 1 CAMERA 1 72
73 1 0.99958227998249305 0.025593466347660854 -0.011578883081215215 0.006794813603314429 1.4610570754121455 -2.4233445191496386 0.061755399874612912 1 CAMERA 1 73
74 1 0.99957956124437974 0.02602964575704542 -0.011457235268718629 0.0056471270796378875 1.4639204685406817 -2.4045690061180127 0.10829236856888101 1 CAMERA 1 74
75 1 0.99957214644101755 0.027750006957804236 -0.0092354779045578216 0.00040880437050377379 0.96696747989107312 -2.3375864685334453 0.28492492315970908 1 CAMERA 1 75
76 1 0.99961024135251941 0.025456256325280788 -0.010413699457938767 0.0047853171952703076 1.2559305012944799 -2.4084494036168431 0.12796289181466602 1 CAMERA 1 76
77 1 0.99947314824967948 0.03160855103438355 -0.0069999298293572671 0.0023079020268286805 0.17735077303972643 -1.6884175476351611 -0.39290696855347207 1 CAMERA 1 77
78 1 0.99943365196852441 0.033135656226052107 -0.0057389453884299658 0.001211653892822508 0.076905983726617111 -1.435601779431575 -0.37815423676480275 1 CAMERA 1 78
79 1 0.99945868576945684 0.032082196213363279 -0.0069352951813855621 0.0022293063639732802 0.17369099483671718 -1.5553595917830827 -0.37947625819430791 1 CAMERA 1 79
80 1 0.99932514626711966 0.036336778926872079 -0.005358851368266024 0.00041623002343971893 -0.060757392700119928 -0.95538919465703243 -0.40618744525512496 1 CAMERA 1 80
81 1 0.99933751978244512 0.035948453071618813 -0.0055957081951310082 0.00095829360004470125 -0.040024033179267622 -0.90276671588724056 -0.39599653075037639 1 CAMERA 1 81
82 1 0.99931680985534077 0.03660343408918583 -0.0049589024830307407 -0.0012294061929159197 -0.15550458175464776 -0.34218186816076224 -0.29270871505976759 1 CAMERA 1 82
83 1 0.9994493391678253 0.03266682716952031 -0.0056605058414266034 0.0013621722700617039 0.053456300334239169 -1.524999893265806 -0.41836647826411394 1 CAMERA 1 83
84 1 0.9993584760317118 0.035398914775926819 -0.0052595709378593552 0.0013748199193760532 -0.071635471979109897 -1.03396239261242 -0.35687024853338395 1 CAMERA 1 84
85 1 0.99933188445489995 0.036173626503368091 -0.0051801595540089292 0.00064761439795452418 -0.079993606613227144 -0.97898103553429561 -0.37248529073443881 1 CAMERA 1 85
86 1 0.99931687174666872 0.036673361526377929 -0.0045666308815382134 -1.6709264460462473e-05 -0.17378035734723254 -0.08679012357232968 -0.24792552468010393 1 CAMERA 1 86
87 1 0.99904930612717346 0.043492139345847759 -0.0029588780784900012 0.00040346307304856655 -0.95855462864181262 3.3993278719999593 -0.050720395203891079 1 CAMERA 1 87
88 1 0.99920612963332189 0.03962065878016828 -0.0038575574747096871 -0.0015598561959544275 -0.68151290432456435 1.4867937385493859 0.057082629065887083 1 CAMERA 1 88
89 1 0.99912404632624763 0.041706274107803663 -0.0034046969010601735 0.00036713992268055381 -0.79508095657294642 2.4714021680078 0.028609256361038803 1 CAMERA 1 89
90 1 0.99931156536615551 0.036888527449475864 -0.0039514559263668161 -0.00013365670627780063 -0.39981033683216699 0.28342743945220622 -0.13906147654121828 1 CAMERA 1 90
91 1 0.999270547299001 0.037933246535800769 -0.0042324361435210874 -0.0012363625279104881 -0.41600074242081525 0.85920543901419777 -0.15692944227600147 1 CAMERA 1 91
92 1 0.99893776218848029 0.045983291909325597 -0.0028547507538360713 0.00085705144925495751 -1.1165394338504764 4.4001915346809675 -0.08179237458382381 1 CAMERA 1 92
93 1 0.99935153992179093 0.035608528087365393 -0.0052790510971498462 -0.00081486373726073313 -0.13544574107369203 -0.79798964239962511 -0.28459646912909042 1 CAMERA 1 93
94 1 0.99881032652708013 0.048727480249994265 -0.0016834436322840094 -0.0008545811202345803 -1.987357194418014 6.0591657207079539 0.61866503767936076 1 CAMERA 1 94
95 1 0.99884422428391795 0.047952417056386844 -0.003168768150681464 0.00086036127056008467 -1.3218910299152855 5.3390114898198977 0.48984960217839246 1 CAMERA 1 95
96 1 0.99867849491131333 0.051093794690152003 -0.0054409664006572584 -0.001041071784955844 -0.9983394868817983 7.2251720241901669 1.2317288588736697 1 CAMERA 1 96
97 1 0.99825006211388034 0.058876622994963428 -0.005234328226896289 0.00172004719591291 -1.1297809378862929 10.887375051631867 1.3008732945663162 1 CAMERA 1 97
100 1 0.99815132354174885 0.060527492465176587 -0.0054865007392524145 -0.00050623845301959439 -1.2242998859527909 11.751439784209186 1.5348696417159327 1 CAMERA 1 100
101 1 0.99843867819144005 0.055762661617703671 -0.0032351917621683116 0.00051477655492993696 -1.743274801920893 9.3114484535209421 1.1188334776025242 1 CAMERA 1 101
