# 3D point list with one line of data per point:
#   POINT3D_ID, X, Y, Z, R, G, B, ERROR, TRACK[] as (IMAGE_ID, POINT2D_IDX)
# Number of points: 254, mean track length: 17.641732283464567
2 -1.5516096566045356 15.598992471197136 24.260674810931224 112 12 19 0.91838343793899546 77 1 74 1 79 1 83 1 76 1 73 1 75 1 69 1 71 1 68 4 66 4 72 1 67 3
10 -8.3321599584426433 12.782219509671759 48.126095555184364 165 25 35 2.0671945221259826 77 12 74 11 79 10 83 15 78 11 84 11 81 10 93 9 82 8 76 22 73 13 75 24 91 8 87 14 69 22 71 13 68 19 66 16 72 21 67 17 94 26 95 16 92 14 101 25 96 19 70 14
13 7.4648138142441978 40.843361303533122 40.97047586843086 105 25 40 0.86417080250156209 77 24 74 14 79 22 83 23 78 19 84 24 85 26 81 24 80 24 93 25 82 23 76 20 73 15 75 31 69 37 71 28 66 64 72 30 61 40
14 15.075708591071008 49.012080996708342 44.846261703199509 212 201 201 0.80529302295393346 77 25 74 16 79 24 83 12 78 10 84 13 85 12 81 15 80 12 93 14
15 24.294847821446009 96.840026674752849 140.39484804912823 85 6 11 1.1097542155576632 77 13 74 17 79 11 83 11 78 18 84 20 85 18 81 18 80 16 93 16 86 13 82 13 89 18 88 15 76 11 73 9 91 14 90 13 87 15 94 17 95 20 92 19 101 13 96 15 97 12 100 13
20 9.2337388174315311 51.268272290519562 136.3933632843885 144 29 34 0.70376336631941971 77 31 79 29 83 19 78 26 84 23 85 25 81 23 80 23 93 23 86 20 82 21 88 24 89 23 91 21 90 22 87 23 94 24 95 24 92 23 96 20 101 24 97 21
21 -8.6646842195530418 32.42128623691066 66.482843877306394 152 23 31 2.4283941046708248 77 34 74 24 79 30 83 28 78 28 89 44 88 33 76 33 73 27 75 34 87 36 71 26 69 34 72 29
27 60.794923493112123 51.76768094273838 153.08621334840001 224 213 205 1.3287309257546103 77 45 74 32 79 40 83 40 78 34 84 46 85 39 81 40 80 32 93 44 86 30 82 41 89 43 88 41 76 34 73 41 91 31 90 30 87 35 68 17 66 18 72 27 94 39 75 20 95 35 92 32 96 27 101 32 100 27
28 -12.086714575692223 9.8936463053265165 31.547409511374159 163 44 45 1.3697848714150505 77 55 74 33 79 45 83 51 78 45 84 53 85 48 81 49 80 45 93 48 76 42 73 40 75 49 69 60 71 46 68 55 66 59 67 58 70 38
32 9.6841380850364303 34.970299944354458 33.696983387088181 148 134 135 1.6692773796581553 77 51 74 38 79 51 83 49 78 51 84 70 85 53 81 60 80 65 93 69 86 56 82 53 76 28 73 26 90 60 89 57 87 57
33 10.888945507634279 60.122943962962687 55.097134111751913 198 179 182 1.8251683998999018 77 52 74 39 79 52 83 46 78 52 84 51 85 54 81 65 80 70 93 64 86 54 82 43 89 101 76 29 73 23 75 23 69 19 68 15 66 12 72 17
34 3.950375770322724 19.16996688424755 35.936110902239648 101 6 13 0.12385045524017109 77 37 74 40 79 42
35 57.571462055569 104.35177250738039 164.65055703801599 219 203 200 0.88561932467697935 77 59 74 41 79 49 83 54 78 54 84 56 85 46 81 45 80 53 93 45 86 47 82 52 88 51 89 47 91 44 90 41 87 45 94 49 95 43 92 39 101 44 96 42 100 44 97 28
36 8.729931098268036 32.188619783103718 34.579318481766542 227 197 196 0.92850618037561294 77 50 74 42 79 53 83 45 78 50 84 71 85 52 81 44 80 67 93 53 86 55 82 51 89 46 88 46 76 52 73 49 75 57 91 47 90 58 87 28 69 56 71 54 72 52 94 48 95 39 92 34
39 3.5081423254022002 22.716365721762102 27.098430413433636 124 40 47 1.1788375857724045 77 61 74 47 79 50 83 55 84 69 81 41 93 52 86 38 82 50
41 70.341085371212571 86.958064366639846 200.24258655378185 128 14 33 1.8774006955796765 77 57 79 59 83 62 78 60 93 32 86 21 82 22 88 25 89 22 91 22 90 23 94 68 95 63 101 65 96 65 100 70 97 67
42 75.389438027068223 93.752988903167875 173.71504445655464 223 212 214 1.4105040472674073 77 48 74 51 79 48 83 53 78 49 84 55 85 44 81 46 80 50 93 50 86 36 82 49 88 44 89 51 76 49 73 48 75 52 91 41 90 44 87 44 69 48 71 49 68 57 66 58 72 50 67 73 94 44 95 46 92 38 101 39 96 38 100 40 97 39 67 64 70 50 70 60
46 3.8425616830243587 23.366275458826308 40.727772645901986 100 4 15 0.68115051062411303 77 68 74 56 79 62 83 65 78 58 85 59
48 59.381626683522825 88.659847587885295 161.34801826097276 58 37 35 0.90220529373095026 77 75 74 58 79 56 83 66 78 57 84 58 85 51 81 58 80 66 93 51 86 37 82 42 88 45 89 52 91 42 90 45 87 46 94 45 95 47 92 46 101 40 96 39 97 35 100 41
51 3.8425616830243587 23.366275458826308 40.727772645901986 100 4 15 0.68115051062411303 77 77 74 62 79 68 83 69 78 68 85 65
56 16.181475654383433 11.521483679856011 59.939328640257038 131 37 45 1.5340911153602534 77 73 74 69 79 58 83 56 78 61 84 64 85 61 81 68 80 60 93 62 86 52 82 63 89 63 88 59 76 63 73 66 75 110 91 61 90 52 67 111 70 101
57 85.043296998890725 82.751671282016545 188.17975062829569 226 220 215 0.94571398235401816 77 96 79 74 83 77 78 78 85 91 80 137 86 100 82 100 88 99 89 102 91 102 90 99 87 76 94 93 95 88 92 84 101 110 96 90 100 93 97 92
58 50.259140974956615 56.840302695802031 125.43605046653911 213 194 190 1.9223825262970555 77 80 74 71 79 76 83 79 78 84 84 94 85 79 81 75 80 78 93 77 86 74 82 76 88 72 89 72 91 77 90 77 87 67 94 71 72 28 68 26 75 37 66 32 67 35 69 28 71 25 76 41 73 42 95 67 92 61 96 67 70 26 101 68 100 73
59 84.021979746235772 91.862113406616416 193.63547472102064 69 64 58 0.71682391121486688 77 81 79 77 83 80 78 83 84 95 85 80 81 76 80 79 93 78 86 75 82 77 88 73 89 73 91 78 90 78 87 68 94 72 95 68 92 60 101 69 96 68 100 74 97 70
61 1.8061243032733443 16.967190023218365 26.611056845536819 123 25 37 2.0372546940541136 77 83 74 75 79 87 83 83 76 111 73 76 71 61 72 60 72 92 73 61
67 -41.887994002973244 -8.4240932995040403 78.498993167409864 151 128 126 1.8420191852848768 77 79 74 82 79 91 83 73 84 82 81 69 93 90 86 64 82 68 75 48 91 129 93 163 90 70 87 55 69 39 71 43 68 39 66 45 67 54 95 80 92 59 94 144 95 108 101 61 101 117 96 81 61 43 66 51 68 37 70 23 70 34 97 64 100 49
81 -18.46858681823219 10.384301629296656 37.882891524476669 147 56 64 0.87415026892560121 77 99 74 104 79 95 83 134 78 143 84 109 85 119 81 145 80 125 76 144 73 132 75 181 72 156 70 184
82 77.317036690110896 73.274331741977008 182.43101500859959 145 133 125 0.72731153146288119 77 135 79 139 83 138 78 112 84 147 85 141 81 93 80 129 93 94 86 122 82 148 88 123 89 123 91 152 90 146 87 132 94 119 95 143 92 135 101 109 96 89 100 90 97 91
86 12.936752700479751 13.174675319704333 29.309858590610872 145 133 125 2.1875304079699096 77 161 74 116 79 168 83 165 73 127 76 125
100 26.598478594570008 78.088828143731945 103.29313501493023 158 144 138 1.566957461567112 77 129 79 136 83 132 84 135 85 147 81 140 80 166 93 145 86 136 82 132 89 138 88 139 76 122 89 153 88 153 73 115 91 127 91 161 90 126 90 160 87 122 87 135 86 154 94 152 95 152 92 117 92 141 101 91 96 94 97 82 100 156
111 11.645487816279759 14.91308256215679 56.511296760590525 105 6 15 1.0745648177115217 74 35 79 39 83 39 78 36 84 45 85 38 81 30 80 36 93 43 86 29 82 40 89 42 76 43 73 39 75 40 90 29 69 44 71 44 68 38 66 46 72 49 67 57 95 48 94 46 96 35 97 31 100 36
118 7.9393668373227015 33.585909212570904 34.224385551302362 169 129 134 1.6885952695740107 74 99 79 141 83 112 78 100 84 156 86 96 89 141 73 116 83 106 91 43 87 124 90 59 76 124 88 49 92 118
123 -57.964328771534028 -19.723705933551035 97.465314966876704 139 139 137 0.98228949307888669 74 5 79 8 83 9 78 8 77 9 84 7 85 6 81 7 80 7 86 5 82 5 89 7 88 6 76 6 73 6 91 6 90 4 87 5 69 7 94 6 95 7 92 7 101 5 96 5 100 6 97 5
124 -29.538753715054369 49.651504393180844 64.574773432541079 220 209 204 1.2820764070950788 74 8 79 9 83 10 78 9 77 11 84 8 85 7 81 8 93 7 86 6 82 6 88 7 73 5 91 7 90 6 87 6
126 -97.688826828763737 -20.904463723513736 112.33528765837262 105 103 104 0.34256449399722361 74 20 79 27 83 31 78 24 77 29 84 27 85 27 80 26 86 23 82 16 89 27 88 20 73 19 87 25 67 37 94 20
128 48.034211124271792 8.9270611030145357 75.636585281888031 230 230 226 0.95728884632316813 74 22 83 35 78 37 77 19 79 16 84 44 85 22 80 20 82 39 89 41 88 40 76 26 73 21 75 27 90 11 87 34 67 28 94 36 95 34 92 27 101 31 96 32
130 34.502671692382933 2.7892233562552109 67.597409841494738 141 139 136 1.2273071489480476 74 45 79 38 83 36 78 39 77 44 84 38 93 47 86 42 89 49 88 47 76 55 73 55 75 39 91 37 90 36 87 41 69 43 71 39 68 53 72 39 94 42 95 44 92 44 101 37 100 46 97 30
131 -72.63100396473223 -22.93961395414571 104.92341930003589 5 4 6 0.4426265359783727 74 34 79 36 83 37 78 41 77 43 84 42 85 33 81 33 80 43 93 40 86 27 82 36 89 37 88 38 76 38 73 37 75 47 91 29 90 39 87 31 69 45 71 37 68 42 66 44 72 46 67 53 94 34 95 32 92 29 101 29 96 30 100 32 97 23 61 30 70 46
133 42.254227805386378 1.3234270434839668 66.068663262225414 34 32 31 1.1014776248737355 74 31 79 37 83 41 78 44 77 40 84 43 85 36 81 32 80 40 93 37 86 28 82 37 89 39 88 39 76 44 73 38 75 46 91 30 90 40 87 32 69 42 71 38 68 40 66 43 72 47 67 56 94 35 95 33 92 28 101 30 96 31 100 34 97 22 61 31 61 186 97 119 70 35
134 -50.181578393374593 3.1452915694132151 83.59998031882067 114 119 124 0.78000205574320092 74 54 79 65 83 57 78 62 77 64 84 67 85 57 81 54 80 58 93 58 86 50 82 54 89 65 88 53 76 66 73 70 75 87 91 50 90 51 87 54 69 67 71 81 68 62 66 81 72 66 67 93 61 64 70 57
136 -81.461245524924536 7.6607027897129072 97.665495835187457 31 29 36 0.65505990407884185 74 86 79 71 83 74 78 71 77 93 84 66 85 63 81 62 80 73 93 60 88 62 73 69 75 78 87 62 69 68 71 64 68 73 66 69 72 73 67 74 94 53 95 57 92 67 101 58 96 45 100 61 97 54 61 67 70 73
137 -77.244840825692506 -16.354790384517074 108.13713404477024 120 121 123 0.3956586372411986 74 98 79 90 83 95 78 73 77 91 84 84 85 71 81 85 80 91 93 89 86 86 82 67 89 76 88 64 76 99 73 120 75 131 91 70 90 72 87 74 69 86 71 107 68 90 66 127 72 117 67 108 94 106 95 84 92 98 101 100 96 80 100 84 97 83 61 94 70 97
139 -85.274688277496736 -29.678704823270781 107.17540058492732 24 24 24 0.5074182861896398 74 81 79 89 83 93 78 75 77 90 84 83 85 68 81 84 80 89 93 87 86 66 82 84 89 90 88 88 76 103 73 92 75 105 91 69 90 87 87 59 69 89 71 84 68 82 66 93 72 85 67 107 94 85 95 78 92 70 101 59 96 59 100 63 97 61 61 97 70 96
140 58.946552306276537 29.398878249778718 66.567828344719018 237 230 229 1.4641855123884322 74 110 78 76 85 134 79 146 74 125 77 141 83 147 81 130 80 139 93 133 86 143 82 141 89 129 88 160 76 150 76 156 73 102 73 138 91 141 90 79 90 138 68 145 72 154 67 171 94 124 95 122 101 148 96 123 97 78 61 162 61 163 100 149 97 138
141 49.396095586413864 30.207798416142094 51.406002414499781 225 219 220 1.8554438484869336 74 79 83 85 78 80 77 84 79 81 84 77 85 82 81 78 80 81 93 80 86 77 82 79 76 114 73 79 75 95 91 82 69 100 71 93 68 83 66 107 72 95 67 119 94 103 70 133 67 143 66 120 75 155 68 136 67 199 69 127 71 160 78 96 100 138
144 -56.640717614626197 21.14899502812111 61.054192498424563 25 25 27 0.97928342249865807 74 87 79 72 78 87 77 94 84 89 85 122 81 71 80 74 93 73 86 70 82 72 89 69 88 93 76 105 73 134 75 141 91 74 87 64 69 106 68 121 66 131 72 82 67 145 94 96 95 66 92 63 101 70 97 71 61 168 70 127
145 -60.15737639288777 20.794201015368898 81.580815676407525 203 200 193 0.85221705989622909 74 93 79 110 83 75 78 88 77 108 84 88 85 75 81 70 80 95 93 72 86 69 82 98 89 108 88 68 76 97 73 118 75 140 91 72 90 98 87 88 69 113 68 94 72 107 67 150 94 66 92 91 70 126
146 59.437094718800545 26.399162203780435 64.952942240485086 126 119 118 1.7040810110721363 74 121 79 143 83 140 78 90 79 172 77 139 85 138 85 175 81 119 81 127 80 133 80 136 93 131 86 146 86 150 82 101 82 144 89 131 89 172 88 142 76 147 75 158 75 201 91 134 91 137 90 131 90 135 87 103 87 118 69 132 71 159 68 122 66 152 72 141 94 143 101 88 96 121 61 127 67 146
150 -24.430194772856389 55.645319931057742 66.266145817698529 125 86 90 1.4913636316785805 74 57 79 107 83 101 78 98 77 110 84 101 85 104 81 98 80 109 93 112 86 79 81 160 86 155 93 160 82 154 89 113 76 80 73 65 90 82 90 161 87 99 95 105
153 -52.212675808075957 11.451876582495398 77.266427287219159 251 248 250 0.95802599526916554 74 103 79 94 83 108 78 107 77 119 84 106 85 116 81 110 80 97 93 111 86 93 82 87 89 125 76 119 73 108 75 137 91 104 90 94 87 119 69 111 71 112 68 119 66 114 72 124 67 142 94 90 95 87 92 83 61 137 70 141 100 57
156 54.97190020667977 29.477223626648964 56.820170700191305 187 184 181 0.68358006045686925 74 134 83 156 78 119 77 126 79 134 84 132 85 135 81 138 80 149 93 143 86 134 82 130 89 135 88 134 76 191 73 150 75 168 91 148 90 171 87 139 72 130 95 128 94 132 92 124
158 44.248120627441956 14.272456568752727 60.297102550462213 234 234 230 0.88730314837401603 74 144 79 160 83 159 78 123 81 146 93 113 87 113 69 142 71 146 68 166 66 143 92 112
159 58.416592290115588 31.74253966627543 62.20771821211985 147 145 142 1.7159559722079878 74 132 79 108 83 161 78 125 77 125 79 132 74 91 77 105 83 105 84 112 84 161 85 100 85 167 81 102 80 103 80 148 93 105 86 105 86 133 82 88 82 136 89 156 88 133 76 188 76 190 73 109 73 148 75 167 91 146 90 170 87 138 69 140 75 171 71 141 68 152 66 135 72 153 67 180 94 130 95 127 101 134
160 -41.838460924099898 5.0229929979003396 71.09349797319075 245 247 247 1.3535443230109729 74 146 79 129 83 136 78 127 77 151 84 149 85 130 81 118 80 123 93 168 86 163 82 152 89 165 88 128 73 177 75 154 91 121 87 111 69 122 75 152 73 174 71 148 71 155 68 164 66 124 66 167 72 136 67 189 67 198 94 156 95 112 92 111 101 94 96 139 100 159 97 157 61 121 61 134 70 140 70 168
162 -43.330687795422513 3.2895704194434749 76.483156543863117 235 237 236 1.6355644998359573 74 151 79 128 83 127 78 129 77 154 84 150 85 129 93 167 86 161 89 149 88 144 76 179 76 184 74 149 77 156 93 165 73 137 91 117 91 119 90 122 90 174 69 150 71 150 68 165 66 161 72 149 72 152 94 155 95 111 92 108 101 119 101 141 96 138 96 137 100 157 100 148 97 156
165 -97.505724331994074 -15.389643999037252 111.26626737161584 24 22 29 0.38195407381375007 74 136 79 122 83 169 78 134 77 163 84 137 85 124 81 153 80 162 93 151 86 165 82 138 89 162 88 116 76 168 73 158 75 190 91 115 90 169 87 106 69 152 71 151 68 168 66 166 72 135 67 194 94 123 95 147 92 104 101 115 96 115 100 106 97 152 61 183 70 154
166 -96.850315565215666 -17.981559313308971 112.53237319512665 102 101 105 0.90433931481716023 74 64 79 69 83 168 78 135 77 71 84 72 84 118 85 86 81 63 80 71 93 83 86 91 82 106 89 81 88 78 76 72 76 92 73 68 75 189 91 114 90 167 87 82 69 103 71 105 66 133 72 105 67 99 94 60 95 56 92 52 96 58 100 80 97 98
167 54.688942343756167 20.305565150113651 68.729638439480141 163 163 159 2.0413207454577988 74 142 83 171 78 138 77 148 79 171 78 154 84 142 85 170 80 171 73 166 75 179 87 116 71 143 69 141 68 153 66 180 72 160 67 165 94 118 92 137 101 125 96 107 97 115
168 54.317179940628186 19.348025088957762 65.080042370475169 129 127 124 1.1716655948404635 74 140 78 141 79 157 84 141 85 133 85 169 80 156 93 154 82 158 93 153 76 172 73 165 75 199 90 149 90 150 71 166 66 179
170 -98.809447361998778 -18.513037443499535 114.71837288290358 102 101 105 0.98333369664170756 74 61 79 54 83 170 78 148 77 62 84 65 84 122 85 69 81 55 80 56 93 88 86 112 82 112 89 87 88 85 76 73 76 104 73 72 75 185 91 45 91 158 90 47 90 157 87 91 69 59 69 85 71 128 68 51 66 173 72 121 67 86 94 50 95 59 92 51 101 36 96 57 100 64 97 27 97 80 70 55
171 55.055398636787082 26.866473851420139 59.15887935636129 189 185 183 1.5098254643550018 74 127 83 150 78 149 77 145 79 144 84 158 85 163 81 136 80 144 93 140 86 127 82 121 89 130 88 127 88 129 76 163 73 144 75 163 91 145 90 143 90 101 81 131 82 123 86 158 80 140 83 146 84 154 93 99 79 149 85 150 78 146 77 143 73 157 87 125 69 149 71 136 68 124 66 169 72 157 67 173 94 126 95 123 92 126 101 146 96 124 70 150 97 121
173 -91.195732226116689 15.48224165539933 97.273949305757341 7 7 7 1.11396058565981 74 53 79 63 83 174 78 151 77 149 77 74 84 164 85 62 81 52 81 161 80 59 80 169 93 61 93 172 86 51 86 172 89 93 88 67 76 64 73 60 73 182 75 65 75 145 87 53 69 91 69 143 71 79 68 63 66 78 67 110 94 62 95 52 92 58 101 49 96 62 96 145 70 100 97 47
174 52.030785607663169 21.056963349310923 59.394746378837773 128 126 123 1.8590845941923837 79 152 83 151 78 153 74 138 83 135 85 140 85 171 80 151 86 170 89 150 93 171 88 124 74 147 76 165 76 170 73 163 73 181 91 173 90 145 69 165 71 134 68 140 68 172 66 148 94 146 101 131 95 116 96 119 61 169
177 -41.645674496170024 49.750124309774812 106.13269516538075 151 14 25 1.3823099869603155 79 5 83 6 78 5 77 6 84 6 89 6 87 4 94 4 95 5 92 4 101 3 96 3 97 3
182 31.234666277449197 2.5155049273610985 61.69859796830989 141 139 136 0.6616525989573443 79 34 83 43 78 35 77 38 84 36 86 46 88 50 76 54 75 45 91 46 90 34 69 40 71 42 72 44 92 43
184 34.933730654739932 60.922972943789432 139.58448400343164 148 59 65 0.62921066672977011 79 46 78 47 77 56 84 62 85 64 80 64 86 53 82 56 88 57 90 53 87 50 94 61 92 56 95 54 96 51 101 57 100 56 97 44
189 -31.838326671719091 -2.3292607679810828 59.040012482896046 136 139 139 1.515351834104034 79 119 83 96 78 72 77 92 84 85 85 72 81 86 80 92 93 91 86 99 82 69 89 118 88 158 90 50 90 129 76 135 73 95 75 107 69 83 71 86 68 169 72 118 92 107 96 82
199 -77.326396122270182 -10.939393689808274 105.85563785659656 116 116 123 0.33234884728942482 79 118 83 97 78 104 77 115 84 129 85 112 81 103 80 116 93 102 86 118 82 119 89 91 88 65 76 126 75 103 91 93 90 91 87 60 71 108 66 91 72 114 94 63 95 79 92 69 101 60 96 60 100 66 97 63
200 -39.80434827250928 8.0619423670131809 79.402729942202214 160 21 36 0.94619035444946986 79 93 83 99 78 106 77 118 84 87 85 74 81 107 80 124 93 110 86 92 82 89 89 95 87 75 94 89 96 84 61 122
202 -77.326396122270182 -10.939393689808274 105.85563785659656 116 116 123 0.33234884728942482 79 113 83 122 78 113 77 121 84 123 85 108 81 111 80 106 93 118 86 111 82 113 89 82 88 81 76 140 75 98 91 108 90 113 87 72 71 129 66 112 72 122 94 79 95 74 92 75 101 80 96 73 100 82 97 58
225 56.294576755037269 29.368944111889185 56.871765893075931 116 112 110 1.267153345305758 74 92 77 107 79 103 83 111 84 98 85 95 80 104 86 106 89 110 88 104 76 116 73 106 75 169 91 89 90 106 87 83 69 138 68 104 72 103 66 134 67 178 94 74 101 74
234 57.071119751029421 30.241810364466549 62.04292632256368 150 146 144 1.0911683370040934 74 130 77 146 83 152 84 159 79 154 85 165 80 145 93 141 86 128 82 125 89 132 88 130 87 126 71 140 68 147 69 136 71 137 75 164 66 170 67 175 94 127 95 124 92 127 92 125 101 154 96 125 61 143 70 151 66 116 71 119
236 -8.0130600895187936 14.143115239751872 16.247387222051522 152 140 136 0.75112704103789141 74 118 84 102 85 99 81 99 80 126 93 104 86 108 82 102
238 -85.525475305647191 -29.718161606846238 107.4322827579855 24 24 24 0.54249668026786502 79 86 85 85 74 77 77 86 80 84 82 82 89 80 88 80 76 91 73 86 75 99 87 71 69 102 71 98 68 81 66 113 94 78 95 73 92 76 101 79 96 72 100 79 97 57 61 89 70 120
243 10.497159384653692 31.563051280282721 31.639029915537307 214 201 202 0.9340420229135914 79 138 85 137 77 130 83 133 80 128 89 142
245 60.568194539147001 26.917698990815229 68.36618497653518 194 187 186 0.65224824265714809 79 166 85 157 74 120 77 136 83 139 80 150 86 152 89 148 76 158 73 159 75 156 91 132 69 130 71 157 68 142 66 150 72 138 67 167 92 129 61 167 70 145
248 54.284008771953985 27.697452062739657 59.996744908334932 150 143 142 0.59026312870672015 74 129 81 135 77 144 79 150 83 149 80 142 93 138 86 147 76 185 88 155 73 171 75 161 91 143 90 112 69 135 71 135 68 146 66 154 72 158 67 172 61 149 70 146
249 -57.391404170491391 37.440597670768234 121.29811875735332 164 64 76 1.2149228275531325 74 141 81 151 82 160 89 121 88 119 73 178 91 156 87 114 94 160 95 138 92 148 101 123 96 105
250 -72.899817029346238 -3.2256283633332594 106.36121580935125 17 17 24 0.60131844232613019 74 83 79 98 83 98 78 105 77 98 84 103 85 106 81 104 79 112 83 123 78 114 77 122 84 124 85 113 93 96 93 119 86 98 86 113 82 114 82 120 89 96 89 117 88 110 88 117 76 90 76 100 73 87 73 96 75 100 75 108 91 94 91 109 90 92 90 114 87 92 87 94 69 108 69 124 71 87 71 99 68 116 68 130 66 88 66 95 72 77 72 87 67 140 67 157 94 64 94 80 95 85 95 102 92 92 92 99 101 101 101 105 96 61 100 67 97 84 97 99 61 98 70 98 70 121
251 -10.270674791418845 5.0043531187491386 16.721998913765557 207 204 197 0.42566448314135008 81 6 83 7 80 6 77 7 78 6 79 6
252 41.393047731395384 21.884854474506881 71.358661796967624 230 230 226 0.58532473550555253 81 3 83 4 84 3 85 3 80 3 78 3 93 3 86 1 82 1 89 1 88 3 91 3 90 1 94 1
262 -66.023712021669652 -20.691759576493983 99.74951847668973 130 130 130 1.1920770568517742 83 167 84 155 86 142 78 136 79 121 82 137 89 158 93 95 88 156 76 159 75 182 91 164 87 104 69 153 71 152 68 167 66 139 72 134 100 146
263 -53.920722074490463 6.8924342146097084 77.003135067789387 27 26 32 1.7430570506461884 83 16 93 11 74 30 79 15 83 34 78 38 77 35 84 15 85 37 81 29 80 31 93 42 86 8 78 12 85 9 82 9 82 38 89 40 88 11 76 36 73 34 75 14 76 16 91 10 91 28 90 7 87 7 87 33 69 14 71 11 68 11 66 13 66 27 67 12 67 39 94 9 95 14 92 10 101 11 96 8 100 11 61 17 70 36
264 -39.897644209524131 14.455348423885553 44.854989422160216 26 27 31 1.6512245654103321 79 96 81 90 82 85 80 100 77 100 88 122 89 99 91 153 75 178 68 110 76 138 66 147 67 164 61 69 61 173 70 176
274 -73.971493149833577 7.090884584658169 88.726919784951477 29 27 34 0.33879330651674472 80 68 81 53 93 68 89 64 76 65 75 66 91 62 69 73 71 80 68 68 72 65
279 -15.842545824120389 38.084339086357872 44.804869222238317 175 124 127 1.1135283162186371 78 117 80 108 81 116 84 128 85 107 93 123 89 85 86 84 88 76 90 86
281 -20.920308081677124 45.803267932693863 54.914224940226696 119 89 87 1.4192060513898903 80 167 81 158 82 133 93 146 89 97 86 138 85 149 88 107 90 128 91 103 87 86 95 96 96 99
283 -41.030675546370887 -0.88853085261149967 79.823282561840401 146 24 42 0.56776963421475768 78 152 80 121 81 105 82 109 84 144 85 127 86 88 93 108 89 104 88 96 91 95 90 121 87 95 94 86 95 86 92 100 101 87 96 83 100 85 97 85
292 -22.064793912164557 27.906983132621921 32.169342561660095 134 122 118 0.49732928649383401 82 165 84 153 89 154 86 156 91 131
297 -106.63498796164706 -13.464484153598349 114.10976908058744 9 7 14 0.3049512541188078 74 139 77 164 86 168 89 173 88 166 76 162 73 183 91 116 90 173 87 145 69 169 94 163 95 106 92 149 96 116
298 -53.656247609039312 16.499903346360725 66.565381766460746 28 26 30 2.0586666698179243 74 145 78 118 77 137 89 119 74 143 77 109 79 159 83 100 78 108 78 137 83 173 84 108 84 145 85 118 85 132 81 89 81 162 80 99 80 173 93 114 93 155 86 130 86 171 82 164 82 166 89 120 88 90 88 163 85 102 82 157 84 120 76 145 76 173 73 136 73 180 75 180 91 124 91 125 90 95 90 162 87 100 69 166 69 167 68 159 66 144 66 146 67 184 67 209 94 115 68 127 67 144 69 112 66 145 95 61 95 137 92 113 101 108 96 87 100 119 97 112 61 176 70 182 70 130 75 139 91 99
307 48.059881549225111 20.324011704575341 59.211577006205303 232 232 228 1.8140408884119272 79 151 85 136 81 142 80 168 93 150 86 166 82 162 88 121 74 106 79 140 78 110 84 111 85 121 81 141 80 154 93 93 86 120 82 122 89 124 76 167 73 162 75 176 75 177 78 142 80 155 86 119 85 172 91 154 90 147 71 142 66 177 67 166 94 122 94 147 94 149 95 131 92 132 101 129 101 130 96 146 96 133 97 143 61 171 61 172 70 177 68 138 97 142
308 -79.112065270554425 76.839644902119417 164.39527233190404 105 64 66 0.61515811587317304 82 10 89 13 86 9 93 12 84 18 88 13 91 11 90 9 87 8 94 10 95 12 92 11 96 9 100 12 97 11
314 -14.392613731543911 33.631276076308566 37.453904552716509 94 63 65 1.4059968787370198 84 48 88 30 89 16 78 31 80 34 81 36 82 31 83 71 85 31 86 39 93 35 91 26 90 27 90 37 87 19 95 28 92 12
320 30.558217861068631 90.883458441327349 117.90872034805058 149 134 127 1.0895942683879223 88 140 76 143 89 139 86 137 73 130 91 128 90 127 87 123 94 139 95 151 92 114 101 104 96 103 100 134 97 102
321 -104.09173892655188 -18.636965209245442 118.09746061351265 101 100 102 0.22543008064854819 88 157 89 159 76 161 81 143 86 148 73 168 91 166 90 165 87 105 94 140 95 146 92 103
322 -39.907550281596606 2.9448026068908955 74.555546880492116 229 178 177 1.2156722205428716 77 65 74 84 79 57 83 72 78 40 84 39 85 34 81 31 80 42 93 59 86 58 82 55 89 66 76 67 73 97 91 63 90 48 75 109 66 15 72 67 94 56 95 53 92 42 101 26 96 54 100 50 97 26
323 -4.1728750860385748 4.9524530905811091 5.1264778311508463 42 20 18 0.42596873637090055 74 67 76 70 73 59 75 81 69 66 71 75 68 60 66 72 72 58 67 89 70 80
325 -4.1674882566765215 5.3625206103460252 5.1695283153531513 214 202 198 1.3407529027148819 74 59 76 75 73 62 75 67 69 50 71 63 68 49 66 54 72 61 67 118 66 106 68 102 75 102 69 98 71 91 76 134 61 107 70 111
327 -4.5013047781875697 4.6883489429980925 5.4210570932926494 171 140 141 1.0557510284638272 74 117 76 93 73 128 75 101 69 133 71 100 72 78
328 -4.546696951032426 5.7896293070182034 6.2168960768476449 67 57 54 0.80634226139738763 74 78 76 95 73 90 75 88 69 71 71 70 68 77 66 85 72 71 67 97 61 73 70 85
329 -4.388588393862471 4.2352186443055597 4.6818171958593755 204 200 195 0.5725077921833831 74 88 76 106 73 100 75 111 69 69 71 88 68 97 66 84 72 88 67 76 61 55 70 61
331 -4.546696951032426 5.7896293070182034 6.2168960768476449 67 57 54 0.80634226139738763 74 74 76 112 73 77 75 69 69 77 71 62 68 69 66 73 72 59 67 88 61 76 70 79
336 -4.2119446135302416 4.5617428046002306 4.5393231657144471 211 200 198 0.51173510645859888 74 73 76 110 73 75 75 70 69 117 75 144 71 117 68 101 66 104 72 127 67 148 61 106 70 108
338 12.629766263334743 18.882630775859223 35.429321589936073 179 128 131 1.592514073287866 83 110 73 129 78 156
339 -57.384390922618266 -20.485521245201888 85.726150332135106 135 135 135 1.0215414601422264 89 168 73 161 88 167 90 163 87 143 95 144 97 151 100 152
341 -16.028763100229064 37.422719210437592 41.370827827268641 99 83 82 1.7472031707063298 77 23 83 24 89 20 91 23 88 27 78 29 79 21 93 36 90 24 81 37 82 32 84 35 85 32 90 33 86 45 80 39 87 17 95 25 92 18
344 -4.2032384294893914 5.4331147144356642 3.8679173638606601 202 198 191 0.70563797835345354 73 14 76 19 75 16 69 17 71 17 68 14 66 20 72 15 67 15 70 10
347 0.25299436298052397 15.7220912389286 13.697649241101498 162 148 139 0.77892857588179121 79 32 75 32 71 34 72 31
351 -22.650076612705156 11.457294613580471 56.805077430782205 145 10 18 2.1451487800711009 80 98 81 109 82 71 84 107 85 117 93 116 75 127 86 68 90 73 91 71 68 120 94 150 101 107 100 89 97 90 61 188
353 21.167853565465222 1.8518100441734417 51.239337390990805 161 143 143 1.1627923951705812 78 131 79 126 81 157 83 125 84 146 86 89 93 128 75 134 82 139 69 110 71 109 68 117 77 69
355 -19.049427535110929 10.022101062256429 48.029361636583324 145 10 18 2.1031001869766595 84 126 85 109 93 127 75 146 80 114 81 112 68 132 94 125 61 138
356 1.0371313078094195 -21.296918559596484 35.424534844523123 97 85 86 0.93484359475005829 77 88 83 91 75 151 71 102 61 129
358 -13.476225514912764 21.079501873092408 33.333105281462707 151 93 96 1.4601860846608534 86 169 88 137 75 173 91 126 68 173 66 176
360 44.415531946476143 19.728376297724768 52.69143912723866 157 153 151 0.98912696834224978 73 160 74 119 76 194 77 133 79 163 81 128 85 139 93 149 75 197 80 153 84 140 86 121 88 149 88 164 91 160 90 134 69 162 71 164 68 141 66 149 72 142 61 179 97 140 100 100
362 -4.3537399409114315 5.5729318245337902 4.0650287958772608 202 198 191 0.76892583615804833 73 17 74 13 76 21 75 18 69 12 71 20 68 16 72 20
366 -32.470433292170597 0.17555240287426541 37.510556185785454 24 22 29 0.6092398401170982 84 80 93 84 91 49 80 85 81 81 90 68
367 -50.182064760415003 -0.12433603935101084 57.737438514294738 24 22 29 1.0882429823324313 84 86 88 66 93 71 91 60 80 93 81 87 90 69
368 -48.286518608258156 11.458995285452723 65.278307533581582 18 18 25 1.1817429494082827 84 121 91 123 76 139 79 111 83 120 101 63 100 88 97 46
371 -21.941232919228327 24.593511413749507 31.405889578479613 209 205 198 1.3114559788987785 82 11 84 12 86 10 91 12 90 10 88 14 93 13 78 14 79 13 80 10 81 14 83 13 85 11 89 11 77 15 87 10 92 17 95 13 94 11
383 27.331099680098685 50.886357780150817 52.571580306725103 210 208 205 0.92145688774846857 87 27 67 155 95 40 92 35 70 158
395 -3.4122827002287597 21.82953805281835 77.724482463951873 133 0 16 1.8117180073774704 84 22 89 17 88 18 91 16 90 16 77 18 74 26 79 18 83 18 78 17 84 17 85 16 81 17 80 17 93 15 86 11 82 12 89 15 88 17 76 27 73 29 75 28 91 13 90 12 87 12 69 25 71 23 72 25 94 12 68 32 95 15 92 13
396 -0.27592941531859899 -30.219435347646975 130.65579571173069 136 6 24 0.97674339554905565 75 0 76 0 79 0 82 0 84 0 89 0 69 0 73 0 74 0 77 0 78 0 80 0 81 0 83 0 85 0 86 0 87 0 88 0 90 0 91 0 93 0 71 0 72 0 94 0 95 0 92 0 101 0 96 0 100 0 97 0
397 58.645792936484696 139.25168217374937 191.00238079962509 217 205 201 1.1775609333063641 89 19 87 16 88 16 81 12 90 14 91 15 94 15 86 14 93 17 78 13 81 19 82 14 74 10 79 12 85 15 77 14 80 15 83 14 95 19 92 16 101 19 96 13 97 18 100 19
398 -81.267502181772301 -22.900196675445525 107.2930369112746 2 3 5 0.4579027854058933 75 10 76 10 82 4 69 10 86 4 88 8 93 6 73 8 71 9 68 9 72 8 95 9 92 6 101 8 100 8 97 8 61 4
399 -81.267502181772301 -22.900196675445525 107.2930369112746 2 3 5 0.4579027854058933 75 13 76 12 82 7 69 11 86 7 88 9 93 8 73 11 71 10 68 10 72 10 95 11 92 9 101 9 100 9 97 10 61 7
401 -73.717410015086429 -12.359276344245959 103.7902322477599 77 80 86 0.37969081986518172 75 26 76 25 79 28 82 18 84 29 69 24 73 20 74 21 77 30 78 25 80 19 81 20 83 30 85 21 86 18 88 22 90 20 91 19 93 20 71 22 68 22 66 26 72 24 67 27 100 25 61 20 70 22
403 -80.060189892140443 -25.72961208111365 116.792393945778 7 6 8 1.4768391929967313 82 33 69 41 86 32 88 165 90 32 91 32 87 144 89 170 90 155 68 47 66 53 67 49 73 36 94 28 95 41 95 139 92 36 97 144 61 27 70 43
404 71.733995104227859 -155.46723804664757 239.00267008137013 234 232 232 1.0370172574985095 75 61 76 57 79 25 82 34 84 25 89 31 69 55 74 28 77 33 78 21 80 35 81 35 83 25 86 33 87 24 88 29 90 18 91 17 93 38 73 51 71 50 68 52 66 42 72 45 67 23 67 67 94 25 95 27 92 21 96 21 70 45 101 10
405 71.754306533741229 -93.71119310047817 161.31689016985541 113 106 102 1.0130869502557998 75 56 76 58 79 43 82 44 84 52 89 35 69 58 73 53 77 53 78 55 80 51 81 47 83 47 86 34 87 30 88 36 90 38 91 34 93 56 71 47 68 70 66 63 72 51 67 61 95 31 92 30 94 33 101 27 96 25
406 -114.96955652674289 88.863187571237248 208.15219384410264 54 47 46 0.73689983049278096 79 75 89 70 77 97 78 85 80 76 81 73 82 74 83 78 84 92 85 77 86 72 87 65 88 70 90 75 91 75 93 75 94 69 95 64 92 64 101 66 96 66 100 71 97 68
407 39.643073570792389 -54.84220403370194 122.88726765681734 122 46 55 1.1512111918637318 75 90 76 69 79 44 82 45 89 48 69 76 73 57 74 44 77 54 80 54 81 48 83 50 85 47 86 40 87 40 88 42 90 46 91 36 93 46 71 69 68 78 66 67 72 55 67 84
410 -118.31660144127252 -134.75311860073194 259.8948424804471 143 29 50 1.7004722772682903 76 81 79 88 84 74 89 89 73 94 74 80 77 89 78 69 80 88 81 83 82 66 83 92 85 67 86 65 87 58 88 87 90 71 91 68 93 86 71 83 72 74 94 84 95 77 92 72 101 83 96 76 100 116 97 89
414 -87.246960270948918 -28.7359771716885 111.24639753786064 38 37 39 0.47200377420366629 79 120 69 154 74 152 77 150 85 123 80 161 81 152 88 154 73 156 93 147 71 104 72 104 67 195 61 165
420 -5.2614653118749475 150.90617209984759 140.63142707774423 99 6 23 0.80636279834616176 78 22 89 29 82 28 83 26 87 20 88 26 94 16 95 26 92 25 101 20 96 14
421 -46.70916218538126 49.987784526473803 147.73212182143152 149 0 15 0.69026369668180809 89 24 90 21 78 27 81 21 82 19 87 22 88 23 91 20 80 21 83 29 85 23 93 21 94 23 95 23 92 24 101 33 96 29 100 28 97 25
422 53.39349720218619 -120.55908820740217 193.96943312008918 119 100 103 0.60435485098444486 78 102 84 113 90 110 82 97 86 97 87 90 88 91 89 114 91 91 74 100 79 115 80 96 81 100 83 118 85 105 93 124 68 156 67 200 94 92 95 99 92 95 101 97 96 77 100 115 97 105
424 3.4879305583502416 22.548493379605073 26.597266011192971 117 42 49 0.70004607911700045 76 76 78 56 71 65 85 55 74 97 80 69
425 -78.306607946025736 -18.669169000521176 117.36420611544861 122 125 126 0.76946893337603661 90 67 71 73 82 64 86 48 94 59 95 55 92 40 96 56 101 56 100 59 97 49
426 -76.259289332504039 -18.687875161468213 115.07734606568657 122 125 126 1.1916549327908259 90 49 71 74 82 59 86 41 87 29 89 38 88 32 94 51 95 58 92 41 101 47 96 43 100 47 97 52
427 -135.65679055580475 -154.12718215916763 297.07660186546826 144 29 50 1.5907791320064204 76 83 78 70 84 75 89 79 90 83 71 82 82 81 86 81 87 70 88 79 91 84 73 85 77 85 79 85 80 83 81 80 83 88 85 84 93 82 72 75 94 77 95 72 92 77 101 78 96 71
433 82.767391900223686 47.470353608665569 83.2501874695743 148 141 141 2.2458690437389603 74 95 75 121 78 97 84 99 71 123 75 122 90 107 73 114 74 96 79 102 87 142 88 138 89 137 90 125 91 170 71 124 77 120 73 110 79 105 83 115 85 97 88 136 68 107 68 108 66 138 66 140 72 112 67 201 86 135 82 131 93 144 91 169 80 164 81 139 85 148 92 121 70 153
434 57.921366848225304 32.175372581535683 58.773131775055212 192 185 184 1.0098755213361288 75 188 76 151 79 135 69 163 74 135 77 127 73 151 71 154 88 135 89 136 91 168 90 172 87 141 68 174 66 136 72 131 67 182 92 122 95 129 95 93 94 133 92 123 96 130 101 145 97 81 61 150
435 -74.097302053573316 -7.5353935615958312 105.30488949239682 87 91 96 1.317638009774478 74 148 75 192 81 156 84 143 87 107 73 170 76 174 78 133 79 124 80 163 83 124 85 126 93 164 69 151 71 165 78 140 79 125 89 161 75 195 87 108 66 163 66 164 72 151 95 107 92 106 61 44
437 7.0374158419310282 6.0433630997832655 26.205211726118399 104 17 25 1.4304913045817813 77 10 68 12 66 9 67 13 70 7
439 -3.347781310966222 4.5866101110524919 9.1228424332083051 138 0 13 0.90080322899903043 84 50 68 23 80 47 81 51 85 49 93 55 67 59
440 -6.4318816478519922 24.326884667107301 51.107058965645955 154 22 31 2.1283427429574342 69 27 75 36 89 34 68 35 88 35 71 31 76 32 66 39 72 35
441 22.930123682469947 112.7899205634823 223.83772727962909 95 9 13 0.48011630110277381 89 33 87 37 88 34 90 31 91 33 86 31 82 30 77 47 79 41 81 39 93 33 80 33 84 47 78 33 85 40 83 44 94 41 95 38 92 33 101 35 96 28 97 24
447 -20.054911065505152 -20.300086866178951 37.394921016910629 142 140 138 1.8804616675437524 69 156 75 64 77 41 68 154 74 48 69 81 71 51 66 80 67 83 61 180 70 68
451 -42.520956909624708 3.546948940010024 71.818729698313192 117 120 123 0.77808704275065843 74 150 75 196 81 120 84 151 66 160 73 173 77 155 78 130 79 127 80 122 82 149 83 126 85 128 86 159 93 166 95 110 101 120 70 174
452 -74.552174603864231 -10.453634526883599 99.06556289397399 15 14 21 0.69176125761902096 75 191 81 155 84 139 66 165 77 165 79 123 85 125 93 162 67 82 101 116 97 153 70 166
455 -105.72195690082378 112.97399278998405 228.37364716972343 218 208 202 1.2074995356651799 68 13 71 16 73 31 75 15 76 18 84 96 72 23 77 58 79 61 83 64 85 161 87 134 69 16 74 37 66 14 81 150 88 152 89 152 90 159 80 159 82 153 86 153 91 171 93 159 67 14 94 151 95 142 92 140 101 12 101 153 96 135 100 151 97 148 61 11 70 9
456 -21.00155069900033 19.5486620436876 56.305769503091739 169 44 47 1.9618179206535251 76 45 89 50 91 38 72 40 87 42 94 32
457 27.128205928859082 -68.885154784082729 131.4808980687335 126 33 47 1.3214978945293878 73 45 76 59 77 42 84 41 89 36 91 35 72 48 86 26 88 37 90 35 93 39 74 49 78 42 80 41 81 34 82 35 83 48 85 35
460 52.380460112926713 132.8533588675331 195.72296345736009 159 131 128 0.92001972443988222 87 56 88 75 89 75 90 81 91 81 84 78 86 78 93 81 81 79 82 80 80 82 85 83 78 81 79 82 74 76 73 80 76 115 75 96 72 96 71 125 94 75 95 70 92 79 101 73 96 70 100 76 97 73
464 -4.0568488535360023 4.332654222062386 4.4752954190067094 109 87 86 2.6087630934556367 74 108 76 108 73 112 75 113 69 95 71 89 68 99 66 102 72 89 74 68 76 79 73 58 75 83 69 70 71 77 68 76 66 79 72 68 67 77 67 117 61 56 70 62 70 106
465 -16.152936327529996 6.6858787476831942 26.128502706411904 208 205 200 1.8021876469499589 68 8 75 8 77 5 74 7 79 4 83 5 78 4 84 5 85 5 81 5 80 5 93 5 86 3 82 3 73 7 76 7 91 5 90 3 71 7 72 5 69 8 66 5 67 4 61 3 70 1
467 -71.287579251894769 -28.018462166311735 103.48763016286232 132 132 133 0.35346734120545947 81 147 82 135 93 137 89 157 90 152 94 159 95 135 92 102 101 113 96 114 100 128 97 145
468 -22.231142622998625 28.002223544534004 32.296762028080245 0 0 0 0.73258622723607758 89 140 91 167 80 127 78 122 84 136 79 137 82 134 83 172 86 139
469 -4.0004401252270601 7.9436474417034821 6.2042974203771752 100 84 83 1.7384258750883597 73 30 67 22 72 38 74 27 66 21 61 16 70 16
470 -13.28873846865382 -10.144683801879207 23.571570699887548 150 146 144 0.88651638280747636 66 24 67 24 83 17 77 27 79 14 70 19
473 -42.825815055045574 3.7516624263159852 65.662368589198209 107 111 116 0.93725776821593343 73 133 84 125 67 160 90 119 100 145 97 106
474 36.283756440062866 12.342132857304138 45.041757311362865 128 126 123 1.4385480429766464 73 167 80 172 67 183 70 162 69 164
476 -82.102684020307819 -50.661621900265764 132.10171823476296 144 146 144 0.54522003334010516 83 8 84 4 86 2 89 4 94 2 77 8 78 7 79 7 80 4 81 4 82 2 85 4 87 2 88 4 90 2 91 4 93 4 95 3 92 2 101 1 96 1 100 2 97 1
477 -47.324449696951433 86.135511568142164 131.94666662930879 108 2 17 0.68420988904008806 83 21 94 13 77 22 78 16 79 20 95 17 101 17 96 11 100 17 97 16
480 5.7012903989028638 21.562113566641269 111.20879675223843 174 25 32 1.2379495751038276 89 14 94 21 88 12 95 22 101 22 96 17 100 21 97 19
481 54.073265085704229 107.27456362578437 105.4983039488134 209 207 204 1.6936076921062984 83 42 94 31 80 37 67 127 66 92 68 86 101 52 96 50 100 58 70 117
482 -62.075132837184697 64.981830753456961 160.93698901325916 176 58 62 0.63185326916969387 83 38 86 44 82 47 90 42 91 39 77 46 78 46 79 35 95 36 92 26 96 36 101 45 100 37 97 32 88 43
483 -118.34228201819523 98.223188132175039 206.26920006513396 218 207 204 0.57959379224279173 84 63 86 35 89 45 94 43 77 72 78 48 80 44 81 38 82 48 85 43 87 43 88 48 90 43 91 40 93 34 83 63 79 60 95 45 92 45 101 38 96 37 100 38 97 33
484 47.937827889107581 114.54494534749995 122.07740346776097 224 211 212 0.90348840891528015 89 53 94 47 87 38 95 49 92 47 101 41 96 40 100 42 97 36
485 65.743688079575421 127.84663264991505 238.85803277228078 106 11 25 0.90288531052587606 84 59 86 62 89 61 94 57 78 59 79 47 80 61 81 67 82 62 83 82 85 60 87 52 88 63 90 62 91 59 93 66 77 82 74 66 79 80 76 74 73 105 72 109 76 133 95 60 92 57 101 54 96 46 100 39 97 34
486 32.957556363991955 107.75056649389998 172.93831515628014 126 38 48 0.58881248973938893 83 67 84 61 86 61 89 58 94 58 77 67 78 67 79 66 80 62 81 66 82 61 85 58 87 51 88 58 90 56 91 52 93 65 95 50 92 54 101 53 96 48 100 53 97 51
487 -130.64113335382561 89.478974734164851 231.12242535307252 211 208 206 0.9350068887540649 84 90 86 71 89 68 94 67 78 86 80 75 81 72 82 73 85 76 87 63 88 69 90 74 91 73 93 74 83 76 77 95 79 73 95 62 92 65 101 64 96 64 100 69 97 66
488 -97.778074623360467 90.46252283816645 201.32622159059565 81 27 34 0.32347750396377495 84 93 86 73 89 71 94 70 80 77 81 74 82 75 85 78 87 66 88 71 90 76 91 76 93 76 95 65 92 62 101 67 96 75 100 72 97 69
490 -120.56800170027631 82.965065068852027 214.891260881937 211 208 206 0.38900023944536183 84 81 86 82 89 83 94 81 80 87 81 82 82 83 85 88 87 73 88 82 90 84 91 64 93 85 95 75 92 74 101 81 96 74 100 62 97 59
492 -96.596036126190313 97.602439665253883 195.98326396859329 32 19 13 0.47290233260083264 83 81 84 115 86 101 89 106 94 98 78 89 79 78 80 111 81 96 82 103 85 92 87 78 88 113 90 116 91 111 93 101 95 90 92 90 101 112 96 101 100 111 97 100
494 -87.051802107241215 102.55962647170398 189.89526934968441 75 40 43 0.32127163703389611 84 138 86 102 89 107 94 100 80 131 81 121 82 124 85 142 87 79 88 102 90 104 91 86 93 129 95 91 92 87 101 86 96 93 100 98 97 76
495 55.899540640107986 112.53147772877973 190.80303454240814 131 72 78 0.69222062589604194 84 133 86 103 89 109 94 101 80 105 81 122 82 90 85 143 87 80 88 103 90 105 91 87 93 107 83 113 95 92 92 88 101 89 96 100 100 99 97 77
496 -15.158886534694712 25.318032076313099 29.364018546852844 156 143 139 1.0974326962166323 89 98 94 108 91 107 88 108 78 99 79 109
497 -93.417067036679612 94.643016937969264 190.24881734901516 32 19 13 0.29414954609096688 86 114 89 100 94 110 80 118 81 114 82 116 85 111 87 93 88 101 90 102 91 85 93 121 95 103 92 93 101 102 96 92 100 96 97 95
498 -93.417067036679612 94.643016937969264 190.24881734901516 32 19 13 0.29414954609096688 86 115 89 112 94 111 80 119 81 115 82 117 85 94 87 97 88 114 90 117 91 112 93 122 95 104 92 94 101 103 96 102 100 112 97 101
499 -101.11402491004868 67.044015659857024 190.74683036169475 162 136 131 0.46938685417293041 89 122 94 116 87 115 88 120 90 148 91 155 82 110 74 89 95 136 92 147 101 124 96 106 97 161
500 43.919743580237999 15.246515846490158 57.803807726602422 230 230 226 0.99940423725323024 83 158 94 117 78 124
501 -100.88508170460311 84.780201112845788 206.01127655892344 91 33 37 0.25741240802174459 86 123 89 151 94 120 80 132 81 124 82 147 85 154 87 131 88 148 90 132 91 130 93 130 95 133 92 134 101 126 96 108 100 120 97 113
503 56.563651411078673 -117.06048802225783 194.4804422895202 120 87 90 0.38934659860703302 86 141 89 134 94 131 82 128 87 102 88 147 90 120 91 149 93 132 95 109 92 101 101 152 96 113 100 127 97 133
504 -16.275564664631098 26.247232186503787 30.082458637756435 153 132 133 1.2886290565849818 89 78 94 141 82 57 86 80 90 109
505 -157.80395717803157 114.8720564675661 266.10817883068904 207 205 202 0.77965684159268811 84 162 94 148 78 144 79 145 101 128 96 134 100 122 97 116
506 -87.319833951257067 90.993582696404587 186.97524404682227 129 84 89 0.27437088022069916 86 131 89 163 94 153 80 143 81 134 82 163 85 162 87 121 88 126 90 140 91 139 93 139 95 118 92 146 101 132 96 127 100 165 97 117
507 -97.501858568026279 13.078374947717171 105.14560033124782 6 9 10 0.93053382642345095 89 126 94 158 85 164 87 112 91 172 88 161 89 171 95 114 95 154 92 138 100 161
508 -16.275564664631112 26.247232186503812 30.08245863775646 153 132 133 1.2886290565849841 89 86 94 161 82 58 86 85 90 118
509 -94.139146946078853 77.597582331639074 182.57319724698581 135 113 112 1.2537950861775018 89 103 94 94 83 103 84 105 86 124 89 166 94 121 80 107 81 94 85 152 87 130 88 146 90 151 91 151 93 97 77 103 78 92 79 100 82 96 86 95 90 100 87 77 88 100 91 105 95 89 95 132 92 85 92 133 101 111 101 127 96 91 96 142 100 95 100 121 97 93 97 114
510 52.314264076513503 85.574812442744118 159.14641318222186 226 207 205 1.1496990120179924 75 42 76 48 82 78 69 29 79 79 81 77 84 76 85 81 86 83 88 83 89 84 90 85 93 79 73 47 77 78 80 80 91 65 78 79 83 89 71 40 68 27 66 34 72 41 67 19 86 76 89 74 94 73 87 69 88 74 90 80 91 79 95 69 92 81 101 71 96 69 97 72 100 75 70 15
511 36.456438932916761 15.050604584962343 68.004641753878786 229 229 225 1.7851357041046734 75 5 66 6 68 5 69 5 71 5 72 4 73 4 76 5 67 5 101 2 100 3 96 2 95 2 97 2 77 4
512 -124.15988811475097 53.535230564009382 203.20805085772645 209 206 199 1.6959676102991632 87 3 89 5 94 3 95 4 101 6 92 3 88 5 96 6 100 5 97 6
515 -118.51172716360547 173.48518932771182 252.07947527226858 222 215 207 0.98789582915123508 87 9 88 10 89 12 94 14 95 18 90 8 91 9 92 15 101 18 96 12 100 18 97 17
516 61.425197953005849 38.513813688014174 62.975909504425751 147 141 141 1.8747943606059674 87 87 88 105 89 111 95 97 92 119 92 115 61 108
519 39.953179646611993 22.375346015926095 40.23142613652481 180 173 172 1.5214708128614469 84 134 92 120 92 89 78 120 83 130
520 -100.59499247825732 13.824103838198523 109.29201822770935 26 28 31 0.48586274006741303 88 151 89 167 95 153 100 154
522 54.962636314895867 24.458583396098586 65.418189393116805 159 157 154 0.98219870427426881 94 145 92 130 95 134 96 132 101 151
523 -79.462336033388468 6.1988809954031447 98.014980443250451 7 5 11 0.87896795044047327 90 158 87 96 82 151 91 159 92 82 74 154 79 161 83 128 78 128 77 152 84 97 85 115 81 88 80 117 93 109 86 162 82 145 89 164 88 109 76 137 73 176 75 184 91 120 90 124 87 109 69 146 71 147 68 163 66 159 72 148 67 187 94 154 95 115 70 180
525 -36.617293134171184 3.5632648866531396 74.506956975856212 178 8 30 0.81820668703877497 87 61 89 92 92 68 101 48 81 64 96 53 97 50
526 -81.246281921967224 -50.363488852225906 131.30114208216554 144 146 144 0.2481251968354104 92 5 94 5 101 4 95 6 96 4 100 4 97 4
527 -109.32860129605743 25.373295512287726 115.76660028029811 4 6 6 0.44497679876504481 92 31 94 38 101 23 95 30 96 26 100 26
528 -15.220475283084076 41.184475222914507 47.591138447692771 175 126 129 2.1545122066508049 89 77 92 78 101 51 88 84 94 83
529 -75.647414876515015 36.501868198262322 198.30397075741507 185 19 30 0.099533510098669162 92 73 101 62 95 81 97 65
533 -49.841815931900094 7.2257022319405939 80.872552809497321 238 240 238 1.2867397912911041 92 110 94 162 79 131 84 148 85 98 81 163 80 170 88 89 91 97 87 110 87 98 66 158 94 87 95 113 101 160
536 -95.042406576478655 -10.574575792304833 104.97442339164729 10 8 16 0.30111479076642761 89 26 96 22 82 17 88 21 93 19
537 70.34181884184089 46.126222056376683 70.953003629043252 144 137 138 1.0027929750035238 101 92 96 86 97 131
538 -24.824586941473925 53.007855562166355 67.551803540446102 195 154 152 1.031423005016137 90 108 94 109 96 97 81 123 88 106 91 96
539 -104.72355501657805 13.99360254337005 109.51836827469431 56 55 58 0.82721600729984579 90 154 96 112 91 122 97 149
540 -94.558623380145733 -5.5959239040797959 168.07839668038 138 145 147 0.79357381554712803 87 136 96 129 97 154
542 38.96594762040808 107.97534573717724 144.83026282358591 174 159 153 0.41534318529557418 94 137 101 156 96 140 95 149 97 128 100 133
543 -22.359381953744492 39.692145822630515 50.823293014446143 222 213 204 0.64857065735857311 94 7 100 7 95 8 97 7 101 7
545 -35.173337250984964 10.119632395617455 78.748649435382475 168 6 23 0.59856824162938449 101 15 100 15 97 14 61 14
546 18.383875960509371 4.2147267437903091 50.758348181138558 113 14 29 0.7664402770059684 67 188 100 35
547 -52.469080719793219 15.565661882868339 69.174976168803653 232 230 229 1.8176022639415925 67 112 100 51 97 45 61 100
550 23.130748039751342 35.789866691779565 45.427580816719036 196 179 181 1.2927081147207706 75 124 100 94 66 121 67 153 68 128 69 114 71 111 70 115 97 42 101 77 100 55
553 30.417745146484425 15.492859607433523 28.952082653005384 139 132 131 1.6178558341650326 94 104 100 109 95 95 96 143
554 -73.728780017707166 -29.204926339218691 102.36598861705346 122 122 122 0.54891704497999638 67 136 80 135 61 114 71 153 72 133 77 128 91 162 70 136
555 27.902287638851455 12.136425352922748 29.102966366878086 217 213 213 0.74146945223859606 94 107 100 135
556 41.413121840940015 21.857274016957589 40.746665643476945 185 179 177 1.7062734351538698 94 135 100 139 95 148 101 157
557 30.418739440150688 14.699316288199999 28.816814878545539 185 178 177 1.4534720063771007 94 138 100 144 95 150 97 86
558 -6.8691012678701551 29.365404871357448 106.10657544100287 134 0 19 0.4842691461644707 96 18 100 16 101 16 97 15
559 -39.526870133185724 68.764892458121821 180.4432163532515 170 27 37 0.45369113814196815 85 29 100 24 80 29 82 29 84 30 97 20
561 62.611418657218088 120.98021134441609 227.52270322945449 107 12 25 0.31736472773846242 88 61 89 67 97 41 81 61 82 65 86 63 90 66 91 51 93 67
563 -17.567939747201496 37.372306237870262 45.861455565250552 222 204 201 0.95915788248759015 85 174 97 55
566 -98.071024811634842 20.720168425115904 101.85284428992952 7 6 7 0.82869200653430364 88 162 96 104 97 109
568 39.783486841060117 13.207762082837998 51.005319713029422 0 0 0 0.16559519558876812 88 118 100 124
572 95.155002851709028 53.748458496069205 115.30901011568108 155 151 149 1.1520584756480452 96 120 100 150 97 141
575 -52.389802064829333 5.3600778243018299 72.219150613037172 23 25 31 0.67711566248164368 90 5 97 9 61 8 70 6
577 -3.6046472321915477 8.3388807687311939 10.120172507731368 104 11 19 0.75019729086763165 67 8 61 12 66 10
578 -3.5315276543083325 5.8693756184752317 4.4201834026682834 202 195 189 0.18182417812735246 67 10 61 15
579 -3.5632501025083521 5.9087156578801441 4.4785882890511965 202 195 189 0.15649568059061839 67 9 61 18 66 11
580 -3.492437262977353 7.1094135190225352 5.002967644268459 95 79 78 1.2111325509767534 72 12 76 13 61 19 71 21
585 73.525941148088577 54.840869641650386 71.146551534264958 215 215 211 2.0013198001254398 97 75 61 78
586 92.70984980475717 190.09550900066517 179.99633857875381 197 193 193 1.5112791878481628 67 156 69 101 97 43 66 111 68 106 71 103 75 136 72 102 73 117 76 127 70 92
587 -3.1822716342180168 6.8949589821286974 5.3805849169523228 124 112 107 1.0297042118070241 71 66 72 63 75 186 76 82 61 119 68 111
588 -3.6957453660292892 6.8924555325897812 5.2059821616306383 128 116 114 1.4287791688156126 67 203 68 114 61 123
589 -143.61305052642544 -199.21209940797002 335.92055649855297 112 72 78 1.9825954709793028 66 125 67 161 68 103 97 104 100 114 69 128 70 125 75 125 96 95 71 126 72 84 73 124
593 -20.531346813500971 -20.889329236328798 38.518908261675392 109 109 107 1.6474631688862207 66 83 67 100 69 74 71 56 74 46 75 79 77 39 61 177 70 78
594 -0.80248821064021603 2.7930599740350752 0.081906280593649794 138 124 125 0.21275834210882533 66 22 68 31 69 33 75 22 70 11
598 -32.929981328697515 40.626852973892191 41.461395071846646 99 93 89 1.4415862487395525 70 4 79 33 84 19 77 32 83 27 78 20 82 24 85 17 90 17 81 25 80 25 93 27
599 -32.298552624344559 39.909395638604906 40.724895669239871 99 93 89 1.5222800167808628 84 21 85 19 70 5 90 15 82 27 78 30 83 32 80 27 81 28 93 29
600 -16.705854132615208 -3.4456817549640495 29.806287834278187 0 0 0 0.4868391477526437 61 21 84 33 78 32
604 4.7750338981526115 5.2621756767839871 24.229357260875695 0 0 0 1.7671671848627519 61 99 66 57 75 58 68 54
607 -22.72787356480266 12.599702918655 63.21221416991807 168 26 38 1.5857050583070174 97 88 70 183 100 87 101 106
609 11.124471235197884 -19.619487969025958 34.778717587860136 132 116 116 1.4023758563966064 61 160 69 123 70 134 75 116 67 197
612 -101.5555974986233 -15.529255803082268 112.14330391895149 52 51 54 2.4581581499718275 74 101 79 116 83 94 78 74 77 113 84 79 85 70 81 101 80 90 93 125 86 109 82 107 89 115 88 97 76 98 73 93 75 106 91 92 90 111 87 81 69 90 71 85 68 92 66 94 72 86 67 138 94 114 95 82 92 96 101 99 96 78 100 92 97 62 70 137 79 117 83 119 78 103 77 114 84 119 85 101 81 91 80 115 93 126 86 117 82 108 89 116 88 115 75 130 90 90 87 85 69 121 71 106 68 113 66 126 72 106 67 139 95 83 92 97 101 84 96 79 61 115 70 138 74 55 79 70 83 60 78 65 77 63 84 57 85 50 80 57 93 63 89 60 88 52 76 68 73 71 75 86 91 48 90 61 87 48 69 65 71 57 66 70 72 70 67 90 94 52 92 53 96 44 100 48 61 63 70 72
613 53.225725113412352 25.189894953546919 58.744843422480997 189 182 181 1.485532552883565 79 170 85 144 74 123 77 170 83 143 81 126 80 160 93 161 86 167 82 142 89 144 88 141 76 180 73 175 91 136 90 136 68 176 66 178 72 161 67 169 61 164 74 124 83 145 78 145 77 140 79 147 85 145 81 129 80 138 93 134 86 144 82 140 89 169 88 159 76 157 73 140 75 160 91 140 90 139 87 140 69 134 71 132 68 144 66 153 72 163 67 170 94 142 95 121 101 147 92 128 96 122 100 147 61 142 97 125 70 147 100 164
614 57.626536668858478 27.618437368613861 67.080183948276428 190 186 184 1.5037876012667608 74 109 79 142 83 104 78 93 77 138 85 151 81 125 80 134 93 170 86 149 82 143 82 155 85 156 86 151 93 148 80 152 89 145 89 147 88 143 88 145 76 148 73 121 75 153 91 133 91 135 90 130 90 133 87 128 69 131 71 158 68 143 66 151 72 137 67 168 94 97 92 144 95 119 96 118 61 166 83 142 94 99 73 139 74 122 76 182 87 117 95 120 92 145 101 133
615 58.898590024862763 35.342647945068364 62.438680626486288 174 170 170 2.1595249989565271 94 102 101 143 96 131 92 116 97 79 61 112 94 76 101 75 100 101
616 47.692360480096163 -87.001237046430006 196.10509033639474 111 7 24 1.1348948976159636 94 19 101 21 96 16 97 13 100 20 75 25 76 24 79 26 82 15 84 26 89 21 69 23 73 18 74 19 77 28 78 23 80 18 81 26 83 33 85 20 86 17 87 13 88 19 90 19 91 18 93 18 71 33 68 21 66 25 72 36 67 25 95 21 92 20 70 20 61 60
617 52.025699163850625 26.403642246194249 54.553501978522746 155 153 151 2.0473641196640284 74 90 83 154 78 94 77 166 79 153 84 116 85 93 81 97 80 147 93 103 86 132 82 104 89 128 88 131 73 146 75 143 91 144 90 144 87 120 69 116 66 156 72 126 67 174 94 128 92 80 61 144 70 149 70 131 100 131 97 124 74 131 79 133 83 153 78 150 77 147 79 155 74 133 84 130 84 160 85 166 85 168 81 137 80 146 93 142 86 129 82 127 82 129 89 133 88 132 76 187 76 189 73 147 73 149 75 165 90 168 87 129 71 138 68 149 66 171 72 129 72 159 94 129 95 126 95 125 101 144 96 126 97 122 97 126 100 130 101 90
618 37.871433511050043 129.78230044510056 171.31985661172072 168 138 135 1.380030427250496 75 123 90 54 81 59 82 60 84 60 86 60 87 49 88 54 89 55 91 53 93 70 80 72 85 56 66 75 67 79 94 55 95 51 92 55 101 50 96 49 100 54 97 53 75 72 70 64 69 79 77 66 74 65 79 67 83 70 78 66 76 86
