# Frame list with one line of data per frame:
#   FRAME_ID, RIG_ID, RIG_FROM_WORLD[QW, QX, QY, QZ, TX, TY, TZ], NUM_DATA_IDS, DATA_IDS[] as (SENSOR_TYPE, SENSOR_ID, DATA_ID)
# Number of frames: 14
38 1 0.99993798729341155 0.0020039773347655964 -0.010570782047664339 -0.002874753788361553 -10.825508392915044 -3.5292802251119939 -2.1116586430933548 1 CAMERA 1 38
41 1 0.99984740965832208 0.0034673916805844306 -0.016818507918698225 -0.0032050562967935832 -5.6457131506190468 -2.2823063564885251 -2.772533403824716 1 CAMERA 1 41
47 1 0.99972619517239913 0.0054648404388964447 -0.022478406463990689 -0.0035201488513042934 -0.66594957344607408 -0.61462366140327729 -0.64049651103701044 1 CAMERA 1 47
50 1 0.9996201368425307 0.0072357628827903891 -0.026240058161299391 -0.0043226267611262545 2.5757711077943153 0.90142680709648704 0.009371862389370508 1 CAMERA 1 50
51 1 0.99968945282702548 0.0067742307959414716 -0.023574385839504459 -0.0043995495014804084 0.4157765872417673 0.51570447902070538 1.2948576321392231 1 CAMERA 1 51
53 1 0.99955119052348307 0.0086602847518766676 -0.028244281378564474 -0.0049676514081377025 4.3068703717314296 2.1338193861667381 0.58687069506359801 1 CAMERA 1 53
57 1 0.99967551751928585 0.0065172961316960921 -0.024255648742136909 -0.0042482970444430012 0.96465972386486887 0.29801654047023285 0.3282806383179237 1 CAMERA 1 57
58 1 0.99969261427470058 0.0062030424924075329 -0.023700053397734476 -0.0038087658626678356 0.51269773709335298 0.013262642999843898 0.66988332094073955 1 CAMERA 1 58
59 1 0.99960405777236094 0.0086704159510065798 -0.026302600185118891 -0.0049724034197596049 2.7530719344193422 2.1538449025889288 1.0154928227659514 1 CAMERA 1 59
62 1 0.99969232260085039 0.0062786923908092779 -0.023605736383428912 -0.0043136254560375469 0.43675328271360042 0.099630222065477669 0.30688485045125918 1 CAMERA 1 62
70 1 0.99965515901687474 0.0066616298751027 -0.025021124257034809 -0.0043736802887289336 1.6048126344448277 0.42863536974107758 -0.034319331883817049 1 CAMERA 1 70
71 1 0.99973236531636489 0.0066026989307615639 -0.021767141843910268 -0.0042182510265687291 -1.1868917462466133 0.37936932486264258 0.31411234598478094 1 CAMERA 1 71
72 1 0.99971192186792113 0.0062892694509902158 -0.022780102730414725 -0.0041934811925247607 -0.2894303471534867 0.11182681584271344 0.49728599814650526 1 CAMERA 1 72
74 1 0.99975816304579612 0.0038247176723350874 -0.021446459853452126 -0.0030060468686933101 -1.520290398407784 -2.0415609936244792 -0.56427457009989435 1 CAMERA 1 74
