# Image list with two lines of data per image:
#   IMAGE_ID, QW, QX, QY, QZ, TX, TY, TZ, CAMERA_ID, NAME
#   POINTS2D[] as (X, Y, POINT3D_ID)
# Number of images: 14, mean observations per image: 43.285714285714285
38 0.99993798729341155 0.0020039773347655964 -0.010570782047664339 -0.002874753788361553 -10.825508392915044 -3.5292802251119939 -2.1116586430933548 1 000037.png
132.56462097167969 116.99075317382812 1 138.82170104980469 201.26869201660156 2 172.77351379394531 128.92996215820312 3 172.77351379394531 128.92996215820312 -1 129.63888549804688 137.87417602539062 72 112.90799713134766 24.669660568237305 4 156.20332336425781 36.041080474853516 -1 228.90719604492188 126.32836151123047 -1 151.28759765625 156.59904479980469 6 202.349853515625 62.917243957519531 -1 118.03714752197266 178.47238159179688 7 223.98237609863281 205.63278198242188 -1 238.35348510742188 219.70803833007812 -1 187.52436828613281 51.8770751953125 8 244.63807678222656 93.087501525878906 -1 244.63807678222656 93.087501525878906 -1 131.49520874023438 178.67724609375 9 131.49520874023438 178.67724609375 10 135.88591003417969 35.7550048828125 -1 119.25394439697266 162.43327331542969 -1 135.88591003417969 35.7550048828125 11 228.18106079101562 108.58937072753906 -1 151.46151733398438 120.97749328613281 13 79.954475402832031 148.89472961425781 -1 119.25394439697266 162.43327331542969 -1 135.88591003417969 35.7550048828125 14 144.93675231933594 21.787250518798828 85 151.82818603515625 104.11041259765625 55 161.21711730957031 114.18766784667969 16 164.31179809570312 102.83503723144531 17 156.44406127929688 76.996612548828125 18 156.44406127929688 76.996612548828125 19 180.92996215820312 44.797229766845703 20 167.87651062011719 90.699310302734375 21 113.02082824707031 44.380592346191406 22 175.26747131347656 95.298614501953125 57 121.63945007324219 26.42234992980957 23 175.26747131347656 95.298614501953125 59 251.8831787109375 102.50315856933594 -1 109.19156646728516 34.864913940429688 24 169.21022033691406 45.865280151367188 -1 103.31423187255859 50.591178894042969 -1 169.91647338867188 63.051792144775391 25 183.51980590820312 69.842597961425781 56 171.74699401855469 88.009719848632812 26 179.96910095214844 94.472808837890625 27 169.00735473632812 95.904731750488281 28 251.8831787109375 102.50315856933594 -1 243.923095703125 105.55014801025391 -1 161.32577514648438 119.83448791503906 30 200.51608276367188 196.63641357421875 -1 231.98631286621094 199.73318481445312 -1 174.23284912109375 39.943305969238281 32 250.77909851074219 218.89918518066406 -1 169.91647338867188 63.051792144775391 33 169.91647338867188 63.051792144775391 34 246.90130615234375 214.73280334472656 -1 151.67802429199219 115.94671630859375 67 209.72898864746094 176.38345336914062 -1 151.67802429199219 115.94671630859375 -1 214.77420043945312 181.25094604492188 -1 221.75436401367188 188.21279907226562 -1 224.95109558105469 192.03028869628906 -1 151.60372924804688 75.640068054199219 38 249.37074279785156 83.210372924804688 -1 249.37074279785156 83.210372924804688 -1 100.15135192871094 121.823974609375 -1 126.23644256591797 30.653417587280273 39 126.23644256591797 30.653417587280273 40 123.75608062744141 39.904876708984375 -1 100.15135192871094 121.823974609375 -1 119.82310485839844 34.753215789794922 68 123.75608062744141 39.904876708984375 -1 172.11471557617188 89.200859069824219 41 229.70147705078125 99.804931640625 -1 244.36503601074219 101.15174865722656 -1 154.02450561523438 102.62261962890625 43 227.34188842773438 107.07662963867188 -1 92.615898132324219 128.412841796875 -1 86.923385620117188 133.15669250488281 -1 83.563705444335938 135.98947143554688 -1 68.856475830078125 148.02444458007812 -1 243.38575744628906 211.15817260742188 -1 209.70341491699219 235.89523315429688 -1 90.179756164550781 130.44889831542969 -1 6.561582088470459 202.55502319335938 -1 204.56922912597656 193.45852661132812 -1 22.722984313964844 189.05262756347656 -1 25.167482376098633 187.0810546875 -1 200.36433410644531 166.59902954101562 -1 60.118412017822266 155.1285400390625 -1 110.61495971679688 40.820674896240234 -1 166.28619384765625 88.963386535644531 46 244.36503601074219 101.15174865722656 -1 154.02450561523438 102.62261962890625 -1 92.615898132324219 128.412841796875 -1 116.86616516113281 36.665321350097656 69 86.923385620117188 133.15669250488281 -1 83.563705444335938 135.98947143554688 -1 68.856475830078125 148.02444458007812 -1 65.985710144042969 150.46748352050781 -1 204.56922912597656 193.45852661132812 -1 204.56922912597656 193.45852661132812 -1 209.70341491699219 235.89523315429688 -1 110.61495971679688 40.820674896240234 -1 189.49966430664062 64.494499206542969 48 248.27558898925781 86.02679443359375 -1 251.62567138671875 88.019783020019531 -1 166.28619384765625 88.963386535644531 50 65.985710144042969 150.46748352050781 -1 90.179756164550781 130.44889831542969 -1 42.779315948486328 172.52720642089844 -1 108.24037170410156 79.697860717773438 51 
41 0.99984740965832208 0.0034673916805844306 -0.016818507918698225 -0.0032050562967935832 -5.6457131506190468 -2.2823063564885251 -2.772533403824716 1 000041.png
132.61231994628906 118.0142822265625 1 136.87454223632812 201.63648986816406 2 199.75433349609375 74.673919677734375 -1 129.88313293457031 136.53091430664062 72 112.92996978759766 24.638395309448242 4 225.00294494628906 123.3658447265625 -1 225.00294494628906 123.3658447265625 -1 151.15365600585938 156.428955078125 6 98.149971008300781 29.237735748291016 -1 118.22585296630859 178.73651123046875 7 220.86354064941406 201.67619323730469 -1 234.74241638183594 215.36793518066406 -1 187.3564453125 51.876880645751953 8 240.78311157226562 90.867706298828125 -1 240.78311157226562 90.867706298828125 -1 131.41850280761719 178.68643188476562 9 131.41850280761719 178.68643188476562 10 125.05615997314453 11.417293548583984 -1 201.71070861816406 59.755893707275391 -1 223.84738159179688 105.99362945556641 -1 151.45819091796875 121.1683349609375 13 102.39469909667969 126.156982421875 -1 91.693428039550781 134.64801025390625 -1 131.69961547851562 180.50045776367188 9 131.69961547851562 180.50045776367188 10 102.39469909667969 126.156982421875 -1 141.61907958984375 19.955564498901367 85 156.55628967285156 76.953201293945312 19 135.08132934570312 34.664821624755859 14 181.36854553222656 45.630542755126953 20 139.07173156738281 182.21815490722656 -1 135.08132934570312 34.664821624755859 11 167.79586791992188 90.608573913574219 21 164.28335571289062 102.76315307617188 17 152.02932739257812 103.97012329101562 55 175.27845764160156 95.2821044921875 57 175.27845764160156 95.2821044921875 59 112.98554992675781 44.056056976318359 22 169.033203125 46.729244232177734 -1 169.9090576171875 63.079452514648438 25 194.85650634765625 62.969749450683594 -1 171.79177856445312 88.034049987792969 26 237.91444396972656 91.031150817871094 -1 179.97834777832031 94.4600830078125 27 168.94692993164062 95.975868225097656 28 247.2835693359375 99.167724609375 -1 238.37692260742188 101.573974609375 -1 197.33697509765625 193.47625732421875 -1 228.18952941894531 195.25863647460938 -1 121.68973541259766 26.594364166259766 -1 169.9090576171875 63.079452514648438 33 169.9090576171875 63.079452514648438 34 194.85650634765625 62.969749450683594 -1 247.2835693359375 99.167724609375 -1 197.33697509765625 193.47625732421875 -1 109.15804290771484 35.028297424316406 24 121.68973541259766 26.594364166259766 23 174.236572265625 39.903202056884766 32 160.62611389160156 120.25511169433594 30 96.95977783203125 120.48310852050781 -1 81.966140747070312 133.39483642578125 -1 42.454322814941406 165.71461486816406 -1 206.83818054199219 231.97390747070312 -1 218.35000610351562 184.71083068847656 -1 221.81669616699219 188.51362609863281 -1 242.97209167480469 210.04872131347656 -1 197.792236328125 195.009521484375 -1 238.21652221679688 205.13764953613281 -1 52.182331085205078 158.01286315917969 -1 52.182331085205078 158.01286315917969 -1 96.95977783203125 120.48310852050781 -1 81.966140747070312 133.39483642578125 -1 42.454322814941406 165.71461486816406 -1 197.792236328125 195.009521484375 -1 206.83818054199219 231.97390747070312 -1 187.86297607421875 70.320037841796875 -1 151.53172302246094 75.737945556640625 38 100.04737854003906 5.9569344520568848 -1 126.53705596923828 30.655660629272461 39 116.95510101318359 36.615283966064453 69 195.923828125 57.149532318115234 -1 167.74935913085938 60.504573822021484 -1 250.57754516601562 87.269981384277344 -1 166.3328857421875 88.847991943359375 50 172.1236572265625 89.391983032226562 41 250.09040832519531 92.03875732421875 -1 225.29263305664062 96.426918029785156 -1 239.51388549804688 97.774787902832031 -1 244.81681823730469 101.95876312255859 -1 154.01101684570312 102.89622497558594 43 223.18742370605469 104.16664123535156 -1 151.76852416992188 116.54876708984375 67 31.204513549804688 178.62261962890625 -1 239.51388549804688 97.774787902832031 -1 212.22898864746094 178.73529052734375 -1 37.260669708251953 173.45497131347656 -1 42.854770660400391 169.10359191894531 -1 14.043087959289551 193.25810241699219 -1 58.773708343505859 155.96208190917969 -1 90.5439453125 129.47421264648438 -1 87.075592041015625 129.06988525390625 -1 243.03016662597656 82.494293212890625 -1 166.3328857421875 88.847991943359375 46 2.5502524375915527 202.38703918457031 -1 233.13296508789062 216.47994995117188 -1 24.361154556274414 184.57778930664062 -1 87.075592041015625 129.06988525390625 -1 103.02713775634766 44.027351379394531 -1 99.174468994140625 122.02076721191406 -1 
47 0.99972619517239913 0.0054648404388964447 -0.022478406463990689 -0.0035201488513042934 -0.66594957344607408 -0.61462366140327729 -0.64049651103701044 1 000045.png
131.76617431640625 117.92374420166016 1 136.51750183105469 201.26242065429688 2 173.509765625 129.98707580566406 3 200.00251770019531 74.650527954101562 -1 130.86900329589844 134.75567626953125 72 112.95404815673828 24.645471572875977 4 225.85700988769531 122.12612152099609 -1 225.85700988769531 122.12612152099609 -1 130.703125 170.58255004882812 -1 118.27156829833984 178.2244873046875 7 151.96220397949219 155.39216613769531 6 203.78131103515625 189.27323913574219 -1 130.703125 170.58255004882812 -1 203.78131103515625 189.27323913574219 -1 130.703125 170.58255004882812 -1 98.021430969238281 28.958944320678711 -1 221.37939453125 200.54646301269531 -1 235.338134765625 214.36557006835938 -1 187.45265197753906 51.874523162841797 8 124.94513702392578 11.196545600891113 -1 151.64192199707031 121.06044006347656 13 224.48527526855469 104.58570098876953 -1 201.68228149414062 59.995616912841797 -1 231.03523254394531 77.571754455566406 -1 76.022109985351562 147.48225402832031 -1 132.44752502441406 179.7138671875 9 135.19856262207031 34.309528350830078 11 132.44752502441406 179.7138671875 10 156.55632019042969 76.901611328125 18 140.18333435058594 180.86317443847656 -1 156.55632019042969 76.901611328125 19 135.19856262207031 34.309528350830078 14 202.80656433105469 196.6754150390625 -1 161.31399536132812 114.34126281738281 16 202.80656433105469 196.6754150390625 -1 164.415283203125 102.64146423339844 17 180.90032958984375 44.765419006347656 20 132.86366271972656 181.68687438964844 9 167.86810302734375 90.576141357421875 21 164.32991027832031 48.032264709472656 -1 141.61701965332031 19.517185211181641 85 132.86366271972656 181.68687438964844 10 121.70529174804688 26.255716323852539 23 112.96469879150391 43.798507690429688 22 174.23899841308594 39.839958190917969 32 169.92744445800781 63.030143737792969 25 171.87190246582031 88.10943603515625 26 180.01664733886719 94.360824584960938 27 168.90811157226562 95.999092102050781 28 238.59054565429688 100.09449768066406 -1 161.3934326171875 119.78047180175781 30 197.97450256347656 192.39022827148438 -1 109.16232299804688 34.975044250488281 24 169.92744445800781 63.030143737792969 33 169.92744445800781 63.030143737792969 34 197.97450256347656 192.39022827148438 -1 206.89630126953125 171.91639709472656 -1 126.263916015625 30.610118865966797 39 141.18484497070312 18.276519775390625 -1 239.08056640625 120.74642181396484 -1 184.86314392089844 73.112312316894531 56 229.07449340820312 74.409538269042969 -1 151.57440185546875 75.669319152832031 38 246.70292663574219 81.145355224609375 -1 251.70716857910156 88.287925720214844 -1 241.45388793945312 97.434364318847656 -1 243.17848205566406 208.70860290527344 -1 42.331809997558594 164.59530639648438 -1 126.263916015625 30.610118865966797 40 42.331809997558594 164.59530639648438 -1 117.11377716064453 36.508792877197266 -1 117.11377716064453 36.508792877197266 -1 169.44659423828125 40.262744903564453 -1 174.84683227539062 53.264904022216797 -1 167.8802490234375 60.346660614013672 -1 189.56581115722656 64.366058349609375 48 239.42959594726562 80.043014526367188 -1 158.50851440429688 80.552581787109375 -1 243.34187316894531 82.753082275390625 -1 6.2756261825561523 197.96064758300781 -1 163.5557861328125 109.85936737060547 -1 248.45761108398438 103.37890625 -1 251.40440368652344 111.63418579101562 -1 223.69195556640625 102.86899566650391 -1 246.29084777832031 117.55759429931641 -1 114.52104949951172 125.36814117431641 -1 54.087032318115234 158.64697265625 -1 197.64239501953125 162.64643859863281 -1 154.0634765625 102.84053802490234 43 255.58096313476562 94.957794189453125 -1 180.94801330566406 89.105987548828125 -1 172.10537719726562 89.170989990234375 41 166.40470886230469 88.810310363769531 50 242.04144287109375 108.03513336181641 -1 108.94437408447266 4.8988637924194336 -1 166.40470886230469 88.810310363769531 -1 166.40470886230469 88.810310363769531 46 154.0634765625 102.84053802490234 -1 242.04144287109375 108.03513336181641 -1 246.29084777832031 117.55759429931641 -1 108.94437408447266 4.8988637924194336 -1 100.24409484863281 6.034278392791748 -1 34.889209747314453 174.46440124511719 -1 218.487548828125 183.2159423828125 -1 9.1753711700439453 195.58377075195312 -1 246.70315551757812 84.904182434082031 -1 108.21539306640625 82.899879455566406 51 103.37982177734375 117.88132476806641 -1 108.21539306640625 82.899879455566406 -1 191.70481872558594 156.02597045898438 -1 156.80726623535156 97.225944519042969 -1 219.88043212890625 68.919181823730469 -1 
50 0.9996201368425307 0.0072357628827903891 -0.026240058161299391 -0.0043226267611262545 2.5757711077943153 0.90142680709648704 0.009371862389370508 1 000049.png
131.4901123046875 117.70196533203125 1 136.59031677246094 201.13575744628906 2 173.64483642578125 129.79214477539062 3 200.02729797363281 74.688087463378906 -1 130.87043762207031 134.80305480957031 72 112.97945404052734 24.646787643432617 4 226.00259399414062 122.04306030273438 -1 226.00259399414062 122.04306030273438 -1 151.99066162109375 155.43115234375 6 97.983718872070312 28.826894760131836 -1 118.94847106933594 177.778076171875 7 221.377685546875 200.13119506835938 -1 235.61444091796875 214.26472473144531 -1 187.59413146972656 51.892192840576172 8 124.93072509765625 11.176050186157227 -1 230.824462890625 77.561203002929688 -1 201.78401184082031 59.962753295898438 -1 239.73611450195312 88.377418518066406 -1 224.58567810058594 104.75179290771484 -1 151.7545166015625 120.67926788330078 13 75.626724243164062 147.698486328125 -1 183.62179565429688 154.87318420410156 -1 239.73611450195312 88.377418518066406 -1 156.49577331542969 76.949859619140625 19 181.22976684570312 45.253387451171875 20 140.32948303222656 180.28141784667969 -1 156.49577331542969 76.949859619140625 18 174.55136108398438 40.249526977539062 32 167.94017028808594 90.634963989257812 21 134.96929931640625 33.474895477294922 11 134.96929931640625 33.474895477294922 14 164.27700805664062 102.61397552490234 17 151.99539184570312 104.22821807861328 55 113.77991485595703 121.882080078125 -1 183.29934692382812 69.916038513183594 56 249.02989196777344 92.456466674804688 -1 121.70874786376953 26.284795761108398 23 112.96583557128906 43.751621246337891 22 169.925537109375 63.040695190429688 25 171.76106262207031 87.942138671875 26 180.03779602050781 94.347702026367188 27 175.412353515625 95.308982849121094 57 168.97062683105469 95.863983154296875 28 248.24174499511719 97.9471435546875 -1 239.45916748046875 100.43010711669922 -1 161.49554443359375 119.57832336425781 30 198.08645629882812 192.42764282226562 -1 228.82025146484375 193.92240905761719 -1 251.96812438964844 217.55390930175781 -1 169.925537109375 63.040695190429688 33 169.925537109375 63.040695190429688 34 175.412353515625 95.308982849121094 59 248.24174499511719 97.9471435546875 -1 198.08645629882812 192.42764282226562 -1 109.18144989013672 34.913509368896484 24 141.51663208007812 19.11811637878418 85 184.0338134765625 69.990753173828125 56 210.10337829589844 72.299766540527344 -1 207.5673828125 172.36561584472656 -1 229.71311950683594 74.691856384277344 -1 222.32646179199219 187.32598876953125 -1 151.56118774414062 75.753524780273438 38 252.25860595703125 105.73876190185547 -1 251.28555297851562 87.949615478515625 -1 126.39933013916016 30.613861083984375 39 177.57846069335938 91.218986511230469 -1 243.56915283203125 208.95883178710938 -1 202.37460327148438 188.54107666015625 -1 211.96231079101562 176.60780334472656 -1 177.57846069335938 91.218986511230469 -1 210.10337829589844 72.299766540527344 -1 251.28555297851562 87.949615478515625 -1 252.25860595703125 105.73876190185547 -1 14.034329414367676 191.74945068359375 -1 240.29682922363281 205.461669921875 -1 246.99801635742188 212.11212158203125 -1 151.78994750976562 116.58670806884766 67 90.082405090332031 125.56327056884766 -1 54.290069580078125 158.60061645507812 -1 226.36441040039062 95.354133605957031 -1 242.44784545898438 101.78706359863281 -1 243.01475524902344 82.523651123046875 -1 172.061279296875 89.161186218261719 41 108.72708892822266 5.010836124420166 -1 100.24124908447266 6.0730695724487305 -1 207.36106872558594 230.64761352539062 -1 25.441303253173828 182.22305297851562 -1 37.836353302001953 171.75802612304688 -1 204.07557678222656 168.41267395019531 -1 108.72708892822266 5.010836124420166 -1 116.92927551269531 36.630096435546875 69 169.40225219726562 40.190879821777344 -1 166.41096496582031 88.892173767089844 46 207.36106872558594 230.64761352539062 -1 189.60087585449219 64.365516662597656 48 166.41096496582031 88.892173767089844 50 166.41096496582031 88.892173767089844 -1 180.95933532714844 89.105789184570312 -1 240.61085510253906 96.468116760253906 -1 113.95173645019531 105.13617706298828 -1 251.20698547363281 111.27144622802734 -1 168.24223327636719 47.835659027099609 -1 169.40225219726562 40.190879821777344 -1 107.04190063476562 57.854846954345703 -1 241.910888671875 108.11558532714844 -1 241.910888671875 108.11558532714844 -1 
51 0.99968945282702548 0.0067742307959414716 -0.023574385839504459 -0.0043995495014804084 0.4157765872417673 0.51570447902070538 1.2948576321392231 1 000050.png
131.06871032714844 117.51630401611328 1 136.63429260253906 201.08642578125 2 172.97946166992188 129.59162902832031 3 200.09202575683594 74.706977844238281 -1 130.85873413085938 134.39352416992188 72 113.00441741943359 24.640554428100586 4 130.77427673339844 170.78659057617188 -1 151.74717712402344 155.65219116210938 6 130.77427673339844 170.78659057617188 -1 130.77427673339844 170.78659057617188 -1 97.993911743164062 28.870763778686523 -1 118.75009155273438 177.54170227050781 7 221.53817749023438 200.05148315429688 -1 187.57525634765625 51.876216888427734 8 124.87989044189453 11.087244987487793 -1 201.77931213378906 60.099514007568359 -1 239.93057250976562 88.488250732421875 -1 224.67864990234375 104.6077880859375 -1 151.689697265625 120.67788696289062 13 239.93057250976562 88.488250732421875 -1 239.93057250976562 88.488250732421875 -1 135.29545593261719 34.133411407470703 11 140.32247924804688 180.78456115722656 -1 132.63761901855469 179.54270935058594 9 132.63761901855469 179.54270935058594 10 135.29545593261719 34.133411407470703 14 156.5115966796875 76.911544799804688 19 167.9149169921875 90.575973510742188 21 164.33834838867188 102.72946166992188 17 151.991943359375 103.7578125 55 141.74798583984375 19.768239974975586 85 180.85841369628906 44.772090911865234 20 156.5115966796875 76.911544799804688 18 169.93087768554688 63.016304016113281 34 236.09962463378906 82.578056335449219 -1 175.36497497558594 95.306221008300781 59 197.90155029296875 192.06242370605469 -1 121.71288299560547 26.631080627441406 23 174.3604736328125 39.958667755126953 32 195.32968139648438 62.435947418212891 -1 169.93087768554688 63.016304016113281 25 181.5009765625 77.034988403320312 -1 236.09962463378906 82.578056335449219 -1 171.92961120605469 88.132858276367188 26 179.99678039550781 94.394760131835938 27 175.36497497558594 95.306221008300781 57 169.01585388183594 95.850074768066406 28 161.51679992675781 119.57286834716797 30 197.90155029296875 192.06242370605469 -1 251.52461242675781 217.14697265625 -1 121.71288299560547 26.631080627441406 -1 195.32968139648438 62.435947418212891 -1 169.93087768554688 63.016304016113281 33 164.97579956054688 49.275215148925781 -1 154.06439208984375 102.70481109619141 43 238.99787902832031 197.67501831054688 -1 119.90617370605469 34.702423095703125 68 116.04750823974609 45.373542785644531 22 126.29353332519531 30.627521514892578 39 151.56935119628906 75.688835144042969 38 177.6514892578125 90.940460205078125 -1 177.6514892578125 90.940460205078125 -1 240.54751586914062 121.85406494140625 -1 207.11317443847656 171.76242065429688 -1 222.45973205566406 187.46513366699219 -1 126.29353332519531 30.627521514892578 40 116.04750823974609 45.373542785644531 -1 202.40133666992188 188.4761962890625 -1 238.63385009765625 203.74188232421875 -1 243.93316650390625 209.16151428222656 -1 111.02816772460938 85.346038818359375 -1 166.42184448242188 88.850517272949219 50 172.06796264648438 89.090522766113281 41 180.94229125976562 89.134124755859375 -1 177.95060729980469 90.090599060058594 -1 226.65577697753906 95.744941711425781 -1 252.36795043945312 109.08833312988281 -1 114.51681518554688 111.10572814941406 -1 151.81315612792969 116.39641571044922 67 92.611404418945312 123.42024230957031 -1 241.44827270507812 200.09031677246094 -1 207.50221252441406 230.69366455078125 -1 184.37928771972656 69.888717651367188 56 108.92857360839844 5.0670065879821777 -1 100.10749816894531 6.0368361473083496 -1 117.02466583251953 36.583572387695312 69 216.97093200683594 181.52445983886719 -1 212.11117553710938 176.68264770507812 -1 203.64138793945312 168.00096130371094 -1 194.95761108398438 159.35206604003906 -1 54.363925933837891 158.41935729980469 -1 60.793754577636719 153.15043640136719 -1 108.92857360839844 5.0670065879821777 -1 169.38145446777344 40.534408569335938 -1 111.02816772460938 85.346038818359375 -1 169.38145446777344 40.534408569335938 -1 166.42184448242188 88.850517272949219 -1 177.95060729980469 90.090599060058594 -1 133.48355102539062 184.03123474121094 10 207.50221252441406 230.69366455078125 -1 177.02175903320312 44.16888427734375 -1 196.13449096679688 56.768360137939453 -1 83.844581604003906 134.38534545898438 -1 133.48355102539062 184.03123474121094 9 189.58193969726562 64.309814453125 48 158.53752136230469 80.517868041992188 -1 242.9949951171875 82.657752990722656 -1 19.998590469360352 186.50904846191406 -1 6.7379140853881836 197.16342163085938 -1 166.42184448242188 88.850517272949219 46 200.997314453125 165.34162902832031 -1 86.279502868652344 132.11907958984375 -1 
53 0.99955119052348307 0.0086602847518766676 -0.028244281378564474 -0.0049676514081377025 4.3068703717314296 2.1338193861667381 0.58687069506359801 1 000053.png
130.50801086425781 117.30615234375 1 136.69880676269531 201.18830871582031 2 173.48194885253906 129.72993469238281 3 200.05642700195312 74.619056701660156 -1 130.817138671875 134.60166931152344 72 112.95335388183594 24.630596160888672 4 126.11661529541016 97.869674682617188 -1 151.9722900390625 155.93721008300781 6 98.020805358886719 29.027936935424805 -1 118.68240356445312 177.44606018066406 7 221.83099365234375 200.54086303710938 -1 187.52897644042969 51.869968414306641 8 124.97662353515625 11.23287296295166 -1 240.33987426757812 88.585472106933594 -1 201.70574951171875 60.032695770263672 -1 224.56974792480469 104.55127716064453 -1 151.75596618652344 120.60575866699219 13 101.15137481689453 126.92005157470703 -1 75.552001953125 147.92559814453125 -1 183.80813598632812 155.21839904785156 -1 101.15137481689453 126.92005157470703 -1 240.33987426757812 88.585472106933594 -1 240.33987426757812 88.585472106933594 -1 231.591064453125 77.331710815429688 -1 140.40866088867188 180.50276184082031 -1 167.86238098144531 90.549171447753906 21 248.90481567382812 92.356193542480469 -1 164.2974853515625 102.75420379638672 17 174.4898681640625 40.146751403808594 32 180.87849426269531 44.7945556640625 20 164.42892456054688 48.159900665283203 -1 156.54171752929688 76.896270751953125 19 135.0875244140625 33.672225952148438 14 156.54171752929688 76.896270751953125 18 135.0875244140625 33.672225952148438 11 121.70162963867188 26.280210494995117 23 141.59707641601562 19.24470329284668 85 190.15657043457031 68.790863037109375 -1 171.75820922851562 87.979438781738281 26 180.00546264648438 94.412429809570312 27 175.34432983398438 95.29248046875 57 168.97087097167969 95.912193298339844 28 248.51451110839844 97.83087158203125 -1 239.58639526367188 100.32448577880859 -1 161.48637390136719 114.33560943603516 16 161.50648498535156 119.47750854492188 30 229.26338195800781 194.37474060058594 -1 251.00677490234375 216.40422058105469 -1 169.90402221679688 63.048030853271484 33 169.90402221679688 63.048030853271484 34 175.34432983398438 95.29248046875 59 248.51451110839844 97.83087158203125 -1 112.96063995361328 43.747951507568359 22 169.90402221679688 63.048030853271484 25 109.01467132568359 35.772941589355469 24 238.63319396972656 203.63594055175781 -1 207.58346557617188 172.28971862792969 -1 151.56138610839844 75.704338073730469 38 119.85203552246094 34.741447448730469 68 234.72900390625 77.358474731445312 -1 126.3568115234375 30.645139694213867 39 252.12911987304688 88.538955688476562 -1 177.58024597167969 91.230400085449219 -1 83.81591796875 130.87513732910156 -1 211.65213012695312 176.48040771484375 -1 93.054389953613281 123.18099975585938 -1 177.58024597167969 91.230400085449219 -1 93.054389953613281 123.18099975585938 -1 83.81591796875 130.87513732910156 -1 202.37295532226562 188.55311584472656 -1 218.75119018554688 182.8966064453125 -1 222.400390625 187.29850769042969 -1 202.37295532226562 188.55311584472656 -1 54.290283203125 158.71778869628906 -1 133.4912109375 184.16934204101562 10 12.997028350830078 192.47915649414062 -1 9.7046976089477539 194.74726867675781 -1 239.37005615234375 197.90870666503906 -1 16.087612152099609 189.92594909667969 -1 117.01728057861328 36.560890197753906 69 169.41278076171875 40.218185424804688 -1 27.26209831237793 180.55683898925781 -1 189.45333862304688 64.728912353515625 48 61.516822814941406 149.20819091796875 -1 81.048530578613281 133.18869018554688 -1 184.35786437988281 69.974693298339844 56 151.88999938964844 116.43770599365234 67 169.41278076171875 40.218185424804688 -1 158.54336547851562 80.499961853027344 -1 166.40065002441406 88.78515625 -1 243.14894104003906 82.616363525390625 -1 81.048530578613281 133.18869018554688 -1 61.516822814941406 149.20819091796875 -1 133.4912109375 184.16934204101562 9 166.40065002441406 88.78515625 50 246.82725524902344 85.057540893554688 -1 180.97242736816406 89.116432189941406 -1 172.07485961914062 89.266471862792969 41 226.20086669921875 95.175544738769531 -1 39.844139099121094 170.08491516113281 -1 166.40065002441406 88.78515625 46 114.09755706787109 104.94377899169922 -1 86.883102416992188 131.55715942382812 -1 
57 0.99967551751928585 0.0065172961316960921 -0.024255648742136909 -0.0042482970444430012 0.96465972386486887 0.29801654047023285 0.3282806383179237 1 000057.png
132.11953735351562 118.118896484375 1 136.67076110839844 201.11277770996094 2 173.84652709960938 129.75477600097656 3 200.08058166503906 74.640106201171875 -1 130.96900939941406 134.86041259765625 72 112.95652770996094 24.650114059448242 4 226.36491394042969 121.75522613525391 -1 226.36491394042969 121.75522613525391 -1 130.88589477539062 169.93568420410156 -1 152.1585693359375 155.67184448242188 6 130.88589477539062 169.93568420410156 -1 130.88589477539062 169.93568420410156 -1 98.0380859375 28.993316650390625 -1 185.53842163085938 51.278598785400391 -1 118.4296875 177.48481750488281 7 221.56973266601562 200.41108703613281 -1 235.72001647949219 214.33592224121094 -1 124.91578674316406 11.142828941345215 -1 163.85234069824219 134.27445983886719 -1 75.466552734375 147.80323791503906 -1 239.80078125 88.519515991210938 -1 163.85234069824219 134.27445983886719 -1 201.72315979003906 59.980644226074219 -1 239.80078125 88.519515991210938 -1 239.80078125 88.519515991210938 -1 224.60075378417969 104.56783294677734 -1 151.67938232421875 120.95260620117188 13 231.60444641113281 77.321220397949219 -1 132.71856689453125 179.47311401367188 9 135.38874816894531 34.157600402832031 14 132.71856689453125 179.47311401367188 10 135.38874816894531 34.157600402832031 11 141.75776672363281 19.710271835327148 85 180.94462585449219 44.811183929443359 20 164.28204345703125 47.904495239257812 -1 156.4949951171875 76.956184387207031 19 241.11227416992188 116.22919464111328 -1 152.00677490234375 104.13446044921875 55 202.28440856933594 196.13009643554688 -1 202.28440856933594 196.13009643554688 -1 156.4949951171875 76.956184387207031 18 167.87716674804688 90.566276550292969 21 164.39260864257812 102.75402069091797 17 249.32342529296875 92.749794006347656 -1 202.28440856933594 196.13009643554688 -1 117.34116363525391 108.1689453125 -1 175.34608459472656 95.280792236328125 57 248.56483459472656 97.927825927734375 -1 161.34135437011719 114.50757598876953 16 161.56193542480469 119.52446746826172 30 198.17137145996094 192.66508483886719 -1 169.91795349121094 63.045166015625 33 169.91795349121094 63.045166015625 34 175.34608459472656 95.280792236328125 59 248.56483459472656 97.927825927734375 -1 168.91816711425781 95.972389221191406 28 109.16429138183594 35.004302978515625 24 121.76948547363281 26.204442977905273 23 174.42890930175781 39.914806365966797 32 112.91271209716797 43.814048767089844 22 169.00369262695312 46.709461212158203 -1 169.91795349121094 63.045166015625 25 171.87019348144531 88.093963623046875 26 180.00523376464844 94.441635131835938 27 243.82144165039062 208.96708679199219 -1 166.31344604492188 44.061229705810547 -1 126.19929504394531 30.635173797607422 39 110.501708984375 70.601478576660156 -1 116.08335113525391 45.296401977539062 22 202.43124389648438 188.54515075683594 -1 184.3455810546875 69.659858703613281 56 230.00825500488281 74.843994140625 -1 110.501708984375 70.601478576660156 -1 100.01993560791016 5.5330953598022461 -1 126.19929504394531 30.635173797607422 40 116.08335113525391 45.296401977539062 -1 250.77615356445312 87.672836303710938 -1 151.569091796875 75.715957641601562 38 250.77615356445312 87.672836303710938 -1 222.23989868164062 187.26322937011719 -1 243.29249572753906 79.699089050292969 -1 8.8960714340209961 195.51557922363281 -1 6.2769618034362793 197.69316101074219 -1 2.9954802989959717 200.41804504394531 -1 21.797866821289062 184.84410095214844 -1 218.56803894042969 183.02706909179688 -1 168.16535949707031 47.713863372802734 -1 116.97611999511719 36.591091156005859 69 30.974609375 177.25364685058594 -1 206.72128295898438 171.17552185058594 -1 201.574951171875 165.71409606933594 -1 201.574951171875 165.71409606933594 -1 91.282432556152344 127.95703887939453 -1 251.48750305175781 111.41371154785156 -1 166.36058044433594 88.787322998046875 50 226.49566650390625 95.449310302734375 -1 180.95796203613281 89.108619689941406 -1 133.47932434082031 184.10377502441406 9 195.95938110351562 57.016242980957031 -1 168.02200317382812 60.248184204101562 -1 133.47932434082031 184.10377502441406 10 189.56430053710938 64.426841735839844 48 246.84088134765625 84.991241455078125 -1 172.1407470703125 89.207237243652344 41 240.32109069824219 205.29649353027344 -1 166.36058044433594 88.787322998046875 46 197.84834289550781 162.21896362304688 -1 207.58792114257812 230.30068969726562 -1 73.764396667480469 142.31179809570312 -1 207.58792114257812 230.30068969726562 -1 
58 0.99969261427470058 0.0062030424924075329 -0.023700053397734476 -0.0038087658626678356 0.51269773709335298 0.013262642999843898 0.66988332094073955 1 000056.png
132.00393676757812 118.02103424072266 1 136.66694641113281 201.10957336425781 2 173.99676513671875 129.71665954589844 3 200.10769653320312 74.695701599121094 -1 130.97053527832031 134.66749572753906 72 112.95796203613281 24.630516052246094 4 126.42926025390625 98.724647521972656 -1 226.25784301757812 121.76753234863281 -1 226.25784301757812 121.76753234863281 -1 152.08351135253906 156.01252746582031 6 98.051811218261719 29.113552093505859 -1 185.50624084472656 51.280181884765625 -1 118.50340270996094 177.63180541992188 7 221.44869995117188 199.86680603027344 -1 235.53434753417969 213.98492431640625 -1 124.87890625 11.064994812011719 -1 75.751411437988281 147.50283813476562 -1 224.56150817871094 104.59207153320312 -1 240.06253051757812 88.583511352539062 -1 201.87333679199219 60.234024047851562 -1 151.798583984375 120.67604064941406 13 91.321449279785156 134.40306091308594 -1 183.99856567382812 155.02352905273438 -1 132.50303649902344 178.6431884765625 9 132.50303649902344 178.6431884765625 10 240.06253051757812 88.583511352539062 -1 240.06253051757812 88.583511352539062 -1 140.40213012695312 180.6922607421875 -1 135.34846496582031 34.203876495361328 11 135.34846496582031 34.203876495361328 14 231.35099792480469 77.44158935546875 -1 164.17619323730469 102.73326110839844 17 167.892822265625 90.563552856445312 21 174.65055847167969 40.201969146728516 32 156.42720031738281 76.975425720214844 19 156.42720031738281 76.975425720214844 18 164.3079833984375 47.9388427734375 -1 141.68133544921875 19.422052383422852 85 175.40242004394531 95.307632446289062 59 198.07939147949219 192.11418151855469 -1 109.15956115722656 35.041774749755859 24 121.69312286376953 26.607902526855469 23 112.93619537353516 43.803821563720703 22 169.92097473144531 63.033218383789062 25 235.91239929199219 82.181221008300781 -1 171.89253234863281 88.120704650878906 26 180.00691223144531 94.385688781738281 27 175.40242004394531 95.307632446289062 57 168.85397338867188 96.045669555664062 28 239.13070678710938 100.01902770996094 -1 161.52360534667969 114.31277465820312 16 161.50613403320312 119.46552276611328 30 198.07939147949219 192.11418151855469 -1 229.15380859375 194.19198608398438 -1 121.69312286376953 26.607902526855469 -1 169.92097473144531 63.033218383789062 33 169.92097473144531 63.033218383789062 34 235.91239929199219 82.181221008300781 -1 247.94122314453125 98.141014099121094 -1 248.72506713867188 213.86947631835938 -1 229.69224548339844 74.673126220703125 -1 123.23271942138672 36.174209594726562 -1 240.14700317382812 205.28195190429688 -1 151.54716491699219 75.7725830078125 38 177.49134826660156 91.022102355957031 -1 177.49134826660156 91.022102355957031 -1 247.94122314453125 98.141014099121094 -1 113.53036499023438 105.88042449951172 -1 241.82261657714844 107.79553985595703 -1 163.46856689453125 109.99303436279297 -1 222.47538757324219 187.40864562988281 -1 202.39755249023438 188.5189208984375 -1 158.53826904296875 80.542831420898438 -1 246.78768920898438 84.951911926269531 -1 166.39410400390625 88.813911437988281 50 110.60413360595703 40.921421051025391 -1 180.98802185058594 89.100074768066406 -1 226.41305541992188 95.397148132324219 -1 154.05633544921875 102.70241546630859 43 248.98916625976562 103.40866851806641 -1 151.85580444335938 116.31952667236328 67 29.062503814697266 179.03878784179688 -1 22.18480110168457 184.66856384277344 -1 15.300807952880859 190.62162780761719 -1 8.6306171417236328 195.84002685546875 -1 5.9700450897216797 197.8585205078125 -1 2.8880946636199951 200.676025390625 -1 207.44453430175781 230.57710266113281 -1 133.45845031738281 183.94091796875 10 115.91484069824219 45.256435394287109 -1 100.17139434814453 5.9838361740112305 -1 126.80901336669922 30.633529663085938 39 25.732030868530273 181.71446228027344 -1 212.41743469238281 176.91694641113281 -1 34.271846771240234 174.91078186035156 -1 205.154296875 169.51547241210938 -1 54.197547912597656 158.44093322753906 -1 233.68307495117188 142.15457153320312 -1 108.89784240722656 4.8459000587463379 -1 125.75975799560547 38.048038482666016 -1 117.00879669189453 36.590873718261719 69 166.39410400390625 88.813911437988281 46 166.39410400390625 88.813911437988281 -1 154.05633544921875 102.70241546630859 -1 133.45845031738281 183.94091796875 9 207.44453430175781 230.57710266113281 -1 115.91484069824219 45.256435394287109 22 172.12263488769531 89.127799987792969 41 125.75975799560547 38.048038482666016 -1 122.252197265625 39.995193481445312 -1 169.47378540039062 40.513614654541016 -1 108.89784240722656 4.8459000587463379 -1 167.04824829101562 41.987266540527344 -1 189.789306640625 64.074813842773438 48 122.252197265625 39.995193481445312 -1 184.380859375 72.861076354980469 56 74.336906433105469 141.89401245117188 -1 59.786338806152344 153.788818359375 -1 
59 0.99960405777236094 0.0086704159510065798 -0.026302600185118891 -0.0049724034197596049 2.7530719344193422 2.1538449025889288 1.0154928227659514 1 000060.png
132.08441162109375 118.03857421875 1 136.662353515625 201.22325134277344 2 173.06330871582031 129.56806945800781 3 130.99775695800781 134.78581237792969 72 200.06733703613281 74.643898010253906 -1 113.04781341552734 24.703123092651367 4 126.38127899169922 98.243400573730469 -1 226.02944946289062 121.99398803710938 -1 226.02944946289062 121.99398803710938 -1 130.89361572265625 169.85008239746094 -1 152.10557556152344 155.90948486328125 6 130.89361572265625 169.85008239746094 -1 130.89361572265625 169.85008239746094 -1 98.08575439453125 29.131378173828125 -1 185.51158142089844 51.258518218994141 -1 119.24420928955078 177.51473999023438 7 221.64199829101562 200.46783447265625 -1 235.31623840332031 213.68342590332031 -1 124.86716461181641 11.06768798828125 -1 201.7513427734375 60.031326293945312 -1 239.93818664550781 88.286460876464844 -1 224.58126831054688 104.41777801513672 -1 151.66764831542969 121.03150939941406 13 103.42947387695312 124.31545257568359 -1 184.29046630859375 155.15267944335938 -1 103.42947387695312 124.31545257568359 -1 239.93818664550781 88.286460876464844 -1 239.93818664550781 88.286460876464844 -1 126.26650238037109 23.756370544433594 -1 181.39138793945312 45.481029510498047 20 231.33523559570312 77.270797729492188 -1 140.40200805664062 180.51193237304688 -1 141.7049560546875 19.705558776855469 85 135.16117858886719 33.469253540039062 14 174.57081604003906 40.299980163574219 32 156.43656921386719 76.9732666015625 19 167.93563842773438 90.614547729492188 21 241.33992004394531 116.36514282226562 -1 156.43656921386719 76.9732666015625 18 135.16117858886719 33.469253540039062 11 164.32194519042969 102.78877258300781 17 109.15887451171875 35.064289093017578 24 121.76837158203125 26.565692901611328 23 112.97840118408203 43.656505584716797 22 169.92173767089844 63.024253845214844 25 171.83250427246094 88.175910949707031 26 175.44483947753906 95.405632019042969 57 168.8990478515625 96.005531311035156 28 248.5203857421875 97.82440185546875 -1 239.65133666992188 100.49198913574219 -1 197.99174499511719 192.049560546875 -1 243.51727294921875 208.77096557617188 -1 251.24520874023438 216.6229248046875 -1 169.92173767089844 63.024253845214844 33 169.92173767089844 63.024253845214844 34 175.44483947753906 95.405632019042969 59 248.5203857421875 97.82440185546875 -1 197.99174499511719 192.049560546875 -1 90.316886901855469 4.6242246627807617 -1 210.36543273925781 72.361534118652344 -1 99.930931091308594 5.4492373466491699 -1 126.38275909423828 30.629123687744141 39 151.60414123535156 75.622756958007812 38 219.00682067871094 183.60923767089844 -1 222.62480163574219 187.73049926757812 -1 202.43238830566406 188.47457885742188 -1 229.88224792480469 74.767715454101562 -1 229.02180480957031 193.97279357910156 -1 239.66119384765625 204.82693481445312 -1 242.08197021484375 108.01506042480469 -1 141.39775085449219 18.785148620605469 -1 239.05970764160156 89.796943664550781 -1 179.93913269042969 94.525222778320312 27 241.84922790527344 97.49334716796875 -1 90.085517883300781 125.55040740966797 -1 210.36543273925781 72.361534118652344 -1 241.84922790527344 97.49334716796875 -1 161.466796875 119.3431396484375 30 207.22724914550781 171.74929809570312 -1 212.2921142578125 176.71272277832031 -1 181.00370788574219 89.116401672363281 -1 226.48719787597656 95.293754577636719 -1 114.05852508544922 104.98923492431641 -1 252.42245483398438 109.09004211425781 -1 114.40648651123047 111.83180236816406 -1 3.1213231086730957 200.52677917480469 -1 115.86019897460938 45.461822509765625 -1 189.76748657226562 64.144943237304688 48 108.96551513671875 4.9539504051208496 -1 116.89512634277344 36.644325256347656 69 169.40725708007812 40.490036010742188 -1 133.48611450195312 184.13870239257812 10 25.065464019775391 182.51626586914062 -1 216.80368041992188 181.06080627441406 -1 36.366661071777344 172.96438598632812 -1 195.13148498535156 159.31324768066406 -1 104.04779815673828 51.534069061279297 -1 172.06707763671875 89.085502624511719 41 169.40725708007812 40.490036010742188 -1 196.81053161621094 60.113468170166016 -1 166.39996337890625 88.865386962890625 46 166.39996337890625 88.865386962890625 -1 133.48611450195312 184.13870239257812 9 115.86019897460938 45.461822509765625 22 174.80751037597656 53.292873382568359 -1 196.81053161621094 60.113468170166016 -1 167.93128967285156 60.294219970703125 -1 165.13459777832031 72.519111633300781 -1 166.39996337890625 88.865386962890625 50 108.96551513671875 4.9539504051208496 -1 22.546628952026367 184.25776672363281 -1 207.5025634765625 230.30697631835938 -1 207.5025634765625 230.30697631835938 -1 88.357887268066406 130.39509582519531 -1 38.711505889892578 171.00851440429688 -1 
62 0.99969232260085039 0.0062786923908092779 -0.023605736383428912 -0.0043136254560375469 0.43675328271360042 0.099630222065477669 0.30688485045125918 1 000062.png
132.45510864257812 118.32328033447266 1 136.62028503417969 201.18043518066406 2 173.78448486328125 129.72694396972656 3 200.07533264160156 74.644454956054688 -1 130.91078186035156 134.8272705078125 72 113.08463287353516 24.70399284362793 4 126.41002655029297 98.589912414550781 -1 152.17926025390625 155.45616149902344 6 117.92740631103516 178.21124267578125 7 98.266510009765625 29.656917572021484 -1 221.61749267578125 200.24705505371094 -1 235.55320739746094 214.29078674316406 -1 187.54425048828125 51.962562561035156 8 239.62239074707031 88.277130126953125 -1 102.41487121582031 125.65299987792969 -1 132.459228515625 178.83784484863281 9 239.62239074707031 88.277130126953125 -1 132.459228515625 178.83784484863281 10 102.41487121582031 125.65299987792969 -1 201.77749633789062 59.959915161132812 -1 231.07405090332031 77.665809631347656 -1 224.67976379394531 104.89620971679688 -1 151.72412109375 120.77091217041016 13 184.95256042480469 154.45170593261719 -1 132.74531555175781 180.23629760742188 -1 140.20463562011719 180.7454833984375 -1 132.74531555175781 180.23629760742188 -1 135.18218994140625 33.547267913818359 14 174.69172668457031 40.310325622558594 32 180.87950134277344 44.773975372314453 20 156.52867126464844 76.929519653320312 19 164.46388244628906 102.71757507324219 17 152.00296020507812 103.77991485595703 55 156.52867126464844 76.929519653320312 18 135.18218994140625 33.547267913818359 11 141.74681091308594 19.79167366027832 85 167.96302795410156 90.654708862304688 21 171.87290954589844 88.181770324707031 26 169.09925842285156 91.456680297851562 -1 180.02597045898438 94.351318359375 27 175.3350830078125 95.273284912109375 57 168.99008178710938 95.846855163574219 28 248.37022399902344 97.69140625 -1 239.75189208984375 100.63534545898438 -1 161.37712097167969 114.51560211181641 -1 161.53376770019531 119.48349761962891 30 197.91438293457031 191.77622985839844 -1 121.73098754882812 26.592309951782227 -1 169.92765808105469 63.038597106933594 33 169.92765808105469 63.038597106933594 34 175.3350830078125 95.273284912109375 59 248.37022399902344 97.69140625 -1 239.75189208984375 100.63534545898438 -1 197.91438293457031 191.77622985839844 -1 109.21065521240234 34.899509429931641 24 121.73098754882812 26.592309951782227 23 169.92765808105469 63.038597106933594 25 226.55690002441406 95.557212829589844 -1 110.47132873535156 70.369026184082031 -1 238.43580627441406 197.10244750976562 -1 151.90528869628906 116.43283843994141 67 89.917434692382812 125.69690704345703 -1 129.18009948730469 36.293144226074219 -1 243.39472961425781 208.51881408691406 -1 126.38373565673828 30.621309280395508 39 115.97107696533203 45.423240661621094 -1 247.19694519042969 81.553695678710938 -1 151.55607604980469 75.751983642578125 38 245.9166259765625 84.493858337402344 -1 115.97107696533203 45.423240661621094 22 110.47132873535156 70.369026184082031 -1 177.42359924316406 91.036552429199219 -1 177.42359924316406 91.036552429199219 -1 218.91433715820312 183.53727722167969 -1 223.08132934570312 187.65766906738281 -1 202.418212890625 188.46109008789062 -1 166.34989929199219 88.757308959960938 50 114.57823944091797 111.22775268554688 -1 10.599720001220703 194.39720153808594 -1 17.611551284790039 188.4677734375 -1 3.0367860794067383 200.64810180664062 -1 133.55549621582031 184.11054992675781 9 7.00634765625 197.20538330078125 -1 229.7525634765625 74.701889038085938 -1 215.90275573730469 180.16670227050781 -1 212.85105895996094 177.1661376953125 -1 205.01519775390625 169.35696411132812 -1 201.53041076660156 165.63526916503906 -1 197.99971008300781 162.58836364746094 -1 83.553825378417969 131.03604125976562 -1 172.1343994140625 89.110885620117188 41 108.82435607910156 5.1560673713684082 -1 83.553825378417969 131.03604125976562 -1 133.55549621582031 184.11054992675781 10 117.01314544677734 36.560249328613281 69 169.52217102050781 40.234664916992188 -1 195.9638671875 56.932537078857422 -1 166.34989929199219 88.757308959960938 -1 189.7862548828125 64.032112121582031 48 207.54238891601562 172.26322937011719 -1 184.43037414550781 69.495452880859375 56 158.53141784667969 80.51251220703125 -1 243.140869140625 82.707321166992188 -1 108.82435607910156 5.1560673713684082 -1 114.08647155761719 104.88759613037109 -1 248.85420227050781 92.528106689453125 -1 31.798261642456055 176.56173706054688 -1 
70 0.99965515901687474 0.0066616298751027 -0.025021124257034809 -0.0043736802887289336 1.6048126344448277 0.42863536974107758 -0.034319331883817049 1 000069.png
132.34417724609375 118.2255859375 1 136.71636962890625 201.21537780761719 2 173.94505310058594 129.75141906738281 3 200.02499389648438 74.645065307617188 -1 130.924560546875 135.16297912597656 72 113.11400604248047 24.740947723388672 4 226.10592651367188 121.79974365234375 -1 226.10592651367188 121.79974365234375 -1 152.11167907714844 156.3577880859375 6 98.182907104492188 29.398731231689453 -1 185.45791625976562 51.303836822509766 -1 118.55905151367188 177.57542419433594 7 221.79437255859375 200.77867126464844 -1 235.48359680175781 214.09135437011719 -1 125.01094055175781 11.298957824707031 -1 224.59219360351562 104.47126007080078 -1 201.8997802734375 60.122371673583984 -1 231.10505676269531 77.550621032714844 -1 151.62712097167969 120.98632049560547 13 102.42130279541016 125.41472625732422 -1 75.587211608886719 147.64421081542969 -1 102.42130279541016 125.41472625732422 -1 156.595947265625 76.883995056152344 19 140.38754272460938 180.6556396484375 -1 132.92448425292969 179.97027587890625 10 156.595947265625 76.883995056152344 18 132.92448425292969 179.97027587890625 9 151.92753601074219 104.22583770751953 55 241.1005859375 116.40318298339844 -1 202.517578125 196.31289672851562 -1 135.17304992675781 33.535533905029297 14 180.97665405273438 44.756969451904297 20 135.17304992675781 33.535533905029297 11 167.86962890625 90.558609008789062 21 164.34721374511719 102.79564666748047 17 141.84538269042969 19.831586837768555 85 202.517578125 196.31289672851562 -1 202.517578125 196.31289672851562 -1 175.30616760253906 95.256744384765625 57 175.30616760253906 95.256744384765625 59 169.92173767089844 63.035129547119141 25 171.84635925292969 88.12115478515625 26 180.02024841308594 94.332748413085938 27 168.89860534667969 95.969085693359375 28 248.4720458984375 97.859992980957031 -1 239.56071472167969 100.34889984130859 -1 161.55345153808594 119.5433349609375 30 198.01448059082031 192.10350036621094 -1 250.04617309570312 215.523193359375 -1 121.70254516601562 26.582197189331055 -1 169.92173767089844 63.035129547119141 33 169.92173767089844 63.035129547119141 34 248.4720458984375 97.859992980957031 -1 198.01448059082031 192.10350036621094 -1 109.15525817871094 35.054187774658203 24 121.70254516601562 26.582197189331055 23 174.28562927246094 39.736259460449219 32 112.96109008789062 43.677825927734375 22 248.576416015625 82.379104614257812 -1 240.90542602539062 121.82500457763672 -1 238.388427734375 203.30203247070312 -1 119.86290740966797 34.726234436035156 68 126.27659606933594 30.625165939331055 39 230.26683044433594 74.958709716796875 -1 241.60205078125 107.89167022705078 -1 151.549560546875 75.747039794921875 38 184.08543395996094 69.912246704101562 56 99.861648559570312 5.5513448715209961 -1 110.46616363525391 70.521186828613281 -1 226.52397155761719 95.412399291992188 -1 207.28915405273438 171.91714477539062 -1 110.46616363525391 70.521186828613281 -1 126.27659606933594 30.625165939331055 40 216.82518005371094 181.11769104003906 -1 218.84779357910156 183.2078857421875 -1 222.52629089355469 187.42898559570312 -1 202.41220092773438 188.46595764160156 -1 172.06584167480469 89.36602783203125 41 153.96466064453125 102.88947296142578 43 115.81616973876953 45.526569366455078 -1 195.76856994628906 61.170673370361328 -1 14.720704078674316 190.96903991699219 -1 158.51484680175781 80.424613952636719 -1 166.39012145996094 88.824615478515625 50 17.939931869506836 188.22135925292969 -1 133.52207946777344 184.07966613769531 10 29.481147766113281 178.55961608886719 -1 213.3040771484375 177.54173278808594 -1 48.086460113525391 163.42042541503906 -1 64.086929321289062 147.04367065429688 -1 108.91590881347656 5.1043643951416016 -1 117.10122680664062 36.529552459716797 69 166.39012145996094 88.824615478515625 -1 64.086929321289062 147.04367065429688 -1 133.52207946777344 184.07966613769531 9 169.48431396484375 40.134616851806641 -1 115.81616973876953 45.526569366455078 22 166.39012145996094 88.824615478515625 46 195.91334533691406 56.879875183105469 -1 189.66526794433594 64.204254150390625 48 243.24678039550781 82.629562377929688 -1 114.03229522705078 105.05828094482422 -1 249.86820983886719 86.927513122558594 -1 108.91590881347656 5.1043643951416016 -1 195.66014099121094 159.86979675292969 -1 102.06993103027344 35.43084716796875 -1 
71 0.99973236531636489 0.0066026989307615639 -0.021767141843910268 -0.0042182510265687291 -1.1868917462466133 0.37936932486264258 0.31411234598478094 1 000070.png
132.28872680664062 118.15129852294922 1 136.69549560546875 201.15089416503906 2 173.4393310546875 129.62712097167969 3 200.04042053222656 74.65264892578125 -1 130.91572570800781 134.7301025390625 72 126.54377746582031 98.003219604492188 -1 113.12530517578125 24.742282867431641 4 152.17787170410156 155.95574951171875 6 98.078804016113281 29.326799392700195 -1 185.54789733886719 51.286834716796875 -1 118.75752258300781 177.5477294921875 7 221.64537048339844 200.38824462890625 -1 235.55059814453125 214.15608215332031 -1 124.88538360595703 11.075494766235352 -1 224.51225280761719 104.68399810791016 -1 201.74189758300781 60.006309509277344 -1 240.40890502929688 88.652374267578125 -1 151.68482971191406 120.67134857177734 13 183.95353698730469 155.40995788574219 -1 240.40890502929688 88.652374267578125 -1 240.40890502929688 88.652374267578125 -1 181.48095703125 45.649284362792969 20 231.49317932128906 77.584564208984375 -1 140.19140625 180.93626403808594 -1 134.93891906738281 33.626537322998047 14 141.75759887695312 19.773700714111328 85 156.52154541015625 76.923851013183594 19 167.94692993164062 90.625694274902344 21 164.3223876953125 102.70551300048828 17 151.91792297363281 104.20685577392578 55 156.52154541015625 76.923851013183594 18 134.93891906738281 33.626537322998047 11 243.04144287109375 202.5089111328125 -1 121.69695281982422 26.637014389038086 23 174.28558349609375 39.847652435302734 32 112.9637451171875 43.789077758789062 22 169.92903137207031 63.023765563964844 25 195.02670288085938 62.746719360351562 -1 183.41792297363281 69.932334899902344 56 179.96907043457031 94.373039245605469 27 175.46614074707031 95.360984802246094 57 168.87643432617188 96.042831420898438 28 248.31597900390625 97.740936279296875 -1 239.58602905273438 100.29450225830078 -1 161.53033447265625 119.51729583740234 30 198.04226684570312 192.31515502929688 -1 203.4913330078125 195.83009338378906 -1 121.69695281982422 26.637014389038086 -1 169.92903137207031 63.023765563964844 33 169.92903137207031 63.023765563964844 34 195.02670288085938 62.746719360351562 -1 175.46614074707031 95.360984802246094 59 248.31597900390625 97.740936279296875 -1 203.4913330078125 195.83009338378906 -1 171.83349609375 88.052726745605469 26 109.17062377929688 34.943065643310547 24 164.98521423339844 49.255859375 -1 234.12379455566406 77.217819213867188 -1 229.20671081542969 194.22142028808594 -1 229.3985595703125 74.437461853027344 -1 126.38111114501953 30.62598991394043 39 151.5439453125 75.747062683105469 38 223.93089294433594 103.23698425292969 -1 145.61892700195312 124.53586578369141 -1 100.09932708740234 117.02838134765625 -1 207.62185668945312 172.22489929199219 -1 219.82220458984375 184.03826904296875 -1 145.61892700195312 124.53586578369141 -1 222.80778503417969 187.58306884765625 -1 202.44322204589844 188.43617248535156 -1 239.10977172851562 204.18074035644531 -1 245.84085083007812 210.79972839355469 -1 166.36955261230469 88.841102600097656 50 172.08673095703125 89.212196350097656 41 226.7509765625 95.466964721679688 -1 116.10652923583984 102.14807891845703 -1 154.068115234375 102.71947479248047 43 242.10116577148438 107.80653381347656 -1 151.84027099609375 116.77976226806641 67 103.55632781982422 253.53114318847656 -1 119.72039031982422 34.804889678955078 68 35.837203979492188 173.30711364746094 -1 54.045398712158203 158.66267395019531 -1 108.83656311035156 5.3070154190063477 -1 15.286355972290039 190.50473022460938 -1 198.025634765625 162.59065246582031 -1 115.90100860595703 45.694801330566406 -1 99.828079223632812 6.277644157409668 -1 57.460987091064453 155.65711975097656 -1 74.687713623046875 141.59443664550781 -1 180.98452758789062 89.12359619140625 -1 116.9998779296875 36.582237243652344 69 166.36955261230469 88.841102600097656 -1 207.57754516601562 230.59065246582031 -1 115.90100860595703 45.694801330566406 22 128.20742797851562 36.571010589599609 -1 108.83656311035156 5.3070154190063477 -1 169.54541015625 40.142314910888672 -1 189.60768127441406 64.294563293457031 48 158.50936889648438 80.509773254394531 -1 246.96826171875 85.015533447265625 -1 207.57754516601562 230.59065246582031 -1 251.04351806640625 111.21830749511719 -1 108.21047973632812 83.166419982910156 -1 184.39115905761719 72.817298889160156 -1 60.810150146484375 152.97026062011719 -1 114.10717010498047 104.90631866455078 -1 8.2654399871826172 195.79774475097656 -1 108.21047973632812 83.166419982910156 51 
72 0.99971192186792113 0.0062892694509902158 -0.022780102730414725 -0.0041934811925247607 -0.2894303471534867 0.11182681584271344 0.49728599814650526 1 000072.png
134.11846923828125 118.95063781738281 1 136.79437255859375 201.16310119628906 2 173.84469604492188 130.28215026855469 3 199.94438171386719 74.693305969238281 -1 130.78829956054688 134.84588623046875 72 225.5867919921875 122.63128662109375 -1 225.5867919921875 122.63128662109375 -1 113.35308074951172 25.334880828857422 4 152.00117492675781 155.53077697753906 6 98.157119750976562 29.496288299560547 -1 185.42068481445312 51.376560211181641 -1 118.37103271484375 177.6016845703125 7 221.46885681152344 201.32453918457031 -1 235.05227661132812 214.24742126464844 -1 191.27473449707031 169.30693054199219 -1 201.83988952636719 60.032852172851562 -1 224.67361450195312 105.54716491699219 -1 151.50825500488281 121.12846374511719 13 76.501739501953125 148.1903076171875 -1 132.34359741210938 178.58273315429688 9 132.34359741210938 178.58273315429688 10 135.21316528320312 34.259960174560547 11 140.47782897949219 180.34407043457031 -1 135.21316528320312 34.259960174560547 14 141.77484130859375 19.796926498413086 85 180.91058349609375 44.811473846435547 20 164.34733581542969 48.132408142089844 -1 156.41177368164062 77.072769165039062 19 167.80757141113281 90.591819763183594 21 164.34461975097656 102.76119995117188 17 151.99972534179688 104.14011383056641 55 202.95445251464844 197.43856811523438 -1 202.95445251464844 197.43856811523438 -1 156.41177368164062 77.072769165039062 18 104.34845733642578 13.687991142272949 -1 104.34845733642578 13.687991142272949 -1 175.29908752441406 95.277305603027344 59 121.60385894775391 26.550622940063477 -1 175.29908752441406 95.277305603027344 57 121.60385894775391 26.550622940063477 23 169.896240234375 63.055465698242188 34 247.96012878417969 98.459266662597656 -1 198.24505615234375 193.21469116210938 -1 109.20710754394531 34.770778656005859 24 161.16995239257812 119.81735992431641 30 174.149169921875 39.753559112548828 32 112.91460418701172 43.813869476318359 22 169.896240234375 63.055465698242188 25 171.86930847167969 88.184425354003906 26 179.98583984375 94.461944580078125 27 168.97203063964844 95.869873046875 28 247.96012878417969 98.459266662597656 -1 198.24505615234375 193.21469116210938 -1 229.26133728027344 195.23780822753906 -1 242.53572082519531 202.74935913085938 -1 250.70597839355469 217.16726684570312 -1 109.20710754394531 34.770778656005859 -1 169.896240234375 63.055465698242188 33 243.85800170898438 209.69282531738281 -1 247.18171691894531 213.15052795410156 -1 107.03940582275391 112.09619903564453 -1 126.19060516357422 30.6705322265625 39 222.2158203125 187.67399597167969 -1 202.42054748535156 189.21159362792969 -1 239.28398132324219 205.06333923339844 -1 203.4693603515625 168.73728942871094 -1 116.00823211669922 45.279716491699219 22 110.43608093261719 70.539398193359375 -1 151.57176208496094 75.657333374023438 38 223.83078002929688 103.87277984619141 -1 208.80879211425781 164.31523132324219 -1 110.43608093261719 70.539398193359375 -1 126.19060516357422 30.6705322265625 40 39.443737030029297 164.68260192871094 -1 116.00823211669922 45.279716491699219 -1 223.83078002929688 103.87277984619141 -1 44.224834442138672 168.59597778320312 -1 206.73251342773438 172.05018615722656 -1 166.29411315917969 88.814659118652344 50 172.13377380371094 89.275657653808594 41 226.61830139160156 96.105598449707031 -1 154.07969665527344 102.48036193847656 43 252.09648132324219 107.29711151123047 -1 117.11959075927734 119.51451110839844 -1 44.970535278320312 167.16781616210938 -1 225.09539794921875 180.56956481933594 -1 133.45535278320312 184.56727600097656 10 2.705524206161499 202.54949951171875 -1 207.50848388671875 231.594482421875 -1 42.560489654541016 162.38153076171875 -1 215.17637634277344 171.09529113769531 -1 108.83644866943359 5.1693439483642578 -1 99.749038696289062 6.3576693534851074 -1 101.91912078857422 14.026527404785156 -1 117.01966857910156 36.589839935302734 69 213.02745056152344 178.19476318359375 -1 57.282798767089844 157.13999938964844 -1 49.594333648681641 156.97978210449219 -1 60.603660583496094 154.61541748046875 -1 59.018115997314453 149.31199645996094 -1 175.89405822753906 131.00765991210938 -1 171.96331787109375 127.01881408691406 -1 108.83644866943359 5.1693439483642578 -1 122.77082824707031 39.790203094482422 -1 122.77082824707031 39.790203094482422 -1 169.51658630371094 39.971054077148438 -1 236.62458801269531 98.540428161621094 -1 133.45535278320312 184.56727600097656 9 207.50848388671875 231.594482421875 -1 174.78620910644531 53.204029083251953 -1 189.54803466796875 64.382278442382812 48 148.56851196289062 77.408905029296875 -1 166.29411315917969 88.814659118652344 -1 235.85932922363281 77.889053344726562 -1 90.114662170410156 126.54514312744141 -1 236.62458801269531 98.540428161621094 -1 246.95912170410156 84.977516174316406 -1 92.845466613769531 124.202392578125 -1 110.97666168212891 85.333671569824219 -1 110.97666168212891 85.333671569824219 -1 
74 0.99975816304579612 0.0038247176723350874 -0.021446459853452126 -0.0030060468686933101 -1.520290398407784 -2.0415609936244792 -0.56427457009989435 1 000071.png
132.49201965332031 118.34930419921875 1 136.714111328125 201.17085266113281 2 173.75538635253906 129.63705444335938 3 199.98030090332031 74.606414794921875 -1 130.88273620605469 135.43099975585938 72 126.49883270263672 98.227798461914062 -1 225.94343566894531 121.80854034423828 -1 225.94343566894531 121.80854034423828 -1 113.18861389160156 24.792354583740234 4 130.99253845214844 169.42776489257812 -1 152.22526550292969 155.64961242675781 6 130.99253845214844 169.42776489257812 -1 130.99253845214844 169.42776489257812 -1 98.139549255371094 29.41077995300293 -1 118.68318939208984 177.40107727050781 7 221.49652099609375 200.42335510253906 -1 235.80813598632812 214.29415893554688 -1 187.56471252441406 51.946346282958984 8 119.94368743896484 98.5938720703125 -1 124.94755554199219 11.175000190734863 -1 102.33437347412109 125.45896148681641 -1 240.14103698730469 88.670585632324219 -1 224.65153503417969 104.83411407470703 -1 240.14103698730469 88.670585632324219 -1 184.17616271972656 154.974365234375 -1 201.90707397460938 60.120204925537109 -1 231.20472717285156 77.710601806640625 -1 240.14103698730469 88.670585632324219 -1 151.69664001464844 120.90391540527344 13 102.33437347412109 125.45896148681641 -1 91.350654602050781 134.09077453613281 -1 75.819679260253906 147.51654052734375 -1 132.49775695800781 178.60015869140625 9 132.49775695800781 178.60015869140625 10 140.34207153320312 180.57559204101562 -1 181.31715393066406 45.497032165527344 20 141.81521606445312 19.791587829589844 85 135.05770874023438 33.542472839355469 14 156.49411010742188 76.929237365722656 19 174.51744079589844 40.294651031494141 32 202.59083557128906 196.24935913085938 -1 151.84446716308594 104.13755798339844 55 202.59083557128906 196.24935913085938 -1 156.49411010742188 76.929237365722656 18 135.05770874023438 33.542472839355469 11 164.23661804199219 102.70551300048828 17 167.91900634765625 90.585334777832031 21 202.59083557128906 196.24935913085938 -1 175.39682006835938 95.334342956542969 57 168.95843505859375 95.850715637207031 28 248.21018981933594 97.839767456054688 -1 240.39939880371094 100.98157501220703 -1 197.9769287109375 191.91366577148438 -1 242.62770080566406 201.96601867675781 -1 121.74220275878906 26.637903213500977 -1 169.90599060058594 63.039222717285156 33 169.90599060058594 63.039222717285156 34 175.39682006835938 95.334342956542969 59 248.21018981933594 97.839767456054688 -1 197.9769287109375 191.91366577148438 -1 109.19342803955078 35.135555267333984 24 100.1329345703125 4.4096231460571289 -1 121.74220275878906 26.637903213500977 23 112.93488311767578 43.809116363525391 22 169.90599060058594 63.039222717285156 25 183.53048706054688 69.666099548339844 56 171.86735534667969 88.209671020507812 26 179.97492980957031 94.425094604492188 27 89.876670837402344 125.69168090820312 -1 92.541954040527344 123.61318206787109 -1 81.060836791992188 133.21971130371094 -1 126.25082397460938 30.639192581176758 39 64.051864624023438 147.11231994628906 -1 229.14633178710938 74.379806518554688 -1 87.221420288085938 127.97056579589844 -1 229.14633178710938 74.379806518554688 -1 214.2322998046875 178.65074157714844 -1 151.59223937988281 75.651901245117188 38 161.43873596191406 119.33026123046875 30 207.63165283203125 172.22315979003906 -1 126.25082397460938 30.639192581176758 40 87.221420288085938 127.97056579589844 -1 81.060836791992188 133.21971130371094 -1 64.051864624023438 147.11231994628906 -1 218.074462890625 182.6444091796875 -1 222.12808227539062 187.07551574707031 -1 202.43370056152344 188.44291687011719 -1 240.24691772460938 205.384765625 -1 166.39654541015625 88.8756103515625 50 192.71357727050781 156.62689208984375 -1 53.851100921630859 159.04640197753906 -1 197.77571105957031 162.27711486816406 -1 91.210304260253906 128.07269287109375 -1 168.08335876464844 60.196392059326172 -1 95.253486633300781 124.69915771484375 -1 113.94850158691406 105.18952941894531 -1 153.98526000976562 102.91293334960938 43 226.69129943847656 95.226882934570312 -1 172.0615234375 89.130241394042969 41 108.50742340087891 5.3137927055358887 -1 158.56394958496094 80.557426452636719 -1 169.44400024414062 40.234912872314453 -1 108.50742340087891 5.3137927055358887 -1 166.39654541015625 88.8756103515625 -1 153.98526000976562 102.91293334960938 -1 99.89825439453125 6.4278106689453125 -1 116.98818206787109 36.616008758544922 69 122.55384063720703 39.78369140625 -1 166.39654541015625 88.8756103515625 46 169.44400024414062 40.234912872314453 -1 174.73452758789062 53.244911193847656 -1 189.633056640625 64.247344970703125 48 246.93597412109375 85.109199523925781 -1 62.641960144042969 151.52377319335938 -1 122.55384063720703 39.78369140625 -1 114.64345550537109 111.23383331298828 -1 79.273353576660156 137.78364562988281 -1 195.65522766113281 159.95698547363281 -1 
