# 3D point list with one line of data per point:
#   POINT3D_ID, X, Y, Z, R, G, B, ERROR, TRACK[] as (IMAGE_ID, POINT2D_IDX)
# Number of points: 47, mean track length: 12.893617021276595
1 22.656258601571455 4.5246867076158157 426.85389651108216 250 102 97 0.7385466823439828 47 0 38 0 71 0 50 0 70 0 53 0 51 0 62 0 74 0 59 0 41 0 57 0 72 0 58 0
2 25.738324796825093 11.539573951392311 424.82640422470217 112 109 104 0.38201630785392332 47 1 38 1 71 1 50 1 70 1 53 1 51 1 62 1 74 1 59 1 41 1 57 1 72 1 58 1
3 49.586436918935163 5.5534717625743841 411.47423268202664 76 77 69 0.37315980355374356 47 2 38 2 71 2 50 2 70 2 53 2 51 2 62 2 74 2 59 2 57 2 72 2 58 2
4 9.6675951796374324 -3.5220874433748657 434.62709553706537 254 255 249 0.20410188389198286 47 5 38 5 71 6 50 5 70 5 53 5 51 5 62 5 74 8 59 5 41 4 57 5 72 7 58 5
6 35.867242938014193 7.7369062782809896 420.79612913501785 103 93 86 0.34127596047058756 47 10 38 8 71 7 50 8 70 8 53 7 51 7 62 7 74 10 59 10 41 7 57 9 72 8 58 9
7 13.326206554154544 9.5994357678957467 431.29487396371093 99 94 92 0.37179064253215816 47 9 38 10 71 10 50 10 70 11 53 9 51 11 62 8 74 14 59 15 41 9 57 14 72 11 58 12
8 59.669500851184559 -0.74168290795910741 415.84838741259904 116 121 126 0.12984689953338258 47 18 38 13 50 13 53 11 51 13 62 12 74 17 41 12
9 21.044042279410895 9.0155612821932127 388.50884069327572 252 101 96 1.7908213853826467 47 25 38 16 70 26 53 93 47 37 70 94 51 23 51 103 62 15 62 81 74 32 59 102 41 15 41 23 57 28 57 97 72 19 72 107 58 23 58 104
10 21.044042279410895 9.0155612821932127 388.50884069327572 252 101 96 1.7908213853826467 47 27 38 17 70 24 53 74 47 41 70 85 51 24 51 98 62 17 62 93 74 33 59 91 41 16 41 24 57 30 57 100 72 20 72 86 58 24 58 88
11 25.596650866515706 -2.6396308550013021 440.06651566874694 253 117 111 0.32621230464007311 47 26 38 20 71 31 50 29 70 32 53 34 51 21 62 34 74 44 59 39 41 31 57 31 72 21 58 28
13 35.806421064853069 4.8299452781556376 422.15500865840608 150 141 133 0.15540175971528369 47 20 38 22 71 17 50 19 70 18 53 16 51 18 62 22 74 28 59 22 41 20 57 26 72 17 58 20
14 25.596650866515706 -2.6396308550013021 440.06651566874694 253 117 111 0.32621230464007311 47 31 38 25 71 24 50 30 70 30 53 32 51 25 62 27 74 37 59 33 41 28 57 29 72 23 58 29
16 42.012078128346616 4.285582277200878 417.16876900265657 136 121 109 0.10712933703850058 47 33 38 28 53 44 57 48 58 50
17 44.203196973186749 3.3566398993937145 418.98117506234593 154 139 131 0.098169696416260374 47 35 38 29 71 28 50 31 70 34 53 27 51 28 62 31 74 45 59 40 41 33 57 42 72 29 58 31
18 39.165756363126192 1.1776919631155187 422.27114287586977 254 218 205 0.082996743511508445 47 28 38 30 71 30 50 26 70 25 53 33 51 32 62 33 74 43 59 38 57 40 72 33 58 35
19 39.176531250501363 1.1773676929637245 422.26448138045271 254 218 205 0.094791473766770315 47 30 38 31 71 26 50 23 70 22 53 31 51 26 62 30 74 38 59 35 41 27 57 35 72 27 58 34
20 55.69381932462629 -1.3520513948258561 418.89894312736067 118 123 130 0.40357214355745619 47 36 38 32 71 21 50 24 70 31 53 29 51 31 62 29 74 35 59 29 41 29 57 33 72 25
21 46.64008530783542 2.3661469351955802 418.90061837430653 213 215 182 0.090102463655895929 47 38 38 33 71 27 50 28 70 33 53 25 51 27 62 36 74 46 59 36 41 32 57 41 72 28 58 32
22 10.319350707477749 -1.8018462263522923 430.08360538992832 57 46 36 1.5680391177632156 47 43 38 34 71 35 50 37 70 57 53 52 51 57 70 96 71 94 62 69 74 63 59 43 59 103 41 37 57 59 57 68 72 46 72 66 58 42 58 106
23 15.713930602742149 -3.3134591186114299 433.13657748323766 254 255 249 0.17569760511913918 47 42 38 36 71 33 50 36 70 55 53 35 51 37 62 55 74 62 59 42 41 56 57 57 72 39 58 41
24 6.9217419524514074 -2.646489689828476 433.26802325220621 254 255 248 0.26785503983349634 47 52 38 39 71 55 50 54 70 54 53 54 62 54 74 60 59 41 41 55 57 56 72 43 58 40
25 48.147055959237271 0.084039397008254121 419.82210196634486 254 255 250 0.070906040423373423 47 45 38 42 71 36 50 38 70 40 53 53 51 40 62 56 74 64 59 44 41 39 57 61 72 47 58 43
26 49.198213376152928 2.1733017963444747 417.67152483024296 151 119 92 0.11341508754650316 47 46 38 44 71 54 50 39 70 41 53 38 51 43 62 37 74 66 59 45 41 41 57 62 72 48 58 45
27 54.486822126713712 2.7287208184135259 415.56213397173502 93 73 60 0.090961391094734889 47 47 38 45 71 39 50 40 70 42 53 39 51 44 62 39 74 67 59 72 41 43 57 63 72 49 58 46
28 47.247078491240586 2.8096139650275562 417.92899498943382 92 90 91 0.09239094773278575 47 48 38 46 71 41 50 42 70 43 53 41 51 46 62 41 74 49 59 47 41 44 57 55 72 50 58 48
30 42.352090202697276 4.7612760643883751 420.54244471566847 29 27 15 0.19073138554485441 47 50 38 49 71 44 50 45 70 46 53 45 51 47 62 45 74 78 59 77 41 58 57 49 72 44 58 51
32 51.081959746359622 -1.8054850236111901 418.53811005946477 133 139 142 0.24984840940508996 47 44 38 52 71 34 50 27 70 56 53 28 51 38 62 28 74 39 59 34 41 57 57 58 72 45 58 33
33 48.147055959237271 0.084039397008254121 419.82210196634486 254 255 250 0.070906040423373423 47 53 38 54 71 48 50 49 70 50 53 48 51 52 62 48 74 55 59 53 41 50 57 51 72 57 58 55
34 48.147055959237271 0.084039397008254121 419.82210196634486 254 255 250 0.070906040423373423 47 54 38 55 71 49 50 50 70 51 53 49 51 33 62 49 74 56 59 54 41 51 57 52 72 40 58 56
38 35.861969941712161 1.0486213227804129 423.1997975638987 67 58 49 0.098169118275122508 47 62 38 63 71 61 50 61 70 65 53 57 51 59 62 67 74 77 59 62 41 76 57 77 72 68 58 63
39 18.907861543002408 -2.922445814352479 431.5301924246757 239 208 195 0.19337621007333897 47 57 38 67 71 60 50 64 70 62 53 60 51 58 62 64 74 71 59 61 41 78 57 66 72 61 58 91
40 18.81095180679154 -2.9249160848870273 431.55670403632354 239 208 195 0.13224458624216145 47 68 38 68 70 72 51 65 74 80 57 74 72 72
41 49.42589225102904 2.2685899998764274 418.11699788667687 157 123 101 0.097278643217569211 47 91 38 73 71 73 50 82 70 77 53 97 51 72 62 90 74 98 59 97 41 84 57 103 72 79 58 107
43 37.40796911711 3.3192171324933395 421.46998640024333 156 149 143 0.1650333478801489 47 88 38 76 71 76 70 78 51 54 74 96 41 89 72 81 58 78
46 45.670275110208642 2.2140279862002967 419.41580136379832 251 247 227 0.096640506200106904 47 96 38 92 50 92 70 97 53 100 51 109 74 108 59 100 41 102 57 105 58 101
48 60.929351649289472 0.29282087236703852 414.75369902369545 158 152 145 0.19277532872905345 47 75 38 105 71 98 50 94 70 99 53 82 51 104 62 98 74 111 59 87 57 101 72 110 58 113
50 45.66108096237177 2.2139092608134363 419.43796945705037 251 247 227 0.09242542463768319 47 92 38 108 71 72 50 95 70 83 53 94 51 71 62 76 74 88 59 108 41 83 57 94 72 78 58 74
51 6.075969937971526 1.3584280851900987 401.93355470904237 98 89 81 0.647002007622137 47 106 38 112 71 108
55 35.92917540016019 3.4164514175726226 420.96431687851833 147 143 139 0.17322320183893053 38 27 71 29 50 32 70 27 51 29 62 32 74 41 41 34 57 37 72 30
56 57.279812843715192 0.7641002255077094 415.70820361084304 134 134 135 0.95487568065760364 38 43 71 38 50 34 70 66 53 85 47 60 50 56 51 82 62 100 74 65 57 70 58 115
57 51.415772487193514 2.7824378289334017 416.21843159945632 251 249 240 0.092015673640997858 38 35 71 40 50 41 70 38 53 40 51 45 62 40 74 48 59 46 41 35 57 46 72 38 58 47
59 51.415772487193514 2.7824378289334017 416.21843159945632 251 249 240 0.092015673640997858 38 37 71 51 50 51 70 39 53 50 51 35 62 50 74 57 59 55 41 36 57 53 72 36 58 38
67 35.558590862713842 4.4117339067927155 417.59507051649098 152 145 134 0.18607258109475378 38 57 71 78 50 76 53 86 51 78 62 60 41 91 58 80
68 14.314746972469228 -2.6092489112943302 431.13973388297285 252 209 182 0.11361107186237937 38 71 71 80 70 61 53 58 51 56
69 12.396844543290095 -2.4750949313304544 433.41992307947157 252 207 189 0.16054810913988632 38 96 71 91 50 90 70 91 53 79 51 85 62 94 74 106 59 89 41 79 57 87 72 94 58 100
72 22.322482565569004 6.1496539480314922 439.92138674308899 253 103 102 0.48902950204535106 38 4 71 4 70 4 47 4 50 4 53 4 51 4 62 4 74 4 59 3 41 3 57 4 72 4 58 4
85 30.56609341367076 -3.8642531613339157 442.31100765988856 76 76 72 0.53262595180625438 38 26 50 55 70 35 71 25 53 36 47 40 51 30 62 35 74 36 59 32 41 26 57 32 72 24 58 37
