# Frame list with one line of data per frame:
#   FRAME_ID, RIG_ID, RIG_FROM_WORLD[QW, QX, QY, QZ, TX, TY, TZ], NUM_DATA_IDS, DATA_IDS[] as (SENSOR_TYPE, SENSOR_ID, DATA_ID)
# Number of frames: 18
43 1 0.97248179593673501 -0.11783296220942946 -0.19405620500427795 0.052313849867423365 0.54505366756079676 -1.6376448585422874 6.5555212262433038 1 CAMERA 1 43
47 1 0.96802568524852983 -0.14093726487986094 -0.20636311527947024 0.021845473660472438 0.29956633795267706 -1.5021712291771765 5.2622605239480214 1 CAMERA 1 47
48 1 0.96847959033638886 -0.12785094025936125 -0.21311400726406066 0.016847554259043749 0.57084060326563191 -0.81784838931876069 4.2776711165930772 1 CAMERA 1 48
49 1 0.96970157005889701 -0.13639642331578916 -0.20158592160105837 0.020928376530973694 0.14484394263018419 -1.364489936442894 5.6751607454016932 1 CAMERA 1 49
50 1 0.9713760836086156 -0.11509058962919422 -0.20672745346115715 0.021128661989285185 0.23262515757242738 -0.013474234969841341 2.4415797298343409 1 CAMERA 1 50
51 1 0.971638263711047 -0.12438107666803987 -0.19763405391678271 0.03727214766952891 -0.45821437099561535 -0.52645264408608028 1.4251832737024122 1 CAMERA 1 51
52 1 0.97175506908252685 -0.11973885184547949 -0.2006093381147766 0.033325463722068675 -0.47667126778448321 -0.31536099855928346 1.14703418773257 1 CAMERA 1 52
53 1 0.97151293750171996 -0.12188311145761874 -0.20032405635889014 0.034313144013761523 -0.44044235457442826 -0.56137106207742837 0.25526941961593802 1 CAMERA 1 53
54 1 0.97096214415279358 -0.10816407008072476 -0.21031463598462308 0.036066639106482085 0.17242163351201797 0.20813639645417389 -0.80810831993036081 1 CAMERA 1 54
55 1 0.97139021706373596 -0.11872635848513627 -0.20333149420866756 0.031006474430307688 -0.050108652539138605 -0.27022626188869248 2.1456827743215512 1 CAMERA 1 55
56 1 0.97446389851685855 -0.085964583460431149 -0.20435371164318591 0.035633711783279988 0.056597726062042476 1.1762911195034189 -2.3512316808030302 1 CAMERA 1 56
57 1 0.97242898882155904 -0.099005688798294356 -0.20835636632235305 0.034166648913831671 0.15424030369760386 0.53909833395527951 -1.6698038681712928 1 CAMERA 1 57
58 1 0.9752685371700055 -0.089305028187285196 -0.19867621713172098 0.037465358572623175 -0.12504129292104979 0.99850242027310587 -2.8902188546872161 1 CAMERA 1 58
59 1 0.97651100104609179 -0.083198832836937117 -0.19459940821129884 0.040438711333863578 -0.12519208222904435 1.3507368781490965 -3.3808936271250913 1 CAMERA 1 59
60 1 0.97714608195379471 -0.090889417093627634 -0.18717039630835539 0.04349587484465306 -0.29289528770289719 0.94885321770960529 -3.657391594265877 1 CAMERA 1 60
61 1 0.97674902215832338 -0.097218398061477404 -0.18629826227852653 0.042460431734979952 -0.279413639102426 0.61632252168292823 -3.8522547619677154 1 CAMERA 1 61
62 1 0.9758384948873392 -0.096981930592856286 -0.18818001941458026 0.054055687282868151 -0.37361636301799694 1.2456528592638989 -3.5693191149184815 1 CAMERA 1 62
63 1 0.97796646903055351 -0.095123296064905924 -0.17762369080060958 0.054616558515061836 -0.42955842982104508 0.78752866726392423 -4.3443917892662069 1 CAMERA 1 63
