# 3D point list with one line of data per point:
#   POINT3D_ID, X, Y, Z, R, G, B, ERROR, TRACK[] as (IMAGE_ID, POINT2D_IDX)
# Number of points: 19, mean track length: 8.7368421052631575
18 6.4315533225120891 -2.9334626211205848 19.721643459489108 155 33 42 1.0927501333070098 53 26 55 27 51 32 50 24 49 41 54 30 47 37 43 66 56 25 58 28 57 30 59 31 56 21 58 34 57 29 60 34 48 23
153 1.4159760503209129 -11.308396348189119 19.856154431207045 79 75 73 1.143238969531013 53 109 52 107 51 117 55 128 50 105 48 182 49 208 54 103 56 96 57 96 59 97 61 159 58 96 47 130 60 71 63 65 51 116
163 6.5478283187722379 0.34746460323237627 28.961183135799882 128 68 72 1.1541799051394468 53 120 52 137 51 142 48 153 54 156 56 82 57 124 61 81 59 82 63 110 43 205
175 5.4092603144187148 -2.0989702191672031 22.449872942034009 162 50 54 0.83333966973252871 53 144 55 135 52 158 51 138 48 149 49 195 54 171 47 107 61 90 60 118 43 215
275 14.336403532802491 5.1704020040187277 32.818282818849084 112 90 88 0.95419557267882749 55 97 53 132 52 130 54 118 56 120 57 123 61 156 59 122 58 123 47 141 60 129 43 102 50 91 48 123
286 88.804100675561003 25.565689646977681 52.248278395753552 146 143 136 2.0123298372904985 55 99 49 138 51 100 56 151 57 150 54 167 43 161
349 1.3803935143937487 -9.8542465692391836 17.622731773420369 109 109 107 1.4856775475826725 50 130 55 151 49 116 61 177 47 126 60 86 63 72 48 136 53 101
387 6.0092986728443849 4.7235413487845959 37.383380404593716 95 79 78 1.0118637116906684 49 19 51 22 55 21 61 19 50 17 47 20 60 21 62 24
425 12.535420351462053 -0.25188386140978536 10.712729653524747 0 0 0 0.32473266247648352 49 194 52 117 51 89
451 -2.7725827258266804 9.270838330212424 27.317107851148695 103 97 93 1.3387625376094718 52 16 54 15 56 8 61 6 53 14 58 15 59 12 60 10 62 11 63 9 51 21
530 -5.7348203026689095 4.8325813502073025 56.5093937039533 201 195 189 1.6618911295826049 49 2 50 1 47 2 54 1 53 1 63 1 52 1
550 6.9034275653906576 2.8002183398346712 36.354522764392868 110 98 93 1.3886361100371631 48 53 49 38 50 64 51 96 47 43 52 93 55 77 57 139 53 127 54 112 56 109 58 118 59 138 61 119 63 158 43 45 63 150 51 146 62 149 55 208
558 7.8582908935417901 -2.8628094161755717 20.722151074773137 113 4 11 1.1032441259722268 48 65 49 75 50 41 51 62 52 47 58 46 43 83 47 56 62 37
621 2.6619716312222743 1.2791177347245872 0.70601005299806163 0 0 0 0.97348041816474251 51 151 55 171 51 202 53 165 50 197
729 -2.7899807634056715 4.0401796003724328 3.8242334698927087 201 198 191 0.078968668194880409 47 31 43 71
746 9.6596083036882145 3.3090504554536571 22.621463433470439 115 94 92 0.59529476618018828 61 66 43 126
784 1.7030198838241928 -1.970715426432202 3.5295527623933114 0 0 0 0.011407147851677898 60 182 58 110
794 27.148092464710682 12.023443845724463 30.735944654042015 0 0 0 1.0763723913105878 43 219 54 199 57 187 56 152 53 170 52 165 51 208 47 146
799 -0.71860713440561141 -0.71413956383795418 10.669372066968535 0 0 0 0.64058340323572949 49 160 54 170 47 191
