# Frame list with one line of data per frame:
#   FRAME_ID, RIG_ID, RIG_FROM_WORLD[QW, QX, QY, QZ, TX, TY, TZ], NUM_DATA_IDS, DATA_IDS[] as (SENSOR_TYPE, SENSOR_ID, DATA_ID)
# Number of frames: 11
67 1 0.99861341095151535 -0.033316824468049039 -0.034914130779674653 -0.02102969678918238 6.2339394335070581 -1.150939977109843 1.1085025229422281 1 CAMERA 1 67
68 1 0.99926114353613527 -0.033115576160465128 0.00022987222931648504 -0.019505711808955054 -5.5208734656907392 -0.81832463408592571 1.3055447105232527 1 CAMERA 1 68
78 1 0.99933430054736672 -0.031019885445789215 -0.0062503589898255602 -0.018156416742682219 -3.3168808525502946 -0.14345247735520195 0.08484880239465456 1 CAMERA 1 78
79 1 0.99909571974159062 -0.038192141711408632 -0.0032485808597023818 -0.018399723582895437 -4.320549037524799 -2.5315493120202897 -0.26975782679214977 1 CAMERA 1 79
80 1 0.99896773211654899 -0.038453325050396302 -0.015413619050434627 -0.018634171037519635 -0.22518017098016452 -2.6954062391510316 -0.41386117098759018 1 CAMERA 1 80
82 1 0.99931046003246626 -0.028181862502322377 -0.015301995583417284 -0.018714593951400953 -0.2333934645824001 0.74989592029202834 -0.41105471313635872 1 CAMERA 1 82
86 1 0.99923493307038258 -0.028049761624659657 -0.019114572099024271 -0.019426593579395711 1.0675714675808494 0.80625283636738121 -0.18734570325672092 1 CAMERA 1 86
87 1 0.9991457661903359 -0.02908892677997884 -0.022642612611483395 -0.01867844578229708 2.2461597614142317 0.45422858759384016 -0.45125132495022574 1 CAMERA 1 87
88 1 0.9991005502314364 -0.023290704090501681 -0.03032743906149753 -0.018327031133845352 4.8623341022131488 2.3807766259193444 -0.4877818091102385 1 CAMERA 1 88
89 1 0.99942469067531314 -0.026541520091967377 -0.011315865318708892 -0.017826569267559839 -1.5689884903102969 1.4248290809931385 0.26876060651305383 1 CAMERA 1 89
90 1 0.99927278323360935 -0.026282124826979524 -0.020910508358493233 -0.018052845851130494 1.6013420964658829 1.4523361160969375 1.0180463004228328 1 CAMERA 1 90
