# Image list with two lines of data per image:
#   IMAGE_ID, QW, QX, QY, QZ, TX, TY, TZ, CAMERA_ID, NAME
#   POINTS2D[] as (X, Y, POINT3D_ID)
# Number of images: 11, mean observations per image: 49.545454545454547
67 0.99861341095151535 -0.033316824468049039 -0.034914130779674653 -0.02102969678918238 6.2339394335070581 -1.150939977109843 1.1085025229422281 1 0066.png
61.35198974609375 137.73980712890625 74 182.72616577148438 139.80567932128906 75 61.941741943359375 207.02383422851562 76 61.941741943359375 207.02383422851562 -1 41.965644836425781 126.19513702392578 2 40.183292388916016 102.68418121337891 4 195.57667541503906 128.87312316894531 7 13.504261016845703 92.996734619140625 54 45.183425903320312 128.08293151855469 2 198.18569946289062 117.32620239257812 6 190.97293090820312 109.12973022460938 -1 190.97293090820312 109.12973022460938 -1 41.025279998779297 90.217491149902344 5 41.025279998779297 90.217491149902344 26 23.46917724609375 126.44003295898438 11 56.934757232666016 121.03754425048828 77 33.191829681396484 100.75305938720703 68 14.372259140014648 95.313072204589844 18 14.372259140014648 95.313072204589844 54 244.44667053222656 187.38038635253906 -1 35.180850982666016 143.70045471191406 -1 12.95379638671875 123.77150726318359 64 38.800022125244141 98.597274780273438 14 23.017776489257812 80.745162963867188 15 51.598224639892578 222.34640502929688 -1 12.95379638671875 123.77150726318359 65 51.598224639892578 222.34640502929688 -1 38.068775177001953 146.81135559082031 12 18.728326797485352 93.864707946777344 -1 44.415908813476562 113.44117736816406 20 50.005393981933594 122.59137725830078 -1 50.005393981933594 122.59137725830078 79 47.188194274902344 133.90548706054688 38 35.384361267089844 80.884941101074219 -1 18.728326797485352 93.864707946777344 81 44.415908813476562 113.44117736816406 22 49.831836700439453 123.30776214599609 -1 26.172470092773438 146.27545166015625 23 10.070990562438965 158.31547546386719 62 239.59297180175781 167.18232727050781 44 29.767604827880859 143.98588562011719 23 48.483760833740234 136.51890563964844 82 204.7708740234375 135.59246826171875 71 27.235034942626953 125.44147491455078 19 18.300996780395508 152.53276062011719 37 220.99911499023438 145.98225402832031 -1 215.88444519042969 146.37089538574219 24 214.82952880859375 149.03462219238281 -1 58.33489990234375 125.22077941894531 58 61.238510131835938 123.004150390625 83 202.61105346679688 117.67754364013672 -1 47.209339141845703 105.13943481445312 -1 47.209339141845703 105.13943481445312 -1 244.07838439941406 172.77476501464844 -1 12.546389579772949 98.658660888671875 21 26.081199645996094 83.546669006347656 84 243.38130187988281 176.130859375 -1 245.75856018066406 183.01089477539062 85 68.240730285644531 215.27467346191406 -1 244.00157165527344 180.57130432128906 57 241.795166015625 178.39154052734375 29 221.37017822265625 153.03057861328125 87 243.38130187988281 176.130859375 -1 237.66049194335938 173.65982055664062 29 238.64234924316406 170.70635986328125 72 235.40122985839844 170.661865234375 73 230.57209777832031 168.6192626953125 73 236.13059997558594 167.50741577148438 25 234.36529541015625 165.29037475585938 33 227.56964111328125 164.7996826171875 34 231.96153259277344 162.42591857910156 61 218.85531616210938 153.89134216308594 87 29.769290924072266 146.64936828613281 39 
68 0.99926114353613527 -0.033115576160465128 0.00022987222931648504 -0.019505711808955054 -5.5208734656907392 -0.81832463408592571 1.3055447105232527 1 0067.png
61.176750183105469 138.140380859375 74 183.85606384277344 140.54472351074219 75 62.922943115234375 208.12916564941406 76 42.040996551513672 126.22509765625 2 40.441043853759766 102.94496917724609 4 44.389560699462891 127.82695007324219 2 41.260387420654297 90.459609985351562 5 198.63978576660156 118.52464294433594 6 41.260387420654297 90.459609985351562 -1 10.187410354614258 99.680946350097656 10 57.445236206054688 121.56410217285156 77 23.645238876342773 126.58731079101562 11 29.514442443847656 143.92213439941406 -1 44.464565277099609 113.68302917480469 20 23.649221420288086 81.11309814453125 15 37.439987182617188 104.85826873779297 13 240.30349731445312 181.65756225585938 57 244.43687438964844 187.13175964355469 -1 37.439987182617188 104.85826873779297 17 23.649221420288086 81.11309814453125 63 44.464565277099609 113.68302917480469 22 237.02381896972656 177.20599365234375 -1 26.945842742919922 150.15632629394531 39 58.510871887207031 126.08629608154297 -1 245.76763916015625 182.81756591796875 85 10.08580207824707 159.0458984375 62 47.477497100830078 134.32586669921875 38 13.486846923828125 124.06919860839844 64 39.021156311035156 98.882347106933594 14 13.486846923828125 124.06919860839844 65 46.659248352050781 92.217147827148438 26 29.713924407958984 147.50392150878906 39 26.181072235107422 147.29325866699219 23 15.806681632995605 97.530357360839844 18 29.808595657348633 144.60955810546875 23 210.32756042480469 142.843994140625 66 49.107131958007812 136.45924377441406 82 47.376029968261719 131.00921630859375 67 53.98175048828125 126.53797149658203 58 12.904744148254395 99.074317932128906 21 27.511398315429688 125.38188171386719 19 61.730152130126953 123.49423980712891 83 58.405437469482422 123.03199005126953 -1 61.955455780029297 120.32473754882812 -1 33.961277008056641 104.71030426025391 68 42.695209503173828 108.65290069580078 69 40.190589904785156 109.95836639404297 -1 232.95246887207031 163.4296875 61 15.806681632995605 97.530357360839844 54 40.190589904785156 109.95836639404297 70 236.33378601074219 171.55393981933594 73 241.85098266601562 178.18357849121094 29 238.43135070800781 174.17182922363281 29 240.0660400390625 171.97886657714844 72 243.25407409667969 171.76324462890625 44 237.09835815429688 168.5577392578125 25 238.275634765625 166.082275390625 41 228.75021362304688 165.82313537597656 34 242.79981994628906 175.13432312011719 72 227.06095886230469 159.80973815917969 60 232.04136657714844 159.22030639648438 36 18.351343154907227 153.37313842773438 37 225.49310302734375 151.17646789550781 46 235.18199157714844 166.06741333007812 33 205.76246643066406 136.46417236328125 71 220.59770202636719 155.59642028808594 87 220.42643737792969 151.85487365722656 87 
78 0.99933430054736672 -0.031019885445789215 -0.0062503589898255602 -0.018156416742682219 -3.3168808525502946 -0.14345247735520195 0.08484880239465456 1 0077.png
55.58056640625 144.05793762207031 -1 55.58056640625 144.05793762207031 -1 48.142677307128906 70.210403442382812 1 198.453857421875 132.99752807617188 7 44.087577819824219 128.16650390625 2 39.970386505126953 103.24639892578125 4 12.572303771972656 92.780860900878906 54 41.136165618896484 90.528549194335938 5 199.71621704101562 120.95853424072266 6 182.65046691894531 122.88964080810547 8 182.65046691894531 122.88964080810547 9 14.333815574645996 95.349418640136719 54 14.333815574645996 95.349418640136719 18 23.131628036499023 80.973434448242188 15 38.90789794921875 99.100303649902344 14 23.09138298034668 127.80576324462891 11 23.131628036499023 80.973434448242188 63 37.010677337646484 105.09680938720703 13 12.498083114624023 124.37876892089844 64 47.127632141113281 134.65705871582031 38 12.358113288879395 156.95257568359375 62 243.9249267578125 181.51243591308594 57 38.408500671386719 147.36175537109375 12 12.498083114624023 124.37876892089844 65 37.010677337646484 105.09680938720703 17 45.323650360107422 114.45948791503906 22 38.493816375732422 137.91279602050781 59 45.323650360107422 114.45948791503906 20 211.59477233886719 145.20230102539062 66 55.024028778076172 129.03671264648438 58 26.393054962158203 146.90420532226562 23 18.414028167724609 152.98776245117188 37 226.5745849609375 153.14253234863281 46 19.411928176879883 155.50566101074219 -1 25.276269912719727 83.973617553710938 84 27.04774284362793 125.49351501464844 19 39.893314361572266 110.43611907958984 70 42.513755798339844 108.95244598388672 69 33.582473754882812 104.96153259277344 68 12.717684745788574 99.042594909667969 21 39.893314361572266 110.43611907958984 -1 27.04774284362793 125.49351501464844 -1 46.543624877929688 92.235076904296875 26 245.86811828613281 179.59416198730469 -1 229.73101806640625 167.84089660644531 34 239.53619384765625 168.17216491699219 41 235.0115966796875 170.64012145996094 73 238.11885070800781 170.54100036621094 25 242.54071044921875 171.90315246582031 44 237.32933044433594 173.5418701171875 73 241.45571899414062 174.59645080566406 72 239.98963928222656 176.99424743652344 -1 243.44810485839844 176.87945556640625 72 241.53157043457031 178.80239868164062 29 221.94480895996094 158.09272766113281 87 233.94920349121094 165.42306518554688 61 228.06585693359375 161.85920715332031 60 233.06877136230469 161.11079406738281 36 223.4498291015625 160.14564514160156 -1 237.02598571777344 165.61740112304688 41 236.24197387695312 168.16395568847656 33 221.90374755859375 154.32505798339844 87 
79 0.99909571974159062 -0.038192141711408632 -0.0032485808597023818 -0.018399723582895437 -4.320549037524799 -2.5315493120202897 -0.26975782679214977 1 0078.png
55.595260620117188 144.54216003417969 -1 55.595260620117188 144.54216003417969 -1 48.13311767578125 70.545501708984375 1 42.131172180175781 127.02703857421875 2 12.890292167663574 92.781387329101562 54 40.148670196533203 103.21086120605469 4 45.556941986083984 128.91999816894531 2 183.22019958496094 122.63787078857422 9 41.418701171875 90.447624206542969 5 200.12654113769531 120.41973114013672 6 183.22019958496094 122.63787078857422 8 199.35989379882812 130.91372680664062 7 10.178299903869629 99.676826477050781 10 33.188159942626953 100.89295196533203 68 38.663398742675781 147.44319152832031 12 23.267019271850586 127.7606201171875 11 39.028572082519531 99.101150512695312 14 23.637195587158203 81.128974914550781 15 37.087177276611328 105.07312774658203 13 26.678554534912109 146.77249145507812 23 229.98287963867188 168.26570129394531 34 244.90927124023438 181.73316955566406 57 45.309738159179688 114.267333984375 20 47.501998901367188 134.65185546875 38 38.986179351806641 137.88789367675781 59 45.309738159179688 114.267333984375 22 37.087177276611328 105.07312774658203 17 18.844297409057617 153.02308654785156 37 215.08673095703125 148.06385803222656 -1 212.47142028808594 144.98280334472656 66 47.409965515136719 131.6158447265625 67 27.289802551269531 125.50938415527344 -1 15.812963485717773 97.561065673828125 54 46.936580657958984 92.143661499023438 26 15.812963485717773 97.561065673828125 18 12.89940357208252 99.073333740234375 21 42.557559967041016 108.92681121826172 69 27.289802551269531 125.50938415527344 19 234.49369812011719 161.57156372070312 36 239.3565673828125 171.06588745117188 25 242.43133544921875 170.89390563964844 44 236.39360046386719 171.31440734863281 73 238.62081909179688 174.14053344726562 73 241.54010009765625 173.82196044921875 72 241.04104614257812 177.2559814453125 27 244.43183898925781 177.11506652832031 72 242.53448486328125 179.05821228027344 29 237.55795288085938 168.71241760253906 33 233.48545837402344 167.77296447753906 53 238.33143615722656 165.84402465820312 41 235.16011047363281 165.63070678710938 61 231.41011047363281 157.89547729492188 -1 206.78330993652344 137.38621520996094 71 30.278219223022461 147.16317749023438 39 220.10664367675781 150.779052734375 24 
80 0.99896773211654899 -0.038453325050396302 -0.015413619050434627 -0.018634171037519635 -0.22518017098016452 -2.6954062391510316 -0.41386117098759018 1 0079.png
55.326728820800781 145.05970764160156 -1 55.326728820800781 145.05970764160156 -1 47.988265991210938 70.33697509765625 1 42.160045623779297 126.83959197998047 2 40.137790679931641 103.21397399902344 4 12.841492652893066 92.755699157714844 54 183.19845581054688 122.71225738525391 9 199.48582458496094 130.86459350585938 7 45.815593719482422 128.95027160644531 2 183.19845581054688 122.71225738525391 8 200.12144470214844 120.41847229003906 6 41.419353485107422 90.44317626953125 5 33.172267913818359 100.86763000488281 68 10.162396430969238 99.67138671875 10 23.260416030883789 127.49776458740234 11 23.578346252441406 81.060379028320312 15 39.027912139892578 99.100425720214844 14 38.634712219238281 147.46246337890625 12 233.46427917480469 173.34173583984375 73 37.086578369140625 105.07264709472656 17 230.03831481933594 168.24224853515625 34 240.0869140625 167.15025329589844 41 223.46987915039062 159.352294921875 87 45.303310394287109 114.27060699462891 22 26.739158630371094 146.57058715820312 23 47.419582366943359 134.656005859375 38 45.303310394287109 114.27060699462891 20 37.086578369140625 105.07264709472656 13 47.584468841552734 131.39262390136719 67 30.295976638793945 144.36386108398438 23 212.47378540039062 144.98429870605469 66 30.202266693115234 147.06568908691406 39 215.08673095703125 148.06385803222656 -1 220.10690307617188 150.77963256835938 24 18.830095291137695 152.91239929199219 37 27.281499862670898 125.40676116943359 19 226.08460998535156 157.95997619628906 87 15.811471939086914 97.553581237792969 54 42.561843872070312 108.92765808105469 69 12.897976875305176 99.070533752441406 21 15.811471939086914 97.553581237792969 18 46.951309204101562 92.141448974609375 26 244.65994262695312 176.82907104492188 72 40.1041259765625 110.23166656494141 70 242.88838195800781 178.90827941894531 29 227.86387634277344 153.42079162597656 46 241.82492065429688 173.61924743652344 72 242.81153869628906 170.77229309082031 44 239.70338439941406 171.17178344726562 25 231.30230712890625 157.56834411621094 -1 222.69137573242188 154.08734130859375 87 
82 0.99931046003246626 -0.028181862502322377 -0.015301995583417284 -0.018714593951400953 -0.2333934645824001 0.74989592029202834 -0.41105471313635872 1 0081.png
47.860584259033203 69.068374633789062 1 192.44416809082031 35.207050323486328 -1 192.44416809082031 35.207050323486328 -1 42.146232604980469 126.80519104003906 2 192.44416809082031 35.207050323486328 -1 12.68984317779541 92.70697021484375 54 39.934951782226562 103.21473693847656 4 199.59916687011719 132.9031982421875 7 41.125484466552734 90.5400390625 5 199.77059936523438 120.94682312011719 6 45.597736358642578 128.82830810546875 2 10.082242965698242 99.641197204589844 10 22.901334762573242 127.10161590576172 11 38.620906829833984 147.47090148925781 12 205.12876892089844 120.92957305908203 -1 38.888050079345703 99.133270263671875 14 14.8990478515625 96.105918884277344 54 23.337507247924805 81.073822021484375 15 23.337507247924805 81.073822021484375 63 14.8990478515625 96.105918884277344 18 205.12876892089844 120.92957305908203 -1 223.02513122558594 159.5185546875 87 36.794963836669922 105.01641082763672 13 45.335952758789062 114.81855010986328 22 50.398338317871094 123.72476196289062 79 26.570991516113281 125.58074188232422 19 47.232563018798828 134.67111206054688 38 26.679849624633789 146.48857116699219 23 55.092685699462891 129.1162109375 58 36.794963836669922 105.01641082763672 17 27.426040649414062 149.65171813964844 39 244.91801452636719 181.61473083496094 57 45.335952758789062 114.81855010986328 20 239.61648559570312 167.49710083007812 41 221.86358642578125 157.54190063476562 87 228.25743103027344 161.25227355957031 60 224.42373657226562 153.30429077148438 -1 30.189048767089844 147.01548767089844 39 47.381439208984375 131.42306518554688 67 233.60462951660156 160.85734558105469 36 25.685859680175781 84.09930419921875 -1 42.407970428466797 108.9178466796875 69 33.556678771972656 105.02858734130859 68 12.810385704040527 99.005744934082031 21 25.685859680175781 84.09930419921875 84 242.48812866210938 170.97264099121094 44 241.48194885253906 173.76860046386719 72 241.10336303710938 177.19425964355469 27 244.47135925292969 177.0498046875 72 242.53955078125 178.929443359375 29 234.01858520507812 164.50701904296875 61 231.04573059082031 164.83079528808594 53 229.46757507324219 167.26847839355469 34 236.55517578125 167.72126770019531 33 235.39421081542969 170.31561279296875 73 238.28729248046875 170.02394104003906 25 237.19622802734375 164.70628356933594 41 227.54745483398438 153.66845703125 46 221.91026306152344 153.82208251953125 87 230.98628234863281 157.71812438964844 -1 225.93296813964844 158.29670715332031 87 
86 0.99923493307038258 -0.028049761624659657 -0.019114572099024271 -0.019426593579395711 1.0675714675808494 0.80625283636738121 -0.18734570325672092 1 0085.png
47.838764190673828 69.711761474609375 1 31.262790679931641 91.819206237792969 -1 31.262790679931641 91.819206237792969 -1 42.308090209960938 128.67007446289062 2 12.77747917175293 94.133399963378906 54 40.380016326904297 104.62685394287109 4 41.488960266113281 92.156173706054688 5 199.77427673339844 121.46170806884766 6 45.724437713623047 130.48602294921875 2 199.44961547851562 131.6820068359375 7 41.488960266113281 92.156173706054688 26 45.21728515625 99.966690063476562 -1 45.21728515625 99.966690063476562 -1 13.418501853942871 158.50044250488281 62 23.375123977661133 82.488151550292969 15 39.078926086425781 100.55210876464844 14 23.375123977661133 82.488151550292969 63 239.81080627441406 167.91864013671875 41 47.842021942138672 136.10060119628906 38 35.399394989013672 141.997314453125 -1 37.017002105712891 106.45349884033203 17 15.4534912109375 98.451179504394531 54 39.142658233642578 148.88137817382812 12 244.96183776855469 182.61151123046875 57 45.145774841308594 115.75428009033203 22 15.4534912109375 98.451179504394531 18 37.017002105712891 106.45349884033203 13 45.145774841308594 115.75428009033203 20 50.405590057373047 125.73009490966797 79 227.20578002929688 153.6790771484375 46 27.120246887207031 126.85745239257812 19 24.748388290405273 124.96153259277344 -1 27.373760223388672 148.445556640625 23 27.703521728515625 151.40684509277344 39 235.37730407714844 170.92723083496094 73 12.821208000183105 100.52362823486328 21 46.990066528320312 93.509132385253906 -1 24.748388290405273 124.96153259277344 -1 46.990066528320312 93.509132385253906 26 40.352066040039062 85.089645385742188 -1 244.44734191894531 177.949462890625 72 242.54348754882812 179.89373779296875 29 223.43902587890625 160.19862365722656 87 242.76937866210938 171.71809387207031 44 241.52943420410156 174.5860595703125 72 19.387783050537109 154.56236267089844 37 238.31710815429688 170.69659423828125 25 241.17875671386719 178.20100402832031 27 236.57820129394531 168.35186767578125 33 229.46759033203125 167.95016479492188 34 237.34535217285156 165.33041381835938 41 231.14134216308594 165.62725830078125 53 221.88679504394531 158.02325439453125 87 20.204128265380859 157.04006958007812 -1 30.726785659790039 148.66949462890625 39 
87 0.9991457661903359 -0.02908892677997884 -0.022642612611483395 -0.01867844578229708 2.2461597614142317 0.45422858759384016 -0.45125132495022574 1 0086.png
47.769550323486328 69.722419738769531 1 31.336030960083008 92.208328247070312 -1 31.336030960083008 92.208328247070312 -1 42.239063262939453 129.07687377929688 2 194.69427490234375 39.222518920898438 -1 194.69427490234375 39.222518920898438 -1 194.69427490234375 39.222518920898438 -1 12.722504615783691 94.316848754882812 54 40.292213439941406 104.88993072509766 4 41.484325408935547 92.402267456054688 26 199.77481079101562 122.07968139648438 6 41.484325408935547 92.402267456054688 5 183.68992614746094 124.5999755859375 9 46.044727325439453 99.752510070800781 -1 183.68992614746094 124.5999755859375 8 46.044727325439453 99.752510070800781 -1 27.70930290222168 79.493125915527344 -1 39.218254089355469 149.3714599609375 12 39.085468292236328 100.80319976806641 14 23.507278442382812 82.929267883300781 15 45.241527557373047 116.05083465576172 20 50.423683166503906 125.96689605712891 79 47.866683959960938 136.62567138671875 38 37.029098510742188 106.69430541992188 13 244.90971374511719 183.73342895507812 57 45.241527557373047 116.05083465576172 22 37.029098510742188 106.69430541992188 17 15.514407157897949 98.821685791015625 54 15.514407157897949 98.821685791015625 18 27.1385498046875 127.01892852783203 19 19.359199523925781 155.03079223632812 37 27.344703674316406 148.92829895019531 23 221.98834228515625 159.1641845703125 87 224.99777221679688 159.11572265625 87 223.82952880859375 161.40673828125 87 228.13261413574219 163.10646057128906 60 24.716300964355469 125.24854278564453 -1 11.700300216674805 97.901535034179688 -1 46.963150024414062 93.912879943847656 26 241.59310913085938 175.89154052734375 72 244.43426513671875 179.12055969238281 72 242.55436706542969 181.06956481933594 29 12.793571472167969 100.88205718994141 21 239.64242553710938 169.49282836914062 41 234.01885986328125 166.50726318359375 61 231.04615783691406 166.83157348632812 53 237.31401062011719 166.73828125 41 229.46743774414062 169.26866149902344 34 236.555419921875 169.71867370605469 33 237.65664672851562 175.20906066894531 73 238.26637268066406 172.01499938964844 25 235.39402770996094 172.31529235839844 73 241.09153747558594 179.26380920410156 27 242.82600402832031 173.21861267089844 44 30.754499435424805 149.16209411621094 39 233.37605285644531 162.76179504394531 36 
88 0.9991005502314364 -0.023290704090501681 -0.03032743906149753 -0.018327031133845352 4.8623341022131488 2.3807766259193444 -0.4877818091102385 1 0087.png
47.732330322265625 70.25543212890625 1 40.200859069824219 129.1102294921875 -1 43.343315124511719 130.23573303222656 2 199.609619140625 135.05366516113281 7 40.493160247802734 105.37181854248047 4 183.73135375976562 125.34330749511719 8 41.570842742919922 92.829277038574219 5 199.78407287597656 122.94593048095703 6 41.570842742919922 92.829277038574219 26 183.73135375976562 125.34330749511719 9 14.618905067443848 97.394424438476562 54 17.156347274780273 156.4566650390625 37 44.998947143554688 100.77848815917969 -1 10.474161148071289 101.81138610839844 10 44.998947143554688 100.77848815917969 -1 15.127484321594238 121.00649261474609 -1 15.127484321594238 121.00649261474609 -1 39.330924987792969 101.30055999755859 14 23.792253494262695 83.410324096679688 15 232.59149169921875 175.19914245605469 73 45.205074310302734 116.35852813720703 20 242.71086120605469 173.90142822265625 44 37.207611083984375 107.1429443359375 13 50.770683288574219 126.59380340576172 79 47.917530059814453 137.50155639648438 38 28.740638732910156 152.4415283203125 39 39.205844879150391 150.28512573242188 12 37.207611083984375 107.1429443359375 17 45.205074310302734 116.35852813720703 22 237.51441955566406 176.16598510742188 73 50.770683288574219 126.59380340576172 -1 11.924900054931641 98.428909301757812 -1 41.898765563964844 98.427299499511719 -1 16.005516052246094 99.872543334960938 18 13.182703971862793 101.37050628662109 21 24.975559234619141 126.03607177734375 -1 27.356678009033203 127.45591735839844 19 18.576112747192383 97.868011474609375 81 44.536869049072266 91.203575134277344 26 41.898765563964844 98.427299499511719 -1 16.005516052246094 99.872543334960938 54 24.975559234619141 126.03607177734375 -1 44.536869049072266 91.203575134277344 -1 40.716060638427734 85.930419921875 -1 26.124826431274414 83.167579650878906 -1 229.48796081542969 170.13325500488281 34 239.61585998535156 170.20314025878906 41 236.58309936523438 170.5125732421875 33 235.31283569335938 172.94451904296875 73 238.40841674804688 172.87284851074219 25 240.66413879394531 176.04841613769531 -1 243.51383972167969 178.94607543945312 72 241.88174438476562 181.202392578125 29 208.52976989746094 142.64717102050781 71 231.1162109375 167.69819641113281 53 237.40139770507812 167.56245422363281 41 228.21534729003906 163.93339538574219 60 233.40596008300781 163.34457397460938 36 223.92390441894531 162.21949768066406 87 226.86854553222656 155.42692565917969 46 224.51728820800781 152.61991882324219 -1 28.906845092773438 148.99104309082031 23 
89 0.99942469067531314 -0.026541520091967377 -0.011315865318708892 -0.017826569267559839 -1.5689884903102969 1.4248290809931385 0.26876060651305383 1 0088.png
47.585723876953125 70.210258483886719 1 42.655185699462891 130.4298095703125 2 40.460182189941406 105.82798004150391 4 45.858486175537109 132.38655090332031 2 41.692329406738281 93.373497009277344 26 199.73844909667969 123.49844360351562 6 41.692329406738281 93.373497009277344 5 14.506975173950195 97.585777282714844 54 10.48397159576416 102.52664184570312 10 15.133011817932129 121.6082763671875 -1 15.133011817932129 121.6082763671875 -1 23.259260177612305 130.09101867675781 11 39.218940734863281 151.37957763671875 12 39.320930480957031 101.80050659179688 14 23.73777961730957 84.195854187011719 15 241.12214660644531 187.41746520996094 57 238.28201293945312 182.77711486816406 -1 37.223388671875 107.66094207763672 13 45.11199951171875 116.67551422119141 20 55.937442779541016 132.56072998046875 58 40.540126800537109 144.14625549316406 -1 24.903436660766602 152.35403442382812 23 48.103103637695312 138.05503845214844 38 45.11199951171875 116.67551422119141 22 37.223388671875 107.66094207763672 17 27.443662643432617 127.94032287597656 19 24.956649780273438 126.65038299560547 -1 28.659023284912109 150.05877685546875 23 39.617332458496094 141.38674926757812 59 42.514209747314453 98.738365173339844 -1 228.13296508789062 165.10675048828125 60 26.11079216003418 83.945404052734375 -1 36.128665924072266 84.067352294921875 -1 16.919448852539062 94.987716674804688 -1 24.956649780273438 126.65038299560547 -1 15.991977691650391 100.33620452880859 54 47.171958923339844 94.979743957519531 26 18.552762985229492 98.380477905273438 81 11.982817649841309 98.878517150878906 -1 42.514209747314453 98.738365173339844 -1 15.991977691650391 100.33620452880859 18 13.152604103088379 101.85261535644531 21 239.64178466796875 171.49288940429688 41 242.53155517578125 178.97041320800781 72 245.39456176757812 178.40655517578125 -1 237.59272766113281 177.12309265136719 73 235.39410400390625 174.31538391113281 73 238.26841735839844 174.01661682128906 25 240.79635620117188 181.14402770996094 29 236.555419921875 171.71865844726562 33 229.46469116210938 171.27279663085938 34 237.31401062011719 168.73828125 41 231.04615783691406 168.83158874511719 53 234.01885986328125 168.50726318359375 61 223.84086608886719 159.77085876464844 87 14.598194122314453 160.87446594238281 62 28.498502731323242 153.11886596679688 39 238.47868347167969 182.199951171875 -1 233.37602233886719 164.76222229003906 36 
90 0.99927278323360935 -0.026282124826979524 -0.020910508358493233 -0.018052845851130494 1.6013420964658829 1.4523361160969375 1.0180463004228328 1 0089.png
47.713695526123047 71.136138916015625 1 30.471778869628906 93.269363403320312 -1 30.471778869628906 93.269363403320312 -1 42.486804962158203 131.18212890625 2 12.898741722106934 95.935249328613281 54 39.920635223388672 106.26800537109375 4 49.062374114990234 99.416458129882812 -1 40.979225158691406 93.50299072265625 5 199.62794494628906 124.6209716796875 6 198.27859497070312 133.72352600097656 7 183.44781494140625 126.56449890136719 8 183.44781494140625 126.56449890136719 9 10.174911499023438 102.83108520507812 10 22.88067626953125 130.42791748046875 11 39.333164215087891 151.68753051757812 12 16.011695861816406 119.36100006103516 -1 37.248943328857422 107.95983123779297 13 39.023395538330078 102.07550811767578 14 23.422016143798828 84.368522644042969 15 15.37163257598877 99.935600280761719 54 37.248943328857422 107.95983123779297 17 23.422016143798828 84.368522644042969 63 15.37163257598877 99.935600280761719 18 29.244718551635742 153.20933532714844 39 55.912723541259766 132.92984008789062 58 26.855302810668945 128.37838745117188 19 45.068466186523438 117.16590881347656 20 12.756332397460938 102.37032318115234 21 18.555217742919922 98.014625549316406 81 45.068466186523438 117.16590881347656 22 10.213142395019531 136.00181579589844 -1 29.410612106323242 150.01206970214844 23 216.5677490234375 151.98736572265625 24 219.39501953125 159.453125 87 14.620956420898438 161.3704833984375 62 236.2529296875 173.24336242675781 25 25.974267959594727 87.022468566894531 -1 10.213142395019531 136.00181579589844 -1 11.578693389892578 99.473426818847656 -1 44.12957763671875 96.172378540039062 26 25.974267959594727 87.022468566894531 84 226.03938293457031 164.30032348632812 60 239.05744934082031 180.51951599121094 27 245.36296081542969 180.36283874511719 -1 242.45166015625 180.88951110839844 72 240.86009216308594 183.21931457519531 29 235.75772094726562 176.61811828613281 73 240.78297424316406 174.90203857421875 44 239.45578002929688 177.19358825683594 72 233.37619018554688 173.55357360839844 73 234.56306457519531 170.97116088867188 33 237.62796020507812 170.70903015136719 41 227.50979614257812 170.4969482421875 34 229.07662963867188 168.140380859375 53 224.17942810058594 166.07521057128906 -1 231.51670837402344 163.90281677246094 36 44.07989501953125 91.797019958496094 26 44.07989501953125 91.797019958496094 -1 
