# 3D point list with one line of data per point:
#   POINT3D_ID, X, Y, Z, R, G, B, ERROR, TRACK[] as (IMAGE_ID, POINT2D_IDX)
# Number of points: 65, mean track length: 8.384615384615385
1 -0.82059921346227949 -12.273280515281188 169.85015775845127 142 144 142 0.69230267303148996 79 2 90 0 88 0 87 0 80 2 82 0 86 0 78 2 89 0
2 -1.2024062602092416 -10.336215122908403 167.24893234201127 26 24 31 1.6983824696294836 79 3 90 3 88 2 87 3 80 3 82 3 86 3 78 4 82 10 86 8 79 6 80 8 89 1 89 3 68 3 68 5 67 4 67 8
4 -1.4525953332931716 -11.092056560939167 167.34461181153898 98 100 106 0.28496250718873523 79 5 90 5 88 4 87 8 80 4 82 6 86 5 78 5 89 2 68 4 67 5
5 -1.3491264916422345 -11.460690319443666 167.27282476150711 8 7 9 0.25152700304100922 79 8 90 7 88 6 87 11 80 11 82 8 86 6 78 7 89 6 68 6 67 12
6 11.349192821648316 -10.108390430343139 167.28888078212358 27 25 24 0.55396169305911236 79 9 90 8 88 7 87 10 80 10 82 9 86 7 78 8 89 5 68 7 67 9
7 11.261479534672988 -9.774125263364537 167.23175470695608 233 231 228 1.029989885012051 79 11 90 9 88 3 80 7 82 7 86 9 78 3 67 6
8 10.002129366598679 -10.07366360240605 167.08255183132991 146 144 141 0.47234898489068161 79 10 90 10 88 5 87 14 80 9 78 9
9 10.002129366598679 -10.07366360240605 167.08255183132991 146 144 141 0.47234898489068161 79 7 90 11 88 9 87 12 80 6 78 10
10 -3.8591901188573248 -11.277569754792699 167.22562354130287 24 22 29 0.22105251446064614 79 12 90 12 88 13 80 13 82 11 89 8 68 9
11 -2.8403206507659506 -10.419529420245965 167.34403436501015 29 27 34 0.46927528043301098 79 15 90 13 80 14 82 12 78 15 89 11 68 11 67 14
12 -1.6063669779070919 -9.7350847118816812 166.83169436817246 202 199 192 0.41978914317593991 79 14 90 14 88 26 87 17 80 17 82 13 86 22 78 22 89 12 67 27
13 -1.7129284117484456 -11.067974931210768 167.65019669398319 122 122 129 0.21871549965403889 79 18 90 16 88 22 87 23 80 27 82 22 86 26 78 17 89 17 68 15
14 -1.5418490832356917 -11.217021373995564 167.33062380600362 122 123 126 0.2381181005950995 79 16 90 17 88 17 87 18 80 16 82 15 86 15 78 14 89 13 68 28 67 22
15 -2.770729981282972 -11.787935806392987 167.18651904455189 25 24 26 0.18377212615661023 79 17 90 18 88 18 87 19 80 15 82 17 86 14 78 13 89 14 68 14 67 23
17 -1.7129284117484456 -11.067974931210768 167.65019669398319 122 122 129 0.21871549965403889 79 26 90 20 88 27 87 26 80 19 82 29 86 20 78 24 89 24 68 18
18 -3.438764142606717 -11.354635752303217 167.39093121401228 104 102 108 0.67542874178736423 79 34 90 22 88 33 87 28 80 40 82 19 86 25 78 12 89 40 68 33 67 17
19 -2.5272240167246989 -10.479906703686856 167.58694452844978 10 6 14 0.3092858050068934 79 37 90 25 88 36 87 29 80 35 82 25 86 30 78 35 89 25 68 40 67 43
20 -1.0740677244737629 -10.754796145331643 167.45614618859693 18 20 26 0.35251955020761688 79 22 90 26 88 20 87 20 80 26 82 32 86 27 78 27 89 18 68 13 67 29
21 -3.6399519609907136 -11.281686321497716 167.17013492370847 23 21 29 0.21188369531495421 79 35 90 27 88 34 87 42 80 39 82 43 86 35 78 39 89 41 68 39 67 54
22 -1.0740677244737629 -10.754796145331643 167.45614618859693 18 20 26 0.35251955020761688 79 25 90 29 88 28 87 25 80 23 82 23 86 24 78 25 89 23 68 20 67 35
23 -2.4790028022925332 -9.7266864303782494 165.6270438169079 29 27 33 1.6187698227869638 79 19 90 31 88 61 87 31 80 24 80 29 82 27 86 32 78 30 89 21 89 27 68 32 68 34 67 37 67 40
24 13.065918619811232 -9.3454286533455573 170.07398051376245 160 160 156 0.59040212086938948 79 54 90 32 80 33 67 46
25 14.487532434980405 -8.5592092664842205 168.42693823873023 189 182 181 0.33432012493906876 79 39 90 35 88 49 87 50 80 48 82 55 86 46 78 47 89 47 68 55 67 67
26 -1.1055770581946396 -11.663163412557299 170.79534257716915 14 13 15 2.1900456413172988 79 33 90 39 88 38 90 56 87 9 87 38 88 8 80 41 86 10 86 38 78 42 89 4 89 36 68 30 67 13
27 14.568860221672242 -8.2823782336402552 167.21964907811702 147 143 143 0.22823631163695243 79 44 90 42 87 52 82 47 86 47
29 14.672736017354493 -8.2410780034175719 167.33920732825018 145 143 140 1.3577278446460115 79 46 90 45 88 52 87 41 80 44 82 49 86 41 78 53 89 48 68 51 68 52 67 60 67 63
33 14.326402876497616 -8.627455931829072 168.26470156575203 188 181 180 0.28505960164199529 79 47 90 50 88 47 87 48 82 53 86 48 78 60 89 49 68 63 67 68
34 13.768644735266996 -8.6663604269380112 168.37800303280855 232 225 224 0.29252829628145166 79 20 90 52 88 45 87 47 80 20 82 52 86 49 78 44 89 50 68 57 67 69
36 14.093368706117188 -8.8589125797459989 168.47723688077815 131 124 123 0.27453612577606024 79 38 90 55 88 57 87 55 82 39 78 57 89 58 68 60
37 -3.2374370873847762 -9.6448009762810791 167.11447491686681 29 29 36 0.58304172863494275 79 27 88 11 87 30 80 34 86 45 78 31 68 61 67 44
38 -0.89516310650949538 -10.107288686582514 167.03690082871557 251 247 249 0.20497030158789159 79 23 88 24 87 22 80 25 82 26 86 18 78 19 89 22 68 26 67 32
39 -2.3541952788710057 -9.6516606728047218 165.34033858123425 236 234 235 1.5864454386242128 79 53 90 23 88 25 87 54 80 31 82 30 82 37 86 33 86 54 89 56 68 22 68 31 67 72
41 14.486808044860581 -8.6628231097480697 168.19463189044978 128 120 119 1.6711930279966365 79 49 88 55 87 46 80 21 87 43 88 46 90 51 82 33 82 56 86 17 86 50 78 45 78 59 89 42 89 51 68 56
44 14.789666354163066 -8.4956468899759798 167.98171742016251 124 120 118 0.77942394111445013 79 40 88 21 90 47 87 53 80 47 82 45 86 43 78 48 68 54 67 39
46 13.54054866624654 -9.0820093783099871 167.85634213260229 129 127 124 0.42535826186011233 88 59 80 45 82 57 86 29 78 32 68 62
53 14.115508375637292 -8.8405566879071902 170.78321665218022 158 151 150 0.5325185419542724 79 48 87 45 88 54 90 53 82 51 86 51 89 52
54 -3.5110978780776492 -11.37796737462231 166.92898349834277 105 102 106 2.1306521322822105 79 4 90 4 88 10 87 7 80 5 82 5 79 32 90 19 88 40 87 27 80 37 82 16 86 4 86 21 78 6 78 11 89 7 89 35 68 48 67 7 67 18
57 14.654359144036151 -8.0181513257851709 165.19842721666444 222 218 218 1.5734758482604416 78 21 79 21 82 31 89 15 86 23 87 24 68 16 67 59
58 -0.19960955865495872 -9.9726358825857293 162.04220905762918 246 246 244 0.71059050094724319 78 29 82 28 90 24 89 19 68 38 67 48
59 -1.570405621581215 -10.012700877208506 166.69113224624547 18 18 25 0.2631078432207461 78 26 79 24 89 28
60 13.671754445041232 -8.864037216854463 168.55688777788018 154 150 148 0.2470172578373877 78 56 82 35 87 35 88 56 90 41 89 30 68 59
61 14.140593908235145 -8.7252839728346583 168.31286642114097 194 187 186 0.31032185963054193 78 55 79 50 82 50 87 44 89 53 68 47 67 70
62 -3.7411464189108314 -9.5512981745335637 167.71445976445881 36 37 41 1.9368075961337172 78 20 86 13 90 34 89 55 68 25 67 38
63 -2.7708802664602299 -11.779348152718743 167.0123594554176 24 24 24 0.15714543441732196 78 16 82 18 86 16 90 21 68 19
64 -3.6334176391124022 -10.499460231619162 166.75663152366016 27 25 32 0.31501698244854487 78 18 68 27 67 21
65 -3.6334176391124022 -10.499460231619162 166.75663152366016 27 25 32 0.31501698244854487 78 23 68 29 67 25
66 12.29721154615012 -9.3490792160947134 167.42545026598421 233 233 229 0.26507912961403279 78 28 79 29 80 30 68 35
67 -0.90951884836515895 -10.229520796700264 167.39292613588265 32 29 32 0.13782778874818488 79 30 80 28 82 38 68 37
68 -1.9313796684686821 -10.892282237685237 164.29167579535812 15 14 21 1.5095275089281384 78 38 82 42 68 44 67 16 79 13 80 12
69 -1.2758576175698615 -10.921810256362647 167.46006860381846 100 105 110 0.1863997856294457 78 37 79 36 80 38 82 41 68 45
70 -1.4821702370319156 -10.899966806515145 167.60729274362214 31 34 39 0.20112570544963396 78 36 80 43 68 49
71 11.809395390737215 -9.4678983926210414 165.91068155247692 238 238 234 0.64358210312145314 79 52 88 53 68 64 67 42
72 14.726962869120451 -8.3361751676578866 167.27849834645028 188 185 183 1.9458144380768434 79 43 90 48 87 39 80 46 82 46 86 44 78 50 68 53 79 45 90 44 88 51 87 40 80 42 82 48 86 40 78 52 89 43 68 58 67 64
73 14.373339651819203 -8.5642809782732954 169.43008041464338 148 141 141 2.0439693501764062 79 42 90 46 88 29 87 49 78 49 89 45 68 50 79 41 90 49 88 48 87 51 80 18 88 19 82 54 86 34 78 46 89 46 67 65 67 66
74 0.22965458010159034 -9.911638241411822 166.52424269172431 207 206 199 0.20851952600169887 68 0 67 0
75 10.147337916733806 -9.5440715440194737 167.9280081772622 232 230 227 0.12520840280888068 68 1 67 1
76 0.24693295528744705 -7.9001463001463268 167.92846028779741 205 198 192 0.31005271360341174 68 2 67 2
77 -0.076738437789800065 -10.471786211274553 167.24365584913915 107 113 118 0.14689713189502074 68 10 67 15
79 -0.65948890287688711 -10.405952167415373 166.77427755012872 107 111 116 0.27327599615671594 82 24 86 28 87 21 88 23 67 31
81 -3.1703336951370855 -11.30910857830864 165.91513953581486 5 6 11 0.29078092028875474 88 37 89 37 90 28 67 34
82 -0.77291837530344465 -10.053213169091249 167.41345891443569 205 203 200 0.3990313541618532 68 36 67 41
83 0.26783967708992751 -10.399801408140336 167.24753205865565 228 230 230 0.16513990116451027 68 41 67 49
84 -2.5640190930448417 -11.637287530680494 166.35827264564909 37 36 38 0.34602277694089772 78 34 82 44 90 40 67 55
85 15.034523567590153 -7.9661492142067072 166.36102946441795 145 138 137 0.77363367644497338 68 24 67 57
87 13.074594815778413 -8.8917401154478899 166.31989897297055 233 233 229 2.117739079304811 68 66 78 61 80 50 82 58 88 58 90 33 80 22 87 32 87 34 82 21 82 34 86 42 86 52 78 54 89 54 87 33 80 36 82 60 68 65 67 61 67 71
