# Image list with two lines of data per image:
#   IMAGE_ID, QW, QX, QY, QZ, TX, TY, TZ, CAMERA_ID, NAME
#   POINTS2D[] as (X, Y, POINT3D_ID)
# Number of images: 5, mean observations per image: 10.199999999999999
77 0.99438245442057394 -0.0471841986106055 -0.094710470874326727 -0.0026669174628368652 0.61339067812438408 -0.60237439190628006 -2.4335058213797622 1 000078.png
134.32858276367188 107.31130981445312 -1 134.32858276367188 107.31130981445312 -1 132.96334838867188 199.12510681152344 -1 199.56327819824219 73.102203369140625 -1 111.29271697998047 65.589363098144531 -1 113.36119079589844 24.165885925292969 -1 98.065887451171875 29.759433746337891 -1 202.697021484375 63.360160827636719 -1 241.0523681640625 107.21698760986328 -1 166.92257690429688 80.000923156738281 -1 244.03511047363281 173.97712707519531 14 166.92257690429688 80.000923156738281 -1 124.78530883789062 11.062726974487305 -1 151.37139892578125 119.51306915283203 -1 218.9788818359375 240.85011291503906 15 212.15528869628906 140.62290954589844 -1 151.37139892578125 119.51306915283203 -1 201.5108642578125 59.862312316894531 -1 171.40316772460938 51.782939910888672 -1 189.16709899902344 52.163444519042969 -1 146.50430297851562 47.608852386474609 -1 159.04232788085938 57.842613220214844 -1 156.62751770019531 77.786949157714844 -1 72.139640808105469 167.02342224121094 18 139.48797607421875 182.778564453125 -1 31.993062973022461 200.95600891113281 76 132.04698181152344 178.71351623535156 -1 132.04698181152344 178.71351623535156 -1 139.48797607421875 182.778564453125 -1 159.04232788085938 57.842613220214844 -1 181.58100891113281 95.654258728027344 -1 171.59152221679688 87.706832885742188 -1 122.63065338134766 8.0067129135131836 -1 103.73789215087891 80.907310485839844 -1 207.99282836914062 130.52456665039062 -1 180.67605590820312 44.543060302734375 -1 219.26374816894531 250.4400634765625 -1 151.70819091796875 103.90428161621094 -1 219.26374816894531 250.4400634765625 -1 174.55177307128906 95.277099609375 -1 122.63065338134766 8.0067129135131836 -1 19.809246063232422 5.256497859954834 -1 174.55177307128906 95.277099609375 -1 105.38321685791016 13.333601951599121 -1 167.23361206054688 35.652103424072266 -1 105.38321685791016 13.333601951599121 -1 215.33833312988281 249.26126098632812 -1 174.10289001464844 39.680221557617188 -1 168.14741516113281 53.093238830566406 -1 169.9041748046875 62.932540893554688 -1 154.89511108398438 65.207786560058594 -1 251.99197387695312 90.537567138671875 -1 169.0888671875 91.894439697265625 -1 219.2926025390625 129.99763488769531 -1 226.36079406738281 136.74887084960938 83 215.33833312988281 249.26126098632812 -1 169.9041748046875 62.932540893554688 -1 154.89511108398438 65.207786560058594 -1 188.24632263183594 101.59870910644531 -1 133.15367126464844 183.09391784667969 -1 4.4808979034423828 7.861015796661377 -1 177.6639404296875 53.515998840332031 -1 146.95480346679688 81.052963256835938 -1 188.24632263183594 101.59870910644531 -1 217.29388427734375 156.83619689941406 69 133.15367126464844 183.09391784667969 -1 217.29388427734375 156.83619689941406 70 253.16511535644531 165.18026733398438 -1 247.49151611328125 167.70611572265625 71 251.59622192382812 172.14541625976562 -1 185.87454223632812 98.995758056640625 -1 240.91151428222656 93.55950927734375 -1 166.07864379882812 89.241531372070312 -1 158.50846862792969 80.549560546875 44 196.06336975097656 56.775356292724609 -1 169.60810852050781 40.115612030029297 -1 107.16838073730469 22.53669548034668 -1 109.08596801757812 5.1625990867614746 -1 103.97978210449219 17.926616668701172 -1 103.97978210449219 17.926616668701172 -1 166.07864379882812 89.241531372070312 -1 166.07864379882812 89.241531372070312 -1 185.87454223632812 98.995758056640625 -1 253.16511535644531 165.18026733398438 -1 224.64106750488281 144.276123046875 -1 221.67460632324219 141.088134765625 83 235.38845825195312 155.10498046875 47 109.08596801757812 5.1625990867614746 -1 248.57621765136719 160.08464050292969 -1 232.86154174804688 152.32676696777344 -1 158.50846862792969 80.549560546875 -1 202.11122131347656 119.86324310302734 -1 
78 0.99425185391321236 -0.066189164191994901 -0.084154325327935625 0.00054319637854468184 -1.5379447155360335 -4.7488140343637673 -2.3962648124037358 1 000077.png
137.3353271484375 108.27902221679688 -1 137.3353271484375 108.27902221679688 -1 133.3052978515625 198.90045166015625 -1 199.3953857421875 73.329261779785156 -1 92.508613586425781 81.054969787597656 -1 113.3807373046875 24.183881759643555 -1 242.0018310546875 105.59716796875 -1 98.009872436523438 29.701318740844727 -1 202.72868347167969 63.276264190673828 -1 242.0018310546875 105.59716796875 -1 166.85459899902344 80.029998779296875 -1 235.61569213867188 163.22291564941406 -1 221.536376953125 155.334228515625 -1 166.85459899902344 80.029998779296875 -1 244.90325927734375 172.3778076171875 14 107.06256866455078 57.636344909667969 -1 189.66725158691406 52.439289093017578 -1 157.44155883789062 57.31488037109375 -1 151.44754028320312 119.54596710205078 -1 220.07058715820312 240.65505981445312 15 157.44155883789062 57.31488037109375 -1 171.37446594238281 51.761314392089844 -1 151.44754028320312 119.54596710205078 -1 139.98562622070312 182.44633483886719 -1 124.45627593994141 10.582392692565918 -1 122.90505218505859 8.378265380859375 -1 52.689224243164062 180.81990051269531 -1 184.07424926757812 105.26054382324219 -1 156.65776062011719 77.773063659667969 -1 184.07424926757812 105.26054382324219 -1 182.15534973144531 95.109275817871094 -1 122.90505218505859 8.378265380859375 -1 180.77908325195312 44.674507141113281 -1 149.12539672851562 70.173408508300781 -1 171.5406494140625 87.64788818359375 -1 174.5732421875 95.294288635253906 -1 164.1732177734375 102.88591003417969 -1 19.973939895629883 207.11508178710938 -1 149.12539672851562 70.173408508300781 -1 149.12539672851562 70.173408508300781 -1 151.75016784667969 103.76335906982422 -1 174.5732421875 95.294288635253906 -1 208.84153747558594 128.92633056640625 -1 105.32960510253906 13.596950531005859 -1 105.32960510253906 13.596950531005859 -1 179.59170532226562 94.460121154785156 -1 13.23564624786377 211.49984741210938 -1 169.85842895507812 62.944778442382812 -1 169.15411376953125 91.87139892578125 -1 174.26022338867188 39.822460174560547 -1 168.35409545898438 53.174301147460938 -1 169.85842895507812 62.944778442382812 -1 192.15255737304688 66.419265747070312 -1 103.89017486572266 79.401412963867188 -1 227.08078002929688 135.4471435546875 83 251.34245300292969 164.53570556640625 -1 243.662109375 233.61956787109375 -1 209.03863525390625 121.519287109375 -1 251.34245300292969 164.53570556640625 -1 165.36114501953125 48.476875305175781 -1 109.00124359130859 5.2222433090209961 -1 27.862001419067383 197.46400451660156 -1 10.597268104553223 208.57963562011719 -1 6.4346671104431152 212.00706481933594 -1 226.04258728027344 143.21366882324219 -1 251.96514892578125 169.9779052734375 -1 222.6529541015625 139.89006042480469 83 75.677833557128906 150.91651916503906 -1 234.19215393066406 151.34761047363281 -1 236.97734069824219 154.47357177734375 47 218.28483581542969 156.2373046875 70 249.216064453125 166.99067687988281 71 202.560546875 118.22582244873047 -1 36.252895355224609 187.16488647460938 -1 38.348964691162109 188.73471069335938 -1 193.52523803710938 101.48979187011719 -1 183.83976745605469 94.772544860839844 -1 146.26956176757812 91.862968444824219 -1 172.00907897949219 89.387123107910156 -1 166.07752990722656 89.270118713378906 -1 196.11917114257812 56.746440887451172 -1 169.58309936523438 40.203994750976562 -1 107.38999176025391 22.498226165771484 -1 105.41029357910156 6.8315014839172363 -1 109.00124359130859 5.2222433090209961 -1 166.07752990722656 89.270118713378906 -1 166.07752990722656 89.270118713378906 -1 183.83976745605469 94.772544860839844 -1 183.83976745605469 94.772544860839844 -1 218.28483581542969 156.2373046875 69 36.252895355224609 187.16488647460938 -1 10.597268104553223 208.57963562011719 -1 6.4346671104431152 212.00706481933594 -1 122.59589385986328 3.595390796661377 -1 2.5200498104095459 5.199674129486084 -1 34.051528930664062 192.23793029785156 -1 189.06240844726562 65.001220703125 -1 
79 0.99524965682428701 -0.035074378615886782 -0.090599195187841 -0.0063003481779968827 -0.056633593243160814 2.759845321845702 -1.0194763274452647 1 000079.png
120.98287200927734 104.87821197509766 -1 132.49203491210938 198.94949340820312 -1 199.96611022949219 73.328437805175781 -1 223.83250427246094 80.712753295898438 -1 96.003791809082031 26.521810531616211 -1 113.31809997558594 24.154754638671875 -1 109.18080902099609 61.649444580078125 -1 202.54449462890625 62.629291534423828 -1 134.24667358398438 84.888580322265625 -1 238.81759643554688 110.52306365966797 -1 218.11894226074219 158.71333312988281 -1 134.24667358398438 84.888580322265625 -1 188.03117370605469 51.982048034667969 -1 166.92384338378906 79.857261657714844 -1 242.00900268554688 176.37075805664062 14 166.92384338378906 79.857261657714844 -1 166.92384338378906 79.857261657714844 -1 201.78584289550781 60.664749145507812 -1 171.38212585449219 51.828437805175781 -1 210.94053649902344 143.085205078125 -1 216.77955627441406 241.1507568359375 15 232.04649353027344 165.85250854492188 13 124.92162322998047 11.225680351257324 -1 166.40750122070312 35.881450653076172 -1 93.705459594726562 152.46333312988281 -1 231.80120849609375 78.683692932128906 -1 73.844558715820312 169.22274780273438 18 35.025009155273438 202.6285400390625 76 7.6728196144104004 226.2520751953125 -1 7.7956805229187012 7.4966793060302734 -1 146.6033935546875 47.526805877685547 -1 159.09571838378906 58.333621978759766 -1 156.63572692871094 77.833084106445312 -1 7.7956805229187012 7.4966793060302734 -1 159.09571838378906 58.333621978759766 -1 42.034137725830078 5.2835178375244141 -1 19.580900192260742 9.3235263824462891 -1 180.70620727539062 44.627498626708984 -1 148.71604919433594 70.083290100097656 -1 171.58111572265625 87.698875427246094 -1 151.77012634277344 103.81446075439453 -1 217.46882629394531 250.20352172851562 -1 19.734638214111328 213.71810913085938 -1 138.79608154296875 182.45219421386719 -1 132.52061462402344 181.18017578125 -1 174.50814819335938 95.292488098144531 -1 148.71604919433594 70.083290100097656 -1 42.034137725830078 5.2835178375244141 -1 174.50814819335938 95.292488098144531 -1 132.52061462402344 181.18017578125 -1 206.81431579589844 133.00514221191406 -1 138.79608154296875 182.45219421386719 -1 217.46882629394531 250.20352172851562 -1 168.49554443359375 53.320781707763672 -1 169.92948913574219 62.903472900390625 -1 155.63421630859375 64.309707641601562 -1 145.73176574707031 84.692550659179688 -1 179.69998168945312 94.405258178710938 -1 224.45942687988281 139.13093566894531 83 169.06784057617188 91.848609924316406 -1 105.27480316162109 13.530611991882324 -1 174.20657348632812 39.705436706542969 -1 105.27480316162109 13.530611991882324 -1 169.92948913574219 62.903472900390625 -1 155.63421630859375 64.309707641601562 -1 177.83161926269531 53.748645782470703 -1 104.44020843505859 79.679267883300781 -1 252.53042602539062 90.253089904785156 -1 106.51434326171875 96.088996887207031 -1 238.95516967773438 234.83343505859375 -1 109.07504272460938 5.3007993698120117 -1 109.07504272460938 5.3007993698120117 -1 252.53042602539062 90.253089904785156 -1 222.76795959472656 146.16789245605469 -1 231.42910766601562 147.29055786132812 -1 233.15536499023438 157.17276000976562 47 189.06930541992188 64.935310363769531 -1 219.51776123046875 162.14591979980469 -1 253.45062255859375 169.89067077636719 -1 195.94403076171875 56.809543609619141 -1 169.51646423339844 40.091297149658203 -1 18.524974822998047 10.502072334289551 -1 105.54682922363281 6.8933181762695312 -1 37.391754150390625 6.5509066581726074 -1 113.45493316650391 1.8942251205444336 -1 38.591705322265625 195.057373046875 -1 6.6133618354797363 215.75386047363281 -1 166.07606506347656 89.300750732421875 -1 3.0866360664367676 218.90536499023438 -1 113.45493316650391 1.8942251205444336 -1 154.36772155761719 99.216133117675781 44 18.524974822998047 10.502072334289551 -1 166.07606506347656 89.300750732421875 -1 166.07606506347656 89.300750732421875 -1 219.51776123046875 162.14591979980469 41 4.1117458343505859 221.13436889648438 -1 190.76036071777344 108.02012634277344 -1 4.1117458343505859 221.13436889648438 -1 5.0009770393371582 223.62908935546875 -1 215.71684265136719 139.17123413085938 -1 3.3441274166107178 224.82131958007812 -1 
80 0.99392092980059465 -0.059625818922437915 -0.092525369338329957 -0.0022367500878829241 0.60724638765216798 0.79593817702984981 3.5054367163216629 1 000081.png
107.70240020751953 98.467727661132812 -1 130.7813720703125 199.66876220703125 -1 200.7630615234375 74.295379638671875 -1 28.699392318725586 13.33061408996582 -1 113.37733459472656 23.94825553894043 -1 96.093559265136719 27.400156021118164 -1 166.95903015136719 79.799934387207031 -1 130.84217834472656 175.179443359375 -1 242.87496948242188 241.80250549316406 -1 166.95903015136719 79.799934387207031 -1 130.84217834472656 175.179443359375 -1 166.95903015136719 79.799934387207031 -1 124.46453094482422 10.655818939208984 -1 131.48182678222656 177.41128540039062 -1 171.44084167480469 51.912246704101562 -1 188.59809875488281 51.956855773925781 -1 151.25840759277344 119.67644500732422 -1 228.931884765625 169.07997131347656 13 131.48182678222656 177.41128540039062 -1 238.35659790039062 178.70036315917969 14 213.56436157226562 242.05068969726562 15 151.25840759277344 119.67644500732422 -1 76.227470397949219 172.38926696777344 18 158.84934997558594 58.002349853515625 -1 39.056930541992188 205.03924560546875 76 51.230739593505859 7.4207601547241211 -1 12.248533248901367 16.143119812011719 -1 51.230739593505859 7.4207601547241211 -1 49.451179504394531 14.854626655578613 -1 12.248533248901367 16.143119812011719 -1 158.84934997558594 58.002349853515625 -1 156.61953735351562 77.820098876953125 -1 154.00523376464844 90.537368774414062 -1 122.5589599609375 7.928410530090332 -1 149.50465393066406 69.479278564453125 -1 174.46583557128906 95.336219787597656 -1 151.79144287109375 103.77790069580078 -1 10.800317764282227 228.11708068847656 -1 171.6029052734375 87.71075439453125 -1 149.50465393066406 69.479278564453125 -1 122.5589599609375 7.928410530090332 -1 149.50465393066406 69.479278564453125 -1 174.46583557128906 95.336219787597656 -1 180.46656799316406 44.266994476318359 -1 52.710784912109375 7.8109302520751953 -1 168.441650390625 53.210739135742188 -1 174.01620483398438 39.588638305664062 -1 105.31611633300781 13.352715492248535 -1 169.30186462402344 46.004928588867188 -1 25.299970626831055 20.562503814697266 -1 14.010848045349121 25.178592681884766 -1 169.86946105957031 62.989875793457031 -1 200.40126037597656 57.148773193359375 -1 169.86946105957031 62.989875793457031 -1 156.07662963867188 63.902244567871094 -1 169.06292724609375 91.908233642578125 -1 179.72158813476562 94.563880920410156 -1 156.07662963867188 63.902244567871094 -1 105.31611633300781 13.352715492248535 -1 25.299970626831055 20.562503814697266 -1 216.28486633300781 166.01861572265625 -1 214.48542785644531 140.78370666503906 -1 211.06448364257812 136.86834716796875 -1 215.16621398925781 136.85380554199219 -1 216.28486633300781 166.01861572265625 41 210.32923889160156 250.24574279785156 -1 243.84576416015625 171.32984924316406 -1 210.32923889160156 250.24574279785156 -1 6.5223894119262695 34.134700775146484 -1 142.50054931640625 118.41571044921875 -1 153.95460510253906 102.96548461914062 44 154.31085205078125 99.150131225585938 44 189.54701232910156 64.25665283203125 -1 166.07261657714844 89.390396118164062 -1 147.95196533203125 95.682838439941406 -1 230.26730346679688 160.97126770019531 47 213.66098022460938 163.40898132324219 70 105.25379943847656 6.8423604965209961 -1 249.56974792480469 173.07099914550781 -1 253.80357360839844 96.807357788085938 -1 109.52443695068359 41.653121948242188 -1 108.79440307617188 5.2334532737731934 -1 7.3752694129943848 29.880764007568359 -1 166.07261657714844 89.390396118164062 -1 241.46971130371094 172.6605224609375 71 213.66098022460938 163.40898132324219 69 108.79440307617188 5.2334532737731934 -1 19.073570251464844 23.141595840454102 -1 7.3752694129943848 29.880764007568359 -1 169.59811401367188 40.044284820556641 -1 196.05809020996094 56.744964599609375 -1 166.07261657714844 89.390396118164062 -1 251.16812133789062 88.390419006347656 -1 166.18714904785156 47.794628143310547 -1 
85 0.99456079770820749 -0.050466652319204483 -0.090990035530354743 -0.0047697064785283648 0.37991410434109663 1.8235278321449981 2.5902780255096376 1 000080.png
110.61407470703125 95.545501708984375 -1 131.31826782226562 199.43563842773438 -1 200.43496704101562 73.897796630859375 -1 26.476181030273438 9.9480791091918945 -1 95.884834289550781 26.523502349853516 -1 113.39698791503906 23.935890197753906 -1 202.32228088378906 62.507461547851562 -1 166.94888305664062 79.809112548828125 -1 244.25669860839844 240.92698669433594 -1 166.94888305664062 79.809112548828125 -1 166.94888305664062 79.809112548828125 -1 188.6279296875 52.111660003662109 -1 125.08660888671875 11.569201469421387 -1 37.480602264404297 9.2716436386108398 -1 171.3614501953125 51.790035247802734 -1 157.33235168457031 57.335700988769531 -1 180.71510314941406 101.11708068847656 -1 230.26443481445312 168.07899475097656 13 239.76446533203125 177.5067138671875 14 214.76091003417969 241.06123352050781 15 48.070278167724609 11.479997634887695 -1 10.826483726501465 13.105533599853516 -1 146.60685729980469 47.374507904052734 -1 153.98574829101562 90.309539794921875 -1 156.6439208984375 77.848785400390625 -1 236.89178466796875 101.71048736572266 -1 75.94342041015625 171.055419921875 18 131.98396301269531 178.85581970214844 -1 10.826483726501465 13.105533599853516 -1 48.070278167724609 11.479997634887695 -1 131.98396301269531 178.85581970214844 -1 171.5692138671875 87.710243225097656 -1 174.47637939453125 95.326972961425781 -1 151.74769592285156 103.79519653320312 -1 23.117959976196289 215.34722900390625 -1 111.71541595458984 147.6065673828125 -1 50.153251647949219 4.2112421989440918 -1 23.624517440795898 16.560146331787109 -1 180.73970031738281 44.658973693847656 -1 174.47637939453125 95.326972961425781 -1 50.153251647949219 4.2112421989440918 -1 108.46143341064453 84.340202331542969 -1 242.35903930664062 84.596122741699219 -1 103.54090881347656 80.404251098632812 -1 122.14813995361328 7.2876677513122559 -1 105.15630340576172 13.716691970825195 -1 105.15630340576172 13.716691970825195 -1 122.14813995361328 7.2876677513122559 -1 168.31787109375 53.207927703857422 -1 239.15614318847656 163.74407958984375 -1 4.3721141815185547 30.973762512207031 -1 174.44944763183594 39.919593811035156 -1 200.49118041992188 57.280597686767578 -1 169.90484619140625 62.949581146240234 -1 155.60443115234375 64.469688415527344 -1 169.054443359375 91.9163818359375 -1 179.71186828613281 94.553230285644531 -1 169.90484619140625 62.949581146240234 -1 155.60443115234375 64.469688415527344 -1 108.62438201904297 42.711933135986328 -1 214.61912536621094 161.49661254882812 69 195.24603271484375 61.640121459960938 -1 248.55145263671875 87.051307678222656 -1 229.60250854492188 149.18104553222656 -1 23.044782638549805 17.336227416992188 -1 217.28208923339844 164.37165832519531 -1 250.977294921875 171.48724365234375 -1 108.62438201904297 42.711933135986328 -1 214.61912536621094 161.49661254882812 70 217.28208923339844 164.37165832519531 41 23.044782638549805 17.336227416992188 -1 177.75543212890625 53.584075927734375 -1 172.03607177734375 89.387153625488281 -1 153.93391418457031 102.82230377197266 44 166.078125 89.315452575683594 -1 227.67388916015625 74.237632751464844 -1 194.92642211914062 116.40763092041016 -1 199.42413330078125 124.98475646972656 -1 189.60409545898438 64.296287536621094 -1 218.47314453125 145.75949096679688 83 224.77754211425781 152.39266967773438 -1 231.76144409179688 159.69302368164062 47 242.58718872070312 170.95468139648438 71 169.55323791503906 39.938739776611328 -1 108.92157745361328 5.2328729629516602 -1 5.8960361480712891 25.863546371459961 -1 166.078125 89.315452575683594 -1 166.078125 89.315452575683594 -1 5.8960361480712891 25.863546371459961 -1 10.979846954345703 19.02174186706543 -1 19.898412704467773 18.226692199707031 -1 37.530487060546875 12.06241512298584 -1 42.133758544921875 10.494964599609375 -1 108.92157745361328 5.2328729629516602 -1 252.08525085449219 181.07276916503906 -1 195.87777709960938 56.763050079345703 -1 
