# 3D point list with one line of data per point:
#   POINT3D_ID, X, Y, Z, R, G, B, ERROR, TRACK[] as (IMAGE_ID, POINT2D_IDX)
# Number of points: 12, mean track length: 4.25
13 58.582688159587207 8.0401530485091115 75.995632257269349 122 128 132 0.4872538457567292 79 21 85 17 80 17
14 60.307594625155772 11.954316734709479 72.352710320668209 124 132 132 0.49835357301028821 79 14 85 18 77 10 78 14 80 19
15 45.076936890706776 34.634440414005418 67.974117003852015 137 141 142 0.27435423577838203 79 20 85 19 77 14 78 19 80 20
18 -7.2251384123772526 8.4643288810286279 93.530775289408112 122 122 120 0.34646194576837896 79 26 85 26 77 23 80 22
41 52.987624609210201 6.3276851907621223 77.045398766187873 127 126 127 0.20050777350607132 79 94 85 69 80 64
44 9.7093241794580507 -9.1434680606811796 29.83813273069816 151 139 142 0.80036788904493572 79 90 85 73 80 70 80 71 77 73
47 63.782446460738534 4.8894628870026988 81.502203583884921 90 101 101 0.47892152848170788 79 75 85 81 77 86 78 69 80 75
69 57.029146471856855 5.5750906418429942 85.229003440334992 125 125 126 0.31214192653201867 85 60 77 64 78 89 80 85
70 57.029146471857025 5.5750906418430066 85.229003440335106 125 125 126 0.31214192653203726 85 68 77 66 78 70 80 76
71 69.257235109039669 10.521680311486282 80.555104653481251 89 99 102 0.32628350708752968 85 82 77 68 78 71 80 84
76 -22.810752618741319 21.531931757168913 89.534742061083506 116 125 123 0.20673619984911626 79 27 77 25 80 24
83 58.536943084872021 -2.5281037562792057 81.973568618103357 115 120 121 2.8639425828296035 85 79 77 85 78 66 79 58 77 54 78 54
