# Frame list with one line of data per frame:
#   FRAME_ID, RIG_ID, RIG_FROM_WORLD[QW, QX, QY, QZ, TX, TY, TZ], NUM_DATA_IDS, DATA_IDS[] as (SENSOR_TYPE, SENSOR_ID, DATA_ID)
# Number of frames: 10
4 1 0.98730774792936016 -0.11885117689720053 -0.099085908028798408 0.035774173071001565 -3.1275959490720022 -3.5610063675540857 0.47965741829545222 1 CAMERA 1 4
5 1 0.98813425881121064 -0.086795073253651378 -0.12296879699704701 0.03059373771888706 -2.2664543184633592 -2.3390015873087417 0.43678813337871275 1 CAMERA 1 5
6 1 0.98562997919597994 -0.067999542258263129 -0.15267207206077998 0.02451213526943603 -1.1498898602557659 -1.5860968743906541 0.50994797209621923 1 CAMERA 1 6
7 1 0.98669091855900526 -0.077096529718392301 -0.14073709913199944 0.026272138597330318 -1.5983327356017287 -1.9402876815538064 0.48647263308880179 1 CAMERA 1 7
8 1 0.98436164925019576 -0.043222679902116042 -0.1695545149257689 0.020376699826055313 -0.52036339318050029 -0.62610764577710343 0.42947338675413055 1 CAMERA 1 8
9 1 0.98740015258786484 -0.015586267183667882 -0.15721132754118267 0.0090887533512418722 -0.99368792290580854 0.48197646291588542 0.76734364301663605 1 CAMERA 1 9
10 1 0.97370523657316266 0.032397162332981483 -0.22549563555806387 0.00050446708190049006 1.6229384066107064 2.351082611844439 0.57990465490167964 1 CAMERA 1 10
11 1 0.95897912906820437 0.055863022182593383 -0.2776610429256644 -0.011945627051252624 3.6677853426335947 3.2893184110701768 0.61757420775633642 1 CAMERA 1 11
14 1 0.97975001108934023 0.0035690659523540599 -0.20007080994354551 0.0069891735705411486 0.6451097936283211 1.2259417442517018 0.56351807180302727 1 CAMERA 1 14
17 1 0.95794487492756053 0.036440383924395282 -0.28452063500912128 -0.0078564160702927124 3.9317284972269633 2.549147536142101 0.53615694854416207 1 CAMERA 1 17
