# Image list with two lines of data per image:
#   IMAGE_ID, QW, QX, QY, QZ, TX, TY, TZ, CAMERA_ID, NAME
#   POINTS2D[] as (X, Y, POINT3D_ID)
# Number of images: 10, mean observations per image: 75.200000000000003
4 0.98730774792936016 -0.11885117689720053 -0.099085908028798408 0.035774173071001565 -3.1275959490720022 -3.5610063675540857 0.47965741829545222 1 000001.png
129.99128723144531 56.452091217041016 1 129.99128723144531 56.452091217041016 42 129.99128723144531 56.452091217041016 2 36.251003265380859 48.677318572998047 -1 221.92295837402344 83.623031616210938 4 90.364898681640625 140.8609619140625 45 90.364898681640625 140.8609619140625 44 118.63076782226562 11.546126365661621 -1 98.635551452636719 13.660479545593262 5 104.74522399902344 31.413528442382812 6 104.74522399902344 31.413528442382812 7 196.1239013671875 102.26461791992188 8 119.96915435791016 43.852840423583984 -1 229.65945434570312 131.845458984375 -1 196.1239013671875 102.26461791992188 -1 196.1239013671875 102.26461791992188 -1 84.06439208984375 18.712804794311523 9 22.877153396606445 45.224296569824219 -1 244.93173217773438 89.069770812988281 155 202.000244140625 117.14105224609375 -1 162.28968811035156 187.637939453125 -1 233.18673706054688 95.490142822265625 -1 22.877153396606445 45.224296569824219 -1 49.82000732421875 111.66732025146484 -1 53.814300537109375 49.588874816894531 -1 53.814300537109375 49.588874816894531 -1 175.06784057617188 101.10002136230469 -1 216.98860168457031 111.63105010986328 -1 216.98860168457031 111.63105010986328 -1 216.98860168457031 111.63105010986328 -1 39.397434234619141 35.657722473144531 -1 52.770729064941406 36.885616302490234 -1 17.942390441894531 54.606235504150391 -1 184.53120422363281 99.130119323730469 11 221.68003845214844 71.889862060546875 156 117.37181854248047 63.018424987792969 -1 40.804561614990234 66.652549743652344 -1 196.33006286621094 84.568519592285156 16 35.558700561523438 95.158111572265625 -1 195.00624084472656 120.77647399902344 -1 236.30729675292969 109.50888061523438 -1 196.33006286621094 84.568519592285156 12 168.73480224609375 105.75139617919922 -1 92.849166870117188 35.503082275390625 -1 102.05403900146484 71.698379516601562 -1 168.56962585449219 141.738525390625 64 206.72993469238281 126.37040710449219 -1 188.64634704589844 124.38340759277344 121 198.63058471679688 110.02663421630859 18 209.55300903320312 106.56341552734375 -1 230.00804138183594 96.014480590820312 -1 213.90141296386719 87.928459167480469 -1 224.47463989257812 95.302749633789062 13 171.4407958984375 132.86695861816406 19 207.71591186523438 87.548637390136719 220 213.90141296386719 87.928459167480469 112 207.71591186523438 87.548637390136719 122 92.849166870117188 35.503082275390625 -1 204.4481201171875 120.66407775878906 25 165.73873901367188 125.61788940429688 -1 157.91455078125 200.89688110351562 -1 186.54647827148438 239.21195983886719 -1 252.20623779296875 98.528846740722656 -1 204.4481201171875 120.66407775878906 -1 165.73873901367188 125.61788940429688 -1 186.54647827148438 239.21195983886719 -1 196.59527587890625 115.42433929443359 28 92.662582397460938 10.451163291931152 27 96.385147094726562 29.793825149536133 123 24.090778350830078 66.580154418945312 -1 216.19422912597656 81.670135498046875 21 252.20623779296875 98.528846740722656 -1 250.61576843261719 103.70060729980469 -1 209.08740234375 118.29639434814453 -1 233.77511596679688 153.06387329101562 -1 164.72232055664062 195.64402770996094 -1 189.5443115234375 242.62086486816406 129 133.40837097167969 67.913032531738281 -1 111.20918273925781 21.207332611083984 138 71.662666320800781 87.736763000488281 -1 88.717155456542969 34.456184387207031 -1 178.68710327148438 97.805152893066406 71 133.40837097167969 67.913032531738281 -1 42.308052062988281 108.47480010986328 -1 164.52384948730469 115.43100738525391 -1 190.11259460449219 123.31987762451172 -1 197.99378967285156 126.33668518066406 -1 109.180419921875 18.450454711914062 30 116.71051025390625 54.74212646484375 -1 249.10905456542969 165.33859252929688 -1 42.308052062988281 108.47480010986328 -1 197.99378967285156 126.33668518066406 -1 212.9072265625 80.132232666015625 36 71.662666320800781 87.736763000488281 -1 252.11964416503906 94.261116027832031 -1 172.43798828125 142.6800537109375 140 146.93734741210938 75.407272338867188 -1 236.41914367675781 154.96377563476562 -1 206.0452880859375 211.43959045410156 141 220.64942932128906 218.3790283203125 142 247.33015441894531 245.87310791015625 -1 221.03959655761719 142.55221557617188 -1 123.52198028564453 249.04554748535156 -1 85.715278625488281 2.9199056625366211 -1 4.5416345596313477 139.57382202148438 -1 12.031919479370117 126.62302398681641 -1 179.15324401855469 121.83016204833984 -1 217.14566040039062 116.75677490234375 -1 172.15167236328125 116.74037933349609 -1 173.22145080566406 104.1290283203125 -1 181.14421081542969 99.407745361328125 39 247.72999572753906 94.579612731933594 -1 242.86354064941406 87.507560729980469 -1 175.51400756835938 106.15053558349609 -1 218.89617919921875 85.983505249023438 -1 194.250732421875 79.610145568847656 84 85.715278625488281 2.9199056625366211 -1 58.972953796386719 49.708263397216797 -1 218.89617919921875 85.983505249023438 131 173.22145080566406 104.1290283203125 -1 172.70408630371094 115.61077880859375 -1 101.05260467529297 23.34367561340332 37 93.768013000488281 27.465213775634766 143 58.972953796386719 49.708263397216797 -1 95.1058349609375 50.557117462158203 144 216.53636169433594 70.745620727539062 41 231.33103942871094 85.515830993652344 132 149.27777099609375 241.64019775390625 -1 235.93359375 234.51393127441406 -1 226.26036071777344 146.60762023925781 -1 123.90287780761719 59.804050445556641 -1 123.90287780761719 59.804050445556641 -1 
5 0.98813425881121064 -0.086795073253651378 -0.12296879699704701 0.03059373771888706 -2.2664543184633592 -2.3390015873087417 0.43678813337871275 1 000004.png
127.83740234375 55.724506378173828 42 127.83740234375 55.724506378173828 1 127.83740234375 55.724506378173828 2 66.477485656738281 14.908139228820801 -1 45.774238586425781 48.130516052246094 43 124.20092010498047 20.333616256713867 -1 222.41679382324219 83.746894836425781 4 98.442108154296875 144.66925048828125 44 191.69252014160156 205.54823303222656 -1 98.442108154296875 144.66925048828125 45 98.474479675292969 13.619510650634766 5 104.87181091308594 31.057247161865234 6 104.87181091308594 31.057247161865234 7 244.2445068359375 136.52340698242188 -1 82.4144287109375 16.932479858398438 9 197.48046875 102.67740631103516 8 175.08277893066406 196.32328796386719 -1 197.48046875 102.67740631103516 188 197.48046875 102.67740631103516 -1 29.179040908813477 43.163719177246094 -1 22.86250114440918 53.403751373291016 -1 56.028152465820312 111.70301818847656 -1 60.492763519287109 32.512779235839844 61 29.179040908813477 43.163719177246094 -1 164.27410888671875 97.675056457519531 -1 40.239006042480469 95.211029052734375 117 244.37388610839844 98.852447509765625 119 244.37388610839844 98.852447509765625 -1 184.49630737304688 99.014045715332031 11 50.75372314453125 68.304924011230469 49 245.86480712890625 87.977409362792969 22 196.32759094238281 84.551353454589844 16 235.39378356933594 98.678024291992188 -1 187.82307434082031 123.61977386474609 121 56.501869201660156 38.93988037109375 -1 123.664794921875 61.518417358398438 95 221.52694702148438 71.794975280761719 57 177.304443359375 97.275840759277344 14 108.3690185546875 74.153167724609375 -1 235.39378356933594 98.678024291992188 -1 196.32759094238281 84.551353454589844 12 127.46915435791016 10.724343299865723 120 92.799591064453125 35.217426300048828 203 67.634895324707031 41.56353759765625 -1 209.78608703613281 122.03959655761719 29 171.47763061523438 133.10078430175781 19 168.67839050292969 141.48643493652344 64 198.74172973632812 110.24289703369141 18 170.62745666503906 105.66178894042969 -1 92.799591064453125 35.217426300048828 200 170.62745666503906 105.66178894042969 -1 224.40534973144531 95.251144409179688 13 207.72569274902344 87.776618957519531 220 217.02944946289062 81.084922790527344 21 116.84146881103516 52.017051696777344 -1 207.72569274902344 87.776618957519531 122 209.78608703613281 122.03959655761719 26 203.791015625 125.78134155273438 -1 190.50718688964844 238.14027404785156 -1 81.497062683105469 84.393989562988281 -1 76.770729064941406 86.073631286621094 -1 213.52510070800781 87.919448852539062 112 177.54525756835938 92.542938232421875 15 226.02853393554688 108.64859771728516 -1 226.02853393554688 108.64859771728516 -1 204.59300231933594 120.64870452880859 25 203.791015625 125.78134155273438 219 177.54525756835938 92.542938232421875 -1 224.62461853027344 101.68051910400391 -1 96.405281066894531 29.760364532470703 123 122.81327056884766 53.618595123291016 96 212.58775329589844 80.061981201171875 36 81.497062683105469 84.393989562988281 -1 76.770729064941406 86.073631286621094 72 213.52510070800781 87.919448852539062 -1 231.56973266601562 91.260749816894531 24 44.334037780761719 101.08792114257812 127 226.02853393554688 108.64859771728516 -1 47.4088134765625 108.92327117919922 -1 196.58863830566406 115.43386840820312 28 204.59300231933594 120.64870452880859 23 126.97018432617188 9.1545724868774414 94 146.24580383300781 67.524795532226562 -1 199.140380859375 188.87214660644531 -1 230.37640380859375 143.700927734375 -1 242.28074645996094 153.39984130859375 -1 109.20708465576172 18.462133407592773 30 79.924819946289062 169.96995544433594 -1 92.969970703125 10.443323135375977 27 242.56629943847656 233.75076293945312 -1 94.862464904785156 73.705032348632812 -1 230.89427185058594 120.08187866210938 73 125.38505554199219 27.860191345214844 -1 115.64302825927734 54.918220520019531 79 31.999055862426758 62.786205291748047 -1 210.0364990234375 127.17316436767578 33 227.74729919433594 131.85713195800781 -1 221.32304382324219 135.96183776855469 -1 226.39524841308594 140.04959106445312 -1 90.372642517089844 142.42349243164062 82 2.9911062717437744 145.416015625 -1 92.313499450683594 152.06488037109375 -1 46.808792114257812 112.89597320556641 -1 247.5931396484375 157.49667358398438 32 96.618148803710938 160.28140258789062 -1 210.65921020507812 201.12992858886719 -1 224.99874877929688 215.99429321289062 -1 178.39324951171875 228.71623229980469 -1 239.89750671386719 231.00382995605469 -1 175.52540588378906 106.02065277099609 31 181.15473937988281 99.409622192382812 39 227.04887390136719 98.213180541992188 -1 221.68009948730469 94.899093627929688 38 165.54951477050781 90.89923095703125 -1 231.03721618652344 86.045814514160156 132 218.68621826171875 86.033920288085938 131 208.43617248535156 83.5367431640625 35 36.049850463867188 60.991268157958984 85 164.29324340820312 82.40545654296875 75 194.239501953125 79.629852294921875 84 151.37982177734375 71.917030334472656 -1 110.46138000488281 67.550491333007812 -1 115.64302825927734 54.918220520019531 134 208.43617248535156 83.5367431640625 40 96.618148803710938 160.28140258789062 -1 172.14375305175781 117.06190490722656 177 216.32575988769531 70.644866943359375 41 103.26746368408203 22.134767532348633 37 211.78825378417969 119.36418914794922 -1 92.598106384277344 23.091793060302734 87 218.64259338378906 133.93035888671875 -1 128.48178100585938 54.178745269775391 -1 125.81311798095703 21.068702697753906 -1 31.2406005859375 55.201755523681641 135 
6 0.98562997919597994 -0.067999542258263129 -0.15267207206077998 0.02451213526943603 -1.1498898602557659 -1.5860968743906541 0.50994797209621923 1 000006.png
127.02995300292969 54.541069030761719 42 127.02995300292969 54.541069030761719 1 127.02995300292969 54.541069030761719 2 56.397796630859375 52.658710479736328 43 108.32036590576172 147.96614074707031 44 108.32036590576172 147.96614074707031 45 72.110107421875 20.802120208740234 3 222.50349426269531 83.838897705078125 4 203.18748474121094 213.97972106933594 46 226.54954528808594 109.85912322998047 47 98.417198181152344 13.719322204589844 5 105.03479766845703 31.019149780273438 6 105.03479766845703 31.019149780273438 7 197.54058837890625 102.58019256591797 8 134.77615356445312 19.067235946655273 118 65.282356262207031 76.039474487304688 49 58.764713287353516 99.805442810058594 147 58.764713287353516 99.805442810058594 -1 185.06590270996094 206.00091552734375 50 175.7943115234375 220.81291198730469 -1 230.94198608398438 230.38067626953125 -1 58.764713287353516 99.805442810058594 -1 167.04736328125 96.736198425292969 -1 214.24644470214844 135.36126708984375 52 188.97398376464844 220.53205871582031 -1 83.876533508300781 18.564363479614258 9 167.04736328125 96.736198425292969 10 214.24644470214844 135.36126708984375 53 184.61479187011719 98.834663391113281 11 118.07982635498047 52.363967895507812 -1 30.942142486572266 53.609096527099609 54 184.61479187011719 98.834663391113281 55 246.26446533203125 101.98902893066406 -1 209.10269165039062 65.188850402832031 -1 133.72677612304688 16.015897750854492 120 196.2750244140625 84.588134765625 16 129.77035522460938 61.2720947265625 -1 203.58598327636719 119.65141296386719 -1 117.36540222167969 54.402534484863281 -1 221.61866760253906 71.940711975097656 57 196.2750244140625 84.588134765625 12 179.0469970703125 93.958320617675781 14 203.58598327636719 119.65141296386719 -1 190.36257934570312 237.26957702636719 -1 170.78076171875 97.307357788085938 58 133.43608093261719 14.630059242248535 94 129.77035522460938 61.2720947265625 95 66.479782104492188 32.542747497558594 61 179.0469970703125 93.958320617675781 15 170.78076171875 97.307357788085938 10 187.50149536132812 123.44709777832031 121 95.543495178222656 71.951889038085938 -1 217.34808349609375 81.023666381835938 63 91.875099182128906 81.256584167480469 -1 210.94725036621094 119.27376556396484 26 171.58757019042969 133.04086303710938 19 242.71479797363281 84.541030883789062 22 210.94725036621094 119.27376556396484 29 217.34808349609375 81.023666381835938 21 198.74261474609375 110.17958831787109 18 224.40791320800781 95.478691101074219 13 207.90119934082031 88.040267944335938 220 168.72456359863281 141.53460693359375 64 128.99143981933594 53.191131591796875 65 96.5523681640625 77.415283203125 -1 204.44009399414062 120.51022338867188 25 203.84402465820312 125.3173828125 219 53.412029266357422 109.62446594238281 67 99.404975891113281 157.86573791503906 -1 110.82484436035156 21.918621063232422 138 96.489570617675781 29.67266845703125 123 128.99143981933594 53.191131591796875 96 96.5523681640625 77.415283203125 -1 196.5821533203125 115.43824005126953 28 204.44009399414062 120.51022338867188 23 203.84402465820312 125.3173828125 219 80.063728332519531 140.23689270019531 -1 99.404975891113281 157.86573791503906 -1 175.90829467773438 133.50685119628906 -1 243.35647583007812 240.10186767578125 -1 210.25218200683594 123.700927734375 33 228.50636291503906 96.092582702636719 176 212.85092163085938 80.221855163574219 36 178.10224914550781 98.864906311035156 71 214.39956665039062 105.96392059326172 -1 87.278350830078125 85.055450439453125 72 37.174461364746094 117.62491607666016 -1 168.78654479980469 117.41492462158203 -1 242.42666625976562 124.74417114257812 73 18.354726791381836 131.49177551269531 213 221.44416809082031 132.5576171875 -1 27.76966667175293 132.83865356445312 -1 170.01945495605469 81.837646484375 75 20.55302619934082 138.15290832519531 -1 233.7236328125 142.56304931640625 -1 3.4744114875793457 151.71153259277344 76 251.83738708496094 157.55711364746094 -1 210.25218200683594 123.700927734375 -1 115.74295043945312 58.589340209960938 134 3.4744114875793457 151.71153259277344 78 92.956466674804688 10.36944580078125 27 109.21829986572266 18.454944610595703 30 115.74295043945312 58.589340209960938 79 181.6217041015625 120.26695251464844 80 204.74105834960938 116.37779235839844 81 98.471824645996094 146.84320068359375 82 215.59323120117188 202.04219055175781 -1 85.793098449707031 3.1735293865203857 83 175.61726379394531 105.74111938476562 31 181.13186645507812 99.432937622070312 39 221.52095031738281 95.0089111328125 38 48.382053375244141 94.735267639160156 -1 230.41792297363281 92.56256103515625 24 208.42776489257812 83.541946411132812 35 194.27946472167969 79.609626770019531 84 93.039649963378906 76.328445434570312 -1 95.793159484863281 55.380027770996094 175 216.35359191894531 70.66741943359375 41 46.025241851806641 66.095657348632812 85 103.47527313232422 21.998882293701172 37 143.04690551757812 60.193881988525391 217 85.793098449707031 3.1735293865203857 86 93.039649963378906 76.328445434570312 -1 208.42776489257812 83.541946411132812 40 204.74105834960938 116.37779235839844 -1 172.13566589355469 116.89532470703125 178 47.037559509277344 91.194320678710938 -1 92.584213256835938 23.177627563476562 87 93.748550415039062 27.383626937866211 143 238.48138427734375 234.97357177734375 -1 172.13566589355469 116.89532470703125 177 197.10330200195312 118.66639709472656 89 44.764400482177734 119.99238586425781 90 38.588718414306641 62.571559906005859 91 222.28895568847656 123.93165588378906 224 231.299072265625 218.84426879882812 -1 227.62837219238281 128.18701171875 -1 
7 0.98669091855900526 -0.077096529718392301 -0.14073709913199944 0.026272138597330318 -1.5983327356017287 -1.9402876815538064 0.48647263308880179 1 000005.png
126.71482086181641 54.760604858398438 42 126.71482086181641 54.760604858398438 1 126.71482086181641 54.760604858398438 2 52.461658477783203 50.207450866699219 43 104.94252014160156 146.19841003417969 44 104.94252014160156 146.19841003417969 45 222.76072692871094 83.835365295410156 4 71.317634582519531 20.493375778198242 3 124.06069183349609 20.85106086730957 -1 199.08926391601562 209.98757934570312 46 98.428352355957031 13.707642555236816 5 104.99321746826172 31.079408645629883 6 171.54183959960938 242.31532287597656 -1 104.99321746826172 31.079408645629883 7 60.640529632568359 72.388832092285156 49 197.53477478027344 102.64488983154297 8 181.19099426269531 201.23690795898438 50 83.939170837402344 18.641094207763672 9 27.210046768188477 53.036796569824219 54 42.831317901611328 94.0167236328125 117 212.74307250976562 135.43241882324219 -1 132.33833312988281 16.838077545166016 118 212.74307250976562 135.43241882324219 -1 208.84999084472656 65.184310913085938 -1 184.57902526855469 98.898056030273438 11 241.98338317871094 100.42949676513672 -1 253.47958374023438 101.73754119873047 119 184.57902526855469 98.898056030273438 55 169.752197265625 98.150619506835938 10 189.90847778320312 193.95301818847656 -1 73.691314697265625 124.00657653808594 -1 127.39738464355469 61.738441467285156 95 169.752197265625 98.150619506835938 58 221.65478515625 71.914230346679688 57 131.35787963867188 13.751547813415527 120 117.3719482421875 52.349384307861328 -1 95.246994018554688 69.332611083984375 -1 94.676872253417969 84.430976867675781 -1 196.31533813476562 84.554115295410156 12 178.2879638671875 95.129310607910156 14 63.748542785644531 31.790615081787109 61 178.2879638671875 95.129310607910156 15 187.80752563476562 123.78330230712891 121 94.676872253417969 84.430976867675781 -1 196.31533813476562 84.554115295410156 16 116.75369262695312 53.968460083007812 -1 217.27882385253906 81.075485229492188 63 240.43338012695312 83.054824829101562 155 168.79774475097656 141.53167724609375 64 171.52264404296875 133.1903076171875 19 210.53977966308594 120.21788787841797 29 217.27882385253906 81.075485229492188 21 207.85153198242188 87.895965576171875 220 210.53977966308594 120.21788787841797 26 207.85153198242188 87.895965576171875 122 198.797607421875 110.20327758789062 18 224.52523803710938 95.560905456542969 13 6.8658652305603027 141.76315307617188 -1 6.8658652305603027 141.76315307617188 -1 126.70320892333984 52.952590942382812 65 204.51502990722656 120.52658081054688 25 203.81214904785156 125.5009765625 -1 203.81214904785156 125.5009765625 219 110.84954833984375 21.971899032592773 138 96.341049194335938 29.763790130615234 123 126.70320892333984 52.952590942382812 96 50.925086975097656 108.99952697753906 -1 196.51266479492188 115.44426727294922 28 204.51502990722656 120.52658081054688 23 203.81214904785156 125.5009765625 219 122.77787017822266 51.576854705810547 -1 238.45516967773438 123.07115173339844 73 94.3131103515625 42.654880523681641 144 212.96739196777344 127.06708526611328 33 245.58029174804688 143.39395141601562 -1 216.07511901855469 129.34056091308594 -1 13.735417366027832 140.74664306640625 -1 6.6410951614379883 146.17779541015625 -1 234.15452575683594 231.66950988769531 141 92.889640808105469 10.399160385131836 27 109.25420379638672 18.463384628295898 30 129.92250061035156 21.306404113769531 -1 96.021812438964844 150.61195373535156 -1 212.85914611816406 80.255775451660156 36 247.25347900390625 86.126243591308594 126 178.109375 98.931961059570312 71 48.326347351074219 101.32389831542969 127 26.132417678833008 123.03373718261719 -1 170.2557373046875 95.972183227539062 -1 237.67581176757812 147.169677734375 -1 169.49455261230469 144.53604125976562 -1 103.35981750488281 22.06822395324707 37 239.05882263183594 227.81141662597656 142 196.51136779785156 242.36283874511719 129 184.11349487304688 227.94856262207031 -1 230.41807556152344 92.440193176269531 24 228.35423278808594 96.112396240234375 176 181.15530395507812 99.398536682128906 39 175.63272094726562 105.75350189208984 31 174.55366516113281 109.42079162597656 130 50.343673706054688 113.03664398193359 -1 165.8154296875 113.57174682617188 -1 213.12638854980469 117.61029052734375 -1 47.069602966308594 90.576583862304688 -1 200.18905639648438 86.400161743164062 -1 218.710693359375 85.836570739746094 131 231.3935546875 85.452850341796875 132 93.793045043945312 27.338430404663086 143 194.27302551269531 79.632850646972656 84 173.80172729492188 140.67781066894531 140 145.40850830078125 63.928440093994141 136 34.976673126220703 59.763088226318359 91 115.54775238037109 57.305000305175781 134 37.091732025146484 57.121295928955078 135 135.492919921875 56.003246307373047 -1 216.561767578125 70.770484924316406 41 50.343673706054688 113.03664398193359 -1 169.49455261230469 144.53604125976562 -1 197.09078979492188 118.59368133544922 89 233.39614868164062 133.93428039550781 -1 115.54775238037109 57.305000305175781 79 220.35835266113281 132.64254760742188 -1 43.020267486572266 80.824508666992188 -1 174.87100219726562 88.010009765625 -1 
8 0.98436164925019576 -0.043222679902116042 -0.1695545149257689 0.020376699826055313 -0.52036339318050029 -0.62610764577710343 0.42947338675413055 1 000007.png
128.943603515625 54.396110534667969 1 128.943603515625 54.396110534667969 42 128.943603515625 54.396110534667969 2 64.041740417480469 59.101306915283203 43 211.5909423828125 223.49696350097656 46 64.041740417480469 59.101306915283203 145 211.5909423828125 223.49696350097656 -1 71.908958435058594 20.916229248046875 3 222.40609741210938 83.952644348144531 4 39.667453765869141 73.399574279785156 221 79.600090026855469 36.170433044433594 168 98.324821472167969 13.73530101776123 5 105.1214599609375 31.543760299682617 6 65.283851623535156 103.40814208984375 147 225.03253173828125 109.64846801757812 47 105.1214599609375 31.543760299682617 -1 105.1214599609375 31.543760299682617 7 193.14042663574219 212.86099243164062 50 197.16641235351562 227.80986022949219 -1 49.058250427246094 36.052036285400391 167 119.75868988037109 50.550979614257812 -1 74.960311889648438 84.671615600585938 49 197.39889526367188 102.60172271728516 8 241.95429992675781 238.04632568359375 -1 241.95429992675781 238.04632568359375 -1 74.960311889648438 84.671615600585938 152 83.801025390625 18.94441032409668 9 138.520751953125 20.834558486938477 118 221.23619079589844 139.13832092285156 -1 202.21267700195312 117.00132751464844 107 202.21267700195312 117.00132751464844 108 221.23619079589844 139.13832092285156 -1 170.14688110351562 95.474723815917969 10 109.20309448242188 81.999542236328125 -1 133.76075744628906 62.906360626220703 -1 137.77777099609375 19.037960052490234 120 133.76075744628906 62.906360626220703 95 248.28329467773438 90.125556945800781 191 170.14688110351562 95.474723815917969 58 184.67488098144531 98.721397399902344 11 80.139205932617188 115.35845947265625 -1 52.733730316162109 124.96757507324219 110 233.42764282226562 225.6097412109375 -1 52.733730316162109 124.96757507324219 111 184.67488098144531 98.721397399902344 55 180.4769287109375 92.453880310058594 14 230.61003112792969 96.213523864746094 -1 203.09675598144531 118.94002532958984 -1 187.93309020996094 238.88395690917969 -1 199.83363342285156 245.63250732421875 -1 196.27754211425781 84.523117065429688 12 203.09675598144531 118.94002532958984 -1 214.42008972167969 88.003028869628906 112 221.58055114746094 71.959678649902344 57 214.42008972167969 88.003028869628906 -1 196.27754211425781 84.523117065429688 16 37.416835784912109 56.568523406982422 54 224.42709350585938 95.460601806640625 13 212.33119201660156 117.79593658447266 26 217.05717468261719 81.249443054199219 63 168.89317321777344 141.49331665039062 64 171.59169006347656 133.08055114746094 157 212.33119201660156 117.79593658447266 29 198.68266296386719 110.15364837646484 18 207.80465698242188 88.044021606445312 220 217.05717468261719 81.249443054199219 21 116.49734497070312 60.868232727050781 79 6.9154119491577148 151.65922546386719 -1 6.9154119491577148 151.65922546386719 -1 23.615333557128906 143.26901245117188 -1 133.02572631835938 53.972846984863281 65 99.385246276855469 80.158409118652344 -1 212.44769287109375 80.073104858398438 36 57.897487640380859 111.88128662109375 67 196.52998352050781 115.44728851318359 28 196.65672302246094 119.83165740966797 -1 204.36772155761719 120.54657745361328 23 12.059432983398438 147.3953857421875 -1 104.97322082519531 158.46324157714844 -1 93.468269348144531 183.02287292480469 158 133.02572631835938 53.972846984863281 96 204.36772155761719 120.54657745361328 25 12.059432983398438 147.3953857421875 -1 109.23424530029297 18.455615997314453 30 230.57850646972656 86.125297546386719 -1 230.57850646972656 86.125297546386719 -1 178.11231994628906 98.753776550292969 71 175.6397705078125 105.69243621826172 31 48.168628692626953 123.39984893798828 90 203.94482421875 124.94622802734375 219 250.42178344726562 128.21884155273438 -1 65.942268371582031 132.48255920410156 -1 227.450927734375 134.97892761230469 125 235.94099426269531 141.70639038085938 224 104.43492126464844 152.02729797363281 82 206.5714111328125 250.44020080566406 -1 108.52585601806641 14.47770881652832 113 250.42178344726562 128.21884155273438 73 92.794708251953125 10.56861686706543 27 197.04949951171875 118.63034057617188 89 191.33457946777344 126.77564239501953 -1 42.843502044677734 127.61349487304688 -1 183.96754455566406 134.94699096679688 -1 221.43424987792969 205.13580322265625 -1 246.14682006835938 230.927734375 -1 240.01029968261719 233.38150024414062 -1 195.48765563964844 237.43800354003906 -1 172.28480529785156 116.57074737548828 -1 197.491943359375 239.65608215332031 -1 199.988037109375 242.60952758789062 129 248.43641662597656 242.36959838867188 -1 55.457447052001953 110.04579925537109 216 174.56361389160156 109.22965240478516 130 181.14314270019531 99.401763916015625 39 194.20896911621094 79.609825134277344 84 104.77516174316406 75.754776000976562 -1 216.51611328125 70.721542358398438 41 46.109825134277344 70.954025268554688 91 158.20887756347656 70.1328125 136 113.11630249023438 57.378322601318359 116 103.33925628662109 22.086347579956055 37 92.959388732910156 56.608814239501953 -1 89.08123779296875 37.046707153320312 -1 93.009178161621094 17.860782623291016 87 218.76628112792969 85.725509643554688 131 85.892570495605469 3.2950000762939453 83 85.892570495605469 3.2950000762939453 86 55.457447052001953 110.04579925537109 218 191.33457946777344 126.77564239501953 -1 191.33457946777344 126.77564239501953 -1 227.43278503417969 97.915817260742188 -1 183.96754455566406 134.94699096679688 -1 251.772705078125 245.87762451171875 -1 243.6214599609375 83.437858581542969 126 251.772705078125 245.87762451171875 -1 91.944869995117188 247.91397094726562 -1 191.33457946777344 126.77564239501953 -1 182.17430114746094 89.6363525390625 34 
9 0.98740015258786484 -0.015586267183667882 -0.15721132754118267 0.0090887533512418722 -0.99368792290580854 0.48197646291588542 0.76734364301663605 1 000008.png
132.81639099121094 54.080528259277344 1 132.81639099121094 54.080528259277344 2 72.180656433105469 68.015159606933594 -1 72.180656433105469 68.015159606933594 -1 69.189064025878906 23.275518417358398 3 220.92710876464844 234.07156372070312 -1 220.92710876464844 234.07156372070312 -1 222.59172058105469 84.018272399902344 4 103.16139984130859 43.047187805175781 146 46.326824188232422 80.6312255859375 -1 98.478530883789062 13.620646476745605 5 105.11251831054688 31.989274978637695 6 121.19824981689453 50.762531280517578 149 228.40847778320312 110.47947692871094 47 105.11251831054688 31.989274978637695 148 105.11251831054688 31.989274978637695 7 120.10416412353516 54.674583435058594 -1 120.10416412353516 54.674583435058594 151 55.794849395751953 42.347713470458984 -1 120.10416412353516 54.674583435058594 -1 86.022506713867188 95.182266235351562 -1 197.254638671875 102.3021240234375 8 86.022506713867188 95.182266235351562 -1 202.10838317871094 221.71272277832031 -1 205.54924011230469 235.40927124023438 150 107.41895294189453 188.02935791015625 154 217.05671691894531 133.82746887207031 52 202.27946472167969 116.79499053955078 108 83.924957275390625 19.444599151611328 9 84.1810302734375 42.529682159423828 -1 202.27946472167969 116.79499053955078 107 217.05671691894531 133.82746887207031 53 107.41895294189453 188.02935791015625 153 170.99853515625 93.562629699707031 58 184.75489807128906 98.552024841308594 55 85.392326354980469 109.98421478271484 -1 8.4557962417602539 168.214111328125 76 245.60809326171875 234.83235168457031 104 170.99853515625 93.562629699707031 10 245.60809326171875 234.83235168457031 103 184.75489807128906 98.552024841308594 11 8.4557962417602539 168.214111328125 78 109.69773864746094 77.639129638671875 -1 196.26499938964844 84.504928588867188 12 224.37132263183594 95.008323669433594 13 181.51643371582031 90.994888305664062 14 57.156044006347656 127.04337310791016 111 57.156044006347656 127.04337310791016 110 181.51643371582031 90.994888305664062 15 196.26499938964844 84.504928588867188 16 140.92662048339844 20.04926872253418 201 137.72000122070312 63.556732177734375 194 221.59745788574219 71.878578186035156 156 137.72000122070312 63.556732177734375 56 207.85501098632812 88.10546875 220 198.66299438476562 110.17556762695312 18 171.61109924316406 133.04130554199219 19 169.01322937011719 141.71479797363281 64 214.41508483886719 88.069114685058594 -1 214.41508483886719 88.069114685058594 112 115.80976867675781 65.356575012207031 -1 216.990966796875 81.127067565917969 63 115.80976867675781 65.356575012207031 -1 216.990966796875 81.127067565917969 21 245.97149658203125 86.438522338867188 22 136.981689453125 55.225776672363281 -1 136.981689453125 55.225776672363281 166 204.38710021972656 120.60398101806641 23 44.547233581542969 124.62670135498047 -1 13.968843460083008 159.26229858398438 -1 230.82366943359375 92.671562194824219 24 204.38710021972656 120.60398101806641 25 213.04942321777344 115.63009643554688 26 92.559478759765625 10.559439659118652 27 196.698486328125 115.526123046875 28 213.04942321777344 115.63009643554688 29 62.963417053222656 114.44623565673828 67 9.7795066833496094 161.73458862304688 -1 109.27304077148438 18.455917358398438 30 215.17269897460938 76.469017028808594 -1 178.26004028320312 98.530624389648438 71 230.79656982421875 135.05038452148438 -1 175.59988403320312 105.81504821777344 31 118.57478332519531 3.4731495380401611 -1 203.86537170410156 125.11668395996094 219 52.133285522460938 127.19871520996094 90 221.77655029296875 127.58473968505859 -1 55.564056396484375 124.56849670410156 -1 30.293258666992188 144.95388793945312 -1 249.29005432128906 149.850830078125 32 230.69082641601562 211.63758850097656 163 213.27372741699219 120.77582550048828 33 197.08851623535156 118.66232299804688 89 190.3802490234375 138.70285034179688 165 183.23210144042969 88.042434692382812 34 208.3701171875 83.322425842285156 35 212.88893127441406 80.098716735839844 36 106.53842926025391 75.385894775390625 -1 121.61901092529297 63.342269897460938 -1 181.75445556640625 120.60204315185547 80 58.852741241455078 121.40750122070312 -1 115.42271423339844 60.029705047607422 116 103.37081146240234 22.053823471069336 37 108.47954559326172 14.438925743103027 113 221.51185607910156 94.917221069335938 38 209.92666625976562 113.66447448730469 162 85.842063903808594 3.2126531600952148 83 244.37051391601562 136.13766479492188 164 85.842063903808594 3.2126531600952148 86 181.17825317382812 99.414627075195312 39 208.3701171875 83.322425842285156 40 204.5247802734375 116.47942352294922 -1 202.55743408203125 242.93954467773438 -1 204.5247802734375 116.47942352294922 81 202.55743408203125 242.93954467773438 159 106.53842926025391 75.385894775390625 -1 216.56950378417969 70.771987915039062 41 49.121536254882812 129.22419738769531 -1 237.42434692382812 131.06748962402344 -1 
10 0.97370523657316266 0.032397162332981483 -0.22549563555806387 0.00050446708190049006 1.6229384066107064 2.351082611844439 0.57990465490167964 1 000010.png
138.12214660644531 52.996601104736328 -1 140.17987060546875 172.17524719238281 225 140.17987060546875 172.17524719238281 -1 138.12214660644531 52.996601104736328 -1 223.07237243652344 199.9776611328125 -1 65.4686279296875 30.23023796081543 182 84.958717346191406 81.642402648925781 145 84.958717346191406 81.642402648925781 43 84.958717346191406 81.642402648925781 169 65.4686279296875 30.23023796081543 -1 58.071537017822266 120.14171600341797 -1 58.071537017822266 120.14171600341797 -1 58.071537017822266 120.14171600341797 -1 222.91476440429688 83.975250244140625 4 105.18468475341797 43.17919921875 146 117.59974670410156 106.57998657226562 -1 196.56732177734375 63.882129669189453 184 87.515144348144531 130.99371337890625 185 87.515144348144531 130.99371337890625 147 122.90392303466797 50.310405731201172 149 56.313041687011719 87.230857849121094 221 98.361961364746094 13.63282585144043 5 105.12022399902344 32.446067810058594 6 105.12022399902344 32.446067810058594 7 122.90392303466797 50.310405731201172 151 105.12022399902344 32.446067810058594 148 101.93848419189453 111.24169158935547 49 226.32723999023438 139.18910217285156 -1 226.32723999023438 139.18910217285156 -1 214.53694152832031 232.34468078613281 222 217.92855834960938 245.74342346191406 -1 195.56599426269531 103.24980163574219 188 169.64169311523438 89.673835754394531 -1 202.58203125 116.44306182861328 107 83.838790893554688 19.35279655456543 9 121.07029724121094 61.723941802978516 -1 169.64169311523438 89.673835754394531 190 195.56599426269531 103.24980163574219 8 202.58203125 116.44306182861328 108 116.22968292236328 196.91238403320312 153 214.53694152832031 232.34468078613281 50 116.22968292236328 196.91238403320312 154 245.75138854980469 88.633598327636719 22 147.048095703125 24.58003044128418 120 143.63371276855469 66.073661804199219 56 56.445163726806641 78.01165771484375 54 182.89987182617188 88.96380615234375 193 172.4609375 90.903633117675781 -1 73.87255859375 110.6815185546875 -1 73.87255859375 110.6815185546875 -1 63.057929992675781 133.65794372558594 110 184.80909729003906 98.533271789550781 55 143.63371276855469 66.073661804199219 -1 182.89987182617188 88.96380615234375 -1 172.4609375 90.903633117675781 -1 184.80909729003906 98.533271789550781 11 63.057929992675781 133.65794372558594 111 210.50271606445312 244.47137451171875 195 221.52847290039062 71.900917053222656 156 210.50271606445312 244.47137451171875 196 196.24317932128906 84.4998779296875 12 116.47196960449219 27.784351348876953 197 196.24317932128906 84.4998779296875 16 174.07328796386719 91.807243347167969 -1 169.68943786621094 141.81513977050781 64 230.57960510253906 221.81942749023438 -1 214.24064636230469 88.1356201171875 220 224.41905212402344 95.396736145019531 13 198.7186279296875 110.08330535888672 18 171.66354370117188 133.02947998046875 19 107.07552337646484 195.94679260253906 158 121.18003082275391 75.119010925292969 198 107.07552337646484 195.94679260253906 199 92.729866027832031 35.998218536376953 200 216.93772888183594 81.365242004394531 21 214.24064636230469 88.1356201171875 112 146.51028442382812 22.822946548461914 201 87.520515441894531 34.359111785888672 202 92.729866027832031 35.998218536376953 203 116.44761657714844 59.159549713134766 204 216.93772888183594 81.365242004394531 63 204.30648803710938 120.61684417724609 23 178.2423095703125 98.430313110351562 71 213.71466064453125 112.97115325927734 -1 143.02288818359375 56.638229370117188 -1 212.37913513183594 79.946121215820312 36 213.71466064453125 112.97115325927734 -1 196.70045471191406 115.55878448486328 28 70.357467651367188 117.4981689453125 -1 204.30648803710938 120.61684417724609 25 209.97463989257812 135.78733825683594 206 109.15598297119141 200.08851623535156 207 143.02288818359375 56.638229370117188 -1 109.15598297119141 200.08851623535156 208 209.97463989257812 135.78733825683594 209 64.411323547363281 87.792869567871094 91 209.80364990234375 113.06256866455078 -1 108.56595611572266 14.33220386505127 113 73.922599792480469 117.76765441894531 223 203.96597290039062 124.90830230712891 219 73.453727722167969 125.22269439697266 211 226.81980895996094 128.56671142578125 174 247.52888488769531 135.12066650390625 -1 109.29593658447266 18.469558715820312 30 30.811178207397461 146.69783020019531 213 39.271800994873047 147.84271240234375 -1 35.896999359130859 150.90115356445312 -1 32.087059020996094 154.01860046386719 -1 18.119863510131836 166.552490234375 173 6.4601826667785645 176.38798522949219 -1 92.232559204101562 50.530117034912109 -1 209.80364990234375 113.06256866455078 -1 92.902976989746094 10.407805442810059 27 86.798095703125 165.3868408203125 -1 78.425514221191406 141.34017944335938 -1 67.135856628417969 116.41259002685547 216 43.468456268310547 143.94009399414062 172 49.865772247314453 138.54641723632812 -1 77.546615600585938 137.71458435058594 -1 127.35731506347656 65.531394958496094 -1 129.60891723632812 63.625644683837891 -1 103.49304962158203 22.008567810058594 37 216.587890625 143.89920043945312 -1 80.34649658203125 146.09487915039062 -1 228.23435974121094 96.793663024902344 176 92.981399536132812 17.848522186279297 87 86.107757568359375 3.2054843902587891 83 239.5008544921875 220.93351745605469 -1 204.72752380371094 116.68196105957031 81 208.57730102539062 83.518829345703125 35 61.943756103515625 82.428085327148438 -1 119.6546630859375 71.923965454101562 -1 86.107757568359375 3.2054843902587891 86 119.6546630859375 71.923965454101562 -1 216.587890625 143.89920043945312 -1 71.115249633789062 109.3111572265625 -1 159.02201843261719 65.392044067382812 217 67.135856628417969 116.41259002685547 218 213.49179077148438 117.72508239746094 -1 236.99566650390625 126.91522216796875 -1 57.009868621826172 132.49752807617188 90 239.5008544921875 220.93351745605469 -1 227.67138671875 92.800971984863281 -1 181.72860717773438 120.60997009277344 80 
11 0.95897912906820437 0.055863022182593383 -0.2776610429256644 -0.011945627051252624 3.6677853426335947 3.2893184110701768 0.61757420775633642 1 000013.png
150.96517944335938 185.23681640625 225 150.96517944335938 185.23681640625 -1 103.03279113769531 89.6971435546875 145 103.03279113769531 89.6971435546875 169 222.45851135253906 84.223114013671875 4 105.22683715820312 32.031898498535156 7 105.22683715820312 32.031898498535156 6 76.203498840332031 93.804191589355469 -1 98.376472473144531 13.622540473937988 5 195.67454528808594 103.64505004882812 8 84.038841247558594 19.437362670898438 9 155.07719421386719 30.662117004394531 -1 172.69551086425781 85.480331420898438 -1 202.72540283203125 116.21810150146484 108 119.94922637939453 197.36189270019531 -1 131.01460266113281 204.12008666992188 -1 232.53936767578125 241.989013671875 -1 240.22152709960938 141.87959289550781 -1 119.94922637939453 197.36189270019531 158 131.01460266113281 204.12008666992188 -1 202.72540283203125 116.21810150146484 107 202.72540283203125 116.21810150146484 -1 172.69551086425781 85.480331420898438 -1 172.69551086425781 85.480331420898438 -1 118.16269683837891 32.076957702636719 -1 141.8740234375 181.4862060546875 -1 231.40162658691406 79.788780212402344 -1 141.8740234375 181.4862060546875 -1 77.430732727050781 87.290763854980469 54 246.86720275878906 88.321525573730469 191 184.61012268066406 98.850074768066406 55 176.24037170410156 86.3875732421875 -1 170.96177673339844 142.24534606933594 64 152.55131530761719 66.847480773925781 -1 184.61012268066406 98.850074768066406 11 224.28459167480469 95.235618591308594 -1 221.64234924316406 71.978530883789062 156 229.50971984863281 252.28004455566406 -1 186.37449645996094 84.896926879882812 193 122.24944305419922 204.97926330566406 207 196.02851867675781 84.717697143554688 12 122.24944305419922 204.97926330566406 208 196.02851867675781 84.717697143554688 16 214.34004211425781 107.92247009277344 -1 186.37449645996094 84.896926879882812 -1 214.34004211425781 107.92247009277344 -1 214.34004211425781 107.92247009277344 -1 213.21109008789062 65.718460083007812 170 90.672966003417969 117.86830139160156 -1 128.6435546875 207.31968688964844 -1 154.70925903320312 27.845129013061523 120 120.29476928710938 62.265323638916016 -1 116.22526550292969 26.815921783447266 197 198.76350402832031 110.24333190917969 18 225.60557556152344 114.83661651611328 -1 128.6435546875 207.31968688964844 -1 133.58277893066406 73.552108764648438 -1 128.39361572265625 74.238006591796875 -1 212.04826354980469 79.833915710449219 36 218.08518981933594 104.51419830322266 -1 226.73646545410156 110.37368011474609 -1 196.73344421386719 115.52935791015625 28 205.79292297363281 115.50741577148438 -1 236.59475708007812 117.84612274169922 -1 222.99745178222656 139.13398742675781 206 204.28034973144531 120.73740386962891 23 151.84217834472656 57.485301971435547 -1 222.99745178222656 139.13398742675781 209 85.448936462402344 117.00131988525391 -1 204.28034973144531 120.73740386962891 25 96.452545166015625 29.869173049926758 123 88.535636901855469 36.169872283935547 202 151.84217834472656 57.485301971435547 -1 124.55364227294922 66.700248718261719 -1 120.16484069824219 67.443626403808594 -1 5.1070847511291504 189.72010803222656 -1 59.981849670410156 139.69706726074219 -1 109.29218292236328 18.43181037902832 30 115.5606689453125 53.883846282958984 204 95.696456909179688 56.390491485595703 -1 131.64698791503906 77.065925598144531 -1 247.9263916015625 126.74053955078125 -1 6.3585724830627441 192.97274780273438 -1 187.95333862304688 80.572547912597656 -1 83.650672912597656 93.85595703125 -1 222.18260192871094 117.07850646972656 -1 225.70353698730469 119.90596771240234 -1 3.5608513355255127 195.49449157714844 -1 104.63419342041016 250.64530944824219 -1 170.91987609863281 145.28602600097656 -1 239.83415222167969 130.98863220214844 174 76.039558410644531 125.20745086669922 -1 172.41764831542969 116.23162078857422 177 9.3522987365722656 189.82579040527344 -1 76.039558410644531 125.20745086669922 -1 95.696456909179688 56.390491485595703 -1 15.364765167236328 184.51580810546875 -1 59.981849670410156 139.69706726074219 -1 170.91987609863281 145.28602600097656 -1 216.51087951660156 112.99059295654297 -1 99.993019104003906 242.96908569335938 -1 250.58961486816406 243.08070373535156 -1 101.62000274658203 245.52549743652344 -1 241.16476440429688 249.10911560058594 -1 249.00132751464844 237.36141967773438 -1 12.277556419372559 179.132080078125 -1 86.49481201171875 91.56695556640625 -1 32.374954223632812 168.30178833007812 171 228.91786193847656 165.01344299316406 -1 30.145526885986328 162.839111328125 -1 32.987510681152344 160.34428405761719 -1 49.850772857666016 152.43260192871094 172 52.641765594482422 149.65452575683594 172 60.563957214355469 142.94482421875 -1 221.93801879882812 132.84146118164062 -1 89.123100280761719 7.8313326835632324 -1 204.08595275878906 124.70972442626953 -1 20.571054458618164 232.62101745605469 -1 103.39981842041016 22.082551956176758 37 92.336463928222656 48.087604522705078 -1 92.336463928222656 48.087604522705078 -1 204.08595275878906 124.70972442626953 219 113.12674713134766 57.410972595214844 -1 228.91786193847656 165.01344299316406 -1 20.571054458618164 232.62101745605469 -1 25.312688827514648 174.9659423828125 173 250.58961486816406 243.08070373535156 -1 128.33999633789062 70.666481018066406 -1 228.84291076660156 95.749252319335938 176 175.53300476074219 105.90947723388672 31 173.76014709472656 111.91444396972656 130 99.993019104003906 242.96908569335938 -1 207.016357421875 113.92615509033203 -1 176.86834716796875 80.245399475097656 -1 63.088878631591797 140.20223999023438 -1 207.016357421875 113.92615509033203 -1 204.77809143066406 117.04457855224609 81 
14 0.97975001108934023 0.0035690659523540599 -0.20007080994354551 0.0069891735705411486 0.6451097936283211 1.2259417442517018 0.56351807180302727 1 000009.png
135.30239868164062 53.959373474121094 179 135.30239868164062 53.959373474121094 181 76.121162414550781 72.524017333984375 43 76.121162414550781 72.524017333984375 169 76.121162414550781 72.524017333984375 145 68.882911682128906 26.384733200073242 182 68.882911682128906 26.384733200073242 -1 104.26718902587891 42.919151306152344 146 222.66319274902344 84.063705444335938 4 195.47297668457031 63.562473297119141 184 49.258457183837891 83.337692260742188 221 205.85464477539062 220.70584106445312 -1 230.133544921875 110.91572570800781 47 78.7530517578125 120.40666961669922 147 105.08422088623047 32.259513854980469 6 78.7530517578125 120.40666961669922 185 121.89545440673828 50.993877410888672 -1 105.08422088623047 32.259513854980469 7 105.08422088623047 32.259513854980469 148 98.432838439941406 13.609283447265625 5 121.89545440673828 50.993877410888672 149 210.456298828125 239.22245788574219 150 59.027275085449219 45.653583526611328 167 206.21511840820312 224.25747680664062 222 197.12623596191406 102.35269165039062 8 91.468986511230469 100.41352081298828 49 120.966796875 54.342990875244141 151 206.21511840820312 224.25747680664062 50 120.966796875 54.342990875244141 -1 91.468986511230469 100.41352081298828 152 83.848358154296875 19.60455322265625 9 168.7076416015625 92.193763732910156 -1 219.63581848144531 134.8560791015625 52 110.56852722167969 191.41964721679688 153 168.7076416015625 92.193763732910156 190 202.38090515136719 116.64580535888672 108 202.38090515136719 116.64580535888672 107 219.63581848144531 134.8560791015625 53 110.56852722167969 191.41964721679688 154 9.638005256652832 172.11891174316406 -1 59.351062774658203 130.56494140625 110 115.54409790039062 75.73016357421875 198 115.54409790039062 75.73016357421875 -1 143.09408569335938 21.960874557495117 120 86.706924438476562 44.808719635009766 168 117.60535430908203 64.3763427734375 -1 139.74964904785156 65.0599365234375 194 48.632236480712891 70.818572998046875 54 244.03065490722656 86.510284423828125 22 171.56765747070312 92.890769958496094 58 184.79249572753906 98.510597229003906 55 47.449653625488281 140.51164245605469 -1 9.638005256652832 172.11891174316406 -1 117.60535430908203 64.3763427734375 -1 139.74964904785156 65.0599365234375 56 171.56765747070312 92.890769958496094 10 184.79249572753906 98.510597229003906 11 59.351062774658203 130.56494140625 111 196.26470947265625 84.505210876464844 12 221.65748596191406 71.968856811523438 156 250.14370727539062 238.20916748046875 103 196.26470947265625 84.505210876464844 16 173.253662109375 93.942886352539062 -1 250.14370727539062 238.20916748046875 104 206.58346557617188 62.03558349609375 170 202.25263977050781 237.04266357421875 195 173.253662109375 93.942886352539062 -1 182.10940551757812 90.361289978027344 193 94.334793090820312 57.937053680419922 -1 214.36749267578125 88.057220458984375 220 171.6741943359375 133.01333618164062 19 174.000244140625 126.84590911865234 157 213.6619873046875 115.27607727050781 29 198.69631958007812 110.1837158203125 18 250.11190795898438 88.873405456542969 -1 208.05950927734375 88.327804565429688 220 216.97920227050781 81.365669250488281 21 216.97920227050781 81.365669250488281 63 250.11190795898438 88.873405456542969 -1 213.6619873046875 115.27607727050781 26 100.99734497070312 189.67596435546875 199 214.36749267578125 88.057220458984375 112 100.99734497070312 189.67596435546875 158 169.16818237304688 141.99769592285156 64 207.97779846191406 248.74380493164062 159 207.97779846191406 248.74380493164062 -1 224.61666870117188 96.093788146972656 13 10.589731216430664 155.579833984375 -1 107.61163330078125 194.9732666015625 -1 92.571060180664062 10.780869483947754 27 96.541778564453125 29.79511833190918 123 204.41600036621094 120.70522308349609 25 107.61163330078125 194.9732666015625 -1 196.65541076660156 115.52208709716797 28 65.16790771484375 116.02581787109375 -1 204.41600036621094 120.70522308349609 23 226.40835571289062 130.77439880371094 -1 23.711616516113281 154.47660827636719 171 3.1401212215423584 171.78762817382812 -1 183.39851379394531 86.079147338867188 34 235.42312622070312 137.58418273925781 125 215.40621948242188 121.63779449462891 -1 203.90333557128906 125.05913543701172 219 109.29666137695312 18.449085235595703 30 220.14224243164062 125.3212890625 174 57.331737518310547 91.070938110351562 -1 56.896934509277344 81.119049072265625 91 178.25787353515625 98.434860229492188 71 216.43980407714844 112.65097045898438 -1 209.9383544921875 113.48070526123047 162 63.864295959472656 109.96026611328125 -1 174.50689697265625 109.39962768554688 130 175.58055114746094 105.89990997314453 31 231.18240356445312 85.768150329589844 132 54.896381378173828 83.970527648925781 -1 208.52006530761719 83.377510070800781 35 212.97987365722656 80.114952087402344 36 115.59785461425781 60.169696807861328 116 235.67265319824219 215.60490417480469 163 240.43643188476562 228.94577026367188 -1 249.96690368652344 239.30447387695312 -1 103.58071899414062 21.945695877075195 37 68.416114807128906 122.82426452636719 211 217.54476928710938 134.88168334960938 -1 248.22319030761719 137.89659118652344 164 41.051952362060547 139.42860412597656 172 193.66154479980469 140.40074157714844 165 108.41144561767578 14.323025703430176 113 208.52006530761719 83.377510070800781 40 249.96690368652344 239.30447387695312 -1 136.11634826660156 53.817882537841797 166 181.70751953125 120.61717224121094 80 253.20420837402344 242.11477661132812 -1 212.10067749023438 118.79179382324219 -1 253.20420837402344 242.11477661132812 -1 212.10067749023438 118.79179382324219 -1 
17 0.95794487492756053 0.036440383924395282 -0.28452063500912128 -0.0078564160702927124 3.9317284972269633 2.549147536142101 0.53615694854416207 1 000014.png
152.46174621582031 191.67918395996094 -1 131.75689697265625 43.892574310302734 -1 158.08157348632812 58.179347991943359 179 131.75689697265625 43.892574310302734 -1 158.08157348632812 58.179347991943359 181 104.38115692138672 86.038833618164062 169 104.38115692138672 86.038833618164062 -1 222.19062805175781 84.766647338867188 4 105.24501037597656 31.501811981201172 7 105.24501037597656 31.501811981201172 6 98.359649658203125 13.60973072052002 5 196.00015258789062 103.9481201171875 8 82.591217041015625 18.071382522583008 9 174.07339477539062 84.196296691894531 -1 84.669075012207031 89.104537963867188 -1 202.27792358398438 116.55818176269531 108 242.69306945800781 140.21800231933594 -1 236.40406799316406 240.36698913574219 -1 174.07339477539062 84.196296691894531 -1 174.07339477539062 84.196296691894531 -1 202.27792358398438 116.55818176269531 107 202.27792358398438 116.55818176269531 -1 135.11036682128906 203.65313720703125 -1 217.29656982421875 108.09208679199219 -1 135.11036682128906 203.65313720703125 -1 102.67417907714844 59.114898681640625 -1 217.29656982421875 108.09208679199219 -1 217.29656982421875 108.09208679199219 -1 154.77378845214844 66.486137390136719 -1 184.59028625488281 98.906074523925781 55 231.98390197753906 79.623031616210938 -1 177.89808654785156 84.911209106445312 -1 136.50852966308594 125.50547027587891 -1 171.27030944824219 142.41481018066406 64 126.31369018554688 202.88688659667969 207 184.59028625488281 98.906074523925781 11 126.31369018554688 202.88688659667969 208 156.72169494628906 29.727758407592773 120 91.625434875488281 70.153404235839844 -1 96.313438415527344 108.78396606445312 -1 195.96669006347656 84.751701354980469 12 187.96412658691406 83.495643615722656 -1 221.66682434082031 71.988441467285156 156 179.41424560546875 85.167587280273438 -1 248.78373718261719 88.773735046386719 191 195.96669006347656 84.751701354980469 16 187.96412658691406 83.495643615722656 -1 100.48841094970703 63.657318115234375 -1 243.24537658691406 84.476829528808594 22 221.58172607421875 103.41919708251953 -1 198.68959045410156 110.05226135253906 18 96.759651184082031 115.85294342041016 223 105.32689666748047 65.481254577636719 -1 233.40719604492188 251.35299682617188 195 233.40719604492188 251.35299682617188 196 123.40491485595703 59.192539215087891 -1 99.401351928710938 131.45816040039062 -1 221.05119323730469 134.54495239257812 -1 154.06260681152344 56.905811309814453 -1 112.57356262207031 59.100345611572266 -1 178.18968200683594 98.44927978515625 -1 216.64759826660156 105.73397827148438 -1 204.23710632324219 120.67982482910156 23 221.05119323730469 134.54495239257812 209 204.23710632324219 120.67982482910156 25 154.06260681152344 56.905811309814453 -1 112.57356262207031 59.100345611572266 -1 96.750892639160156 94.867965698242188 -1 178.18968200683594 98.44927978515625 71 216.64759826660156 105.73397827148438 -1 229.12753295898438 109.41103363037109 -1 196.71366882324219 115.51265716552734 28 239.16445922851562 116.92191314697266 -1 112.57477569580078 254.627197265625 -1 108.57613372802734 14.382040023803711 113 109.26324462890625 18.449863433837891 30 95.711585998535156 56.346591949462891 175 91.978782653808594 113.62889099121094 -1 170.9482421875 145.32449340820312 -1 124.38168334960938 61.248405456542969 -1 96.498664855957031 63.715419769287109 -1 238.43891906738281 126.54259490966797 -1 242.50936889648438 129.85530090332031 174 145.12648010253906 176.53153991699219 -1 143.09495544433594 188.04522705078125 -1 11.095999717712402 192.62394714355469 -1 128.40777587890625 64.677742004394531 -1 131.34779357910156 66.8321533203125 -1 189.21893310546875 79.108619689941406 -1 86.642631530761719 3.0966446399688721 83 175.55410766601562 105.85980987548828 31 228.1192626953125 97.287940979003906 176 93.668792724609375 120.024169921875 -1 137.25453186035156 71.642890930175781 -1 86.642631530761719 3.0966446399688721 86 96.498664855957031 63.715419769287109 -1 112.57477569580078 254.627197265625 -1 133.31074523925781 72.272857666015625 -1 189.21893310546875 79.108619689941406 -1 209.57417297363281 108.52606201171875 -1 224.37069702148438 116.03379058837891 -1 228.05960083007812 118.77676391601562 -1 204.55522155761719 116.85781097412109 81 172.21604919433594 116.60360717773438 177 207.048095703125 114.03281402587891 -1 218.83648681640625 111.92885589599609 -1 216.65406799316406 109.93718719482422 -1 93.319343566894531 18.078245162963867 -1 231.98426818847656 90.525489807128906 24 103.44895172119141 22.055704116821289 37 92.563323974609375 48.601173400878906 -1 207.048095703125 114.03281402587891 -1 89.040809631347656 7.6278133392333984 -1 190.57704162597656 123.73741912841797 -1 252.9981689453125 238.95429992675781 -1 176.08964538574219 69.905975341796875 -1 121.61009979248047 62.610710144042969 -1 248.70994567871094 247.32376098632812 -1 172.21604919433594 116.60360717773438 178 109.03242492675781 248.57968139648438 -1 252.9981689453125 238.95429992675781 -1 142.00128173828125 191.40592956542969 -1 24.612968444824219 172.01515197753906 173 190.57704162597656 123.73741912841797 -1 106.39206695556641 244.42692565917969 -1 97.858955383300781 53.305641174316406 -1 58.241268157958984 147.81263732910156 -1 121.44191741943359 59.570903778076172 -1 
