# 3D point list with one line of data per point:
#   POINT3D_ID, X, Y, Z, R, G, B, ERROR, TRACK[] as (IMAGE_ID, POINT2D_IDX)
# Number of points: 180, mean track length: 4.177777777777778
1 6.8225981144589687 -1.6829004976838009 17.714469174345037 86 83 74 1.5406291643718875 5 1 9 0 6 1 8 0 7 1 4 0
2 6.8225981144589687 -1.6829004976838009 17.714469174345037 86 83 74 1.5406291643718875 5 2 9 1 6 2 8 2 7 2 4 2
3 6.4975002517513634 -1.9052540855352276 17.680150485727314 101 102 96 1.4309088030187358 9 4 8 7 7 7 6 6
4 7.2600284433304401 -1.4672059037285823 17.505881691696558 82 104 126 0.5909466964469583 5 6 9 7 6 7 8 8 7 6 4 4 14 8 11 4 17 7 10 13
5 6.6489311838379903 -1.9756117881277395 17.704196471551352 254 255 248 0.41090187397787226 5 10 9 10 6 10 8 11 7 10 4 8 14 19 11 8 17 10 10 21
6 6.684300782091948 -1.8439715496432829 17.693965249740579 51 44 29 0.51784125755210886 5 11 9 11 6 11 8 12 7 11 4 9 14 14 11 6 17 9 10 22
7 6.684300782091948 -1.8439715496432829 17.693965249740579 51 44 29 0.51784125755210886 5 12 9 15 6 12 8 16 7 13 4 10 14 17 11 5 17 8 10 23
8 7.1513684686174921 -1.3296217508881134 17.577009519369398 133 128 126 1.0246332566886038 5 15 9 21 6 13 8 22 7 15 4 11 14 24 11 9 17 11 10 37
9 6.5782187255378641 -1.9368412799230801 17.726912667884193 91 92 81 0.84097803851858077 5 14 9 28 6 25 8 26 7 17 4 16 14 30 11 10 17 12 10 34
10 7.0488719030957272 -1.3884873106237463 17.701042449456637 114 114 109 1.6676771698706789 9 38 6 26 6 49 8 32 7 28 14 55
11 7.0915118620367252 -1.3583741021942817 17.594983810498924 254 255 249 0.28169081776235833 5 28 9 40 6 28 8 39 7 24 4 33 14 56 11 34 17 35 10 55
12 7.1409701386055886 -1.46283814669165 17.566513206980453 254 255 249 0.39416835041257764 5 40 9 43 6 40 8 50 7 38 4 41 14 58 11 40 17 40 10 60
13 7.2750610952659978 -1.3846818213066328 17.510511968722973 63 85 108 0.37642761923393186 5 51 9 44 6 60 8 57 7 56 4 52 14 86 10 67
14 7.0871220276391993 -1.4032988519748333 17.671894318228766 32 31 31 1.8428311706655491 5 37 9 45 6 41 8 45 7 39
15 7.067482941153064 -1.4012590308775268 17.615138709529568 32 31 31 1.6168001218697909 5 62 9 48 6 48 7 41
16 7.1409701386055886 -1.46283814669165 17.566513206980453 254 255 249 0.39416835041257764 5 31 9 49 6 35 8 55 7 44 4 37 14 61 11 42 17 45 10 62
18 7.1605243564000194 -1.2756564615094999 17.570148944070532 138 126 122 0.48297487077539458 5 47 9 55 6 59 8 63 7 55 4 48 14 73 11 53 17 50 10 68
19 7.0409529404078643 -1.1064166991512348 17.632460124360961 138 136 138 0.90114966622581627 5 45 9 56 6 55 7 49 4 53 14 70 10 69
21 7.2353263385068844 -1.4883660807340908 17.519635450443694 67 93 115 0.55530220905393457 5 53 9 63 6 58 8 65 7 51 14 76 4 70 10 74
22 7.3746269094314494 -1.452081658442218 17.485576373716526 159 160 163 1.7257051374445851 5 30 9 64 6 56 14 48 17 48 10 42
23 7.1910627084536518 -1.1989165655321419 17.564716447004603 252 248 239 0.56267593404790883 5 80 9 67 6 74 8 76 7 68 14 95 11 65 17 62 10 81
24 7.3036787259108813 -1.4099259971147418 17.491096578470394 147 147 147 0.96819531927579483 5 75 9 70 6 112 7 95 17 108
25 7.1912755632379799 -1.1993664430524749 17.564617466388921 252 248 239 0.57179470851934089 5 65 9 71 6 65 8 81 7 60 4 58 14 91 11 69 17 64 10 89
26 7.2426231649991868 -1.2217841744495648 17.600512240597485 48 49 43 1.9201722310972749 5 56 9 72 6 54 8 58 7 53 14 79
27 6.6209339826326676 -1.9989455142943802 17.713708331569663 227 170 140 0.53089575465526284 5 88 9 73 6 100 8 98 7 79 4 67 14 89 10 112
28 7.1518472118715222 -1.2364580930014539 17.574593403014305 253 255 244 0.4901077152022757 5 79 9 74 6 73 8 74 7 67 4 66 14 93 11 61 17 71 10 87
29 7.2426231649991868 -1.2217841744495648 17.600512240597485 48 49 43 1.9201722310972749 5 44 9 75 6 57 8 62 7 50 14 72
30 6.7018322010304514 -1.9410542826513348 17.686500366883671 247 220 203 0.36071365937770211 5 86 9 78 6 101 8 83 7 80 4 87 14 103 11 77 17 75 10 103
31 7.050948854914135 -1.3061307621269664 17.614787750719184 50 49 49 0.49110690143175906 5 109 9 82 6 108 8 87 7 98 14 112 11 129 17 90
32 7.4599019231329056 -0.97481638989261887 17.652478094080699 93 102 103 1.629135526212609 5 103 9 89
33 7.2716284619528269 -1.1894109395000276 17.692363558582546 91 97 98 1.9273833093635599 5 95 9 91 6 80 7 73
34 7.1038548625014482 -1.440327275560235 17.661307061781947 104 107 106 1.1801655939285822 9 94 8 137 14 99
35 7.1987951870381419 -1.4720422504328321 17.54417226791173 114 119 128 0.30412436962041994 5 116 9 95 6 113 14 115 10 129
36 7.2184907324300482 -1.4972018866566086 17.538032074705434 125 136 150 0.43003017407364441 5 71 9 96 6 82 8 72 7 83 4 92 14 116 11 58 10 85
37 6.6726581662422983 -1.9130665479918296 17.694709138850524 230 187 158 0.60287288959437091 5 127 9 102 6 119 8 120 7 91 4 121 14 121 11 118 17 109 10 121
38 7.2571109052882701 -1.3855821251641354 17.49868116496706 66 84 102 0.36895901060131364 5 112 9 104 6 110
39 7.0742817750897435 -1.353606119574055 17.59690102232738 254 252 236 0.44609823842756108 5 110 9 109 6 109 8 113 7 97 4 110
40 7.1988142062885245 -1.4723179112220597 17.543667140680785 114 119 128 0.32157028937742316 5 123 9 110 6 123 14 128
41 7.227330212554345 -1.5640392990776497 17.507544775330764 124 143 161 0.27969454473326177 5 126 9 116 6 117 8 116 7 115 4 125
42 6.8269586353756084 -1.6877766828769984 17.742282515048661 24 25 20 1.0299371984166394 5 0 6 0 8 1 7 0 4 1
43 6.2097228708029419 -1.5252958541819304 16.919643897306816 251 207 164 0.60571800875347404 5 4 6 3 8 3 7 3 14 2 10 7
44 6.5503487648935073 -0.90012243765851974 17.122499764305665 86 79 70 0.71157356226665114 5 7 6 4 7 4 4 6
45 6.5503487648935073 -0.90012243765851974 17.122499764305665 86 79 70 0.71157356226665114 5 9 6 5 7 5 4 5
46 6.8449335431463112 -0.3887627342774182 16.492277607640581 77 74 62 1.0574983659527535 6 8 8 4 7 9
47 7.2555135963278463 -1.2676160317396685 17.410243710889372 146 146 148 1.3458055139540983 9 13 6 9 8 14 14 12
49 6.1898306798251381 -1.328095619631559 16.68019435312814 238 70 60 0.81070237728423411 5 29 6 15 8 21 7 14 14 25 10 26
50 6.8272088121316905 -0.47020081557400784 16.716839087435009 123 124 119 0.93149727636790769 6 18 8 17 7 16 14 27 10 40
52 7.2158745472291717 -1.0877008510207751 17.44834162440236 121 122 119 1.2737954911002389 9 26 6 23 14 32
53 7.2158745472291717 -1.0877008510207751 17.44834162440236 121 122 119 1.2737954911002389 9 31 6 27 14 37
54 6.1117404716681474 -1.5353776770581837 17.030148607362793 110 111 108 1.2724753252487961 6 30 7 18 8 56 14 47 11 28 10 45
55 7.0902295052346869 -1.3579845064630183 17.59304394169952 254 255 249 0.27517557121836222 9 34 6 31 8 44 7 27 14 50 11 30 17 29 10 51
56 6.7833119563138231 -1.6003665294157707 17.460852374406681 99 100 95 0.76334806635804953 9 53 14 54 10 44
57 7.2552830201814338 -1.5584527570893758 17.507945546882858 89 119 154 0.19287716834263324 5 36 6 39 8 53 7 33
58 7.0565879553824251 -1.3904909578279123 17.714045442314319 115 115 117 1.2853698162791636 9 33 6 44 8 38 7 32 14 49
61 6.3965837346036647 -1.7623076937237192 17.417505989371993 106 102 93 1.0189760374024788 5 22 6 47 7 40
63 7.2392907783950191 -1.4894342773905414 17.52811089859355 66 92 117 0.44396530975987414 9 61 6 52 8 59 7 46 14 77 10 80
64 7.023908310267017 -1.0414831086736991 17.615752628472155 138 134 130 0.91002951067928795 5 46 9 57 6 62 8 60 7 48 4 45 14 83 11 32 17 33 10 64
65 6.7033446339673528 -1.6278981281618883 17.324573617379421 21 19 11 1.0446512290758905 6 63 8 70 7 59
67 6.3856863704329401 -1.2146949217798868 17.496186011616881 38 33 26 2.0429691933603187 9 76 6 67 8 73
71 7.0609427957443902 -1.3598707887823187 17.607269485047809 58 53 52 0.55520701218027346 9 80 6 83 8 86 7 85 14 107 4 81 17 68 10 82
72 6.4409612388182031 -1.3364013050138366 17.17205504207325 234 73 62 2.3461453203374139 5 73 6 85
73 7.0904898161314813 -1.0526699872916436 16.679715516838979 155 155 158 1.4812009573474765 5 91 6 88 8 97 7 71
75 6.9032663392542473 -1.4152362171721466 17.271610224502165 106 111 106 1.3524310076159503 5 118 6 92
76 5.952408180954551 -0.80751184081571659 16.903533059275048 95 102 104 1.2166063525753814 9 36 6 95
78 5.952408180954551 -0.80751184081571659 16.903533059275048 95 102 104 1.2166063525753814 9 41 6 99
79 6.7039101718370464 -1.6238621745136799 17.540024000347113 94 87 78 1.5876417614791938 5 93 6 102 8 66 7 120
80 7.0783026331242507 -1.1956644984315667 17.598959112058338 113 111 111 0.57906055461326744 9 99 6 103 14 131 10 143
81 7.1868855772349924 -1.2265500397120381 17.555234048699848 228 178 151 0.48674715314168315 9 113 6 104 17 102 11 136 10 128
82 6.5028238894752999 -0.9070170528474375 17.111303775310297 243 75 59 1.0306568274887231 5 99 6 105 8 94
83 6.5787352187533994 -2.0492113070466638 17.703390408926417 153 128 116 0.5707623061478132 9 106 6 107 8 125 17 89 10 126
84 7.1292293211550124 -1.4997811761426301 17.563070555222946 85 79 71 0.19198354406083479 5 119 6 114 8 114 7 108 4 115
85 6.207269223035933 -1.4616524330064655 17.091187117355535 251 133 128 0.49564426213357149 5 117 6 118
86 6.5787352187533994 -2.0492113070466638 17.703390408926417 153 128 116 0.5707623061478132 9 108 6 121 8 126 17 94 10 132
87 6.6482492052385664 -1.9330555903794779 17.786449900775246 254 251 206 2.0531448298593054 5 129 6 127 8 123 10 125
89 7.1445648525263952 -1.2087451287670872 17.545225303387959 93 105 119 0.57537944832290422 9 92 6 131 8 99 7 118
90 6.3339500322504794 -1.1275142512822951 17.490179440583301 89 92 91 1.0728118464525804 9 85 6 132 8 88 10 140
91 6.1545385249344315 -1.4667395346451884 17.03238459187919 247 127 127 1.2095941005848896 6 133 8 117 7 111 14 106 10 95
94 6.6379267276168399 -1.8659537032662676 17.066842056846031 85 90 90 0.92533874473064448 5 81 6 45
95 6.7021247761602556 -1.558764319891651 17.307859553824557 99 100 95 1.3531996402071336 5 35 6 46 8 36 7 31
96 6.6995048812424836 -1.6216595167442158 17.318887782861861 21 19 11 1.4383444260654608 5 70 6 71 8 80 7 65
103 7.293350127052955 -0.34607143496397691 17.204961728891643 84 85 72 0.086394350141251131 9 39 14 60
104 7.293350127052955 -0.34607143496397691 17.204961728891643 84 85 72 0.086394350141251131 9 37 14 63
107 7.1760392779431168 -1.2270509834802112 17.560542609184036 250 247 231 0.46990854170734436 9 30 8 29 14 36 11 20 17 20 10 33
108 7.1760392779431168 -1.2270509834802112 17.560542609184036 250 247 231 0.46990854170734436 9 27 8 30 14 35 11 13 17 15 10 38
110 6.3661565283832964 -1.1183743958450238 17.498736581968007 102 109 105 0.99456933743240039 9 47 8 41 14 40 10 50
111 6.3661565283832964 -1.1183743958450238 17.498736581968007 102 109 105 0.99456933743240039 9 46 8 43 14 57 10 56
112 7.2220453429793361 -1.4377726582921719 17.523142694472217 66 88 109 0.30914721130376444 9 59 8 52 14 81 4 55 10 75 5 61
113 6.6938959984623496 -1.96978343328607 17.681370127013064 102 98 95 0.44527969081399804 9 103 8 96 14 127 10 97 17 74
116 6.7030761257759233 -1.6345898046881846 17.596048286535158 54 44 35 0.82536958943777206 9 101 8 119 14 117
117 6.3799376967026538 -1.3526052890724685 17.712392503204143 113 112 106 0.7702017731895765 5 25 7 19
118 6.6832375768297734 -1.8572817567356583 17.192166580456597 89 97 96 0.47579273049882415 6 14 8 27 7 21
119 7.0595095518703364 -1.1413668886928028 16.367129742336267 164 167 168 0.25268138051305233 5 26 7 26
120 6.6962992894715816 -1.8944545358547906 17.254280845790159 85 90 90 1.7606747290641134 5 41 6 34 7 34 8 35 14 43 11 50 17 37 10 43
121 7.1314696432836353 -1.18790247090901 17.647575620039106 131 131 127 0.3554922757115217 5 33 6 50 7 42 4 47
122 7.1898225555091821 -1.4365117609969102 17.519693320387194 158 155 155 0.14612816780472856 5 55 7 54 4 56
123 6.646873413971222 -1.8585265618041413 17.717417099953334 56 52 37 0.27103772013034994 5 69 6 70 7 64 4 68 14 90 11 70
125 7.1616498863764786 -1.0687469455179885 17.137282307704275 94 100 97 1.6609465861761814 8 92 14 100
126 7.4804133396663133 -1.5131808145357686 17.776264817131448 169 173 179 0.082868348573261696 8 133 7 84
127 6.351700982277583 -1.2643729335619647 17.48848811242177 109 110 104 0.34222241690217714 5 76 7 86
129 7.1272153405727732 -0.28826934688278855 17.408296748112367 106 102 91 0.94762809648517654 8 109 7 93 4 76
130 7.0419719193294235 -1.2748128904773677 17.609251700335033 50 51 51 1.0026456179754832 8 112 7 99 14 111 11 130
131 7.2481683259945919 -1.456752187969826 17.526674744423431 87 107 130 0.19327888973617807 5 115 8 124 7 105 4 118
132 7.3035805346940101 -1.4566400540975777 17.494525724296761 68 93 124 0.29163529020311479 5 114 7 106 4 126 14 113
134 6.7234545014312594 -1.6416227966971841 17.60329349229724 91 85 73 1.3122535194168836 5 122 6 98 7 112
135 6.2016128413626728 -1.5230114599334399 17.177042622847672 252 134 128 0.094502702594425503 5 133 7 113
136 6.6490241177510994 -1.4548385704593381 16.796682732970574 89 90 80 1.5855538133397937 8 118 7 110
138 6.7085622062318482 -1.9153364690538364 17.670388063383587 62 55 38 0.4387312713508818 7 63 4 78 6 69
140 7.0583321409146436 -1.0512188933003597 17.647098468502143 112 111 111 0.55926495140597554 7 109 4 95
141 6.9046351678092064 -0.21369340166008599 16.097895741408916 69 68 56 1.0438572374601855 7 78 4 98
142 7.1017298093197736 -0.30433862126676764 16.652184173689118 135 129 121 0.51732290973803741 7 92 4 99
143 6.6320341894434582 -1.8750704351442926 17.715059596294982 219 180 174 0.17591135811859451 7 107 4 122 6 128
144 6.7045494075226539 -1.7978336084482258 17.981276164228721 155 117 115 2.5865855173029546 7 72 4 124
145 6.2260287220021011 -1.5235618382685305 16.964310485878375 249 184 149 0.98757529296346458 8 5 14 4 11 2 10 6
146 6.6530603210173824 -1.7597128908176249 17.632242782273153 45 39 30 0.31551686462042539 9 8 14 7 10 14
147 6.2085228494539626 -1.1916747473495897 16.868632296420472 254 118 115 1.5028573909350835 8 13 14 13 10 18 6 16
148 6.6760292843514231 -1.840353343377533 17.679771186542848 51 44 28 0.33865292927360574 9 14 14 18 10 25
149 6.7508859127871981 -1.7054199577206641 17.630195040168665 96 89 80 0.58585543200169576 9 12 14 20 10 19
150 7.0907228965341442 -0.33859272030377646 17.240923899025468 68 72 67 0.20022941457707222 9 24 14 21
151 6.7589759403966427 -1.6881773355420313 17.658169054874119 94 86 77 2.2488587877837176 9 17 14 26 10 24
152 6.2003921640153372 -1.3272288884783794 16.699320661165199 232 68 61 0.57956693668262427 8 25 14 29
153 6.5954791192803368 -0.67598447617979218 17.352363612161344 217 75 59 1.2056455372793093 9 32 14 33 10 39
154 6.5954791192803368 -0.67598447617979218 17.352363612161344 217 75 59 1.2056455372793093 9 25 14 38 10 41
155 7.4450308253447508 -1.5282246260194257 17.795702537691561 0 0 0 1.4632394168961391 4 18 7 47
156 7.2528153470507757 -1.5544025696784471 17.50716883727743 90 117 148 0.40532069411766242 4 34 9 52 14 59 11 36 17 42 10 58
157 7.1113228213953388 -1.1348824497858325 17.796685420487197 139 133 131 2.5374893397134377 8 61 14 71
158 6.5109090479887808 -0.69826970762423812 17.277367237839034 252 106 102 1.9305201573172877 8 79 14 82 11 18 10 70
159 7.0559719084223733 -0.27811057536142503 17.188854899243864 115 115 104 1.0350769764974586 9 114 14 84
162 7.2129357755099264 -1.2472525951454809 17.553507289865841 255 250 221 0.37612044900304187 9 105 14 109
163 7.2089197991953542 -0.51276390049320719 17.200675703923071 133 135 135 0.37942252514758223 9 90 14 118
164 7.3047882242071456 -1.0732231481080674 17.279797346159697 137 137 135 0.15106713959244125 9 107 14 124
165 7.0501924254945303 -1.0510780044811658 17.384683502527867 138 135 131 0.11201137417737299 9 93 14 126
166 6.8628449671696155 -1.681490297963302 17.710974504679623 85 82 73 0.44696869149764856 9 66 14 130
167 6.2071513819496111 -1.715794269259646 17.1456724858092 91 93 83 0.50302501850990966 8 19 14 22
168 6.3865885307691057 -1.7312727974998643 17.21748441158541 95 87 77 0.26776387583766365 8 10 14 44
169 6.2468500498570014 -1.5150484910605071 17.00975458337842 252 175 139 1.1353584934587271 14 3 11 3 17 5 10 8
170 7.0901608067366704 -1.620034201230437 17.338480512564725 143 142 156 0.60736002483792018 14 64 11 47
171 6.1900704672197344 -0.92687351372255278 17.548661983948218 95 101 100 1.8248110826356951 14 97 11 107
172 6.2630567083006445 -1.0427596085726585 17.49898515326289 91 95 91 1.3656406594647326 14 125 11 112 10 116 11 111
173 6.1733378729907491 -0.8707495324644472 17.602903828168085 91 101 102 1.1570609405411181 11 125 17 122 10 108
174 7.0219410577771226 -1.1775202969916641 16.995075149008176 97 104 105 1.1375580135677394 14 104 11 90 17 82 10 101
175 6.6528641474359871 -1.6681407243198969 17.730020047794078 131 128 125 0.12501435220066509 6 116 17 76
176 7.2931069996535962 -1.3765701411003308 17.502302427611411 147 143 144 0.66006296808092235 6 81 11 128 17 91 7 96 10 124
177 7.0440405285049206 -1.2288942200462385 17.632491775308907 48 40 38 0.2358862630188166 6 130 11 92 17 103 5 125
178 7.0431222815025185 -1.2282964861791374 17.632176393338504 48 40 38 0.30401166204403562 6 125 17 118
179 6.5940761481411654 -1.6756264798220895 17.088016697874842 0 0 0 1.1853891164631984 14 0 17 2
181 6.5940761481411654 -1.6756264798220895 17.088016697874842 0 0 0 1.1853891164631984 14 1 17 4
182 6.5080707899848571 -1.8653784416517734 17.776432763192645 89 90 84 2.3783271890652458 14 5 10 5
184 7.0993803310207033 -1.6160805024794305 17.491527548914735 116 117 117 0.17556051586825019 14 9 10 16
185 6.2069166013251218 -1.1849940928002367 16.872207302116312 254 117 114 0.94303024772655686 14 15 10 17
188 7.1581432881225426 -1.3312107637775568 17.596443108975372 138 128 128 1.3290330663273981 5 17 10 31
190 7.0383192801801933 -1.412350689232825 17.67345664414141 111 110 109 1.3928343956764855 14 34 10 36
191 7.3893333402717181 -1.4292620385929493 17.474582043261442 0 0 0 0.77353664667076905 8 37 11 29 17 44
193 7.0544127928254623 -1.4381896548034907 17.539146107468458 27 30 29 2.6832751863001154 11 38 14 67 10 46
194 6.8028407663683517 -1.6010592367749203 17.517844332007119 0 0 0 0.44352918985800893 9 51 14 46
195 6.8391021411834645 -0.36994081549000291 16.786731624842584 132 138 136 1.2283062095637571 14 65 17 53 10 57
196 6.8402278810805388 -0.36673792631275437 16.789832489132099 132 138 136 1.4036090666835788 17 54 10 59
197 6.743307734183869 -1.8766591585233716 17.688409118764412 93 90 85 0.52539033425351933 11 52 10 61
198 6.6366237459004047 -1.5283816752092239 17.420072636799805 47 37 25 2.19772364292941 14 41 10 71
199 6.4532268536079993 -0.69724340792169659 17.156082453816264 251 105 102 0.032561091523408719 14 80 10 72
200 6.6322833419341061 -1.8145632316178286 17.729646805372923 138 138 132 0.51437270859129103 5 49 10 73
201 6.7920050048947509 -1.9186879099972474 17.446763874888788 81 82 81 0.42101996336044178 9 50 10 76
202 6.5680538996953031 -1.8236054287181078 17.661047282931285 86 84 74 0.29584508231687695 11 71 10 77
203 6.6322833419341061 -1.8145632316178286 17.729646805372923 138 138 132 0.51437270859129103 5 42 10 78
204 6.7968323941322222 -1.6593017060016775 17.783091511264995 94 84 72 2.688628955945636 11 78 10 79
206 6.9551038318138048 -1.1274766270939363 17.043247340776315 120 123 123 0.49985164177802288 11 64 10 90
207 6.4851416825062493 -0.67288201903856237 17.195317579995187 249 105 102 1.2646239010371148 17 34 10 91 11 39
208 6.4851416825062493 -0.67288201903856237 17.195317579995187 249 105 102 1.2646239010371148 17 36 10 93 11 41
209 6.9863283959006095 -1.1271261598438185 17.104003951282735 120 123 123 1.7446097538880483 11 67 17 63 10 94
211 6.3810449607368707 -1.1775361067410275 17.414424103542178 99 98 98 1.1249655556876124 14 122 10 100
213 6.186868336989364 -1.0338722886169533 17.47574457760151 107 112 106 0.9662257211466756 6 89 10 104
216 6.3680064671975263 -1.2335689539873047 17.469789116823758 101 98 90 1.9625802500546465 8 111 10 115
217 6.7848023525179544 -1.5971305355635768 17.30976974461047 90 92 82 3.4547983667538924 6 120 10 136
218 6.3680064671975263 -1.2335689539873047 17.469789116823758 101 98 90 1.9625802500546465 8 127 10 137
219 7.1911888592491886 -1.165496004100447 17.569454186821499 106 102 101 0.41219243215517382 5 66 6 66 7 69 11 121 10 99 9 84 6 75 8 89 7 62 14 102
220 7.1769661756598264 -1.4309703644361618 17.470338003053417 106 116 124 1.7504398368862064 14 69 10 66 5 52 9 54 6 61 8 64 7 52 4 54 14 75
221 6.1936087518029277 -1.4572284852942612 17.223531198394948 96 96 90 1.0713597436924207 8 9 14 10 10 20
222 6.8527882799562221 -0.46515160914230907 16.771993377270967 143 143 142 0.25877586359718718 14 23 10 29
223 6.1877394586910128 -1.2846657547351088 16.991904963212999 246 113 113 2.8181104574357763 17 51 10 98
224 6.6114409376385384 -0.87505985378499085 15.597707175446571 0 0 0 1.2022640289549336 6 134 8 93
225 6.6272643188862688 -0.83732504156009702 17.160818767410106 94 92 84 3.6285055935266826 11 0 10 1
