# Frame list with one line of data per frame:
#   FRAME_ID, RIG_ID, RIG_FROM_WORLD[QW, QX, QY, QZ, TX, TY, TZ], NUM_DATA_IDS, DATA_IDS[] as (SENSOR_TYPE, SENSOR_ID, DATA_ID)
# Number of frames: 11
51 1 0.99939464935575029 0.021097993143133317 -0.027628592595327864 -0.0013676240824500815 -2.816742338709743 -0.33496681219381114 -0.33630735296317382 1 CAMERA 1 51
54 1 0.99888157850901205 0.035950595241312042 -0.030701409464409714 0.00075516490804782119 -2.9274984123155261 -0.31865341485463794 -0.37849558116252963 1 CAMERA 1 54
59 1 0.9990149728556772 0.030955351548489624 -0.031793562199161705 0.00014008343266238814 -0.92868287436620611 -0.32140837868804373 -0.086625514896889369 1 CAMERA 1 59
71 1 0.99905331534377118 0.032139894967664492 -0.029317097218491295 8.9792920944706953e-05 -2.1672145454160492 -0.31849091012609804 -0.24543170902299738 1 CAMERA 1 71
74 1 0.9984435040655415 0.021643004208325115 -0.051390188859836511 0.0010945533846865227 2.1975963139244437 -0.36788218202072615 0.27166997864031184 1 CAMERA 1 74
76 1 0.99899627459744167 0.025571624453963052 -0.036773325794061569 -0.00050781223137656619 -2.9127885080248186 -0.31333625196174325 -0.070786918459193007 1 CAMERA 1 76
78 1 0.99924245994594607 0.027894111295897677 -0.027064752061272179 -0.0019809068752216614 4.7391194969610533 0.22929068294105051 0.089182967096774438 1 CAMERA 1 78
81 1 0.99943283868032862 0.025239504750701702 -0.021985242680756484 -0.0036901858473305238 -2.3066580297517834 0.46278795990285287 0.41011069916276705 1 CAMERA 1 81
82 1 0.99923504748909586 0.029004332530852963 -0.026122738436129098 -0.0023814072524185478 -2.8649284309064074 0.44721334909037647 0.34966740743919039 1 CAMERA 1 82
83 1 0.99924798584396934 0.028099222128801452 -0.026610755726251 -0.0024008711345488011 7.0294571990617678 0.44186591783713797 0.33316720875756289 1 CAMERA 1 83
84 1 0.99921697778039198 0.029111039634398359 -0.026686104830429366 -0.0024146419617663119 12.946469630958431 0.51630471433635816 0.37649113076366003 1 CAMERA 1 84
