# Image list with two lines of data per image:
#   IMAGE_ID, QW, QX, QY, QZ, TX, TY, TZ, CAMERA_ID, NAME
#   POINTS2D[] as (X, Y, POINT3D_ID)
# Number of images: 11, mean observations per image: 0.72727272727272729
51 0.99939464935575029 0.021097993143133317 -0.027628592595327864 -0.0013676240824500815 -2.816742338709743 -0.33496681219381114 -0.33630735296317382 1 000050.png
131.06871032714844 117.51630401611328 -1 136.63429260253906 201.08642578125 -1 172.97946166992188 129.59162902832031 -1 200.09202575683594 74.706977844238281 -1 130.85873413085938 134.39352416992188 168 113.00441741943359 24.640554428100586 -1 130.77427673339844 170.78659057617188 -1 151.74717712402344 155.65219116210938 -1 130.77427673339844 170.78659057617188 -1 130.77427673339844 170.78659057617188 -1 97.993911743164062 28.870763778686523 -1 118.75009155273438 177.54170227050781 -1 221.53817749023438 200.05148315429688 -1 187.57525634765625 51.876216888427734 -1 124.87989044189453 11.087244987487793 -1 201.77931213378906 60.099514007568359 -1 239.93057250976562 88.488250732421875 -1 224.67864990234375 104.6077880859375 -1 151.689697265625 120.67788696289062 -1 239.93057250976562 88.488250732421875 -1 239.93057250976562 88.488250732421875 -1 135.29545593261719 34.133411407470703 -1 140.32247924804688 180.78456115722656 -1 132.63761901855469 179.54270935058594 -1 132.63761901855469 179.54270935058594 -1 135.29545593261719 34.133411407470703 -1 156.5115966796875 76.911544799804688 -1 167.9149169921875 90.575973510742188 -1 164.33834838867188 102.72946166992188 -1 151.991943359375 103.7578125 -1 141.74798583984375 19.768239974975586 -1 180.85841369628906 44.772090911865234 -1 156.5115966796875 76.911544799804688 -1 169.93087768554688 63.016304016113281 -1 236.09962463378906 82.578056335449219 -1 175.36497497558594 95.306221008300781 -1 197.90155029296875 192.06242370605469 -1 121.71288299560547 26.631080627441406 -1 174.3604736328125 39.958667755126953 -1 195.32968139648438 62.435947418212891 -1 169.93087768554688 63.016304016113281 -1 181.5009765625 77.034988403320312 -1 236.09962463378906 82.578056335449219 -1 171.92961120605469 88.132858276367188 -1 179.99678039550781 94.394760131835938 -1 175.36497497558594 95.306221008300781 -1 169.01585388183594 95.850074768066406 -1 161.51679992675781 119.57286834716797 -1 197.90155029296875 192.06242370605469 -1 251.52461242675781 217.14697265625 -1 121.71288299560547 26.631080627441406 -1 195.32968139648438 62.435947418212891 -1 169.93087768554688 63.016304016113281 -1 164.97579956054688 49.275215148925781 -1 154.06439208984375 102.70481109619141 -1 238.99787902832031 197.67501831054688 -1 119.90617370605469 34.702423095703125 -1 116.04750823974609 45.373542785644531 -1 126.29353332519531 30.627521514892578 -1 151.56935119628906 75.688835144042969 -1 177.6514892578125 90.940460205078125 -1 177.6514892578125 90.940460205078125 -1 240.54751586914062 121.85406494140625 -1 207.11317443847656 171.76242065429688 -1 222.45973205566406 187.46513366699219 -1 126.29353332519531 30.627521514892578 -1 116.04750823974609 45.373542785644531 -1 202.40133666992188 188.4761962890625 -1 238.63385009765625 203.74188232421875 -1 243.93316650390625 209.16151428222656 -1 111.02816772460938 85.346038818359375 -1 166.42184448242188 88.850517272949219 -1 172.06796264648438 89.090522766113281 -1 180.94229125976562 89.134124755859375 -1 177.95060729980469 90.090599060058594 -1 226.65577697753906 95.744941711425781 -1 252.36795043945312 109.08833312988281 -1 114.51681518554688 111.10572814941406 -1 151.81315612792969 116.39641571044922 -1 92.611404418945312 123.42024230957031 -1 241.44827270507812 200.09031677246094 -1 207.50221252441406 230.69366455078125 -1 184.37928771972656 69.888717651367188 -1 108.92857360839844 5.0670065879821777 -1 100.10749816894531 6.0368361473083496 -1 117.02466583251953 36.583572387695312 -1 216.97093200683594 181.52445983886719 -1 212.11117553710938 176.68264770507812 -1 203.64138793945312 168.00096130371094 -1 194.95761108398438 159.35206604003906 -1 54.363925933837891 158.41935729980469 -1 60.793754577636719 153.15043640136719 -1 108.92857360839844 5.0670065879821777 -1 169.38145446777344 40.534408569335938 -1 111.02816772460938 85.346038818359375 -1 169.38145446777344 40.534408569335938 -1 166.42184448242188 88.850517272949219 -1 177.95060729980469 90.090599060058594 -1 133.48355102539062 184.03123474121094 -1 207.50221252441406 230.69366455078125 -1 177.02175903320312 44.16888427734375 -1 196.13449096679688 56.768360137939453 -1 83.844581604003906 134.38534545898438 -1 133.48355102539062 184.03123474121094 -1 189.58193969726562 64.309814453125 -1 158.53752136230469 80.517868041992188 -1 242.9949951171875 82.657752990722656 -1 19.998590469360352 186.50904846191406 -1 6.7379140853881836 197.16342163085938 -1 166.42184448242188 88.850517272949219 -1 200.997314453125 165.34162902832031 -1 86.279502868652344 132.11907958984375 -1 
54 0.99888157850901205 0.035950595241312042 -0.030701409464409714 0.00075516490804782119 -2.9274984123155261 -0.31865341485463794 -0.37849558116252963 1 000051.png
130.44180297851562 117.20941925048828 240 136.597412109375 201.10476684570312 -1 173.31167602539062 129.69744873046875 -1 200.07199096679688 74.680305480957031 -1 130.84954833984375 134.0831298828125 168 113.00364685058594 24.654911041259766 -1 226.0450439453125 121.89972686767578 -1 226.0450439453125 121.89972686767578 -1 130.78726196289062 170.46543884277344 -1 151.70401000976562 155.66020202636719 -1 203.80072021484375 189.28218078613281 -1 203.80072021484375 189.28218078613281 -1 130.78726196289062 170.46543884277344 -1 130.78726196289062 170.46543884277344 -1 98.037162780761719 29.15580940246582 -1 118.83960723876953 177.78114318847656 -1 222.17088317871094 201.04794311523438 -1 235.69490051269531 214.31591796875 -1 181.84605407714844 155.66311645507812 -1 125.00556945800781 11.276131629943848 -1 151.63748168945312 120.76283264160156 -1 239.78366088867188 88.462547302246094 -1 224.49263000488281 104.80260467529297 -1 201.67283630371094 59.964370727539062 -1 75.534904479980469 147.52470397949219 -1 184.16470336914062 155.24858093261719 -1 132.470703125 178.88072204589844 -1 132.470703125 178.88072204589844 -1 239.78366088867188 88.462547302246094 -1 239.78366088867188 88.462547302246094 -1 135.27076721191406 34.265914916992188 -1 231.53086853027344 77.487998962402344 -1 140.405029296875 180.58708190917969 -1 135.27076721191406 34.265914916992188 -1 181.35383605957031 45.620262145996094 -1 174.50093078613281 40.193859100341797 -1 151.98213195800781 104.48567962646484 -1 164.34866333007812 102.72567749023438 -1 156.47384643554688 76.928421020507812 -1 156.47384643554688 76.928421020507812 -1 167.89912414550781 90.597923278808594 -1 121.67337799072266 26.610200881958008 -1 141.611572265625 19.331682205200195 -1 121.67337799072266 26.610200881958008 -1 109.21206665039062 34.845355987548828 -1 239.55108642578125 204.72160339355469 -1 112.92837524414062 43.738513946533203 -1 169.11312866210938 46.637100219726562 -1 169.92176818847656 63.029888153076172 -1 183.22103881835938 70.113655090332031 -1 171.91128540039062 88.11431884765625 -1 180.02398681640625 94.390731811523438 -1 168.97535705566406 95.906883239746094 -1 161.50028991699219 119.51881408691406 -1 198.11021423339844 192.59379577636719 -1 169.92176818847656 63.029888153076172 -1 169.92176818847656 63.029888153076172 -1 198.11021423339844 192.59379577636719 -1 177.61369323730469 91.024917602539062 -1 221.97235107421875 186.79002380371094 -1 115.92709350585938 45.485065460205078 -1 251.3726806640625 88.034454345703125 -1 126.24019622802734 30.615222930908203 -1 229.06387329101562 194.09664916992188 -1 229.57527160644531 74.546195983886719 -1 207.33399963378906 172.08609008789062 -1 25.750785827636719 182.0177001953125 -1 83.464225769042969 131.18647766113281 -1 93.140068054199219 123.04685974121094 -1 226.27354431152344 95.443695068359375 -1 126.24019622802734 30.615222930908203 -1 93.140068054199219 123.04685974121094 -1 83.464225769042969 131.18647766113281 -1 115.92709350585938 45.485065460205078 -1 251.3726806640625 88.034454345703125 -1 177.61369323730469 91.024917602539062 -1 151.58689880371094 75.6707763671875 -1 249.14166259765625 82.931175231933594 -1 195.9521484375 56.965206146240234 -1 214.94078063964844 179.59063720703125 -1 54.084304809570312 158.51237487792969 -1 21.870460510253906 185.01901245117188 -1 15.520726203918457 190.08964538574219 -1 241.68278503417969 200.28977966308594 -1 207.57174682617188 230.37300109863281 -1 35.613548278808594 173.68046569824219 -1 133.42753601074219 184.12226867675781 -1 82.047401428222656 135.67999267578125 -1 86.599281311035156 131.83973693847656 -1 100.06923675537109 5.9001297950744629 -1 116.95016479492188 36.615005493164062 -1 242.17898559570312 108.13626861572266 -1 154.17532348632812 102.77946472167969 -1 169.51542663574219 40.217533111572266 -1 177.97795104980469 89.964981079101562 -1 180.98789978027344 89.115386962890625 -1 108.87265777587891 4.9447031021118164 -1 166.44120788574219 88.918891906738281 -1 110.60686492919922 40.928340911865234 -1 177.97795104980469 89.964981079101562 -1 154.17532348632812 102.77946472167969 -1 168.99806213378906 44.395950317382812 -1 174.82304382324219 53.251529693603516 -1 133.42753601074219 184.12226867675781 -1 207.57174682617188 230.37300109863281 -1 246.71040344238281 84.935501098632812 -1 108.87265777587891 4.9447031021118164 -1 168.13307189941406 60.166683197021484 -1 189.63735961914062 64.298606872558594 -1 172.07290649414062 89.1534423828125 -1 243.04660034179688 82.565467834472656 -1 166.44120788574219 88.918891906738281 -1 166.44120788574219 88.918891906738281 -1 177.00157165527344 139.92098999023438 -1 195.46656799316406 159.78372192382812 -1 
59 0.9990149728556772 0.030955351548489624 -0.031793562199161705 0.00014008343266238814 -0.92868287436620611 -0.32140837868804373 -0.086625514896889369 1 000060.png
132.08441162109375 118.03857421875 -1 136.662353515625 201.22325134277344 -1 173.06330871582031 129.56806945800781 -1 130.99775695800781 134.78581237792969 168 200.06733703613281 74.643898010253906 -1 113.04781341552734 24.703123092651367 -1 126.38127899169922 98.243400573730469 -1 226.02944946289062 121.99398803710938 -1 226.02944946289062 121.99398803710938 -1 130.89361572265625 169.85008239746094 -1 152.10557556152344 155.90948486328125 -1 130.89361572265625 169.85008239746094 -1 130.89361572265625 169.85008239746094 -1 98.08575439453125 29.131378173828125 -1 185.51158142089844 51.258518218994141 -1 119.24420928955078 177.51473999023438 -1 221.64199829101562 200.46783447265625 -1 235.31623840332031 213.68342590332031 -1 124.86716461181641 11.06768798828125 -1 201.7513427734375 60.031326293945312 -1 239.93818664550781 88.286460876464844 -1 224.58126831054688 104.41777801513672 -1 151.66764831542969 121.03150939941406 -1 103.42947387695312 124.31545257568359 -1 184.29046630859375 155.15267944335938 -1 103.42947387695312 124.31545257568359 -1 239.93818664550781 88.286460876464844 -1 239.93818664550781 88.286460876464844 -1 126.26650238037109 23.756370544433594 -1 181.39138793945312 45.481029510498047 -1 231.33523559570312 77.270797729492188 -1 140.40200805664062 180.51193237304688 -1 141.7049560546875 19.705558776855469 -1 135.16117858886719 33.469253540039062 -1 174.57081604003906 40.299980163574219 -1 156.43656921386719 76.9732666015625 -1 167.93563842773438 90.614547729492188 -1 241.33992004394531 116.36514282226562 -1 156.43656921386719 76.9732666015625 -1 135.16117858886719 33.469253540039062 -1 164.32194519042969 102.78877258300781 -1 109.15887451171875 35.064289093017578 -1 121.76837158203125 26.565692901611328 -1 112.97840118408203 43.656505584716797 -1 169.92173767089844 63.024253845214844 -1 171.83250427246094 88.175910949707031 -1 175.44483947753906 95.405632019042969 -1 168.8990478515625 96.005531311035156 -1 248.5203857421875 97.82440185546875 -1 239.65133666992188 100.49198913574219 -1 197.99174499511719 192.049560546875 -1 243.51727294921875 208.77096557617188 -1 251.24520874023438 216.6229248046875 -1 169.92173767089844 63.024253845214844 -1 169.92173767089844 63.024253845214844 -1 175.44483947753906 95.405632019042969 -1 248.5203857421875 97.82440185546875 -1 197.99174499511719 192.049560546875 -1 90.316886901855469 4.6242246627807617 -1 210.36543273925781 72.361534118652344 -1 99.930931091308594 5.4492373466491699 -1 126.38275909423828 30.629123687744141 -1 151.60414123535156 75.622756958007812 -1 219.00682067871094 183.60923767089844 -1 222.62480163574219 187.73049926757812 -1 202.43238830566406 188.47457885742188 -1 229.88224792480469 74.767715454101562 -1 229.02180480957031 193.97279357910156 -1 239.66119384765625 204.82693481445312 -1 242.08197021484375 108.01506042480469 -1 141.39775085449219 18.785148620605469 -1 239.05970764160156 89.796943664550781 -1 179.93913269042969 94.525222778320312 -1 241.84922790527344 97.49334716796875 -1 90.085517883300781 125.55040740966797 -1 210.36543273925781 72.361534118652344 -1 241.84922790527344 97.49334716796875 -1 161.466796875 119.3431396484375 -1 207.22724914550781 171.74929809570312 -1 212.2921142578125 176.71272277832031 -1 181.00370788574219 89.116401672363281 -1 226.48719787597656 95.293754577636719 -1 114.05852508544922 104.98923492431641 -1 252.42245483398438 109.09004211425781 -1 114.40648651123047 111.83180236816406 -1 3.1213231086730957 200.52677917480469 -1 115.86019897460938 45.461822509765625 -1 189.76748657226562 64.144943237304688 -1 108.96551513671875 4.9539504051208496 -1 116.89512634277344 36.644325256347656 -1 169.40725708007812 40.490036010742188 -1 133.48611450195312 184.13870239257812 -1 25.065464019775391 182.51626586914062 -1 216.80368041992188 181.06080627441406 -1 36.366661071777344 172.96438598632812 -1 195.13148498535156 159.31324768066406 -1 104.04779815673828 51.534069061279297 -1 172.06707763671875 89.085502624511719 -1 169.40725708007812 40.490036010742188 -1 196.81053161621094 60.113468170166016 -1 166.39996337890625 88.865386962890625 -1 166.39996337890625 88.865386962890625 -1 133.48611450195312 184.13870239257812 -1 115.86019897460938 45.461822509765625 -1 174.80751037597656 53.292873382568359 -1 196.81053161621094 60.113468170166016 -1 167.93128967285156 60.294219970703125 -1 165.13459777832031 72.519111633300781 -1 166.39996337890625 88.865386962890625 -1 108.96551513671875 4.9539504051208496 -1 22.546628952026367 184.25776672363281 -1 207.5025634765625 230.30697631835938 -1 207.5025634765625 230.30697631835938 -1 88.357887268066406 130.39509582519531 -1 38.711505889892578 171.00851440429688 -1 
71 0.99905331534377118 0.032139894967664492 -0.029317097218491295 8.9792920944706953e-05 -2.1672145454160492 -0.31849091012609804 -0.24543170902299738 1 000070.png
132.28872680664062 118.15129852294922 240 136.69549560546875 201.15089416503906 -1 173.4393310546875 129.62712097167969 -1 200.04042053222656 74.65264892578125 -1 130.91572570800781 134.7301025390625 168 126.54377746582031 98.003219604492188 -1 113.12530517578125 24.742282867431641 -1 152.17787170410156 155.95574951171875 -1 98.078804016113281 29.326799392700195 -1 185.54789733886719 51.286834716796875 -1 118.75752258300781 177.5477294921875 -1 221.64537048339844 200.38824462890625 -1 235.55059814453125 214.15608215332031 -1 124.88538360595703 11.075494766235352 -1 224.51225280761719 104.68399810791016 -1 201.74189758300781 60.006309509277344 -1 240.40890502929688 88.652374267578125 -1 151.68482971191406 120.67134857177734 -1 183.95353698730469 155.40995788574219 -1 240.40890502929688 88.652374267578125 -1 240.40890502929688 88.652374267578125 -1 181.48095703125 45.649284362792969 -1 231.49317932128906 77.584564208984375 -1 140.19140625 180.93626403808594 -1 134.93891906738281 33.626537322998047 -1 141.75759887695312 19.773700714111328 -1 156.52154541015625 76.923851013183594 -1 167.94692993164062 90.625694274902344 -1 164.3223876953125 102.70551300048828 -1 151.91792297363281 104.20685577392578 -1 156.52154541015625 76.923851013183594 -1 134.93891906738281 33.626537322998047 -1 243.04144287109375 202.5089111328125 -1 121.69695281982422 26.637014389038086 -1 174.28558349609375 39.847652435302734 -1 112.9637451171875 43.789077758789062 -1 169.92903137207031 63.023765563964844 -1 195.02670288085938 62.746719360351562 -1 183.41792297363281 69.932334899902344 -1 179.96907043457031 94.373039245605469 -1 175.46614074707031 95.360984802246094 -1 168.87643432617188 96.042831420898438 -1 248.31597900390625 97.740936279296875 -1 239.58602905273438 100.29450225830078 -1 161.53033447265625 119.51729583740234 -1 198.04226684570312 192.31515502929688 -1 203.4913330078125 195.83009338378906 -1 121.69695281982422 26.637014389038086 -1 169.92903137207031 63.023765563964844 -1 169.92903137207031 63.023765563964844 -1 195.02670288085938 62.746719360351562 -1 175.46614074707031 95.360984802246094 -1 248.31597900390625 97.740936279296875 -1 203.4913330078125 195.83009338378906 -1 171.83349609375 88.052726745605469 -1 109.17062377929688 34.943065643310547 -1 164.98521423339844 49.255859375 -1 234.12379455566406 77.217819213867188 -1 229.20671081542969 194.22142028808594 -1 229.3985595703125 74.437461853027344 -1 126.38111114501953 30.62598991394043 -1 151.5439453125 75.747062683105469 -1 223.93089294433594 103.23698425292969 -1 145.61892700195312 124.53586578369141 -1 100.09932708740234 117.02838134765625 -1 207.62185668945312 172.22489929199219 -1 219.82220458984375 184.03826904296875 -1 145.61892700195312 124.53586578369141 -1 222.80778503417969 187.58306884765625 -1 202.44322204589844 188.43617248535156 -1 239.10977172851562 204.18074035644531 -1 245.84085083007812 210.79972839355469 -1 166.36955261230469 88.841102600097656 -1 172.08673095703125 89.212196350097656 -1 226.7509765625 95.466964721679688 -1 116.10652923583984 102.14807891845703 -1 154.068115234375 102.71947479248047 -1 242.10116577148438 107.80653381347656 -1 151.84027099609375 116.77976226806641 -1 103.55632781982422 253.53114318847656 -1 119.72039031982422 34.804889678955078 -1 35.837203979492188 173.30711364746094 -1 54.045398712158203 158.66267395019531 -1 108.83656311035156 5.3070154190063477 -1 15.286355972290039 190.50473022460938 -1 198.025634765625 162.59065246582031 -1 115.90100860595703 45.694801330566406 -1 99.828079223632812 6.277644157409668 -1 57.460987091064453 155.65711975097656 -1 74.687713623046875 141.59443664550781 -1 180.98452758789062 89.12359619140625 -1 116.9998779296875 36.582237243652344 -1 166.36955261230469 88.841102600097656 -1 207.57754516601562 230.59065246582031 -1 115.90100860595703 45.694801330566406 -1 128.20742797851562 36.571010589599609 -1 108.83656311035156 5.3070154190063477 -1 169.54541015625 40.142314910888672 -1 189.60768127441406 64.294563293457031 -1 158.50936889648438 80.509773254394531 -1 246.96826171875 85.015533447265625 -1 207.57754516601562 230.59065246582031 -1 251.04351806640625 111.21830749511719 -1 108.21047973632812 83.166419982910156 -1 184.39115905761719 72.817298889160156 -1 60.810150146484375 152.97026062011719 -1 114.10717010498047 104.90631866455078 -1 8.2654399871826172 195.79774475097656 -1 108.21047973632812 83.166419982910156 -1 
74 0.9984435040655415 0.021643004208325115 -0.051390188859836511 0.0010945533846865227 2.1975963139244437 -0.36788218202072615 0.27166997864031184 1 000071.png
132.49201965332031 118.34930419921875 -1 136.714111328125 201.17085266113281 -1 173.75538635253906 129.63705444335938 -1 199.98030090332031 74.606414794921875 -1 130.88273620605469 135.43099975585938 168 126.49883270263672 98.227798461914062 -1 225.94343566894531 121.80854034423828 -1 225.94343566894531 121.80854034423828 -1 113.18861389160156 24.792354583740234 -1 130.99253845214844 169.42776489257812 -1 152.22526550292969 155.64961242675781 -1 130.99253845214844 169.42776489257812 -1 130.99253845214844 169.42776489257812 -1 98.139549255371094 29.41077995300293 -1 118.68318939208984 177.40107727050781 -1 221.49652099609375 200.42335510253906 -1 235.80813598632812 214.29415893554688 -1 187.56471252441406 51.946346282958984 -1 119.94368743896484 98.5938720703125 -1 124.94755554199219 11.175000190734863 -1 102.33437347412109 125.45896148681641 -1 240.14103698730469 88.670585632324219 -1 224.65153503417969 104.83411407470703 -1 240.14103698730469 88.670585632324219 -1 184.17616271972656 154.974365234375 -1 201.90707397460938 60.120204925537109 -1 231.20472717285156 77.710601806640625 -1 240.14103698730469 88.670585632324219 -1 151.69664001464844 120.90391540527344 -1 102.33437347412109 125.45896148681641 -1 91.350654602050781 134.09077453613281 -1 75.819679260253906 147.51654052734375 -1 132.49775695800781 178.60015869140625 -1 132.49775695800781 178.60015869140625 -1 140.34207153320312 180.57559204101562 -1 181.31715393066406 45.497032165527344 -1 141.81521606445312 19.791587829589844 -1 135.05770874023438 33.542472839355469 -1 156.49411010742188 76.929237365722656 -1 174.51744079589844 40.294651031494141 -1 202.59083557128906 196.24935913085938 -1 151.84446716308594 104.13755798339844 -1 202.59083557128906 196.24935913085938 -1 156.49411010742188 76.929237365722656 -1 135.05770874023438 33.542472839355469 -1 164.23661804199219 102.70551300048828 -1 167.91900634765625 90.585334777832031 -1 202.59083557128906 196.24935913085938 -1 175.39682006835938 95.334342956542969 -1 168.95843505859375 95.850715637207031 -1 248.21018981933594 97.839767456054688 -1 240.39939880371094 100.98157501220703 -1 197.9769287109375 191.91366577148438 -1 242.62770080566406 201.96601867675781 -1 121.74220275878906 26.637903213500977 -1 169.90599060058594 63.039222717285156 -1 169.90599060058594 63.039222717285156 -1 175.39682006835938 95.334342956542969 -1 248.21018981933594 97.839767456054688 -1 197.9769287109375 191.91366577148438 -1 109.19342803955078 35.135555267333984 -1 100.1329345703125 4.4096231460571289 -1 121.74220275878906 26.637903213500977 -1 112.93488311767578 43.809116363525391 -1 169.90599060058594 63.039222717285156 -1 183.53048706054688 69.666099548339844 -1 171.86735534667969 88.209671020507812 -1 179.97492980957031 94.425094604492188 -1 89.876670837402344 125.69168090820312 -1 92.541954040527344 123.61318206787109 -1 81.060836791992188 133.21971130371094 -1 126.25082397460938 30.639192581176758 -1 64.051864624023438 147.11231994628906 -1 229.14633178710938 74.379806518554688 -1 87.221420288085938 127.97056579589844 -1 229.14633178710938 74.379806518554688 -1 214.2322998046875 178.65074157714844 -1 151.59223937988281 75.651901245117188 -1 161.43873596191406 119.33026123046875 -1 207.63165283203125 172.22315979003906 -1 126.25082397460938 30.639192581176758 -1 87.221420288085938 127.97056579589844 -1 81.060836791992188 133.21971130371094 -1 64.051864624023438 147.11231994628906 -1 218.074462890625 182.6444091796875 -1 222.12808227539062 187.07551574707031 -1 202.43370056152344 188.44291687011719 -1 240.24691772460938 205.384765625 -1 166.39654541015625 88.8756103515625 -1 192.71357727050781 156.62689208984375 -1 53.851100921630859 159.04640197753906 -1 197.77571105957031 162.27711486816406 -1 91.210304260253906 128.07269287109375 -1 168.08335876464844 60.196392059326172 -1 95.253486633300781 124.69915771484375 -1 113.94850158691406 105.18952941894531 -1 153.98526000976562 102.91293334960938 -1 226.69129943847656 95.226882934570312 -1 172.0615234375 89.130241394042969 -1 108.50742340087891 5.3137927055358887 -1 158.56394958496094 80.557426452636719 -1 169.44400024414062 40.234912872314453 -1 108.50742340087891 5.3137927055358887 -1 166.39654541015625 88.8756103515625 -1 153.98526000976562 102.91293334960938 -1 99.89825439453125 6.4278106689453125 -1 116.98818206787109 36.616008758544922 -1 122.55384063720703 39.78369140625 -1 166.39654541015625 88.8756103515625 -1 169.44400024414062 40.234912872314453 -1 174.73452758789062 53.244911193847656 -1 189.633056640625 64.247344970703125 -1 246.93597412109375 85.109199523925781 -1 62.641960144042969 151.52377319335938 -1 122.55384063720703 39.78369140625 -1 114.64345550537109 111.23383331298828 -1 79.273353576660156 137.78364562988281 -1 195.65522766113281 159.95698547363281 -1 
76 0.99899627459744167 0.025571624453963052 -0.036773325794061569 -0.00050781223137656619 -2.9127885080248186 -0.31333625196174325 -0.070786918459193007 1 000075.png
131.35295104980469 116.37788391113281 -1 136.65599060058594 199.80915832519531 -1 198.46054077148438 75.442619323730469 -1 130.33587646484375 139.16769409179688 168 113.07275390625 24.863161087036133 -1 150.41078186035156 161.04217529296875 -1 217.26866149902344 206.456787109375 -1 128.06143188476562 15.658227920532227 -1 98.027969360351562 29.802373886108398 -1 187.42593383789062 52.168983459472656 -1 27.117856979370117 209.68846130371094 -1 230.59693908691406 219.87754821777344 -1 87.1492919921875 153.10362243652344 -1 201.47119140625 59.87030029296875 -1 252.03460693359375 109.58067321777344 -1 252.03460693359375 109.58067321777344 -1 156.55265808105469 76.943901062011719 -1 135.30842590332031 34.576534271240234 -1 156.55265808105469 76.943901062011719 -1 122.9552001953125 8.6089401245117188 -1 122.9552001953125 8.6089401245117188 -1 135.30842590332031 34.576534271240234 -1 151.16229248046875 122.99127197265625 -1 180.92959594726562 44.774795532226562 -1 164.33993530273438 48.123989105224609 -1 164.53712463378906 102.75034332275391 -1 151.96885681152344 104.33635711669922 -1 241.85061645507812 104.481689453125 -1 167.67765808105469 90.728851318359375 -1 200.10429382324219 203.59437561035156 -1 241.85061645507812 104.481689453125 -1 140.24705505371094 133.31863403320312 -1 223.16188049316406 72.217605590820312 -1 200.10429382324219 203.59437561035156 -1 249.7620849609375 100.35453796386719 -1 168.63165283203125 96.407569885253906 -1 246.58372497558594 95.386085510253906 -1 121.54386901855469 26.446880340576172 -1 121.54386901855469 26.446880340576172 -1 195.30662536621094 62.233539581298828 -1 169.90505981445312 63.048191070556641 -1 183.10581970214844 70.344505310058594 -1 171.79948425292969 88.105598449707031 -1 179.93496704101562 94.487335205078125 -1 113.6868896484375 117.63308715820312 -1 157.47978210449219 125.52229309082031 -1 67.895408630371094 165.360595703125 -1 195.37892150878906 199.79801940917969 -1 237.00636291503906 208.52957153320312 -1 100.38661193847656 3.8591358661651611 -1 195.30662536621094 62.233539581298828 -1 169.90505981445312 63.048191070556641 -1 169.90505981445312 63.048191070556641 -1 195.37892150878906 199.79801940917969 -1 244.14030456542969 106.25962829589844 -1 100.38661193847656 3.8591358661651611 -1 141.55540466308594 19.152883529663086 -1 174.02104187011719 39.763221740722656 -1 112.91531372070312 43.881732940673828 -1 169.08970642089844 46.107006072998047 -1 103.38437652587891 50.785316467285156 -1 186.351806640625 211.97499084472656 -1 35.998989105224609 185.13630676269531 -1 31.227569580078125 189.43415832519531 -1 226.56373596191406 197.38368225097656 -1 224.66876220703125 200.97731018066406 -1 244.60650634765625 211.95977783203125 -1 126.15160369873047 30.651466369628906 -1 245.46255493164062 93.602287292480469 -1 7.0526232719421387 211.53901672363281 -1 195.95997619628906 57.294647216796875 -1 151.63645935058594 75.550086975097656 -1 241.58338928222656 92.678627014160156 -1 169.17367553710938 95.590202331542969 -1 141.00410461425781 133.9061279296875 -1 82.370674133300781 150.99113464355469 -1 218.78022766113281 194.33154296875 -1 126.15160369873047 30.651466369628906 -1 241.58338928222656 92.678627014160156 -1 245.46255493164062 93.602287292480469 -1 49.393566131591797 176.83943176269531 -1 45.901252746582031 176.40400695800781 -1 49.393566131591797 176.83943176269531 -1 204.24444580078125 179.56626892089844 -1 116.57780456542969 116.97760009765625 -1 104.15774536132812 122.99136352539062 -1 150.09078979492188 124.58301544189453 -1 100.27572631835938 129.86058044433594 -1 93.392440795898438 140.04127502441406 -1 140.42457580566406 139.883544921875 -1 83.421844482421875 146.01901245117188 -1 139.23553466796875 147.36932373046875 -1 138.48039245605469 152.2076416015625 -1 76.011260986328125 152.83367919921875 -1 72.356201171875 156.14009094238281 -1 63.672885894775391 160.75334167480469 -1 64.982933044433594 163.01840209960938 -1 197.83265686035156 165.29698181152344 -1 63.605297088623047 167.47903442382812 -1 57.857162475585938 169.43257141113281 -1 59.798519134521484 170.94613647460938 -1 55.066761016845703 172.008056640625 -1 50.484241485595703 172.49528503417969 -1 46.672782897949219 179.55599975585938 -1 25.108985900878906 203.22895812988281 -1 205.33308410644531 172.09599304199219 -1 19.78132438659668 207.67054748535156 -1 11.106505393981934 215.72380065917969 -1 8.6346120834350586 218.18482971191406 -1 5.4197902679443359 220.95668029785156 -1 119.70005035400391 34.823272705078125 -1 115.83333587646484 45.327720642089844 -1 102.11074829101562 13.947890281677246 -1 116.80746459960938 36.6834716796875 -1 169.5213623046875 40.229175567626953 -1 13.915768623352051 212.98782348632812 -1 176.83721923828125 40.859123229980469 -1 189.5367431640625 64.351287841796875 -1 167.95396423339844 69.698677062988281 -1 22.537502288818359 205.07205200195312 -1 31.174463272094727 197.53410339355469 -1 228.93916320800781 74.41961669921875 -1 215.0242919921875 190.44816589355469 -1 44.623683929443359 184.85128784179688 -1 137.135498046875 183.96647644042969 -1 102.11074829101562 13.947890281677246 -1 166.18623352050781 88.967453002929688 -1 253.49826049804688 91.994903564453125 -1 253.49826049804688 91.994903564453125 -1 16.213672637939453 210.99339294433594 -1 83.421844482421875 146.01901245117188 -1 76.011260986328125 152.83367919921875 -1 72.356201171875 156.14009094238281 -1 64.982933044433594 163.01840209960938 -1 57.857162475585938 169.43257141113281 -1 55.066761016845703 172.008056640625 -1 46.672782897949219 179.55599975585938 -1 235.37922668457031 78.138725280761719 -1 115.83333587646484 45.327720642089844 -1 158.55754089355469 80.583656311035156 -1 253.11869812011719 86.544891357421875 -1 166.18623352050781 88.967453002929688 -1 140.43952941894531 156.03285217285156 -1 50.290214538574219 179.56477355957031 -1 172.04840087890625 89.288383483886719 -1 253.49826049804688 91.994903564453125 -1 151.71357727050781 116.61577606201172 -1 100.27572631835938 129.86058044433594 -1 235.00985717773438 210.71894836425781 -1 188.57870483398438 155.15702819824219 -1 
78 0.99924245994594607 0.027894111295897677 -0.027064752061272179 -0.0019809068752216614 4.7391194969610533 0.22929068294105051 0.089182967096774438 1 000078.png
130.71208190917969 114.58932495117188 -1 137.33990478515625 201.47576904296875 -1 170.80970764160156 139.094970703125 -1 197.83985900878906 73.472282409667969 -1 236.63789367675781 105.6025390625 -1 160.81851196289062 137.76692199707031 -1 236.63789367675781 105.6025390625 -1 160.81851196289062 137.76692199707031 -1 113.07060241699219 24.817239761352539 -1 157.929931640625 36.972480773925781 -1 195.15351867675781 203.46554565429688 -1 195.15351867675781 203.46554565429688 -1 98.04364013671875 30.055418014526367 -1 202.912841796875 63.433040618896484 -1 222.37693786621094 76.346847534179688 -1 188.24775695800781 52.256313323974609 -1 206.53701782226562 101.07880401611328 -1 170.13334655761719 103.51898956298828 -1 120.59439849853516 176.84326171875 -1 212.13322448730469 210.90303039550781 -1 224.0672607421875 222.69157409667969 -1 245.28446960449219 243.38984680175781 -1 120.59439849853516 176.84326171875 -1 120.59439849853516 176.84326171875 -1 124.91374969482422 11.383699417114258 -1 172.42819213867188 51.725276947021484 -1 151.48568725585938 122.61371612548828 -1 249.10031127929688 91.660072326660156 -1 8.1006221771240234 239.96905517578125 -1 134.96873474121094 33.686000823974609 -1 134.96873474121094 33.686000823974609 -1 156.71452331542969 76.993507385253906 -1 245.60719299316406 121.72639465332031 -1 156.71452331542969 76.993507385253906 -1 156.71452331542969 76.993507385253906 -1 166.31710815429688 35.791278839111328 -1 174.77067565917969 95.249198913574219 -1 196.293212890625 208.60383605957031 -1 104.28575897216797 13.758904457092285 -1 158.132568359375 123.61618041992188 -1 138.8948974609375 183.12167358398438 -1 151.85417175292969 103.86922454833984 -1 164.22914123535156 103.03746795654297 -1 104.28575897216797 13.758904457092285 -1 174.77067565917969 95.249198913574219 -1 167.68318176269531 90.923820495605469 -1 200.72512817382812 57.613086700439453 -1 164.58180236816406 48.323020935058594 -1 121.60169982910156 26.633783340454102 -1 121.60169982910156 26.633783340454102 -1 169.88697814941406 63.088512420654297 -1 191.40879821777344 204.25440979003906 -1 140.03121948242188 139.43569946289062 -1 141.64654541015625 19.159931182861328 -1 180.76458740234375 44.417984008789062 -1 169.04780578613281 46.716983795166016 -1 169.88697814941406 63.088512420654297 -1 171.71566772460938 88.034126281738281 -1 179.89340209960938 94.496589660644531 -1 61.683372497558594 184.37374877929688 -1 191.40879821777344 204.25440979003906 -1 169.88697814941406 63.088512420654297 -1 119.62040710449219 34.832653045654297 -1 169.30349731445312 95.61492919921875 -1 183.44987487792969 163.59281921386719 -1 201.02259826660156 181.98141479492188 -1 195.4744873046875 201.05506896972656 -1 141.11796569824219 133.71864318847656 -1 110.38465881347656 70.299331665039062 -1 115.94477844238281 45.643623352050781 -1 191.86659240722656 172.98686218261719 -1 177.99520874023438 53.548915863037109 -1 230.24235534667969 212.74847412109375 -1 110.38465881347656 70.299331665039062 -1 151.62739562988281 75.615226745605469 -1 247.92713928222656 113.15672302246094 -1 246.35235595703125 229.88792419433594 -1 250.00582885742188 233.56282043457031 -1 126.22760772705078 30.639999389648438 -1 183.44987487792969 163.59281921386719 -1 195.4744873046875 201.05506896972656 -1 126.22760772705078 30.639999389648438 -1 115.94477844238281 45.643623352050781 -1 110.55023956298828 41.012584686279297 -1 176.82609558105469 40.877696990966797 -1 195.71388244628906 57.528575897216797 -1 189.40666198730469 64.624610900878906 -1 244.27659606933594 84.428680419921875 -1 110.90704345703125 85.207229614257812 -1 180.61260986328125 160.25579833984375 -1 166.12217712402344 89.074806213378906 -1 181.02047729492188 89.134658813476562 -1 172.09832763671875 89.427406311035156 -1 177.9468994140625 89.947158813476562 -1 254.21205139160156 94.179397583007812 -1 153.994873046875 102.81749725341797 -1 247.85931396484375 116.99925994873047 -1 114.38796234130859 126.47341918945312 -1 171.90025329589844 65.705062866210938 -1 144.33279418945312 129.02503967285156 -1 228.55667114257812 215.15669250488281 -1 232.09196472167969 218.91380310058594 -1 29.870859146118164 210.01376342773438 -1 23.61039924621582 219.87713623046875 -1 12.218276977539062 223.64299011230469 -1 34.196414947509766 205.90110778808594 -1 222.65567016601562 204.54000854492188 -1 9.0129852294921875 227.06513977050781 -1 241.29867553710938 228.75250244140625 -1 3.1878752708435059 236.37347412109375 -1 251.24447631835938 239.08827209472656 -1 143.20339965820312 252.86328125 -1 35.968326568603516 204.13063049316406 -1 41.201946258544922 202.20060729980469 -1 220.5592041015625 202.1614990234375 -1 213.53096008300781 199.22811889648438 -1 41.613849639892578 198.49856567382812 -1 203.88906860351562 184.96559143066406 -1 51.881000518798828 185.24501037597656 -1 133.47494506835938 184.61636352539062 -1 125.80603790283203 37.896007537841797 -1 110.90704345703125 85.207229614257812 -1 166.12217712402344 89.074806213378906 -1 166.12217712402344 89.074806213378906 -1 181.02047729492188 89.134658813476562 -1 177.9468994140625 89.947158813476562 -1 254.21205139160156 94.179397583007812 -1 153.994873046875 102.81749725341797 -1 138.41156005859375 152.25868225097656 -1 133.47494506835938 184.61636352539062 -1 41.613849639892578 198.49856567382812 -1 35.968326568603516 204.13063049316406 -1 34.196414947509766 205.90110778808594 -1 29.870859146118164 210.01376342773438 -1 116.80107116699219 36.682826995849609 -1 125.80603790283203 37.896007537841797 -1 173.05119323730469 38.469707489013672 -1 169.41438293457031 40.143348693847656 -1 63.209419250488281 177.53265380859375 -1 50.554187774658203 189.68756103515625 -1 24.639753341674805 215.24752807617188 -1 24.639753341674805 215.24752807617188 -1 71.774085998535156 168.95498657226562 -1 228.75297546386719 85.817802429199219 -1 54.968482971191406 185.28115844726562 -1 50.554187774658203 189.68756103515625 -1 63.209419250488281 177.53265380859375 -1 228.75297546386719 85.817802429199219 -1 54.968482971191406 185.28115844726562 -1 71.774085998535156 168.95498657226562 -1 
81 0.99943283868032862 0.025239504750701702 -0.021985242680756484 -0.0036901858473305238 -2.3066580297517834 0.46278795990285287 0.41011069916276705 1 000083.png
75.735519409179688 50.976829528808594 -1 75.735519409179688 50.976829528808594 -1 75.735519409179688 50.976829528808594 -1 172.34355163574219 141.80056762695312 -1 246.60865783691406 133.00318908691406 -1 137.75228881835938 202.14247131347656 -1 246.60865783691406 133.00318908691406 -1 198.01390075683594 73.2950439453125 -1 113.11244964599609 24.793319702148438 -1 96.052230834960938 28.404500961303711 -1 231.59757995605469 97.361618041992188 -1 231.59757995605469 97.361618041992188 -1 166.55461120605469 79.525230407714844 -1 143.04034423828125 180.1083984375 -1 215.71360778808594 226.60343933105469 -1 204.7489013671875 215.4532470703125 -1 248.343505859375 106.68351745605469 -1 151.48046875 121.96260833740234 -1 189.54972839355469 52.654197692871094 -1 234.98828125 245.06509399414062 -1 248.343505859375 106.68351745605469 -1 171.9522705078125 51.682880401611328 -1 120.48869323730469 161.87034606933594 -1 124.77874755859375 11.132244110107422 -1 231.96893310546875 80.371772766113281 -1 156.73332214355469 77.101417541503906 -1 158.43331909179688 124.86357116699219 -1 237.00860595703125 108.07965087890625 -1 200.993896484375 59.001781463623047 -1 7.739377498626709 14.382697105407715 -1 135.18997192382812 34.2122802734375 -1 135.18997192382812 34.2122802734375 -1 179.46083068847656 183.125732421875 -1 156.73332214355469 77.101417541503906 -1 156.73332214355469 77.101417541503906 -1 104.43597412109375 13.687477111816406 -1 166.3843994140625 35.819271087646484 -1 167.73652648925781 91.091072082519531 -1 174.64175415039062 95.265846252441406 -1 151.85478210449219 103.82024383544922 -1 174.64175415039062 95.265846252441406 -1 66.487419128417969 195.29924011230469 -1 243.93231201171875 111.792724609375 -1 246.60617065429688 87.743873596191406 -1 169.91328430175781 63.100967407226562 -1 171.78604125976562 88.162513732910156 -1 242.66375732421875 93.000099182128906 -1 179.94129943847656 94.502517700195312 -1 189.76318359375 213.46943664550781 -1 164.85293579101562 49.040729522705078 -1 186.12983703613281 209.96710205078125 -1 101.72699737548828 8.4688606262207031 -1 121.70126342773438 26.381818771362305 -1 5.3407788276672363 32.049476623535156 -1 178.4818115234375 52.863845825195312 -1 169.91328430175781 63.100967407226562 -1 169.91328430175781 63.100967407226562 -1 189.76318359375 213.46943664550781 -1 189.76318359375 213.46943664550781 -1 189.76318359375 213.46943664550781 -1 164.85293579101562 49.040729522705078 -1 186.12983703613281 209.96710205078125 -1 101.72699737548828 8.4688606262207031 -1 121.70126342773438 26.381818771362305 -1 5.3407788276672363 32.049476623535156 -1 4.4194936752319336 37.633213043212891 -1 173.91470336914062 39.608905792236328 -1 112.9991455078125 43.606109619140625 -1 180.78744506835938 44.490936279296875 -1 178.4818115234375 52.863845825195312 -1 200.847412109375 57.5997314453125 -1 119.55204010009766 34.843967437744141 -1 115.91188049316406 45.511825561523438 -1 153.09632873535156 143.24267578125 -1 126.25649261474609 30.646446228027344 -1 240.97981262207031 82.744476318359375 -1 115.91188049316406 45.511825561523438 -1 174.67721557617188 52.996746063232422 -1 151.59095764160156 75.615791320800781 -1 6.3726158142089844 31.923761367797852 -1 116.86231994628906 36.629825592041016 -1 169.42185974121094 40.138095855712891 -1 196.13163757324219 56.944503784179688 -1 172.15068054199219 81.085395812988281 -1 166.10504150390625 89.23651123046875 -1 172.12550354003906 89.559104919433594 -1 178.03182983398438 90.001396179199219 -1 169.08676147460938 95.537506103515625 -1 140.37026977539062 156.66120910644531 -1 223.99971008300781 220.18601989746094 -1 209.44903564453125 204.35745239257812 -1 205.56834411621094 203.98493957519531 -1 178.65638732910156 171.57508850097656 -1 138.54156494140625 151.93486022949219 -1 142.32640075683594 124.97225952148438 -1 151.47926330566406 115.939208984375 -1 154.021484375 102.8037109375 -1 242.060791015625 101.12187957763672 -1 157.02786254882812 97.7315673828125 -1 113.37188720703125 1.7371118068695068 -1 108.82688903808594 4.9943852424621582 -1 6.3726158142089844 31.923761367797852 -1 169.42185974121094 40.138095855712891 -1 166.10504150390625 89.23651123046875 -1 214.48564147949219 210.18156433105469 -1 178.03182983398438 90.001396179199219 -1 178.65638732910156 171.57508850097656 -1 230.9747314453125 227.98013305664062 -1 235.0284423828125 232.202392578125 -1 238.6236572265625 236.00592041015625 -1 245.45204162597656 239.92901611328125 -1 245.02326965332031 242.93447875976562 -1 113.37188720703125 1.7371118068695068 -1 217.951416015625 214.0052490234375 -1 108.82688903808594 4.9943852424621582 -1 35.838726043701172 10.896112442016602 -1 166.10504150390625 89.23651123046875 -1 20.214668273925781 26.207437515258789 -1 181.09379577636719 89.124969482421875 -1 
82 0.99923504748909586 0.029004332530852963 -0.026122738436129098 -0.0023814072524185478 -2.8649284309064074 0.44721334909037647 0.34966740743919039 1 000081.png
74.3265380859375 50.561679840087891 -1 171.67681884765625 142.33384704589844 -1 137.47018432617188 202.26913452148438 -1 198.53138732910156 73.621902465820312 -1 16.768199920654297 24.338699340820312 -1 113.00109100341797 24.818958282470703 -1 97.875617980957031 30.068784713745117 -1 166.615478515625 79.411872863769531 -1 218.79277038574219 225.32723999023438 -1 207.33255004882812 214.07637023925781 -1 15.189409255981445 247.1297607421875 -1 15.189409255981445 247.1297607421875 -1 240.37626647949219 245.77687072753906 -1 140.80131530761719 181.89320373535156 -1 241.25765991210938 102.85550689697266 -1 234.28388977050781 93.257453918457031 -1 120.45709228515625 162.16180419921875 -1 189.16648864746094 52.441162109375 -1 41.006008148193359 8.1386680603027344 -1 151.5435791015625 121.77783966064453 -1 171.97193908691406 51.716037750244141 -1 240.37626647949219 245.77687072753906 -1 241.25765991210938 102.85550689697266 -1 234.28388977050781 93.257453918457031 -1 41.006008148193359 8.1386680603027344 -1 15.351388931274414 244.94708251953125 -1 250.7978515625 100.855712890625 -1 156.74101257324219 77.117813110351562 -1 158.63787841796875 124.94908905029297 -1 238.06788635253906 130.32112121582031 -1 156.74101257324219 77.117813110351562 -1 156.74101257324219 77.117813110351562 -1 250.7978515625 100.855712890625 -1 134.90084838867188 33.595294952392578 -1 141.37971496582031 19.686931610107422 -1 104.35610961914062 13.861800193786621 -1 122.4874267578125 7.9525365829467773 -1 122.4874267578125 7.9525365829467773 -1 244.03634643554688 109.65953063964844 -1 248.99176025390625 106.79501342773438 -1 174.65684509277344 95.248664855957031 -1 167.56800842285156 90.897544860839844 -1 164.42439270019531 48.114818572998047 -1 151.834716796875 103.85124206542969 -1 251.80967712402344 91.538948059082031 -1 174.65684509277344 95.248664855957031 -1 164.42439270019531 48.114818572998047 -1 134.90084838867188 33.595294952392578 -1 104.35610961914062 13.861800193786621 -1 166.88571166992188 35.691841125488281 -1 4.6863284111022949 24.518112182617188 -1 121.63894653320312 26.247646331787109 -1 174.21299743652344 39.866817474365234 -1 112.94154357910156 43.675727844238281 -1 180.74873352050781 44.499649047851562 -1 103.39045715332031 51.012165069580078 -1 169.90536499023438 63.107967376708984 -1 179.96560668945312 94.4683837890625 -1 142.66447448730469 145.77703857421875 -1 187.81166076660156 207.71696472167969 -1 192.24864196777344 212.02354431152344 -1 102.00038909912109 8.6276168823242188 -1 4.6863284111022949 24.518112182617188 -1 121.63894653320312 26.247646331787109 -1 169.90536499023438 63.107967376708984 -1 169.90536499023438 63.107967376708984 -1 192.24864196777344 212.02354431152344 -1 144.05607604980469 137.12745666503906 -1 102.00038909912109 8.6276168823242188 -1 169.15533447265625 95.643791198730469 -1 18.295028686523438 17.06104850769043 -1 196.66596984863281 186.322021484375 -1 217.33920288085938 208.54631042480469 -1 242.66476440429688 235.3966064453125 -1 246.052978515625 239.09532165527344 -1 127.38140869140625 33.774818420410156 -1 252.11911010742188 245.51254272460938 -1 45.931732177734375 3.62626051902771 -1 227.89945983886719 219.63243103027344 -1 9.3788442611694336 18.288597106933594 -1 9.3788442611694336 18.288597106933594 -1 126.18193054199219 30.64384651184082 -1 238.9991455078125 231.62052917480469 -1 45.931732177734375 3.62626051902771 -1 151.58425903320312 75.626884460449219 -1 139.10334777832031 146.7818603515625 -1 126.18193054199219 30.64384651184082 -1 158.59077453613281 80.536476135253906 -1 246.696044921875 104.34973907470703 -1 141.93060302734375 127.02796936035156 -1 117.674072265625 168.94119262695312 -1 137.55511474609375 174.85337829589844 -1 249.62496948242188 88.113624572753906 -1 166.12435913085938 89.130477905273438 -1 181.055419921875 89.079917907714844 -1 172.13308715820312 89.442840576171875 -1 178.05990600585938 89.859298706054688 -1 246.610595703125 95.492057800292969 -1 230.8768310546875 219.44265747070312 -1 230.43659973144531 222.45204162597656 -1 208.23587036132812 202.01205444335938 -1 167.98439025878906 69.523994445800781 -1 115.85084533691406 45.425163269042969 -1 42.376472473144531 2.144059419631958 -1 205.83822631835938 196.00640869140625 -1 199.31996154785156 189.25910949707031 -1 133.51606750488281 184.55270385742188 -1 196.86947631835938 183.0994873046875 -1 192.4945068359375 182.1993408203125 -1 180.44192504882812 169.04765319824219 -1 173.54154968261719 157.61311340332031 -1 140.05322265625 156.1595458984375 -1 139.77973937988281 143.46722412109375 -1 153.42434692382812 139.08395385742188 -1 142.51268005371094 123.34170532226562 -1 151.59101867675781 116.07423400878906 -1 35.588764190673828 5.5384817123413086 -1 110.92707061767578 85.23516845703125 -1 166.12435913085938 89.130477905273438 -1 166.12435913085938 89.130477905273438 -1 181.055419921875 89.079917907714844 -1 178.05990600585938 89.859298706054688 -1 180.44192504882812 169.04765319824219 -1 133.51606750488281 184.55270385742188 -1 205.15904235839844 198.95401000976562 -1 17.030069351196289 14.339809417724609 -1 115.85084533691406 45.425163269042969 -1 8.7207059860229492 21.542234420776367 -1 116.8404541015625 36.629970550537109 -1 169.42312622070312 40.143245697021484 -1 224.63816833496094 216.19239807128906 -1 196.14518737792969 56.844833374023438 -1 110.92707061767578 85.23516845703125 -1 167.16082763671875 41.109230041503906 -1 
83 0.99924798584396934 0.028099222128801452 -0.026610755726251 -0.0024008711345488011 7.0294571990617678 0.44186591783713797 0.33316720875756289 1 000080.png
75.456626892089844 51.586261749267578 -1 170.89886474609375 142.12796020507812 -1 137.42176818847656 201.94798278808594 -1 198.40567016601562 73.484138488769531 -1 234.23184204101562 111.85915374755859 -1 234.23184204101562 111.85915374755859 -1 234.23184204101562 111.85915374755859 -1 113.02143859863281 24.840875625610352 -1 147.68000793457031 172.75677490234375 -1 147.68000793457031 172.75677490234375 -1 97.957504272460938 30.073160171508789 -1 13.306916236877441 14.356322288513184 -1 128.24520874023438 16.025241851806641 -1 13.306916236877441 14.356322288513184 -1 209.08213806152344 213.02487182617188 -1 220.79188537597656 224.48086547851562 -1 242.73777770996094 246.39007568359375 -1 110.84685516357422 93.282371520996094 -1 125.23676300048828 11.730670928955078 -1 172.2379150390625 51.70989990234375 -1 241.17350769042969 127.27219390869141 -1 189.0938720703125 52.339950561523438 -1 151.47415161132812 121.98903656005859 -1 112.61376190185547 157.25563049316406 -1 201.01811218261719 59.027046203613281 -1 156.68101501464844 77.161186218261719 -1 158.61053466796875 124.52066040039062 -1 140.22499084472656 182.07199096679688 -1 156.68101501464844 77.161186218261719 -1 156.68101501464844 77.161186218261719 -1 167.62127685546875 90.958786010742188 -1 135.0994873046875 33.502815246582031 -1 174.6339111328125 95.158355712890625 -1 164.42596435546875 102.88914489746094 -1 151.88833618164062 103.84186553955078 -1 247.14637756347656 105.70411682128906 -1 167.64968872070312 54.746437072753906 -1 174.6339111328125 95.158355712890625 -1 167.64968872070312 54.746437072753906 -1 164.32086181640625 48.030403137207031 -1 135.0994873046875 33.502815246582031 -1 104.38531494140625 13.589856147766113 -1 104.38531494140625 13.589856147766113 -1 141.44877624511719 19.500621795654297 -1 166.39346313476562 35.836009979248047 -1 164.32086181640625 48.030403137207031 -1 118.31155395507812 163.409912109375 -1 118.31155395507812 163.409912109375 -1 121.7845458984375 6.9583368301391602 -1 121.7845458984375 6.9583368301391602 -1 180.72572326660156 44.530292510986328 -1 169.90480041503906 63.105018615722656 -1 169.90480041503906 63.105018615722656 -1 189.40699768066406 206.6400146484375 -1 109.0955810546875 34.946174621582031 -1 121.65053558349609 26.239719390869141 -1 112.89890289306641 43.896553039550781 -1 103.41446685791016 51.002326965332031 -1 169.90480041503906 63.105018615722656 -1 171.78480529785156 88.143959045410156 -1 179.92912292480469 94.508552551269531 -1 250.07374572753906 101.02285766601562 -1 189.40699768066406 206.6400146484375 -1 193.76632690429688 210.76571655273438 -1 121.65053558349609 26.239719390869141 -1 177.70915222167969 54.157020568847656 -1 252.61860656738281 90.242744445800781 -1 151.57272338867188 75.677879333496094 -1 141.44488525390625 151.03550720214844 -1 248.99177551269531 238.46626281738281 -1 162.8990478515625 145.95822143554688 -1 162.8990478515625 145.95822143554688 -1 171.95401000976562 156.08132934570312 -1 126.23935699462891 30.636468887329102 -1 241.23880004882812 83.218551635742188 -1 171.95401000976562 156.08132934570312 -1 115.93247222900391 45.648586273193359 -1 126.23935699462891 30.636468887329102 -1 115.93247222900391 45.648586273193359 -1 169.21023559570312 95.720199584960938 -1 116.86325073242188 36.658290863037109 -1 179.9107666015625 42.981761932373047 -1 195.83883666992188 57.163185119628906 -1 189.28630065917969 64.944412231445312 -1 111.04141235351562 85.761123657226562 -1 249.48674011230469 88.110099792480469 -1 166.11538696289062 89.221549987792969 -1 172.12632751464844 89.512992858886719 -1 178.28219604492188 89.494529724121094 -1 249.63021850585938 91.332267761230469 -1 225.12265014648438 92.178176879882812 -1 242.14639282226562 235.36834716796875 -1 4.592890739440918 246.365478515625 -1 226.50697326660156 214.52206420898438 -1 196.07270812988281 203.34646606445312 -1 224.61155700683594 216.42625427246094 -1 210.87164306640625 201.63412475585938 -1 232.45364379882812 221.03109741210938 -1 234.79505920410156 223.39739990234375 -1 237.81155395507812 226.53196716308594 -1 16.731744766235352 227.02713012695312 -1 235.75936889648438 228.19490051269531 -1 14.449851036071777 229.1600341796875 -1 214.32794189453125 201.50215148925781 -1 200.96266174316406 187.56903076171875 -1 133.48530578613281 184.54852294921875 -1 196.19342041015625 182.60072326660156 -1 190.19938659667969 176.57492065429688 -1 186.83761596679688 172.64439392089844 -1 178.94891357421875 163.86296081542969 -1 141.41244506835938 133.10614013671875 -1 114.47640991210938 131.066162109375 -1 151.62348937988281 116.04416656494141 -1 108.84317016601562 5.231226921081543 -1 111.04141235351562 85.761123657226562 -1 251.231689453125 244.95460510253906 -1 166.11538696289062 89.221549987792969 -1 178.28219604492188 89.494529724121094 -1 225.12265014648438 92.178176879882812 -1 133.48530578613281 184.54852294921875 -1 14.742156982421875 232.42471313476562 -1 108.84317016601562 5.231226921081543 -1 140.93998718261719 17.938240051269531 -1 119.62039947509766 34.841987609863281 -1 245.4625244140625 231.430419921875 -1 14.742156982421875 232.42471313476562 -1 166.11538696289062 89.221549987792969 -1 5.9694790840148926 241.34205627441406 -1 227.55799865722656 219.49209594726562 -1 219.45619201660156 206.8751220703125 -1 5.9694790840148926 241.34205627441406 -1 240.01423645019531 228.88885498046875 -1 181.06893920898438 89.093658447265625 -1 23.249643325805664 226.99794006347656 -1 181.06893920898438 89.093658447265625 -1 
84 0.99921697778039198 0.029111039634398359 -0.026686104830429366 -0.0024146419617663119 12.946469630958431 0.51630471433635816 0.37649113076366003 1 000082.png
74.215835571289062 48.85137939453125 -1 171.84347534179688 142.25004577636719 -1 137.65681457519531 202.18252563476562 -1 198.41207885742188 73.605674743652344 -1 112.99417877197266 24.816713333129883 -1 17.175741195678711 27.118303298950195 -1 97.774307250976562 30.165817260742188 -1 233.07386779785156 94.485145568847656 -1 206.52235412597656 214.62905883789062 -1 217.67115783691406 225.86953735351562 -1 239.78199768066406 246.70513916015625 -1 120.28157043457031 161.96229553222656 -1 151.52528381347656 121.92633819580078 -1 251.28480529785156 92.392074584960938 -1 172.10995483398438 51.640663146972656 -1 123.96167755126953 10.104109764099121 -1 141.0052490234375 181.71272277832031 -1 158.83609008789062 124.80222320556641 -1 189.30718994140625 52.574501037597656 -1 239.78199768066406 246.70513916015625 -1 251.28480529785156 92.392074584960938 -1 156.73092651367188 77.155227661132812 -1 249.72789001464844 102.89339447021484 -1 239.72386169433594 104.68656921386719 -1 236.61419677734375 131.82841491699219 -1 123.02375030517578 8.8023910522460938 -1 118.87904357910156 162.17893981933594 -1 118.87904357910156 162.17893981933594 -1 156.73092651367188 77.155227661132812 -1 123.02375030517578 8.8023910522460938 -1 239.72386169433594 104.68656921386719 -1 249.72789001464844 102.89339447021484 -1 156.73092651367188 77.155227661132812 -1 104.27584838867188 13.697696685791016 -1 164.40682983398438 102.88560485839844 -1 167.56977844238281 90.919937133789062 -1 233.70533752441406 79.76318359375 -1 167.91734313964844 54.565731048583984 -1 135.02870178222656 33.680393218994141 -1 151.84147644042969 103.85860443115234 -1 167.91734313964844 54.565731048583984 -1 166.54226684570312 35.883773803710938 -1 135.02870178222656 33.680393218994141 -1 174.63081359863281 95.221237182617188 -1 174.63081359863281 95.221237182617188 -1 164.70022583007812 48.605831146240234 -1 164.70022583007812 48.605831146240234 -1 121.67333221435547 26.287746429443359 -1 112.94873809814453 43.748874664306641 -1 180.6907958984375 44.484806060791016 -1 169.33522033691406 46.337203979492188 -1 178.34674072265625 53.278358459472656 -1 200.6552734375 57.238044738769531 -1 169.90925598144531 63.100395202636719 -1 249.22476196289062 88.563545227050781 -1 179.95069885253906 94.424972534179688 -1 251.27371215820312 123.23118591308594 -1 118.40590667724609 170.46302795410156 -1 187.43698120117188 208.55320739746094 -1 101.64203643798828 8.4315032958984375 -1 121.67333221435547 26.287746429443359 -1 178.34674072265625 53.278358459472656 -1 169.90925598144531 63.100395202636719 -1 169.90925598144531 63.100395202636719 -1 249.22476196289062 88.563545227050781 -1 251.27371215820312 123.23118591308594 -1 187.43698120117188 208.55320739746094 -1 101.64203643798828 8.4315032958984375 -1 138.49325561523438 151.95925903320312 -1 244.92636108398438 106.19132232666016 -1 164.92877197265625 153.04342651367188 -1 119.55667114257812 34.876735687255859 -1 151.63359069824219 75.593093872070312 -1 142.15130615234375 124.71388244628906 -1 7.2281732559204102 21.312856674194336 -1 195.73516845703125 57.213489532470703 -1 143.57878112792969 138.5703125 -1 6.1265015602111816 25.183694839477539 -1 126.17720794677734 30.633203506469727 -1 164.92877197265625 153.04342651367188 -1 126.17720794677734 30.633203506469727 -1 140.05421447753906 139.94013977050781 -1 42.459991455078125 214.48257446289062 -1 244.65170288085938 239.04656982421875 -1 189.44291687011719 64.439170837402344 -1 168.06855773925781 69.368583679199219 -1 232.06459045410156 76.959129333496094 -1 241.74838256835938 83.068893432617188 -1 245.56599426269531 85.543899536132812 -1 166.12423706054688 89.133857727050781 -1 181.06025695800781 89.100448608398438 -1 172.13449096679688 89.540054321289062 -1 169.11288452148438 95.594429016113281 -1 244.98466491699219 97.322715759277344 -1 11.413885116577148 242.59684753417969 -1 8.1744327545166016 245.94869995117188 -1 207.89299011230469 203.40763854980469 -1 115.85062408447266 45.446144104003906 -1 158.63468933105469 80.568519592285156 -1 207.00587463378906 198.60054016113281 -1 199.13410949707031 190.55718994140625 -1 195.58247375488281 190.61851501464844 -1 133.52342224121094 184.50910949707031 -1 179.59085083007812 169.52485656738281 -1 137.10098266601562 161.26478576660156 -1 137.67034912109375 157.34510803222656 -1 160.50688171386719 148.07752990722656 -1 114.71955108642578 134.92625427246094 -1 151.38504028320312 116.03766632080078 -1 108.80471038818359 4.8954386711120605 -1 166.12423706054688 89.133857727050781 -1 166.12423706054688 89.133857727050781 -1 177.83355712890625 90.106552124023438 -1 151.38504028320312 116.03766632080078 -1 133.52342224121094 184.50910949707031 -1 11.413885116577148 242.59684753417969 -1 8.1744327545166016 245.94869995117188 -1 108.80471038818359 4.8954386711120605 -1 115.85062408447266 45.446144104003906 -1 177.83355712890625 90.106552124023438 -1 116.86559295654297 36.625011444091797 -1 243.47451782226562 111.30867767333984 -1 211.6168212890625 203.48280334472656 -1 169.4222412109375 40.215339660644531 -1 174.97370910644531 53.240970611572266 -1 223.38735961914062 216.32626342773438 -1 241.47908020019531 235.68525695800781 -1 160.50688171386719 148.07752990722656 -1 16.178287506103516 14.005821228027344 -1 15.91438102722168 237.84487915039062 -1 15.91438102722168 237.84487915039062 -1 47.260044097900391 2.181380033493042 -1 
