# Frame list with one line of data per frame:
#   FRAME_ID, RIG_ID, RIG_FROM_WORLD[QW, QX, QY, QZ, TX, TY, TZ], NUM_DATA_IDS, DATA_IDS[] as (SENSOR_TYPE, SENSOR_ID, DATA_ID)
# Number of frames: 10
103 1 0.99879892734122144 -0.017327350488386597 0.045806744994860545 0.0014858600384229904 -4.1768570404006384 0.43336963767258757 0.034337797747751128 1 CAMERA 1 103
107 1 0.9989466014878251 -0.012592786952524082 0.044065044889835564 0.0023196791911225668 -3.7995931006465025 1.4891418428693279 -0.035922814045954578 1 CAMERA 1 107
108 1 0.9989908310815917 -0.015208637235701834 0.042235045766689849 0.0014891868348918852 -3.3853034811701561 0.90584645833867261 -0.0082791114108548038 1 CAMERA 1 108
110 1 0.9990489118130963 -0.015286843662734579 0.040719367703777876 0.0030850137283130389 -3.0602207961321199 0.89531747533062866 0.034954987961068142 1 CAMERA 1 110
111 1 0.99903492525770532 -0.014585777237397599 0.041421374811774776 0.00086193179241323 -3.1991675878515036 1.0415239611254032 -0.096954830191015764 1 CAMERA 1 111
127 1 0.99962384540967208 -0.025425788576839865 0.010278827637870521 -0.00020655753911749848 3.7375480816771174 -1.3760503875079937 0.35603286665968586 1 CAMERA 1 127
128 1 0.99959721841220817 -0.023775195656281275 0.015455255602709663 -0.0011296407998362286 2.595856910188711 -1.0165210480935039 0.15719402491188464 1 CAMERA 1 128
130 1 0.99963896516408479 -0.02186395389387287 0.015614829318447329 -0.00028974326622064082 2.553751367349764 -0.58640642277706878 0.2366049905172625 1 CAMERA 1 130
133 1 0.99973031969121473 -0.023044014462009581 0.0028642505512191242 0.00023949187088107842 5.3841002920285677 -0.84023723410749174 0.37481910687097214 1 CAMERA 1 133
136 1 0.9996452756894576 -0.023624442332567833 0.012290603521027232 -0.00038675743383408519 3.2910507263715836 -0.97617827607387753 0.2054871757777611 1 CAMERA 1 136
