# Image list with two lines of data per image:
#   IMAGE_ID, QW, QX, QY, QZ, TX, TY, TZ, CAMERA_ID, NAME
#   POINTS2D[] as (X, Y, POINT3D_ID)
# Number of images: 10, mean observations per image: 106.3
103 0.99879892734122144 -0.017327350488386597 0.045806744994860545 0.0014858600384229904 -4.1768570404006384 0.43336963767258757 0.034337797747751128 1 000102.png
212.23179626464844 162.83297729492188 68 156.71136474609375 67.373237609863281 69 58.080638885498047 196.85472106933594 -1 58.080638885498047 196.85472106933594 -1 94.387611389160156 197.5224609375 2 123.89310455322266 77.099830627441406 70 185.39480590820312 84.044914245605469 -1 188.11189270019531 200.11540222167969 -1 155.32121276855469 146.00393676757812 71 157.64933776855469 177.61566162109375 -1 157.64933776855469 177.61566162109375 99 105.02916717529297 145.89585876464844 86 173.90106201171875 144.71499633789062 -1 147.22123718261719 144.15158081054688 105 149.564208984375 114.99105072021484 5 127.87858581542969 144.90542602539062 -1 123.16950225830078 115.06052398681641 6 139.36090087890625 161.47685241699219 4 176.03585815429688 162.05110168457031 73 173.90106201171875 144.71499633789062 -1 136.64625549316406 102.78325653076172 7 107.33333587646484 127.19589233398438 8 136.77548217773438 129.63174438476562 9 157.70684814453125 162.01629638671875 10 124.11376190185547 11.537754058837891 106 157.70684814453125 162.01629638671875 -1 110.68661499023438 18.460466384887695 -1 161.60963439941406 90.266471862792969 75 165.55397033691406 115.81095123291016 74 112.64430236816406 160.86921691894531 -1 121.51324462890625 125.58148193359375 11 121.51324462890625 125.58148193359375 92 121.51324462890625 125.58148193359375 -1 94.920761108398438 160.61009216308594 14 94.920761108398438 160.61009216308594 107 109.1934814453125 113.93112182617188 12 112.64430236816406 160.86921691894531 15 148.67599487304688 105.667236328125 87 110.55088806152344 102.04537200927734 13 143.78741455078125 61.563510894775391 -1 143.78741455078125 61.563510894775391 -1 161.57200622558594 129.09904479980469 -1 176.85057067871094 129.82139587402344 -1 149.92987060546875 102.01648712158203 -1 170.84429931640625 102.80607604980469 23 150.87026977539062 129.46272277832031 -1 150.87026977539062 129.46272277832031 -1 161.57200622558594 129.09904479980469 88 176.85057067871094 129.82139587402344 -1 142.31317138671875 18.76982307434082 108 122.622314453125 100.62945556640625 18 149.92987060546875 102.01648712158203 87 170.84429931640625 102.80607604980469 20 136.0772705078125 115.32998657226562 16 150.87026977539062 129.46272277832031 17 144.70396423339844 31.824796676635742 76 166.90202331542969 156.50503540039062 55 132.14326477050781 20.546941757202148 109 125.28791809082031 39.709117889404297 110 158.27481079101562 102.24433898925781 21 158.27481079101562 102.24433898925781 19 164.45858764648438 98.54656982421875 22 144.70396423339844 31.824796676635742 -1 177.83984375 120.85292816162109 -1 177.83984375 120.85292816162109 -1 178.33821105957031 150.26913452148438 111 166.90202331542969 156.50503540039062 59 117.22617340087891 28.581451416015625 -1 124.20676422119141 32.363128662109375 112 121.24767303466797 50.094272613525391 39 103.77637481689453 160.30157470703125 24 28.744071960449219 202.07075500488281 -1 13.322098731994629 245.59945678710938 113 1.4625262022018433 247.39286804199219 27 13.322098731994629 245.59945678710938 114 103.77637481689453 160.30157470703125 29 125.17914581298828 4.8542399406433105 115 136.61984252929688 106.82851409912109 34 141.84298706054688 99.552482604980469 33 172.1358642578125 56.224987030029297 81 124.20676422119141 32.363128662109375 116 62.118255615234375 110.09967803955078 -1 136.61984252929688 106.82851409912109 32 114.70481109619141 50.157131195068359 117 141.84298706054688 99.552482604980469 35 175.44088745117188 60.297389984130859 100 172.1358642578125 56.224987030029297 79 167.21116638183594 54.479953765869141 77 125.17914581298828 4.8542399406433105 118 9.8757266998291016 6.0076656341552734 -1 124.54019165039062 22.175657272338867 119 249.79757690429688 153.14938354492188 95 244.74942016601562 144.35110473632812 120 131.32229614257812 99.244483947753906 36 113.93815612792969 128.81080627441406 38 113.93815612792969 128.81080627441406 31 144.24192810058594 40.975257873535156 42 136.468994140625 101.48553466796875 43 232.53009033203125 119.10929870605469 -1 103.23853302001953 120.71267700195312 44 112.50736999511719 120.86004638671875 49 114.74105072021484 129.018798828125 -1 169.02546691894531 129.0166015625 -1 106.16793060302734 134.41323852539062 52 241.33906555175781 135.60697937011719 -1 99.193931579589844 156.19696044921875 102 204.64080810546875 191.94081115722656 40 137.69174194335938 247.8580322265625 -1 100.98483276367188 252.38771057128906 48 139.75482177734375 14.000751495361328 121 204.64080810546875 191.94081115722656 41 79.581642150878906 188.00395202636719 25 138.7843017578125 3.6910901069641113 122 118.06752014160156 23.057882308959961 123 139.0009765625 28.779239654541016 -1 148.85684204101562 53.533573150634766 51 79.581642150878906 188.00395202636719 28 139.75482177734375 14.000751495361328 124 103.23853302001953 120.71267700195312 50 112.50736999511719 120.86004638671875 45 114.74105072021484 129.018798828125 -1 169.02546691894531 129.0166015625 -1 106.16793060302734 134.41323852539062 46 99.193931579589844 156.19696044921875 -1 161.60716247558594 53.015350341796875 85 168.52716064453125 53.28985595703125 77 169.70890808105469 108.12366485595703 -1 178.03535461425781 118.85063934326172 -1 98.366233825683594 128.89479064941406 53 115.39035797119141 129.16999816894531 63 118.35804748535156 33.812095642089844 125 140.86709594726562 8.2959213256835938 126 102.25883483886719 132.72618103027344 54 137.77659606933594 243.38993835449219 -1 131.63700866699219 7.8512020111083984 127 145.02024841308594 13.903581619262695 91 144.21339416503906 22.691585540771484 -1 168.52716064453125 53.28985595703125 128 168.52716064453125 53.28985595703125 -1 178.03535461425781 118.85063934326172 -1 98.366233825683594 128.89479064941406 56 115.39035797119141 129.16999816894531 65 145.02024841308594 13.903581619262695 129 144.21339416503906 22.691585540771484 -1 140.86549377441406 24.329730987548828 89 144.66105651855469 35.683666229248047 130 84.922218322753906 47.510078430175781 67 131.4361572265625 15.071342468261719 -1 120.66493225097656 15.161901473999023 -1 134.5384521484375 14.354290962219238 131 144.89198303222656 8.0199060440063477 -1 119.84923553466797 3.8510334491729736 132 7.6692814826965332 252.525146484375 -1 158.50038146972656 131.70443725585938 57 142.01307678222656 248.51982116699219 -1 191.53904724121094 140.96873474121094 -1 119.84923553466797 3.8510334491729736 -1 144.89198303222656 8.0199060440063477 -1 134.5384521484375 14.354290962219238 133 143.04426574707031 17.184120178222656 134 139.25216674804688 20.611040115356445 -1 129.29499816894531 26.326231002807617 135 134.13117980957031 26.559246063232422 136 134.13117980957031 26.559246063232422 137 158.50038146972656 131.70443725585938 58 196.573486328125 48.650291442871094 -1 192.42643737792969 44.059135437011719 -1 152.88722229003906 42.509231567382812 -1 123.39480590820312 41.849414825439453 80 137.82630920410156 35.992366790771484 138 135.28665161132812 30.953113555908203 139 134.13117980957031 26.559246063232422 140 130.50149536132812 216.49461364746094 -1 116.53797149658203 3.2813031673431396 141 129.29499816894531 26.326231002807617 142 148.36007690429688 22.158441543579102 78 117.38597869873047 26.725772857666016 -1 139.25216674804688 20.611040115356445 -1 143.04426574707031 17.184120178222656 90 123.542724609375 17.219345092773438 143 120.66493225097656 15.161901473999023 -1 175.07635498046875 253.65933227539062 -1 93.720878601074219 253.23809814453125 -1 
107 0.9989466014878251 -0.012592786952524082 0.044065044889835564 0.0023196791911225668 -3.7995931006465025 1.4891418428693279 -0.035922814045954578 1 000107.png
214.50556945800781 162.45701599121094 68 156.73712158203125 67.85076904296875 69 121.27510070800781 74.718681335449219 70 64.011451721191406 174.09092712402344 1 64.011451721191406 174.09092712402344 -1 147.7083740234375 17.066116333007812 -1 147.7083740234375 17.066116333007812 -1 185.37789916992188 84.144920349121094 -1 153.83445739746094 145.59616088867188 71 157.069580078125 176.60470581054688 99 93.235748291015625 196.86549377441406 2 189.63465881347656 199.47012329101562 -1 130.84385681152344 62.017070770263672 -1 122.80708312988281 115.27093505859375 6 149.60258483886719 114.81128692626953 5 104.82917022705078 145.50822448730469 86 173.64053344726562 144.66983032226562 -1 139.35189819335938 161.31221008300781 4 176.10870361328125 162.03877258300781 73 103.44143676757812 177.31393432617188 3 175.85545349121094 179.95372009277344 -1 173.64053344726562 144.66983032226562 72 130.84385681152344 62.017070770263672 -1 157.41357421875 161.95088195800781 10 161.67709350585938 90.508033752441406 75 107.28073883056641 127.17648315429688 8 136.7872314453125 129.63259887695312 9 159.03553771972656 90.136917114257812 -1 164.9246826171875 115.65868377685547 74 136.6439208984375 102.83244323730469 7 140.60429382324219 18.290380477905273 -1 110.48330688476562 102.00566864013672 13 148.75508117675781 105.34996032714844 87 108.96147155761719 113.97081756591797 12 121.56249237060547 124.86881256103516 11 94.892097473144531 160.57342529296875 14 112.6575927734375 160.83311462402344 15 121.56249237060547 124.86881256103516 92 140.60429382324219 18.290380477905273 -1 173.32478332519531 63.4910888671875 -1 150.0081787109375 101.77334594726562 -1 170.76338195800781 102.78593444824219 23 151.06626892089844 129.32012939453125 -1 15.850603103637695 9.3393878936767578 -1 173.32478332519531 63.4910888671875 -1 122.71408081054688 100.92977142333984 18 150.0081787109375 101.77334594726562 87 170.76338195800781 102.78593444824219 20 136.22938537597656 115.31842803955078 16 151.06626892089844 129.32012939453125 17 161.55226135253906 129.09133911132812 88 176.90390014648438 129.81842041015625 -1 201.11344909667969 193.9310302734375 41 161.55226135253906 129.09133911132812 -1 176.90390014648438 129.81842041015625 -1 201.11344909667969 193.9310302734375 40 176.90390014648438 129.81842041015625 -1 15.850603103637695 9.3393878936767578 -1 177.84437561035156 120.91986083984375 -1 158.24900817871094 102.23702239990234 19 177.84437561035156 120.91986083984375 -1 105.7801513671875 13.082331657409668 -1 144.78617858886719 31.973724365234375 76 158.24900817871094 102.23702239990234 21 164.38131713867188 98.575897216796875 22 168.762939453125 165.93074035644531 -1 168.762939453125 165.93074035644531 -1 135.93168640136719 40.278369903564453 -1 144.25421142578125 40.518428802490234 42 121.42014312744141 50.174671173095703 39 167.20928955078125 54.530010223388672 77 141.78176879882812 99.516212463378906 35 136.61906433105469 106.82036590576172 32 250.09190368652344 153.65811157226562 95 136.9010009765625 27.368314743041992 -1 103.78941345214844 160.41546630859375 24 41.741470336914062 165.80215454101562 -1 131.25228881835938 99.200286865234375 36 203.54071044921875 192.66181945800781 40 166.81025695800781 156.35243225097656 59 141.78176879882812 99.516212463378906 33 136.61906433105469 106.82036590576172 34 166.81025695800781 156.35243225097656 55 103.78941345214844 160.41546630859375 30 103.78941345214844 160.41546630859375 29 25.214757919311523 212.24777221679688 -1 203.54071044921875 192.66181945800781 41 25.214757919311523 212.24777221679688 -1 29.104513168334961 202.45071411132812 -1 149.51507568359375 53.67816162109375 -1 175.79411315917969 59.772953033447266 100 238.74449157714844 131.28472900390625 -1 106.1358642578125 134.46159362792969 46 241.27082824707031 135.34806823730469 -1 148.73062133789062 53.483463287353516 51 137.81158447265625 247.84796142578125 47 112.85459136962891 252.49789428710938 -1 80.024635314941406 188.41268920898438 25 37.336582183837891 176.1636962890625 -1 47.216117858886719 148.37844848632812 -1 172.07290649414062 56.447620391845703 79 136.47988891601562 101.53231048583984 43 103.1781005859375 120.67520904541016 44 112.49045562744141 120.83842468261719 45 114.28083801269531 128.91775512695312 31 169.008056640625 128.91511535644531 -1 80.024635314941406 188.41268920898438 28 141.10893249511719 8.2368850708007812 -1 172.07290649414062 56.447620391845703 81 103.1781005859375 120.67520904541016 50 112.49045562744141 120.83842468261719 49 114.28083801269531 128.91775512695312 38 169.008056640625 128.91511535644531 -1 169.008056640625 128.91511535644531 -1 106.1358642578125 134.46159362792969 52 102.25844573974609 132.59127807617188 54 145.05953979492188 13.907780647277832 91 84.871391296386719 47.479328155517578 67 144.48973083496094 8.212738037109375 -1 161.52642822265625 52.929176330566406 85 140.23672485351562 14.55384349822998 -1 148.14530944824219 21.983301162719727 78 140.75355529785156 24.034492492675781 89 155.7921142578125 187.27561950683594 98 144.59712219238281 35.677890777587891 -1 168.36541748046875 53.494129180908203 -1 98.312080383300781 128.90608215332031 56 115.29537200927734 129.16195678710938 65 163.20396423339844 134.55856323242188 -1 168.36541748046875 53.494129180908203 77 170.06224060058594 108.09250640869141 -1 57.706588745117188 117.02480316162109 -1 108.00699615478516 119.23311614990234 -1 98.312080383300781 128.90608215332031 53 115.29537200927734 129.16195678710938 63 168.36541748046875 53.494129180908203 -1 143.07218933105469 17.193742752075195 90 158.46049499511719 131.73760986328125 58 130.36521911621094 216.50923156738281 -1 113.12928771972656 253.01968383789062 -1 167.99703979492188 253.44871520996094 -1 142.54635620117188 2.9640481472015381 -1 137.85977172851562 35.952373504638672 -1 158.46049499511719 131.73760986328125 57 196.37074279785156 48.831703186035156 -1 152.82609558105469 42.530982971191406 -1 143.07218933105469 17.193742752075195 134 130.36521911621094 216.50923156738281 62 142.54635620117188 2.9640481472015381 -1 142.54635620117188 2.9640481472015381 -1 163.72772216796875 253.68331909179688 -1 
108 0.9989908310815917 -0.015208637235701834 0.042235045766689849 0.0014891868348918852 -3.3853034811701561 0.90584645833867261 -0.0082791114108548038 1 000106.png
214.15669250488281 162.04115295410156 68 156.67630004882812 67.712547302246094 69 121.64230346679688 75.058784484863281 70 64.475204467773438 173.57025146484375 -1 64.475204467773438 173.57025146484375 1 185.09092712402344 84.329414367675781 -1 83.712875366210938 97.178115844726562 -1 153.77435302734375 145.47990417480469 71 157.5701904296875 176.56988525390625 99 93.451789855957031 197.00761413574219 2 189.50753784179688 199.52412414550781 -1 173.57923889160156 144.59869384765625 -1 104.92279815673828 145.56112670898438 86 149.49693298339844 114.84965515136719 5 122.81947326660156 115.31884002685547 6 130.72587585449219 63.282958984375 -1 140.26235961914062 17.047508239746094 -1 139.34358215332031 161.357666015625 4 176.10707092285156 162.03985595703125 73 103.87931823730469 177.51274108886719 3 175.92625427246094 179.97337341308594 -1 103.87931823730469 177.51274108886719 -1 173.57923889160156 144.59869384765625 72 130.72587585449219 63.282958984375 -1 140.26235961914062 17.047508239746094 -1 136.68592834472656 102.87127685546875 7 164.6190185546875 115.57032012939453 74 107.32061004638672 127.17928314208984 8 136.79139709472656 129.66546630859375 9 158.94071960449219 90.070182800292969 -1 157.52279663085938 162.02662658691406 10 161.59071350097656 90.386398315429688 75 108.94556427001953 113.98249053955078 12 121.49034881591797 125.31245422363281 92 148.79409790039062 104.92807006835938 87 110.52886199951172 102.03441619873047 13 94.905662536621094 160.56791687011719 14 112.66383361816406 160.8314208984375 15 121.49034881591797 125.31245422363281 11 112.66383361816406 160.8314208984375 -1 122.63636779785156 100.51435089111328 18 149.96492004394531 101.91680908203125 87 170.85995483398438 102.81111907958984 20 136.34793090820312 115.36318206787109 16 151.08784484863281 129.5714111328125 17 161.55807495117188 129.08734130859375 88 176.86639404296875 129.82835388183594 -1 201.143310546875 193.9129638671875 41 151.08784484863281 129.5714111328125 -1 176.86639404296875 129.82835388183594 -1 176.86639404296875 129.82835388183594 -1 201.143310546875 193.9129638671875 40 15.444726943969727 9.4866971969604492 -1 161.55807495117188 129.08734130859375 -1 149.96492004394531 101.91680908203125 -1 170.85995483398438 102.81111907958984 23 129.75489807128906 19.885543823242188 -1 144.70370483398438 31.669986724853516 76 164.5828857421875 98.452156066894531 22 166.85214233398438 156.46438598632812 59 105.01594543457031 13.211225509643555 -1 158.26164245605469 102.24664306640625 21 158.26164245605469 102.24664306640625 19 166.85214233398438 156.46438598632812 55 136.42506408691406 4.3030796051025391 -1 121.31306457519531 50.257480621337891 39 152.98371887207031 54.218025207519531 37 167.33395385742188 54.416847229003906 77 131.30931091308594 99.235359191894531 36 141.81072998046875 99.536376953125 35 136.65357971191406 106.81841278076172 32 249.9091796875 153.34822082519531 95 103.78009033203125 160.25723266601562 24 13.364531517028809 245.671875 113 179.3800048828125 65.702491760253906 -1 136.65357971191406 106.81841278076172 34 141.81072998046875 99.536376953125 33 13.364531517028809 245.671875 114 103.78009033203125 160.25723266601562 29 103.78009033203125 160.25723266601562 30 144.17520141601562 40.711883544921875 42 204.32965087890625 192.17416381835938 40 175.83416748046875 59.728336334228516 100 204.32965087890625 192.17416381835938 41 172.01371765136719 56.513946533203125 81 103.20204162597656 120.69318389892578 50 114.29158020019531 128.93431091308594 38 169.01414489746094 129.04951477050781 -1 79.995567321777344 188.41352844238281 28 112.77293395996094 120.66134643554688 49 106.14181518554688 134.59602355957031 46 141.20317077636719 8.27880859375 -1 138.91645812988281 28.794364929199219 -1 127.67337799072266 48.707267761230469 -1 148.67173767089844 53.457481384277344 51 172.01371765136719 56.513946533203125 79 136.46173095703125 101.51433563232422 43 103.20204162597656 120.69318389892578 44 114.29158020019531 128.93431091308594 31 169.01414489746094 129.04951477050781 -1 240.98991394042969 135.03141784667969 -1 79.995567321777344 188.41352844238281 25 138.01498413085938 247.90591430664062 47 100.85092926025391 252.38121032714844 48 112.77293395996094 120.66134643554688 45 106.14181518554688 134.59602355957031 52 133.89955139160156 26.727939605712891 -1 140.86004638671875 24.171201705932617 89 148.36961364746094 22.245954513549805 78 172.32980346679688 125.70828247070312 -1 144.85749816894531 14.000198364257812 91 102.19671630859375 132.60726928710938 54 115.26881408691406 129.17036437988281 63 98.319793701171875 128.93864440917969 53 178.12351989746094 118.75208282470703 -1 168.33702087402344 53.544261932373047 77 84.730552673339844 47.557304382324219 67 140.12222290039062 14.301037788391113 -1 140.12222290039062 14.301037788391113 -1 98.319793701171875 128.93864440917969 56 115.26881408691406 129.17036437988281 65 123.67350769042969 41.801639556884766 80 190.83724975585938 131.48945617675781 -1 163.41554260253906 134.49383544921875 -1 7.0041689872741699 253.03450012207031 -1 141.7510986328125 0.65722697973251343 -1 141.7510986328125 0.65722697973251343 -1 143.11270141601562 17.191457748413086 134 144.33033752441406 35.814037322998047 130 134.32411193847656 14.326214790344238 -1 161.10812377929688 52.706691741943359 85 143.11270141601562 17.191457748413086 90 135.39875793457031 31.003908157348633 -1 152.56307983398438 42.515148162841797 -1 141.97682189941406 31.866472244262695 -1 129.4197998046875 39.306289672851562 -1 144.33033752441406 35.814037322998047 -1 138.0301513671875 36.065975189208984 -1 132.96922302246094 34.027507781982422 -1 152.45063781738281 80.496345520019531 -1 
110 0.9990489118130963 -0.015286843662734579 0.040719367703777876 0.0030850137283130389 -3.0602207961321199 0.89531747533062866 0.034954987961068142 1 000110.png
214.63888549804688 162.34046936035156 68 156.68997192382812 67.837692260742188 69 121.25985717773438 74.788330078125 70 64.235000610351562 173.91264343261719 1 56.920455932617188 197.36062622070312 -1 64.235000610351562 173.91264343261719 -1 149.58442687988281 18.117656707763672 -1 185.29196166992188 84.082649230957031 -1 153.8394775390625 145.6583251953125 71 156.87812805175781 176.65603637695312 99 93.132278442382812 196.82852172851562 2 189.66697692871094 199.45915222167969 -1 122.73998260498047 115.27012634277344 6 149.48713684082031 114.79490661621094 5 105.36126708984375 145.53134155273438 86 173.43707275390625 144.68495178222656 -1 139.38381958007812 161.35281372070312 4 176.120361328125 162.0496826171875 73 103.57883453369141 177.239501953125 3 175.86711120605469 179.97245788574219 -1 173.43707275390625 144.68495178222656 72 157.38694763183594 162.09181213378906 10 161.85079956054688 90.554275512695312 75 136.65025329589844 102.82592010498047 7 165.05914306640625 115.70748901367188 74 107.31863403320312 127.15129852294922 8 136.79212951660156 129.65547180175781 9 110.47315216064453 102.01575469970703 13 148.69894409179688 105.63011932373047 87 108.94164276123047 113.95024108886719 12 121.51560974121094 125.0308837890625 11 94.905410766601562 160.53628540039062 14 112.63243103027344 160.81170654296875 15 161.55921936035156 129.08987426757812 -1 151.05850219726562 129.2930908203125 -1 170.77259826660156 102.79279327392578 23 173.46076965332031 63.27362060546875 -1 141.66423034667969 18.533563613891602 -1 176.85769653320312 129.80659484863281 -1 176.85769653320312 129.80659484863281 -1 141.66423034667969 18.533563613891602 -1 173.46076965332031 63.27362060546875 -1 122.66221618652344 100.65790557861328 18 170.77259826660156 102.79279327392578 20 136.50592041015625 115.29012298583984 16 151.05850219726562 129.2930908203125 17 161.55921936035156 129.08987426757812 88 176.85769653320312 129.80659484863281 -1 201.3424072265625 193.81451416015625 41 201.3424072265625 193.81451416015625 40 108.08380889892578 12.806982040405273 -1 144.85734558105469 32.064918518066406 76 158.25115966796875 102.22393035888672 21 158.25115966796875 102.22393035888672 19 178.16754150390625 120.81300354003906 -1 178.16754150390625 120.81300354003906 -1 109.65216827392578 31.916181564331055 -1 114.34061431884766 50.398761749267578 117 153.67546081542969 54.217567443847656 37 164.230224609375 98.578468322753906 22 131.2606201171875 99.218711853027344 36 141.80653381347656 99.502731323242188 35 136.62742614746094 106.79486083984375 32 245.15512084960938 144.73045349121094 120 166.75807189941406 156.26219177246094 59 103.77078247070312 160.24977111816406 24 80.628700256347656 188.85523986816406 25 29.123075485229492 202.27264404296875 -1 80.628700256347656 188.85523986816406 28 103.77078247070312 160.24977111816406 29 103.77078247070312 160.24977111816406 30 166.75807189941406 156.26219177246094 55 113.48877716064453 128.64566040039062 38 136.62742614746094 106.79486083984375 34 141.80653381347656 99.502731323242188 33 113.48877716064453 128.64566040039062 31 25.28169059753418 211.98118591308594 26 1.5499409437179565 247.44618225097656 27 175.81193542480469 59.704917907714844 100 144.12806701660156 40.868686676025391 42 138.70256042480469 28.560525894165039 -1 121.38729858398438 50.338035583496094 39 148.70065307617188 53.371757507324219 51 167.82986450195312 53.932338714599609 77 172.01368713378906 56.528583526611328 79 136.47763061523438 101.52662658691406 43 103.20808410644531 120.67216491699219 44 112.47811889648438 120.86202239990234 45 169.02920532226562 129.01408386230469 -1 106.11985778808594 134.45674133300781 52 48.137767791748047 146.13400268554688 -1 168.21055603027344 151.49568176269531 -1 79.801437377929688 188.20770263671875 25 24.147647857666016 212.12460327148438 26 14.885215759277344 237.98199462890625 -1 137.79814147949219 247.8287353515625 47 100.88695526123047 252.3184814453125 48 112.98942565917969 252.45475769042969 -1 134.17755126953125 252.45768737792969 -1 109.35692596435547 2.4845528602600098 -1 79.801437377929688 188.20770263671875 28 148.46656799316406 11.240511894226074 -1 148.46656799316406 11.240511894226074 101 148.46656799316406 11.240511894226074 -1 172.01368713378906 56.528583526611328 81 103.20808410644531 120.67216491699219 50 112.47811889648438 120.86202239990234 49 169.02920532226562 129.01408386230469 -1 106.11985778808594 134.45674133300781 46 158.57774353027344 131.48139953613281 57 102.17263031005859 132.66937255859375 54 148.15609741210938 21.826850891113281 78 155.451171875 253.12692260742188 -1 106.99770355224609 8.6212339401245117 -1 145.17837524414062 13.960574150085449 91 141.04768371582031 24.26453971862793 89 104.65512847900391 15.498936653137207 -1 120.73863220214844 252.93684387207031 60 137.90531921386719 44.668498992919922 -1 144.61814880371094 7.9817357063293457 -1 106.99770355224609 8.6212339401245117 -1 141.04768371582031 24.26453971862793 -1 98.338050842285156 128.89883422851562 56 160.4908447265625 80.364585876464844 -1 115.42946624755859 129.16836547851562 65 158.57774353027344 131.48139953613281 58 142.00251770019531 8.2305355072021484 -1 84.765068054199219 47.428821563720703 67 155.76950073242188 80.163368225097656 -1 70.891952514648438 82.718673706054688 -1 98.338050842285156 128.89883422851562 53 115.42946624755859 129.16836547851562 63 161.586669921875 52.923324584960938 85 123.01132202148438 248.19499206542969 -1 148.450927734375 5.7085590362548828 -1 130.48300170898438 216.50381469726562 62 152.14813232421875 189.52847290039062 98 133.18052673339844 103.05849456787109 66 138.62971496582031 102.50434112548828 84 196.76078796386719 48.968738555908203 -1 110.76634979248047 44.682014465332031 -1 125.68981170654297 43.520225524902344 80 134.51498413085938 38.532829284667969 -1 144.32203674316406 35.948703765869141 -1 110.01068878173828 20.48699951171875 -1 110.03680419921875 17.302953720092773 -1 143.23405456542969 17.190004348754883 -1 143.23405456542969 17.190004348754883 90 138.62971496582031 102.50434112548828 82 109.86857604980469 10.964714050292969 -1 138.62971496582031 102.50434112548828 83 133.18052673339844 103.05849456787109 64 123.01132202148438 248.19499206542969 -1 143.23405456542969 17.190004348754883 134 8.8305273056030273 242.31678771972656 -1 8.8305273056030273 242.31678771972656 -1 
111 0.99903492525770532 -0.014585777237397599 0.041421374811774776 0.00086193179241323 -3.1991675878515036 1.0415239611254032 -0.096954830191015764 1 000109.png
214.49394226074219 162.2613525390625 68 147.88227844238281 17.22172737121582 -1 156.72004699707031 67.849044799804688 69 121.29571533203125 74.695236206054688 70 64.07635498046875 174.10612487792969 1 64.07635498046875 174.10612487792969 -1 147.88227844238281 17.22172737121582 -1 185.16706848144531 84.14654541015625 -1 153.85282897949219 145.61009216308594 71 157.09529113769531 176.61244201660156 99 93.31280517578125 196.86538696289062 2 189.73515319824219 199.45838928222656 -1 104.73056030273438 145.53758239746094 86 173.513671875 144.66732788085938 -1 139.36428833007812 161.315673828125 4 176.09169006347656 162.02838134765625 73 103.59503936767578 177.35029602050781 3 175.67864990234375 179.95675659179688 -1 130.78012084960938 61.693065643310547 -1 173.513671875 144.66732788085938 72 130.78012084960938 61.693065643310547 -1 122.81899261474609 115.2337646484375 6 149.51358032226562 114.81763458251953 5 136.82119750976562 129.62791442871094 9 164.89288330078125 115.66018676757812 74 158.99053955078125 90.180877685546875 -1 107.31255340576172 127.16629028320312 8 161.7880859375 90.551856994628906 75 157.44703674316406 161.23072814941406 10 136.65359497070312 102.87885284423828 7 140.67030334472656 18.255321502685547 -1 110.40615081787109 102.01964569091797 13 148.66700744628906 105.56207275390625 87 108.85435485839844 113.94677734375 12 121.51697540283203 125.18698883056641 11 94.887619018554688 160.5701904296875 14 112.67568969726562 160.819580078125 15 121.51697540283203 125.18698883056641 92 140.67030334472656 18.255321502685547 -1 176.87405395507812 129.81674194335938 -1 161.54254150390625 129.1097412109375 -1 176.87405395507812 129.81674194335938 -1 176.87405395507812 129.81674194335938 -1 149.84967041015625 102.18762969970703 -1 170.75119018554688 102.804443359375 23 151.05682373046875 129.36715698242188 -1 122.63835906982422 100.65544891357422 18 149.84967041015625 102.18762969970703 87 170.75119018554688 102.804443359375 20 136.1307373046875 115.28843688964844 16 151.05682373046875 129.36715698242188 17 161.54254150390625 129.1097412109375 88 178.0201416015625 120.9075927734375 -1 105.85111236572266 13.030054092407227 -1 144.83294677734375 32.033668518066406 76 158.25344848632812 102.22377014160156 21 158.25344848632812 102.22377014160156 19 178.0201416015625 120.9075927734375 -1 136.078369140625 40.377216339111328 -1 121.33294677734375 50.049335479736328 39 164.33671569824219 98.616188049316406 22 131.25941467285156 99.210441589355469 36 141.80393981933594 99.511093139648438 35 136.64187622070312 106.8155517578125 32 58.486225128173828 120.13501739501953 -1 113.65280914306641 128.70411682128906 31 250.01780700683594 153.35581970214844 95 103.79004669189453 160.37611389160156 24 80.509895324707031 188.7301025390625 25 203.70159912109375 192.58389282226562 40 28.808382034301758 203.01139831542969 -1 25.257974624633789 212.25138854980469 26 137.23677062988281 27.747386932373047 -1 179.45576477050781 65.676078796386719 -1 203.70159912109375 192.58389282226562 41 80.509895324707031 188.7301025390625 28 103.79004669189453 160.37611389160156 29 103.79004669189453 160.37611389160156 30 113.65280914306641 128.70411682128906 38 141.80393981933594 99.511093139648438 33 136.64187622070312 106.8155517578125 34 175.82170104980469 59.690071105957031 100 166.31369018554688 155.92350769042969 59 144.19160461425781 40.716743469238281 42 166.31369018554688 155.92350769042969 55 172.07496643066406 56.425411224365234 79 169.00726318359375 129.01997375488281 -1 103.22311401367188 120.68119812011719 44 106.0970458984375 134.45144653320312 52 66.41925048828125 95.821235656738281 -1 99.266265869140625 156.14389038085938 102 138.27947998046875 4.0006403923034668 -1 148.46406555175781 11.244221687316895 101 167.89872741699219 54.05438232421875 77 148.94667053222656 53.478710174560547 51 112.45211029052734 120.84951782226562 49 148.46406555175781 11.244221687316895 -1 172.07496643066406 56.425411224365234 81 100.94166564941406 252.41352844238281 48 103.22311401367188 120.68119812011719 50 112.45211029052734 120.84951782226562 45 169.00726318359375 129.01997375488281 -1 106.0970458984375 134.45144653320312 46 136.4727783203125 101.5718994140625 43 102.17877960205078 132.60824584960938 54 123.99857330322266 252.85409545898438 60 141.05377197265625 8.3245944976806641 -1 140.29803466796875 14.522134780883789 -1 148.26046752929688 21.945835113525391 78 140.750244140625 24.030597686767578 89 164.56098937988281 80.302581787109375 -1 196.011474609375 49.344085693359375 -1 196.011474609375 49.344085693359375 -1 158.72592163085938 131.37127685546875 58 158.72592163085938 131.37127685546875 57 107.91021728515625 119.372314453125 -1 178.12052917480469 118.73799133300781 -1 98.234291076660156 128.92654418945312 53 98.234291076660156 128.92654418945312 56 225.79248046875 104.70163726806641 -1 144.95162963867188 13.928958892822266 91 143.23118591308594 17.20758056640625 134 172.12931823730469 125.62258148193359 -1 115.77988433837891 129.30982971191406 63 155.68232727050781 187.47615051269531 98 139.40888977050781 20.468904495239258 -1 178.67909240722656 205.41307067871094 -1 103.7940673828125 19.808099746704102 93 143.23118591308594 17.20758056640625 90 139.40888977050781 20.468904495239258 -1 130.62680053710938 216.50083923339844 62 115.77988433837891 129.30982971191406 65 161.21315002441406 52.609806060791016 85 142.47998046875 2.8006961345672607 -1 84.402877807617188 47.199676513671875 67 84.611030578613281 42.200168609619141 -1 144.63108825683594 35.838394165039062 -1 108.39617919921875 33.922641754150391 -1 142.47998046875 2.8006961345672607 -1 144.6591796875 8.0810718536376953 -1 136.51002502441406 99.225860595703125 -1 144.63108825683594 35.838394165039062 -1 150.94912719726562 30.24993896484375 97 136.32723999023438 10.623956680297852 -1 93.984725952148438 253.17735290527344 -1 167.24855041503906 167.59327697753906 -1 150.94912719726562 30.24993896484375 104 167.24855041503906 167.59327697753906 -1 145.04586791992188 29.319124221801758 -1 
127 0.99962384540967208 -0.025425788576839865 0.010278827637870521 -0.00020655753911749848 3.7375480816771174 -1.3760503875079937 0.35603286665968586 1 000127.png
162.25227355957031 189.85162353515625 -1 217.28485107421875 159.14874267578125 -1 217.28485107421875 159.14874267578125 68 82.489585876464844 105.34001159667969 -1 156.97416687011719 67.0364990234375 69 66.142875671386719 171.65629577636719 1 123.85184478759766 77.098098754882812 70 189.52455139160156 84.881004333496094 -1 121.39951324462891 143.40432739257812 -1 152.40054321289062 145.6068115234375 71 103.86731719970703 177.781982421875 3 151.77210998535156 177.38525390625 99 93.007789611816406 197.20654296875 2 103.86731719970703 177.781982421875 -1 121.05947113037109 12.823960304260254 106 175.83946228027344 143.17881774902344 72 147.15968322753906 144.06275939941406 105 138.68019104003906 161.32270812988281 4 186.55949401855469 180.5672607421875 -1 176.157470703125 162.42950439453125 73 122.47286987304688 114.95030975341797 6 149.32981872558594 114.94071197509766 5 136.17098999023438 129.50093078613281 9 157.54957580566406 161.06585693359375 10 180.80642700195312 25.368921279907227 -1 136.54521179199219 102.70896148681641 7 162.10748291015625 114.79598999023438 74 107.17555236816406 127.11052703857422 8 161.59506225585938 90.097610473632812 75 161.59506225585938 90.097610473632812 -1 162.10748291015625 114.79598999023438 -1 130.32077026367188 214.24501037597656 -1 180.80642700195312 25.368921279907227 -1 109.96094512939453 101.99379730224609 13 108.74288177490234 113.87545776367188 12 121.34291076660156 125.62630462646484 11 94.799018859863281 160.51673889160156 14 112.50498199462891 160.76266479492188 15 112.50498199462891 160.76266479492188 -1 94.799018859863281 160.51673889160156 107 121.34291076660156 125.62630462646484 92 238.88916015625 11.013683319091797 -1 106.78359222412109 21.273296356201172 93 173.45152282714844 63.032516479492188 100 142.09504699707031 18.679901123046875 108 161.77473449707031 128.95901489257812 -1 151.0867919921875 129.00862121582031 17 135.92369079589844 115.16435241699219 16 122.63309478759766 100.61704254150391 18 144.58531188964844 31.802814483642578 76 161.77473449707031 128.95901489257812 88 173.45152282714844 63.032516479492188 -1 225.3375244140625 14.425149917602539 -1 132.38737487792969 20.800954818725586 109 169.60189819335938 39.728790283203125 -1 158.17073059082031 102.16217041015625 21 170.03634643554688 102.91019439697266 20 170.03634643554688 102.91019439697266 -1 125.25175476074219 5.3038864135742188 115 15.550229072570801 8.8170709609985352 -1 232.58332824707031 19.297826766967773 -1 125.14138793945312 39.999050140380859 110 164.69232177734375 98.405113220214844 22 158.17073059082031 102.16217041015625 19 125.25175476074219 5.3038864135742188 118 170.03634643554688 102.91019439697266 23 103.73291778564453 160.22100830078125 24 80.633903503417969 188.83598327636719 25 152.21142578125 54.013111114501953 37 121.40802001953125 50.056224822998047 39 124.28531646728516 32.351020812988281 112 116.64242553710938 27.80744743347168 -1 124.20692443847656 22.384244918823242 119 174.98565673828125 18.911493301391602 -1 125.99521636962891 16.771589279174805 -1 203.62123107910156 192.58309936523438 41 104.53584289550781 13.033717155456543 -1 191.13037109375 10.759260177612305 -1 24.863906860351562 212.61979675292969 26 203.62123107910156 192.58309936523438 40 80.633903503417969 188.83598327636719 28 103.73291778564453 160.22100830078125 29 103.73291778564453 160.22100830078125 30 136.44509887695312 106.76271057128906 32 141.676025390625 99.479652404785156 33 131.1234130859375 99.178596496582031 -1 167.22201538085938 54.459102630615234 128 121.40802001953125 50.056224822998047 -1 132.31118774414062 12.326262474060059 -1 104.53584289550781 13.033717155456543 -1 132.31118774414062 12.326262474060059 -1 107.96694183349609 7.5079469680786133 -1 118.9840087890625 3.8117823600769043 132 1.4962964057922363 247.39726257324219 27 141.676025390625 99.479652404785156 35 136.44509887695312 106.76271057128906 34 131.1234130859375 99.178596496582031 36 244.75724792480469 144.50982666015625 -1 249.97273254394531 153.16761779785156 95 167.22201538085938 54.459102630615234 77 124.28531646728516 32.351020812988281 116 166.22160339355469 155.83322143554688 59 166.22160339355469 155.83322143554688 55 144.28959655761719 40.732013702392578 42 232.61849975585938 26.262935638427734 -1 114.26229858398438 128.9241943359375 31 139.013916015625 18.807470321655273 -1 107.45013427734375 18.164396286010742 -1 106.11835479736328 134.43756103515625 46 178.32838439941406 37.759239196777344 -1 103.09807586669922 120.63852691650391 44 128.161865234375 48.748752593994141 -1 128.161865234375 48.748752593994141 -1 139.75897216796875 14.042469024658203 124 138.36172485351562 247.821044921875 47 228.0775146484375 25.583850860595703 -1 180.49647521972656 56.359466552734375 -1 136.47537231445312 101.46855163574219 -1 101.01982116699219 252.26622009277344 48 114.16751098632812 3.7089250087738037 141 138.76945495605469 3.8272006511688232 122 103.09807586669922 120.63852691650391 50 139.75897216796875 14.042469024658203 121 112.40738677978516 120.83695983886719 49 171.72296142578125 25.295480728149414 -1 228.0775146484375 25.583850860595703 -1 114.26229858398438 128.9241943359375 38 138.89463806152344 28.786739349365234 -1 174.70498657226562 31.42132568359375 -1 227.16082763671875 32.536979675292969 -1 178.32838439941406 37.759239196777344 -1 106.11835479736328 134.43756103515625 52 149.24057006835938 53.628826141357422 51 180.49647521972656 56.359466552734375 -1 146.84384155273438 83.597015380859375 -1 136.47537231445312 101.46855163574219 43 232.87350463867188 119.66987609863281 -1 112.40738677978516 120.83695983886719 45 54.639259338378906 127.42877960205078 -1 148.22401428222656 22.084661483764648 78 140.79356384277344 24.136514663696289 89 178.39659118652344 32.036697387695312 -1 104.52295684814453 15.398738861083984 -1 171.27574157714844 57.363899230957031 79 157.0948486328125 80.221717834472656 -1 103.41577911376953 19.956584930419922 -1 102.26182556152344 132.56918334960938 54 39.642101287841797 166.80422973632812 -1 141.00543212890625 8.2187690734863281 126 123.38438415527344 41.458782196044922 80 98.272415161132812 128.91143798828125 53 84.796920776367188 47.441940307617188 67 103.41577911376953 19.956584930419922 -1 236.8193359375 19.086477279663086 -1 98.272415161132812 128.91143798828125 56 171.27574157714844 57.363899230957031 81 131.97915649414062 7.8199701309204102 127 236.8193359375 19.086477279663086 -1 129.23722839355469 26.39642333984375 142 114.06123352050781 23.573677062988281 123 143.08155822753906 17.162754058837891 90 120.54979705810547 15.262050628662109 -1 134.6019287109375 14.589117050170898 131 144.94606018066406 13.839594841003418 91 116.98713684082031 6.8097748756408691 -1 15.60869026184082 6.9582834243774414 -1 118.38876342773438 33.679031372070312 125 172.24375915527344 35.134334564208984 -1 169.13044738769531 107.88056945800781 -1 144.94606018066406 13.839594841003418 129 134.6019287109375 14.589117050170898 133 129.23722839355469 26.39642333984375 135 119.84839630126953 3.9122366905212402 -1 167.14547729492188 30.560314178466797 -1 150.43682861328125 187.21949768066406 98 172.62239074707031 45.557727813720703 -1 138.72862243652344 102.59600830078125 82 138.72862243652344 102.59600830078125 83 133.50962829589844 102.84080505371094 -1 133.50962829589844 102.84080505371094 64 115.76900482177734 129.30000305175781 65 171.90838623046875 253.57603454589844 -1 7.0575399398803711 252.90760803222656 -1 172.24375915527344 35.134334564208984 -1 130.62411499023438 216.53506469726562 62 135.34651184082031 30.895515441894531 -1 191.57997131347656 205.65325927734375 -1 115.76900482177734 129.30000305175781 63 133.50962829589844 102.84080505371094 66 138.72862243652344 102.59600830078125 84 161.29898071289062 52.524829864501953 85 219.54313659667969 49.656177520751953 -1 172.62239074707031 45.557727813720703 -1 144.16583251953125 35.790206909179688 130 135.34651184082031 30.895515441894531 139 167.14547729492188 30.560314178466797 -1 151.84967041015625 189.49046325683594 98 150.99723815917969 30.328250885009766 -1 150.99723815917969 30.328250885009766 97 
128 0.99959721841220817 -0.023775195656281275 0.015455255602709663 -0.0011296407998362286 2.595856910188711 -1.0165210480935039 0.15719402491188464 1 000128.png
164.39338684082031 190.79365539550781 -1 216.93914794921875 158.62957763671875 -1 216.93914794921875 158.62957763671875 68 82.410972595214844 104.43894958496094 -1 157.14289855957031 66.648765563964844 69 193.03547668457031 89.28009033203125 -1 66.209686279296875 171.81925964355469 1 193.03547668457031 89.28009033203125 -1 123.99900054931641 77.311630249023438 70 121.21646118164062 143.38192749023438 -1 152.03993225097656 144.88417053222656 71 103.77359771728516 177.80638122558594 3 155.04981994628906 175.74551391601562 99 92.968162536621094 197.21855163574219 2 103.77359771728516 177.80638122558594 -1 121.09845733642578 12.812616348266602 106 176.41606140136719 162.47882080078125 73 138.71231079101562 161.31068420410156 4 106.43253326416016 145.65921020507812 86 147.04495239257812 143.91363525390625 105 122.36001586914062 114.90906524658203 6 149.53297424316406 114.92731475830078 5 189.44879150390625 181.10525512695312 -1 163.51573181152344 115.00112915039062 74 107.16226959228516 127.11331939697266 8 121.1905517578125 132.2591552734375 -1 158.05899047851562 163.20709228515625 10 130.5382080078125 214.0860595703125 -1 136.14100646972656 129.30599975585938 9 183.73979187011719 36.292961120605469 -1 183.73979187011719 36.292961120605469 -1 233.10589599609375 12.480698585510254 -1 161.56733703613281 90.118339538574219 75 136.484375 102.61859130859375 7 121.1905517578125 132.2591552734375 -1 163.51573181152344 115.00112915039062 -1 161.56733703613281 90.118339538574219 -1 94.7926025390625 160.54525756835938 14 112.48310089111328 160.78666687011719 15 121.36549377441406 125.66973114013672 11 108.73468017578125 113.93190765380859 12 109.949951171875 101.97894287109375 13 242.09535217285156 20.631559371948242 -1 112.48310089111328 160.78666687011719 -1 94.7926025390625 160.54525756835938 107 121.36549377441406 125.66973114013672 92 179.19099426269531 148.61032104492188 -1 179.19099426269531 148.61032104492188 -1 144.73291015625 31.723443984985352 76 175.31439208984375 44.76251220703125 -1 122.57111358642578 100.57260131835938 18 149.84707641601562 102.02967834472656 87 170.78025817871094 102.78189086914062 20 136.07823181152344 115.17562866210938 16 151.07041931152344 128.99311828613281 17 161.49005126953125 128.96119689941406 88 201.012939453125 194.00994873046875 -1 201.012939453125 194.00994873046875 -1 170.78025817871094 102.78189086914062 -1 169.24656677246094 164.93589782714844 -1 175.31439208984375 44.76251220703125 -1 169.24656677246094 164.93589782714844 -1 161.49005126953125 128.96119689941406 -1 142.04548645019531 18.789058685302734 108 106.71281433105469 20.969974517822266 93 177.71945190429688 75.415885925292969 -1 125.2076416015625 5.3238892555236816 115 125.06864929199219 40.010002136230469 110 164.87812805175781 98.459320068359375 22 132.40338134765625 20.830808639526367 109 228.64031982421875 25.147487640380859 -1 188.90158081054688 186.34927368164062 -1 158.1591796875 102.16773223876953 21 178.76942443847656 150.02061462402344 111 248.981689453125 153.10694885253906 95 125.2076416015625 5.3238892555236816 118 158.1591796875 102.16773223876953 19 124.27220153808594 32.414146423339844 112 121.36212921142578 50.025440216064453 39 153.15007019042969 54.149005889892578 37 178.10591125488281 30.475988388061523 -1 131.09495544433594 99.181282043457031 36 141.64218139648438 99.487548828125 35 136.42892456054688 106.76888275146484 34 113.50208282470703 128.66636657714844 38 103.71613311767578 160.38853454589844 24 80.626564025878906 188.84584045410156 25 203.6156005859375 192.55024719238281 41 28.941341400146484 202.24981689453125 -1 108.03079223632812 7.4732346534729004 -1 137.39913940429688 34.613807678222656 -1 104.71344757080078 12.746386528015137 -1 132.33741760253906 12.230735778808594 -1 126.03351593017578 16.671215057373047 -1 166.72334289550781 156.21717834472656 59 203.6156005859375 192.55024719238281 40 80.626564025878906 188.84584045410156 28 103.71613311767578 160.38853454589844 29 103.71613311767578 160.38853454589844 30 166.72334289550781 156.21717834472656 55 124.48030090332031 22.360275268554688 119 136.42892456054688 106.76888275146484 32 141.64218139648438 99.487548828125 33 131.09495544433594 99.181282043457031 -1 113.50208282470703 128.66636657714844 31 124.27220153808594 32.414146423339844 116 132.33741760253906 12.230735778808594 -1 104.71344757080078 12.746386528015137 -1 116.65328979492188 28.204030990600586 -1 121.36212921142578 50.025440216064453 -1 185.20637512207031 72.686477661132812 -1 185.20637512207031 72.686477661132812 -1 144.20196533203125 40.706569671630859 42 174.42938232421875 60.498252868652344 100 45.133468627929688 153.93504333496094 -1 140.91224670410156 8.2762899398803711 126 99.248359680175781 156.17655944824219 102 204.609619140625 191.95359802246094 40 138.54974365234375 247.81825256347656 47 100.99539184570312 252.31727600097656 48 112.35144805908203 252.54998779296875 -1 107.48940277099609 18.126604080200195 -1 204.609619140625 191.95359802246094 41 231.035888671875 36.0919189453125 -1 174.870361328125 36.301967620849609 -1 171.71058654785156 56.738731384277344 79 136.4346923828125 101.47268676757812 -1 103.08798980712891 120.62702941894531 50 112.38025665283203 120.85849761962891 49 106.11930084228516 134.47163391113281 52 174.870361328125 36.301967620849609 -1 138.71026611328125 3.7711184024810791 122 114.22267913818359 3.7123713493347168 141 185.42855834960938 4.4354248046875 -1 148.41607666015625 11.164432525634766 101 138.98306274414062 18.906471252441406 -1 236.44242858886719 30.308269500732422 -1 188.48147583007812 30.484151840209961 -1 231.035888671875 36.0919189453125 -1 166.40458679199219 252.47097778320312 -1 108.04771423339844 48.828048706054688 -1 148.72549438476562 53.381248474121094 51 171.71058654785156 56.738731384277344 81 136.4346923828125 101.47268676757812 43 230.2286376953125 115.19832611083984 -1 103.08798980712891 120.62702941894531 44 112.38025665283203 120.85849761962891 45 106.11930084228516 134.47163391113281 46 240.87196350097656 134.965087890625 -1 161.64888000488281 53.045730590820312 85 84.65045166015625 47.519359588623047 67 123.55545043945312 41.816509246826172 80 131.97636413574219 7.7869343757629395 127 182.14250183105469 46.970478057861328 -1 181.24630737304688 42.814651489257812 -1 139.80116271972656 14.101115226745605 121 3.3481318950653076 248.456298828125 27 229.87554931640625 41.591350555419922 -1 102.09898376464844 132.65841674804688 54 168.79704284667969 128.93794250488281 -1 98.183151245117188 128.951171875 53 172.37384033203125 126.22670745849609 -1 174.98794555664062 67.022438049316406 -1 168.3126220703125 53.546703338623047 77 177.70477294921875 41.041584014892578 -1 235.06803894042969 35.406177520751953 -1 144.6456298828125 35.674274444580078 130 183.40737915039062 9.0717086791992188 -1 104.56993103027344 15.746843338012695 -1 191.67556762695312 20.990085601806641 -1 148.20590209960938 22.059221267700195 78 140.70960998535156 24.032339096069336 89 168.79704284667969 128.93794250488281 -1 144.42929077148438 8.0703716278076172 -1 183.40737915039062 9.0717086791992188 -1 168.3126220703125 53.546703338623047 128 98.183151245117188 128.951171875 56 80.822700500488281 56.962928771972656 -1 144.42929077148438 8.0703716278076172 -1 137.75404357910156 35.956748962402344 138 118.64762115478516 33.808395385742188 125 143.17013549804688 17.255699157714844 90 253.85684204101562 2.5557606220245361 -1 128.09359741210938 6.5495433807373047 -1 117.06990051269531 6.8738284111022949 -1 111.64189910888672 8.4676113128662109 -1 144.93511962890625 13.949092864990234 91 134.59434509277344 14.576444625854492 131 120.5316162109375 15.324487686157227 -1 114.11070251464844 23.636022567749023 123 253.85684204101562 2.5557606220245361 -1 144.93511962890625 13.949092864990234 129 134.59434509277344 14.576444625854492 133 143.17013549804688 17.255699157714844 134 233.66143798828125 25.657791137695312 -1 244.58674621582031 4.7406840324401855 -1 150.81697082519531 30.202465057373047 97 233.66143798828125 25.657791137695312 -1 138.78620910644531 102.59446716308594 82 138.78620910644531 102.59446716308594 83 115.76523590087891 129.312744140625 65 129.20365905761719 26.30389404296875 142 150.81697082519531 30.202465057373047 104 120.60922241210938 30.983060836791992 -1 135.31416320800781 30.792179107666016 139 120.60922241210938 30.983060836791992 -1 180.49342346191406 65.720611572265625 -1 170.02073669433594 43.038425445556641 -1 134.22016906738281 216.49720764160156 62 151.24798583984375 189.500732421875 98 115.76523590087891 129.312744140625 63 172.20393371582031 128.94818115234375 -1 138.78620910644531 102.59446716308594 84 129.20365905761719 26.30389404296875 135 
130 0.99963896516408479 -0.02186395389387287 0.015614829318447329 -0.00028974326622064082 2.553751367349764 -0.58640642277706878 0.2366049905172625 1 000130.png
164.526123046875 190.82012939453125 -1 216.91215515136719 158.51142883300781 -1 216.91215515136719 158.51142883300781 68 157.33978271484375 66.523834228515625 69 193.51211547851562 89.1036376953125 -1 66.154289245605469 172.01123046875 1 193.51211547851562 89.1036376953125 -1 123.89824676513672 77.204139709472656 70 121.30500030517578 143.38099670410156 -1 152.31312561035156 144.95841979980469 71 103.79817962646484 177.82557678222656 3 155.38540649414062 175.71751403808594 99 92.988815307617188 197.22634887695312 2 103.79817962646484 177.82557678222656 -1 120.9609375 12.863865852355957 106 138.67205810546875 161.32569885253906 4 176.43907165527344 162.46037292480469 73 190.0576171875 181.19987487792969 -1 122.37088012695312 114.92735290527344 6 149.606201171875 114.96109771728516 5 147.06253051757812 143.9437255859375 105 106.14685821533203 145.74111938476562 86 184.17829895019531 37.54974365234375 -1 184.17829895019531 37.54974365234375 -1 158.13772583007812 163.39306640625 10 129.85289001464844 214.26664733886719 -1 163.45431518554688 115.07916259765625 -1 233.73191833496094 13.986627578735352 -1 161.6502685546875 90.150794982910156 75 136.14079284667969 129.32536315917969 9 136.52183532714844 102.66531372070312 7 163.45431518554688 115.07916259765625 74 107.15615081787109 127.10174560546875 8 161.6502685546875 90.150794982910156 -1 233.73191833496094 13.986627578735352 -1 242.32234191894531 22.296775817871094 -1 108.59359741210938 113.93203735351562 12 121.34944152832031 125.68710327148438 11 94.789817810058594 160.52745056152344 14 112.49066925048828 160.7823486328125 15 121.24763488769531 131.87394714355469 -1 109.93814086914062 101.98869323730469 13 121.24763488769531 131.87394714355469 -1 112.49066925048828 160.7823486328125 -1 94.789817810058594 160.52745056152344 107 121.34944152832031 125.68710327148438 92 106.66133880615234 21.43531608581543 93 201.71771240234375 193.68157958984375 -1 142.16769409179688 18.730960845947266 108 144.71942138671875 31.717628479003906 76 122.5806884765625 100.48253631591797 18 149.85575866699219 101.65569305419922 87 170.77201843261719 102.77178955078125 20 136.06163024902344 115.22068786621094 16 151.06990051269531 129.01181030273438 17 161.46600341796875 128.98158264160156 88 201.71771240234375 193.68157958984375 -1 161.46600341796875 128.98158264160156 -1 170.77201843261719 102.77178955078125 -1 132.37628173828125 20.850980758666992 109 179.67333984375 150.46786499023438 111 189.00811767578125 186.24307250976562 -1 179.67333984375 150.46786499023438 -1 125.22180938720703 5.3468828201293945 115 135.86911010742188 33.294212341308594 -1 125.10748291015625 39.735404968261719 110 158.14970397949219 102.14683532714844 21 158.14970397949219 102.14683532714844 19 125.22180938720703 5.3468828201293945 118 114.65657043457031 50.107990264892578 117 121.50888061523438 50.153778076171875 39 153.37892150878906 54.181743621826172 37 1.6272106170654297 247.53816223144531 27 240.63301086425781 2.9985852241516113 -1 144.24459838867188 40.570667266845703 42 103.72587585449219 160.38786315917969 24 118.88695526123047 4.027827262878418 132 244.832275390625 144.19886779785156 120 113.63780212402344 128.70877075195312 38 136.46148681640625 106.77153778076172 34 107.99616241455078 7.6450982093811035 -1 104.70809173583984 12.75041389465332 -1 125.96468353271484 16.638492584228516 -1 249.85733032226562 153.15704345703125 95 124.21468353271484 22.428792953491211 119 124.08987426757812 32.368068695068359 112 240.63301086425781 2.9985852241516113 -1 240.63301086425781 2.9985852241516113 -1 13.393959045410156 245.03684997558594 114 80.579841613769531 188.808837890625 28 103.72587585449219 160.38786315917969 29 103.72587585449219 160.38786315917969 30 116.603271484375 27.821191787719727 -1 136.46148681640625 106.77153778076172 32 141.62612915039062 99.492630004882812 33 131.09034729003906 99.20257568359375 -1 121.50888061523438 50.153778076171875 -1 124.08987426757812 32.368068695068359 116 104.70809173583984 12.75041389465332 -1 80.579841613769531 188.808837890625 25 141.62612915039062 99.492630004882812 35 131.09034729003906 99.20257568359375 36 167.1939697265625 54.454708099365234 77 25.409172058105469 211.85002136230469 26 13.393959045410156 245.03684997558594 113 113.63780212402344 128.70877075195312 31 204.31324768066406 192.16059875488281 40 175.00050354003906 60.264812469482422 100 156.35917663574219 186.6734619140625 -1 204.31324768066406 192.16059875488281 41 189.90829467773438 27.365211486816406 -1 106.11577606201172 134.60569763183594 46 140.99700927734375 8.2312641143798828 126 174.24223327636719 14.045259475708008 -1 114.12904357910156 3.8885977268218994 141 138.54580688476562 3.8270804882049561 122 185.88777160644531 6.1750874519348145 -1 171.818603515625 56.706192016601562 79 148.37916564941406 11.212844848632812 101 131.96823120117188 11.88298225402832 -1 175.48847961425781 38.239536285400391 -1 107.57901000976562 17.93391227722168 -1 138.91697692871094 18.644563674926758 -1 148.79010009765625 53.434646606445312 51 231.08732604980469 26.720191955566406 -1 182.24673461914062 35.914131164550781 -1 185.57064819335938 73.500785827636719 -1 147.35856628417969 83.702552795410156 -1 136.47120666503906 101.47598266601562 43 103.04389190673828 120.62346649169922 44 112.27738189697266 120.96798706054688 45 54.557590484619141 127.62793731689453 -1 168.90536499023438 128.92839050292969 -1 99.332931518554688 156.09939575195312 102 178.91218566894531 33.072502136230469 -1 168.90536499023438 128.92839050292969 -1 106.11577606201172 134.60569763183594 52 131.96823120117188 11.88298225402832 -1 175.48847961425781 38.239536285400391 -1 171.818603515625 56.706192016601562 81 136.47120666503906 101.47598266601562 -1 103.04389190673828 120.62346649169922 50 112.27738189697266 120.96798706054688 49 168.90536499023438 128.92839050292969 -1 132.01611328125 7.8544316291809082 127 231.29212951660156 39.252220153808594 -1 178.27505493164062 42.549690246582031 -1 181.64547729492188 44.48388671875 -1 182.76055908203125 48.149730682373047 -1 155.39070129394531 52.993320465087891 -1 161.52644348144531 52.954399108886719 85 118.51543426513672 33.743206024169922 125 144.31849670410156 35.757583618164062 130 193.64779663085938 25.729001998901367 -1 140.76835632324219 24.089128494262695 89 168.37466430664062 53.447853088378906 77 110.74347686767578 96.712425231933594 -1 237.06671142578125 31.971248626708984 -1 110.74347686767578 96.712425231933594 -1 178.27505493164062 42.549690246582031 -1 168.37466430664062 53.447853088378906 128 98.2833251953125 128.94129943847656 56 158.64785766601562 131.42500305175781 58 98.2833251953125 128.94129943847656 53 158.64785766601562 131.42500305175781 57 231.29212951660156 39.252220153808594 -1 102.17036437988281 132.70079040527344 54 139.81381225585938 14.146407127380371 121 144.55308532714844 7.9843525886535645 -1 84.700576782226562 47.447582244873047 67 237.06671142578125 31.971248626708984 -1 148.09738159179688 21.781221389770508 78 139.81381225585938 14.146407127380371 124 134.01634216308594 26.460939407348633 140 129.22471618652344 26.265642166137695 142 114.04940795898438 23.772624969482422 123 232.03297424316406 22.854196548461914 -1 122.58702087402344 17.640815734863281 143 143.18603515625 17.115396499633789 90 134.64041137695312 14.545032501220703 131 144.96812438964844 13.984682083129883 91 99.734611511230469 12.005539894104004 -1 235.69894409179688 1.7230155467987061 -1 110.01869964599609 10.637126922607422 -1 99.734611511230469 12.005539894104004 -1 144.96812438964844 13.984682083129883 129 134.64041137695312 14.545032501220703 133 143.18603515625 17.115396499633789 134 129.22471618652344 26.265642166137695 135 134.01634216308594 26.460939407348633 136 134.01634216308594 26.460939407348633 137 117.08335876464844 6.8534607887268066 -1 110.01869964599609 10.637126922607422 -1 135.36460876464844 30.95513916015625 -1 138.63505554199219 102.54413604736328 -1 138.63505554199219 102.54413604736328 -1 133.53155517578125 102.85507965087891 -1 133.53155517578125 102.85507965087891 64 138.63505554199219 102.54413604736328 -1 138.63505554199219 102.54413604736328 -1 115.76813507080078 129.3004150390625 65 150.04930114746094 187.04190063476562 98 235.69894409179688 1.7230155467987061 -1 120.53193664550781 15.23335075378418 -1 166.90386962890625 253.53057861328125 -1 150.93780517578125 30.255067825317383 97 130.47270202636719 216.502197265625 62 113.43175506591797 203.97450256347656 -1 115.36332702636719 188.62809753417969 -1 115.76813507080078 129.3004150390625 63 138.63505554199219 102.54413604736328 -1 133.53155517578125 102.85507965087891 66 138.63505554199219 102.54413604736328 -1 230.41545104980469 42.643936157226562 -1 137.76393127441406 35.932624816894531 138 135.36460876464844 30.95513916015625 139 150.93780517578125 30.255067825317383 104 190.46792602539062 28.321422576904297 -1 190.46792602539062 28.321422576904297 -1 98.218757629394531 152.66220092773438 -1 
133 0.99973031969121473 -0.023044014462009581 0.0028642505512191242 0.00023949187088107842 5.3841002920285677 -0.84023723410749174 0.37481910687097214 1 000135.png
162.49356079101562 191.220703125 -1 213.29264831542969 153.66487121582031 -1 66.420516967773438 171.28305053710938 1 199.97721862792969 34.266746520996094 -1 152.633544921875 69.340469360351562 -1 124.13261413574219 77.437820434570312 70 205.33203125 32.186393737792969 -1 181.73063659667969 119.046875 -1 120.96743011474609 143.06008911132812 -1 150.96353149414062 177.5625 99 92.735137939453125 197.21360778808594 2 150.96353149414062 177.5625 -1 150.96353149414062 177.5625 -1 102.60450744628906 177.95640563964844 3 102.60450744628906 177.95640563964844 -1 138.66522216796875 161.29434204101562 4 149.38179016113281 114.87688446044922 5 122.37639617919922 114.84397125244141 6 210.67227172851562 29.778827667236328 -1 249.56744384765625 25.349431991577148 -1 161.34883117675781 114.77066040039062 74 136.54278564453125 102.6805419921875 7 161.34883117675781 114.77066040039062 -1 107.06398773193359 127.09568023681641 8 120.90779113769531 133.65931701660156 -1 81.172966003417969 156.10746765136719 -1 188.5020751953125 181.98184204101562 -1 130.10076904296875 214.00222778320312 -1 136.13630676269531 129.28890991210938 9 219.99981689453125 41.887405395507812 -1 156.89212036132812 162.47879028320312 10 121.64615631103516 124.95265960693359 11 108.64627075195312 113.92282104492188 12 109.84048461914062 101.99388885498047 13 94.771751403808594 160.50991821289062 14 170.77877807617188 61.386837005615234 -1 171.18751525878906 35.776931762695312 -1 153.8626708984375 22.41755485534668 -1 106.99820709228516 21.825908660888672 93 112.46183776855469 160.77516174316406 -1 112.46183776855469 160.77516174316406 15 136.14089965820312 115.17620849609375 16 151.13165283203125 129.18576049804688 17 161.71255493164062 128.90745544433594 -1 182.99703979492188 166.611572265625 -1 125.6781005859375 25.012422561645508 -1 182.99703979492188 166.611572265625 -1 114.52794647216797 13.832661628723145 -1 125.6781005859375 25.012422561645508 -1 182.62001037597656 28.276523590087891 -1 144.94815063476562 31.381538391113281 76 176.10575866699219 59.819076538085938 -1 122.59458160400391 100.43767547607422 18 158.16128540039062 102.15730285644531 19 15.502628326416016 9.3067588806152344 -1 15.502628326416016 9.3067588806152344 -1 124.97614288330078 40.066932678222656 110 169.562255859375 103.01649475097656 20 169.562255859375 103.01649475097656 -1 167.81221008300781 165.51148986816406 -1 158.16128540039062 102.15730285644531 21 164.39384460449219 98.573509216308594 22 169.562255859375 103.01649475097656 23 167.81221008300781 165.51148986816406 -1 245.21910095214844 145.2001953125 -1 249.3846435546875 152.69158935546875 95 103.72225189208984 160.29661560058594 24 171.54240417480469 161.42439270019531 -1 80.493927001953125 188.73167419433594 25 25.021448135375977 212.44869995117188 26 13.335536956787109 245.43748474121094 113 1.6811434030532837 247.43904113769531 27 104.55198669433594 12.758454322814941 -1 13.335536956787109 245.43748474121094 114 80.493927001953125 188.73167419433594 28 103.72225189208984 160.29661560058594 29 103.72225189208984 160.29661560058594 30 113.45408630371094 128.6304931640625 31 136.44601440429688 106.76741027832031 32 141.62014770507812 99.48223876953125 33 230.64907836914062 30.170709609985352 -1 121.44291687011719 50.155811309814453 -1 124.7529296875 31.80058479309082 112 136.44601440429688 106.76741027832031 34 141.62014770507812 99.48223876953125 35 131.08380126953125 99.207412719726562 36 124.7529296875 31.80058479309082 116 153.103271484375 54.182228088378906 37 113.45408630371094 128.6304931640625 38 121.44291687011719 50.155811309814453 39 135.0660400390625 185.76048278808594 -1 131.08380126953125 99.207412719726562 -1 204.32110595703125 192.12083435058594 40 204.32110595703125 192.12083435058594 41 225.92031860351562 39.287609100341797 -1 144.14723205566406 40.717460632324219 42 135.21455383300781 30.251926422119141 -1 166.92283630371094 62.280838012695312 -1 161.88493347167969 63.322856903076172 -1 136.44105529785156 101.46259307861328 43 61.789920806884766 108.16957092285156 -1 103.02377319335938 120.60585021972656 44 112.35272979736328 120.88667297363281 45 114.36842346191406 128.94696044921875 31 106.12345123291016 134.49287414550781 46 241.24322509765625 135.35801696777344 -1 41.064765930175781 164.93205261230469 -1 38.862262725830078 171.29144287109375 -1 164.84408569335938 45.217716217041016 -1 187.76643371582031 208.99298095703125 -1 134.8526611328125 248.15802001953125 47 114.36842346191406 128.94696044921875 38 138.22663879394531 247.82710266113281 47 100.98310089111328 252.33206176757812 48 112.35272979736328 120.88667297363281 49 225.82310485839844 30.172149658203125 -1 103.02377319335938 120.60585021972656 50 136.44105529785156 101.46259307861328 -1 161.88493347167969 63.322856903076172 -1 164.84408569335938 45.217716217041016 -1 148.72964477539062 53.393032073974609 51 106.12345123291016 134.49287414550781 52 104.54749298095703 11.249207496643066 -1 104.53639221191406 15.672695159912109 -1 228.35121154785156 22.163986206054688 -1 121.07230377197266 24.01832389831543 -1 238.04045104980469 29.608871459960938 -1 118.340087890625 33.706413269042969 125 175.63534545898438 36.339462280273438 -1 162.42915344238281 42.447929382324219 -1 179.03707885742188 57.509578704833984 -1 177.20466613769531 70.95599365234375 -1 63.949188232421875 101.02350616455078 -1 223.81877136230469 101.48880004882812 -1 98.47021484375 128.8941650390625 53 102.11225128173828 132.60636901855469 54 165.48825073242188 155.26228332519531 55 98.47021484375 128.8941650390625 56 169.56590270996094 65.756423950195312 -1 158.70700073242188 131.37068176269531 57 169.56590270996094 65.756423950195312 -1 104.54749298095703 11.249207496643066 -1 228.35121154785156 22.163986206054688 -1 175.63534545898438 36.339462280273438 -1 158.70700073242188 131.37068176269531 58 165.48825073242188 155.26228332519531 59 124.17823028564453 252.85507202148438 60 144.52336120605469 35.898998260498047 -1 137.65415954589844 35.927814483642578 138 229.16966247558594 31.860340118408203 -1 161.04548645019531 30.660072326660156 -1 116.77438354492188 26.76568603515625 -1 114.14216613769531 23.622310638427734 123 118.47822570800781 21.014467239379883 -1 152.20327758789062 189.39997863769531 98 130.16551208496094 216.494873046875 62 173.82852172851562 71.636177062988281 -1 7.2784271240234375 252.4359130859375 -1 115.83474731445312 129.3011474609375 63 223.57666015625 57.951393127441406 -1 133.54707336425781 102.83269500732422 -1 133.54707336425781 102.83269500732422 64 115.83474731445312 129.3011474609375 65 195.45112609863281 148.15719604492188 -1 138.87783813476562 150.50321960449219 -1 173.75592041015625 58.165134429931641 -1 218.45333862304688 50.838138580322266 -1 133.54707336425781 102.83269500732422 66 84.417701721191406 47.1217041015625 67 178.91581726074219 171.0499267578125 -1 172.11663818359375 170.53465270996094 -1 138.87783813476562 150.50321960449219 -1 66.76239013671875 252.89405822753906 -1 149.73193359375 187.22030639648438 98 195.45112609863281 148.15719604492188 -1 152.57188415527344 42.443210601806641 -1 218.45333862304688 50.838138580322266 -1 175.98823547363281 54.905239105224609 -1 208.27743530273438 45.778049468994141 -1 
136 0.9996452756894576 -0.023624442332567833 0.012290603521027232 -0.00038675743383408519 3.2910507263715836 -0.97617827607387753 0.2054871757777611 1 000132.png
163.91188049316406 190.37615966796875 -1 216.82551574707031 158.46945190429688 -1 216.82551574707031 158.46945190429688 68 82.421302795410156 104.25017547607422 -1 156.37704467773438 66.779563903808594 69 192.33493041992188 91.198661804199219 -1 66.356040954589844 171.74855041503906 1 123.97356414794922 77.266181945800781 70 121.13663482666016 143.317138671875 -1 151.38505554199219 144.70509338378906 71 154.21693420410156 176.17756652832031 99 92.85626220703125 197.21269226074219 2 103.48347473144531 177.84378051757812 3 103.48347473144531 177.84378051757812 -1 149.49314880371094 114.87888336181641 5 147.15473937988281 143.88529968261719 105 138.63870239257812 161.29962158203125 4 176.46478271484375 162.89578247070312 73 189.36283874511719 181.35255432128906 -1 119.64277648925781 13.744373321533203 106 122.32559204101562 114.92346954345703 6 177.79301452636719 12.196773529052734 -1 180.33871459960938 43.595729827880859 -1 161.77861022949219 90.147071838378906 -1 157.98309326171875 162.64306640625 -1 107.10146331787109 127.09295654296875 8 228.80790710449219 21.70118522644043 -1 157.98309326171875 162.64306640625 10 228.80790710449219 21.70118522644043 -1 180.33871459960938 43.595729827880859 -1 161.77861022949219 90.147071838378906 75 136.10906982421875 129.29634094238281 9 136.53605651855469 102.67337799072266 7 183.701904296875 105.13642883300781 -1 162.83598327636719 114.77614593505859 -1 162.83598327636719 114.77614593505859 74 238.22209167480469 28.747716903686523 -1 109.92392730712891 102.00239562988281 13 108.51926422119141 113.92265319824219 12 121.35155487060547 125.60506439208984 11 94.793930053710938 160.53169250488281 14 112.47096252441406 160.78807067871094 15 121.37073516845703 131.69258117675781 -1 121.37073516845703 131.69258117675781 -1 94.793930053710938 160.53169250488281 107 112.47096252441406 160.78807067871094 -1 121.35155487060547 125.60506439208984 92 170.76325988769531 102.74851989746094 -1 201.01113891601562 193.98158264160156 -1 151.09468078613281 129.24348449707031 -1 141.98843383789062 18.787130355834961 -1 201.01113891601562 193.98158264160156 -1 170.76325988769531 102.74851989746094 -1 106.59060668945312 21.092428207397461 93 161.66474914550781 128.97642517089844 88 144.70863342285156 31.642263412475586 76 122.64334106445312 100.69277191162109 18 170.76325988769531 102.74851989746094 20 136.00390625 115.21139526367188 16 151.09468078613281 129.24348449707031 17 161.66474914550781 128.97642517089844 -1 224.42689514160156 34.987564086914062 -1 167.68580627441406 156.6732177734375 -1 132.36582946777344 20.83934211730957 109 164.81211853027344 98.514022827148438 22 167.68580627441406 156.6732177734375 -1 158.12544250488281 102.12805938720703 19 125.08444976806641 40.017631530761719 110 169.23170471191406 6.4247455596923828 -1 203.34886169433594 192.69294738769531 40 203.34886169433594 192.69294738769531 41 154.23626708984375 6.5694890022277832 -1 169.23170471191406 6.4247455596923828 -1 137.24740600585938 34.448177337646484 -1 158.12544250488281 102.12805938720703 21 107.97652435302734 7.535883903503418 -1 104.56984710693359 12.863250732421875 -1 124.28079223632812 22.357990264892578 119 124.20713806152344 32.301406860351562 112 250.28436279296875 153.84799194335938 95 103.71578979492188 160.380859375 24 131.07829284667969 99.171272277832031 36 113.54267120361328 128.67703247070312 38 141.63694763183594 99.49005126953125 35 136.46368408203125 106.77402496337891 34 119.25752258300781 3.2364890575408936 -1 167.16471862792969 54.408912658691406 -1 245.10787963867188 144.75991821289062 120 153.361083984375 54.204776763916016 37 126.04142761230469 16.751216888427734 -1 103.71578979492188 160.380859375 29 103.71578979492188 160.380859375 30 113.54267120361328 128.67703247070312 31 136.46368408203125 106.77402496337891 32 141.63694763183594 99.49005126953125 33 121.30877685546875 50.178260803222656 39 167.16471862792969 54.408912658691406 -1 121.30877685546875 50.178260803222656 -1 124.20713806152344 32.301406860351562 116 104.56984710693359 12.863250732421875 -1 144.28079223632812 40.575546264648438 42 176.78684997558594 152.23915100097656 111 131.07829284667969 99.171272277832031 -1 186.07882690429688 33.098686218261719 -1 139.01528930664062 18.906774520874023 -1 148.49716186523438 11.327724456787109 101 139.71597290039062 14.015734672546387 121 226.66940307617188 44.863174438476562 -1 136.48454284667969 101.46125793457031 -1 103.092529296875 120.62319183349609 50 112.40023040771484 120.80270385742188 49 106.11941528320312 134.46244812011719 52 166.171630859375 155.79304504394531 59 204.63789367675781 191.923828125 41 156.14027404785156 79.930107116699219 -1 167.5133056640625 204.74864196777344 -1 69.918624877929688 252.29354858398438 -1 113.92864990234375 4.0126619338989258 141 187.44729614257812 3.6101486682891846 -1 162.61820983886719 4.6601195335388184 -1 234.73855590820312 10.477143287658691 -1 148.49716186523438 11.327724456787109 -1 132.10920715332031 11.860583305358887 -1 139.71597290039062 14.015734672546387 124 182.09707641601562 14.023481369018555 -1 107.43058776855469 18.307891845703125 -1 175.48516845703125 38.934181213378906 -1 172.04684448242188 44.199581146240234 -1 226.66940307617188 44.863174438476562 -1 174.97071838378906 48.499912261962891 -1 176.50779724121094 78.975303649902344 -1 66.272056579589844 96.251914978027344 -1 136.48454284667969 101.46125793457031 43 103.092529296875 120.62319183349609 44 112.40023040771484 120.80270385742188 45 106.11941528320312 134.46244812011719 46 166.171630859375 155.79304504394531 55 99.255172729492188 156.10939025878906 102 43.271743774414062 158.9449462890625 -1 43.271743774414062 158.9449462890625 -1 41.367740631103516 164.87469482421875 -1 41.367740631103516 164.87469482421875 -1 150.26907348632812 186.51158142089844 98 204.63789367675781 191.923828125 40 2.8332765102386475 248.15325927734375 27 100.89360809326172 252.39881896972656 48 112.88906860351562 252.44032287597656 -1 69.918624877929688 252.29354858398438 -1 234.73855590820312 10.477143287658691 -1 145.14427185058594 13.809410095214844 129 102.13015747070312 132.60255432128906 54 220.990966796875 30.643598556518555 -1 152.90414428710938 189.94158935546875 98 138.73165893554688 29.021059036254883 -1 140.73095703125 23.936201095581055 89 131.95341491699219 7.8100948333740234 -1 145.14427185058594 13.809410095214844 91 168.47447204589844 128.77970886230469 -1 185.34367370605469 39.030181884765625 -1 188.35682678222656 28.92878532409668 -1 158.64886474609375 131.38648986816406 57 138.73165893554688 29.021059036254883 -1 168.30178833007812 53.590003967285156 -1 171.40667724609375 57.086124420166016 81 98.336479187011719 128.88945007324219 56 158.64886474609375 131.38648986816406 58 232.02214050292969 39.058559417724609 -1 230.78720092773438 43.979183197021484 -1 178.26657104492188 50.297760009765625 -1 168.30178833007812 53.590003967285156 -1 179.15412902832031 54.469474792480469 -1 171.40667724609375 57.086124420166016 79 98.336479187011719 128.88945007324219 53 152.52554321289062 204.99812316894531 -1 193.17715454101562 190.60134887695312 -1 83.849769592285156 183.12263488769531 -1 171.31803894042969 154.54765319824219 -1 115.78144836425781 129.3470458984375 63 133.41140747070312 102.90945434570312 66 161.18971252441406 52.568321228027344 85 84.277290344238281 47.170310974121094 67 161.85871887207031 42.838211059570312 -1 123.46754455566406 41.931327819824219 -1 137.83464050292969 35.832199096679688 138 175.06196594238281 34.341022491455078 -1 118.61116027832031 33.777492523193359 125 189.69145202636719 33.044597625732422 -1 135.25148010253906 30.912590026855469 139 186.95901489257812 2.596606969833374 -1 145.11637878417969 29.525197982788086 -1 114.02020263671875 23.550905227661133 123 117.08935546875 6.9487318992614746 -1 243.31913757324219 12.686846733093262 -1 134.64781188964844 14.624421119689941 133 180.61007690429688 18.631799697875977 -1 129.24153137207031 26.140552520751953 135 145.11637878417969 29.525197982788086 -1 133.41140747070312 102.90945434570312 -1 133.41140747070312 102.90945434570312 64 115.78144836425781 129.3470458984375 65 117.08935546875 6.9487318992614746 -1 120.57160186767578 30.846000671386719 -1 120.57160186767578 30.846000671386719 -1 243.31913757324219 12.686846733093262 -1 137.26138305664062 13.015252113342285 -1 134.64781188964844 14.624421119689941 131 120.51657867431641 15.297053337097168 -1 144.70083618164062 35.748283386230469 130 150.91961669921875 30.197904586791992 104 180.61007690429688 18.631799697875977 -1 178.61711120605469 170.92689514160156 -1 148.30369567871094 22.041894912719727 78 129.24153137207031 26.140552520751953 142 167.27880859375 253.43226623535156 -1 162.94796752929688 253.44760131835938 -1 120.57160186767578 30.846000671386719 -1 130.55435180664062 216.53410339355469 62 139.23576354980469 20.728218078613281 -1 134.087158203125 26.26264762878418 140 134.087158203125 26.26264762878418 -1 134.087158203125 26.26264762878418 136 134.087158203125 26.26264762878418 137 116.91661071777344 22.802480697631836 -1 131.877685546875 24.214550018310547 -1 106.72721862792969 42.250400543212891 -1 116.91661071777344 22.802480697631836 -1 139.23576354980469 20.728218078613281 -1 
