# 3D point list with one line of data per point:
#   POINT3D_ID, X, Y, Z, R, G, B, ERROR, TRACK[] as (IMAGE_ID, POINT2D_IDX)
# Number of points: 139, mean track length: 7.6474820143884896
1 -8.6877805531521286 -2.2526978121044277 109.3631817727637 120 126 124 0.85612481101649218 110 3 133 2 127 5 128 6 111 4 130 5 136 6 107 3 108 4
2 -7.6153295479370211 -1.2093840241148888 111.75383068199727 5 49 77 0.25769724641511704 110 10 133 10 127 12 128 13 111 10 130 12 136 11 107 10 108 9 103 4
3 -7.1188597367200268 -2.1135199131242395 111.51728531668297 65 126 198 0.35002915846660726 110 18 133 13 127 10 128 11 111 16 130 10 136 12 107 19 108 19
4 -5.570340192977989 -2.8504397390759411 111.66796778475995 0 31 57 0.14558240583186094 110 16 133 15 127 17 128 17 111 14 130 15 136 16 107 17 108 17 103 17
5 -5.0954479527575449 -4.8567284050382753 111.15764128816132 88 126 180 0.12921302289115066 110 13 133 16 127 21 128 21 111 22 130 19 136 14 107 14 108 13 103 14
6 -6.2714675268774309 -4.8539990848700763 111.31580233030907 90 135 198 0.22402344175973937 110 12 133 17 127 20 128 20 111 21 130 18 136 20 107 13 108 14 103 16
7 -5.6534767506723727 -5.380101707801729 111.08409394072726 83 126 180 0.087232974680161571 110 23 133 21 127 25 128 33 111 29 130 30 136 32 107 29 108 25 103 20
8 -6.9326287742641215 -4.3252480687034627 111.19054280630934 0 26 63 0.070053490239859267 110 25 133 23 127 27 128 24 111 26 130 32 136 25 107 25 108 27 103 21
9 -5.6777319982567533 -4.2351008866260145 111.4834315308871 7 33 60 0.19760373203191614 110 26 133 28 127 22 128 28 111 23 130 29 136 31 107 26 108 28 103 22
10 -4.7371084238828791 -2.7984161958907192 111.31470210748175 91 109 148 0.74856290987717267 110 21 133 30 127 23 128 26 111 28 130 24 136 27 107 23 108 30 103 23
11 -6.3149583167063126 -4.4039108841076811 111.21648998295436 84 126 184 0.31510032965351831 110 30 133 31 127 35 128 39 111 34 130 37 136 39 107 34 108 38 103 30
12 -6.8688311037774046 -4.9009361968014487 111.2432018031635 74 134 214 0.10811431031070325 110 29 133 32 127 34 128 40 111 33 130 36 136 38 107 33 108 32 103 35
13 -6.8179224933735183 -5.4270567642737628 111.35213543115364 0 33 66 0.10207362679475766 110 27 133 33 127 33 128 41 111 31 130 41 136 37 107 31 108 35 103 38
14 -7.4817042422918094 -2.8646395922689596 111.23457928317346 2 30 58 0.10099862419186141 110 31 133 34 127 36 128 37 111 35 130 38 136 40 107 35 108 36 103 33
15 -6.7064165770578335 -2.8623003988878319 111.30813396268533 4 28 59 0.10395209518402478 110 32 133 40 127 37 128 38 111 36 130 39 136 41 107 36 108 37 103 36
16 -5.6771588947443323 -4.8404580304950944 111.18066422652471 93 130 184 0.1472247610846176 110 44 133 41 127 47 128 53 111 49 130 53 136 58 107 48 108 43 103 53
17 -5.0220043858331298 -4.2295215916405127 111.04811626066834 86 117 162 0.15267115202443426 110 45 133 42 127 46 128 54 111 50 130 54 136 59 107 49 108 44 103 54
18 -6.2569956405699889 -5.4701405474250686 111.02257518674281 92 141 216 0.11795793789829667 110 42 133 52 127 48 128 50 111 46 130 50 136 56 107 45 108 40 103 50
19 -4.7097438112030048 -5.409614634285659 111.09196018071104 0 22 46 0.070217747559359223 110 53 133 53 127 63 128 76 111 56 130 67 136 66 107 59 108 62 103 60
20 -4.1733750945441033 -5.4018341406747838 111.39774856111617 3 23 49 0.25418148457170964 110 43 133 57 127 56 128 52 111 48 130 52 136 57 107 47 108 42 103 52
21 -4.7097438112030048 -5.409614634285659 111.09196018071104 0 22 46 0.070217747559359223 110 52 133 60 127 55 128 72 111 55 130 66 136 74 107 63 108 61 103 59
22 -4.4197734293566366 -5.5626492594003105 110.86168440419213 70 129 208 0.18048325044613969 110 59 133 61 127 62 128 68 111 60 136 64 107 64 108 58 103 61
23 -4.1908140368710729 -5.4117924404462716 111.61385768965538 3 23 49 0.1310144335467178 110 35 133 62 127 65 111 44 107 41 108 55 103 44
24 -7.0877868689000065 -2.8782493586116313 111.22364219240782 64 116 176 0.12694674086946628 110 65 133 66 127 66 128 85 111 67 130 75 136 80 107 75 108 72 103 70
25 -8.1356307102819816 -1.5794826525627004 110.95582044991809 3 51 83 0.3913194722404989 110 66 133 68 127 67 128 86 111 68 130 99 107 97 108 101 103 111 110 92
26 -10.996996187713304 -0.20157673609697707 111.05623740284874 110 123 122 0.412353162780209 110 93 133 69 127 78 110 76 111 71 130 103
27 -15.06370149615033 4.3359027682926898 110.80784652579109 110 111 107 0.59888376716372915 110 77 133 71 127 93 128 156 130 72 136 144 103 73
28 -8.1356307102819816 -1.5794826525627004 110.95582044991809 3 51 83 0.3913194722404989 110 68 133 74 127 80 128 96 111 75 130 89 107 106 108 88 103 116 110 100
29 -7.0877868689000065 -2.8782493586116313 111.22364219240782 64 116 176 0.12694674086946628 110 69 133 75 127 81 128 97 111 76 130 90 136 90 107 84 108 78 103 75
30 -7.0885020878462406 -2.8783666606766869 111.24606960326579 64 116 176 0.12269136232601222 110 70 133 76 127 82 128 98 111 77 130 91 136 91 107 83 108 79
31 -6.6403371771376101 -4.2523285587533488 111.14668548796942 10 41 73 0.36711595881457021 110 75 133 77 127 105 133 103 128 104 111 65 130 105 136 92 107 104 108 98 103 95
32 -5.659188377395437 -5.2072487191883043 111.15437052001441 6 33 64 0.068580007678403415 110 62 133 78 127 83 128 101 111 63 130 93 136 93 107 72 108 70 103 82
33 -5.4319908467082429 -5.5249465581200958 111.12547286818996 8 40 70 0.05937406299869543 110 74 133 79 127 84 128 102 111 79 130 94 136 94 107 80 108 76 103 78
34 -5.659188377395437 -5.2072487191883043 111.15437052001441 6 33 64 0.068580007678403415 110 73 133 83 127 95 128 83 111 80 130 79 136 84 107 81 108 75 103 77
35 -5.4319908467082429 -5.5249465581200958 111.12547286818996 8 40 70 0.05937406299869543 110 61 133 84 127 94 128 82 111 62 130 100 136 83 107 71 108 69 103 84
36 -5.89088103573566 -5.5371720025644979 111.12846908903133 4 38 71 0.055505072240093781 110 60 133 85 127 96 128 81 111 61 130 101 136 81 107 77 108 68 103 93
37 -4.9047474937840869 -7.5800162458783698 111.04284025424052 91 85 76 0.32072303725685175 110 58 133 87 127 68 128 79 130 71 136 88 108 66
38 -6.6403371771376101 -4.2523285587533488 111.14668548796942 10 41 73 0.36711595881457021 110 72 133 88 127 126 133 111 128 84 111 78 130 78 136 82 107 111 108 86 103 94
39 -6.3108105590815553 -7.7406038859558777 110.7660855414192 148 148 150 0.11652419984520937 110 81 133 89 127 69 128 78 111 59 130 70 136 95 107 69 108 65 103 69
40 -2.5664385716602593 -1.3378480529864325 110.52420725160648 1 39 69 1.0383172008792172 110 49 133 92 127 79 128 95 111 69 130 106 128 117 136 69 136 143 107 55 107 78 108 51 108 81 103 106
41 -2.5664385716602593 -1.3378480529864325 110.52420725160648 1 39 69 1.0383172008792172 110 48 133 93 127 75 128 87 111 74 130 109 128 122 136 70 136 113 107 52 107 86 108 47 108 83 103 110
42 -5.2861473603753888 -8.2010317788848308 110.77465801645411 188 180 178 0.15451142097945211 110 79 133 95 127 103 128 112 111 83 130 74 136 100 107 68 108 80 103 96
43 -5.6560437558774241 -5.4322837068299883 111.02831827965912 95 135 193 0.062925295848939175 110 85 133 99 127 135 128 143 111 103 130 128 136 132 107 101 108 96 103 97
44 -7.1085972505603729 -4.6045900391146102 111.13533491567392 5 43 81 0.06712172359382243 110 86 133 101 127 110 128 145 111 87 130 129 136 133 107 102 108 97 103 99
45 -6.7053712972420429 -4.5981688909332368 111.18601928329142 2 40 79 0.12412981173251025 110 87 133 102 127 137 128 146 111 100 130 130 136 134 107 103 108 104 103 119
46 -6.9752707383945687 -4.0037383335448853 111.11801844625894 0 14 36 0.1009322762227737 110 108 133 104 127 108 128 147 111 102 130 111 136 135 107 92 108 90 103 122
47 -5.5933174089379296 1.3617917311776833 112.02210386081518 168 170 164 0.78432617571525487 110 95 133 110 127 114 133 112 128 118 107 95 108 102
48 -7.323026309658462 1.6478064401796895 111.4150492982162 200 199 191 0.19984933299806251 110 96 133 113 127 118 128 119 111 98 136 145 108 103 103 108
49 -6.7053712972420429 -4.5981688909332368 111.18601928329142 2 40 79 0.12412981173251025 110 106 133 114 127 123 128 128 111 95 130 142 136 110 107 110 108 89 103 100
50 -7.1085972505603729 -4.6045900391146102 111.13533491567392 5 43 81 0.06712172359382243 110 105 133 116 127 121 128 127 111 99 130 141 136 109 107 109 108 85 103 118
51 -5.0886558508474424 -7.5915858718625824 110.7975190951758 88 83 75 0.18274558424855394 110 82 133 120 127 132 128 141 111 94 130 123 107 94 108 94 103 115
52 -6.9752707383945687 -4.0037383335448853 111.11801844625894 0 14 36 0.1009322762227737 110 89 133 121 127 131 128 129 111 88 130 136 136 111 107 114 108 105 103 103
53 -7.3142842009467204 -4.2430137378112533 111.06452912777308 11 45 84 0.10710961929279803 110 130 133 134 127 150 128 160 111 117 130 163 136 172 107 133 108 113 103 128
54 -7.148613271407295 -4.0842655140493562 111.1322790287085 73 124 190 0.095531823340301941 110 110 133 135 127 146 128 158 111 104 130 166 136 150 107 115 108 111 103 132
55 -4.3594597580310017 -3.0741154680987264 111.58503514610319 2 16 33 0.37253182534768864 110 71 133 136 127 102 128 99 111 84 136 136 107 82 108 63 103 56
56 -7.3142842009467204 -4.2430137378112533 111.06452912777308 11 45 84 0.10710961929279803 110 122 133 137 127 154 128 176 111 118 130 161 136 164 107 126 108 119 103 140
57 -4.6905714390525652 -4.132755007873933 111.0385432763569 4 17 36 0.14037633342297839 110 109 133 139 111 114 130 164 136 160 107 143 103 153
58 -4.6905714390525652 -4.132755007873933 111.0385432763569 4 17 36 0.14037633342297839 110 125 133 144 111 113 130 162 136 165 107 137 103 164
59 -4.3594597580310017 -3.0741154680987264 111.58503514610319 2 16 33 0.37253182534768864 110 64 133 145 127 101 128 94 111 82 136 112 107 79 108 59 103 66
60 -6.1978495576008656 1.6236130674635034 110.3836253934019 251 243 234 0.98844207079356128 110 117 133 146 111 105
62 -5.890109952668805 -0.29943875561272409 111.22347809683293 110 112 112 0.768249042616582 110 135 133 155 127 184 128 208 111 130 130 206 136 216 107 147
63 -6.5504098334165013 -4.222869073677237 110.90519414878905 2 44 85 0.19120963646707145 110 131 133 158 127 187 128 210 111 123 130 209 136 177 107 134 108 112 103 129
64 -5.7802811393756741 -5.3589661354131612 110.81807937072936 96 135 191 0.040204780491214578 110 151 133 161 127 179 130 197 136 198
65 -6.5504098334165013 -4.222869073677237 110.90519414878905 2 44 85 0.19120963646707145 110 124 133 162 127 180 128 200 111 131 130 200 136 199 107 127 108 120 103 141
66 -5.7802811393756741 -5.3589661354131612 110.81807937072936 96 135 191 0.040204780491214578 110 137 133 167 127 188 130 211 136 178
67 -7.9839815777268344 -7.9206919503671713 110.86787364967913 120 123 126 0.21971604518748289 110 127 133 168 127 151 128 150 111 134 130 169 136 180 107 117 108 116 103 146
68 -2.0015847669689215 -2.7396080870678867 108.29393652452124 149 128 113 1.1313105506584591 110 0 127 2 128 2 111 0 130 2 136 2 107 0 108 0 103 0
69 -4.7291309757861448 -6.9384790024939438 110.55679718872088 47 42 30 0.45837347857028349 110 1 127 4 128 4 111 2 130 3 136 4 107 1 108 1 103 1
70 -6.1949205932258673 -6.4927792087359588 110.06077819668326 155 151 149 1.5614142478170714 110 2 133 5 127 6 128 8 111 3 130 7 136 7 107 2 108 2 103 5
71 -5.002294753906142 -3.5772525769482817 112.58390595154471 83 110 152 0.63884847547416612 110 8 127 9 128 10 111 8 130 9 136 9 107 8 108 7 103 8
72 -3.9225509795128999 -3.5335341046074067 109.50893692254155 163 97 123 0.1952778676027081 110 20 127 15 111 19 107 21 108 22
73 -3.9075023863028586 -2.7852725571295562 111.27326927937172 1 28 59 0.48382840589108711 110 17 127 19 128 16 111 15 130 16 136 17 107 18 108 18 103 18
74 -4.5248903484488405 -4.9042822210436343 112.59164476490793 74 122 188 0.69416135466802531 110 24 133 20 127 26 128 23 111 24 130 31 136 35 107 28 108 26 103 28
75 -4.5467401497233766 -5.92876257426986 110.96080051808575 89 136 204 0.15522340019886469 110 22 127 28 128 32 111 27 130 28 136 30 107 24 108 31 103 27
76 -5.2526256044682427 -8.6430705699484474 110.72358745936104 152 148 143 0.20367392072591417 110 51 133 50 127 49 128 48 111 54 130 49 136 55 107 62 108 57 103 55
77 -4.2367400811203986 -7.5949714236133818 110.90496003693809 81 76 66 0.66696931805282744 110 83 127 99 128 163 111 93 130 102 130 155 107 70 108 67 103 87 103 125 108 115 107 129
78 -5.0815877041826401 -9.1517644181860085 110.7105952274399 177 169 170 0.20391118438738023 110 111 127 139 128 170 111 108 130 171 136 211 107 121 108 108 103 175
79 -4.0741908685821482 -7.5007854427789722 111.32573277161634 139 135 126 0.27594557041088424 110 84 127 143 128 125 111 85 130 117 136 171 107 100 108 95 103 86
80 -6.2157589320340971 -8.1490012573459403 111.03184735798595 245 239 241 0.87927778446274796 110 141 127 149 128 151 108 121 103 168
81 -4.0741908685821482 -7.5007854427789722 111.32573277161634 139 135 126 0.27594557041088424 110 104 127 155 128 142 111 97 130 139 136 163 107 108 108 84 103 79
82 -5.5585827077820831 -5.3863946455767762 111.02864011767986 93 133 189 0.12800591410934606 110 148 127 176 128 198
83 -5.5585827077820831 -5.3863946455767762 111.02864011767986 93 133 189 0.12800591410934606 110 150 127 177 128 199
84 -5.5585827077820831 -5.3863946455767762 111.02864011767986 93 133 189 0.12800591410934606 110 138 127 189 128 212
85 -4.5221341704397959 -7.6362792026767341 110.82352332840827 88 79 69 0.24612474579616006 110 132 127 190 128 149 111 132 130 150 136 179 107 119 108 130 103 124
86 -6.9457316707827532 -3.4978225366268814 110.30925375986455 64 122 192 0.33258766711969417 110 14 128 18 111 12 130 21 107 15 108 12 103 11
87 -5.0475730298363644 -5.3177991201620225 110.33380700204036 92 136 204 1.7521116106235324 110 28 128 51 111 32 130 51 111 47 107 32 107 46 108 34 108 41 103 37 103 51
88 -4.5652970715536343 -4.2415964720926889 111.115137756734 3 25 54 0.14781921298756462 110 46 127 50 128 55 111 51 130 55 136 54 107 50 108 45 103 47
89 -5.4280535922504161 -9.0363387987758799 110.74129054179907 177 176 177 0.13313927177280982 110 115 127 140 128 171 111 109 130 154 136 154 107 122 108 107 103 144
90 -5.3088198229316372 -9.3986470971512315 110.63641882376045 249 240 245 0.13873001041965244 110 147 127 160 128 181 111 128 130 178 107 136 108 131 103 178
91 -5.2180952516260239 -9.579354822884115 110.62916743760985 193 187 191 0.12618412131359091 110 114 127 163 128 186 111 120 130 180 136 156 107 116 108 110 103 135
92 -6.323186083137684 -4.4038943184364783 111.31345274131873 84 127 190 0.25407220190673879 111 37 127 40 128 45 130 45 136 46 107 37 108 33 103 31
93 -6.9562700089380112 -9.0761272800356441 109.19386065255686 155 153 155 0.66733920318816065 111 127 127 42 128 64 133 38 130 46 136 53
95 -0.25238353938377978 -3.0947345588264383 111.3055479509339 138 128 119 0.45291613515708828 111 66 127 98 128 74 133 65 130 83 136 79 107 73 108 71 103 91
97 -4.9688116897208747 -8.7314328568519954 110.78873741845462 173 170 163 0.097538451050375119 111 142 127 198 128 196 130 205
98 -5.0292456341134972 -1.6698910862733931 113.55933096596085 7 46 83 1.7193585271447958 110 136 133 154 127 196 128 209 130 201 111 124 127 174 133 173 136 142 136 152 107 123
99 -4.9444174873573603 -2.2074106975679393 114.00759744437023 68 103 154 1.0236893732474617 111 9 127 11 128 12 130 11 136 10 110 9 133 9 107 9 108 8 103 10
100 -3.9710082217578702 -7.3916354779243925 112.29036364077766 52 50 40 0.74330092417353288 111 81 127 43 128 113 130 107 110 78 107 90 108 82 103 85
101 -5.0520737504232356 -9.730946014136812 110.59747528917559 213 209 213 0.14498579382881319 111 92 128 134 130 118 136 105 110 102
102 -7.2806092829524562 -3.0585245737509692 111.1100111073805 1 43 81 0.085959324864368095 111 90 128 116 130 133 136 137 103 105
104 -4.9703506106196409 -8.7339638586936168 110.81517439098586 173 170 163 0.093966126454805884 111 146 128 202 130 216 136 208
105 -5.1992776563013923 -3.5924217725418703 111.19503936149171 76 122 183 0.12628668282683814 130 20 103 13 127 16 128 19 136 15
106 -6.4310715165328887 -9.8823547762943971 113.22069773972409 252 253 249 0.61766143201637924 130 14 103 24 127 14 128 15 136 19
107 -7.4820175215214517 -2.8639314560232099 111.18378314235235 1 26 50 0.079509500072704811 130 44 103 34 127 39 128 44 136 44
108 -5.3635433877597993 -9.3330846717314664 110.82691922465111 203 199 192 0.10669171042565205 130 48 103 49 127 44 128 63
109 -5.8086502343272093 -9.1954896690766166 110.55981240403196 159 160 151 0.10814001386225294 130 59 103 57 127 53 128 69 136 63
110 -6.1543428345417084 -8.2523671395313247 110.97107475284805 211 201 196 0.1311354984309572 130 65 103 58 127 61 128 67 133 56 136 67
111 -3.8235569684357542 -3.2953370355920062 111.44755914844292 85 130 202 1.2372679183922022 130 60 103 65 128 73 136 101
112 -6.179556506014916 -8.6049448314404309 110.6076209987686 170 168 162 0.21242483303845042 130 85 103 68 127 70 128 77 133 82 136 78
113 -12.222148685902374 2.0827729235113734 111.00331363653244 101 105 98 0.31181396078335721 108 73 130 104 103 72 133 70
114 -12.222148685902374 2.0827729235113734 111.00331363653244 101 105 98 0.31181396078335721 108 77 130 88 103 74 133 73
115 -6.1434973484995732 -10.068666810000579 110.63339292783857 254 248 246 0.14424407097691472 130 63 103 76 127 58 128 66
116 -6.179556506014916 -8.6049448314404309 110.6076209987686 170 168 162 0.21242483303845042 130 97 103 80 127 100 128 105 133 86 136 98
117 -6.6100899320354536 -7.7347965374689016 110.68003272463143 118 124 120 0.21650033888449119 110 57 130 69 103 83
118 -6.1434973484995732 -10.068666810000579 110.63339292783857 254 248 246 0.14424407097691472 130 68 103 88 127 64 128 75
119 -6.1896829975904808 -9.1422300746570784 110.88670531028244 172 168 160 0.11760536182178052 130 84 103 90 127 72 128 100 136 77
120 -0.54474595733240416 -3.5217386911588817 111.21382750166453 128 120 107 0.40862711812830954 110 63 130 77 103 92 136 87
121 -5.4642369065111707 -9.5722244867276114 110.6645314571701 178 175 170 0.09012081494680417 130 167 103 109 127 122 128 155 136 106
122 -5.5063517683354295 -10.161275202605916 110.6944038389376 202 196 189 0.10142474073922014 130 115 103 112 127 120 128 131
123 -6.7215132203186334 -9.2845169070556999 113.13654642994737 210 185 178 0.42701053092433389 130 175 103 113 127 159 128 189 133 152 136 190
124 -5.4657396093244452 -9.574327368473396 110.67577765183927 178 175 170 0.079471126720339846 130 172 103 117 127 113 136 123
125 -6.4479509620255078 -8.5426903621880115 110.73010876978462 187 183 178 0.17801719749607137 130 151 103 130 127 166 128 180 133 127 136 185
126 -5.3993973007075846 -9.8897271287123427 110.55787455848815 161 158 154 0.094035709898232095 130 112 103 131 127 148 128 115
127 -5.8177037982204247 -9.8929495674931385 110.3882923959311 181 173 171 0.082123887545149071 130 144 103 134 127 156 128 152
128 -4.2347149947046523 -7.6461228264196857 111.41017151003135 75 71 61 0.51159073107311859 130 160 103 137 127 86 128 175
129 -5.2195581571334699 -9.586871237444802 110.67066355225839 174 173 167 0.13403655730834038 130 185 103 142 127 169 128 191 136 149
130 -5.2713387167216821 -8.450558718514035 110.81221591679001 139 135 131 0.21243049282722407 108 128 130 152 103 145 127 193 128 166 136 207
131 -5.7042344435073735 -9.540443033934034 110.63605605703987 230 221 217 0.075348449668620379 130 179 103 149 127 162 128 187 136 205
132 -6.4605274818051637 -10.208379078775334 111.24165354659803 165 160 159 0.2065966643544844 130 76 103 151 127 92
133 -5.7042344435073735 -9.540443033934034 110.63605605703987 230 221 217 0.075348449668620379 130 186 103 158 127 170 128 192 136 193
134 -5.3054718174605933 -9.3940961239004572 110.59698648742386 221 214 207 0.11998287877384302 108 127 130 187 103 159 111 121 128 193 107 146 110 153
135 -5.9589874559261586 -8.9225887519870568 110.75238437340593 200 196 187 0.074250114705638054 130 188 103 161 127 171 128 213 136 195
136 -5.7377413996735269 -8.9139859097460636 110.74579031228832 186 181 175 0.14844516529654553 130 189 103 162 136 220
137 -5.7377413996735269 -8.9139859097460636 110.74579031228832 186 181 175 0.14844516529654553 130 190 103 163 136 221
138 -5.5782474872620087 -8.4418130683587442 110.86071610121854 143 139 133 0.11277948717405564 130 214 103 169 128 179 133 148 136 183
139 -5.6810068555285786 -8.6818849136653728 110.7034719940408 147 147 139 0.079485035265625198 130 215 103 170 127 194 128 204 136 187
140 -5.7377413996735269 -8.9139859097460636 110.74579031228832 186 181 175 0.14844516529654553 130 173 103 171 136 218
141 -6.726687270219383 -10.333994902096222 112.3493296293672 229 151 136 0.20212474345224224 130 114 103 173 127 119 128 132 136 117
142 -5.9589874559261586 -8.9225887519870568 110.75238437340593 200 196 187 0.074250114705638054 130 174 103 174 127 158 128 201 136 212
143 -6.2914547246802517 -9.4508231467088812 111.44836627983547 246 236 233 0.10640816057340538 130 177 103 179
