# Frame list with one line of data per frame:
#   FRAME_ID, RIG_ID, RIG_FROM_WORLD[QW, QX, QY, QZ, TX, TY, TZ], NUM_DATA_IDS, DATA_IDS[] as (SENSOR_TYPE, SENSOR_ID, DATA_ID)
# Number of frames: 18
42 1 0.99701748980398641 -0.0209951202922459 0.072974115616325802 0.013787980232333182 -3.4236974317090496 -3.4608332747017352 1.4748726980979066 1 CAMERA 1 42
43 1 0.9975265234792009 -0.019167685176963378 0.066470260322585378 0.012455492487407512 -3.2112268407114239 -3.3853289800914643 1.4689155215856453 1 CAMERA 1 43
44 1 0.99752626433203884 -0.019339979730824224 0.067112534997011961 0.007951402269639217 -3.2641328874649775 -3.3802585650580239 1.4296863043344963 1 CAMERA 1 44
45 1 0.99777299999829783 -0.019883201223193526 0.06334965352830331 0.006365546430482814 -3.146984671340388 -3.3949474772130959 1.4533677823692437 1 CAMERA 1 45
46 1 0.997989509479976 -0.01802351169833365 0.060741521531461923 0.0015998612502114221 -3.0946432250919353 -3.3154148884162549 1.3994522399810223 1 CAMERA 1 46
47 1 0.99838138102221119 -0.015959042653796874 0.054588707450537247 2.1532191263792989e-06 -2.8999336499848143 -3.2419559011125614 1.2993977124050833 1 CAMERA 1 47
48 1 0.99796568044343381 -0.00020051291795735249 0.063746934154560578 -0.00088816526501584391 -3.2210416989106516 -2.7115192217131274 1.097263045853599 1 CAMERA 1 48
49 1 0.99937992435704581 0.0078113938720932663 0.034286783327773962 0.0017791590470750554 -2.2230316166927966 -2.4494460034904559 0.9685619602504173 1 CAMERA 1 49
50 1 0.9887156065055398 0.12068128700622753 -0.088359628943321084 0.0083697306946910657 1.9540099811797651 1.4259621418693256 0.88478798605079501 1 CAMERA 1 50
51 1 0.98651623141680322 0.12815570747708971 -0.10127998280018805 0.010208078968571659 2.3932552321602216 1.6879434941501519 0.84807430026779174 1 CAMERA 1 51
52 1 0.98550145526674882 0.12812763268846189 -0.11050314268013403 0.012619305313087255 2.7085081680304741 1.6892143482110844 0.80129689844573226 1 CAMERA 1 52
53 1 0.98487775257869969 0.1402614043387243 -0.10065244942293627 0.014547692381336807 2.3614700044733512 2.102147818263858 0.7958398428001664 1 CAMERA 1 53
54 1 0.9838312007988641 0.13876436404762657 -0.11219674359854115 0.015248289445245962 2.7608767531818801 2.050384203163242 0.64683506336703112 1 CAMERA 1 54
55 1 0.98282014878625612 0.153913264215916 -0.10089272849478259 0.013997127385332514 2.3749354784928367 2.556807826005449 0.50102833050055617 1 CAMERA 1 55
56 1 0.97913046987928454 0.17199238816002921 -0.10752699693516564 0.012652521451717809 2.5978703120339608 3.160978688158615 0.65125996173071632 1 CAMERA 1 56
58 1 0.97603487953861379 0.18669721567480779 -0.11126036241010384 0.011008875496192486 2.7358381512121408 3.6471479971388558 0.54875167955652504 1 CAMERA 1 58
60 1 0.97382379357458915 0.20406220999884081 -0.099283106022232392 0.012988393933173692 2.3391317815717438 4.2387819533524516 0.61026553004586603 1 CAMERA 1 60
62 1 0.97061825007518276 0.22126866911105825 -0.093405623859898271 0.014689388079640568 2.1375757338998862 4.8225371433342126 0.67603764106966591 1 CAMERA 1 62
