# Image list with two lines of data per image:
#   IMAGE_ID, QW, QX, QY, QZ, TX, TY, TZ, CAMERA_ID, NAME
#   POINTS2D[] as (X, Y, POINT3D_ID)
# Number of images: 18, mean observations per image: 67.111111111111114
42 0.99701748980398641 -0.0209951202922459 0.072974115616325802 0.013787980232333182 -3.4236974317090496 -3.4608332747017352 1.4748726980979066 1 0041.png
61.550807952880859 74.682701110839844 -1 61.550807952880859 74.682701110839844 -1 75.670814514160156 137.85617065429688 136 75.670814514160156 137.85617065429688 -1 162.31266784667969 140.06170654296875 107 87.267654418945312 163.15505981445312 -1 162.63720703125 92.697463989257812 1 162.63720703125 92.697463989257812 2 42.093101501464844 135.31214904785156 5 31.050790786743164 97.12445068359375 3 40.619335174560547 108.79808807373047 80 39.956073760986328 96.163337707519531 9 41.470314025878906 120.37284088134766 171 174.96673583984375 126.04499816894531 7 39.956073760986328 96.163337707519531 10 181.83489990234375 122.14023590087891 109 14.655275344848633 101.38571929931641 103 78.8740234375 117.85516357421875 -1 34.2637939453125 106.39774322509766 137 38.163925170898438 147.099365234375 67 182.50830078125 125.01084899902344 109 47.863044738769531 124.51765441894531 16 233.41302490234375 192.48008728027344 115 242.31224060058594 213.93692016601562 102 222.383056640625 178.0845947265625 98 20.166448593139648 173.22659301757812 -1 54.680160522460938 136.84815979003906 185 25.579080581665039 127.21138763427734 -1 39.221015930175781 104.38051605224609 153 23.489805221557617 88.4957275390625 15 239.07823181152344 200.22207641601562 77 242.02311706542969 203.06439208984375 77 244.99528503417969 217.61138916015625 188 58.944099426269531 129.46699523925781 145 25.825780868530273 131.67703247070312 179 44.929294586181641 145.24467468261719 21 34.862583160400391 151.00091552734375 11 69.112686157226562 126.52657318115234 150 17.746442794799805 94.431991577148438 -1 18.979930877685547 97.693824768066406 86 69.112686157226562 126.52657318115234 -1 35.667522430419922 106.64906311035156 40 37.236553192138672 109.55191802978516 12 178.95684814453125 115.87796783447266 49 37.686710357666016 148.3653564453125 67 230.5450439453125 189.1204833984375 -1 227.84016418457031 189.40585327148438 110 229.51057434082031 191.74247741699219 117 227.42958068847656 194.06758117675781 129 235.649169921875 200.21900939941406 192 240.403076171875 211.17683410644531 102 241.04055786132812 207.345458984375 23 236.08477783203125 205.06594848632812 192 204.91098022460938 162.97056579589844 193 213.77690124511719 175.2938232421875 53 218.3267822265625 181.40992736816406 52 221.37574768066406 181.52815246582031 101 222.36271667480469 186.84870910644531 29 224.26995849609375 184.87626647949219 101 42.24755859375 117.46446228027344 171 216.49496459960938 175.07595825195312 53 39.769702911376953 113.21103668212891 80 42.24755859375 117.46446228027344 70 65.685768127441406 122.96017456054688 63 
43 0.9975265234792009 -0.019167685176963378 0.066470260322585378 0.012455492487407512 -3.2112268407114239 -3.3853289800914643 1.4689155215856453 1 0042.png
60.462062835693359 75.2164306640625 -1 60.462062835693359 75.2164306640625 -1 74.8857421875 137.87655639648438 136 162.29530334472656 140.03512573242188 107 163.31138610839844 92.370513916015625 1 163.31138610839844 92.370513916015625 2 41.940017700195312 136.06082153320312 5 30.841592788696289 97.505027770996094 3 50.193656921386719 121.124755859375 -1 50.193656921386719 121.124755859375 -1 48.974075317382812 234.51637268066406 -1 39.674339294433594 96.977348327636719 9 175.88006591796875 126.05671691894531 7 41.889244079589844 122.62895965576172 171 39.674339294433594 96.977348327636719 10 176.82089233398438 112.91678619384766 84 45.336635589599609 103.633544921875 -1 45.336635589599609 103.633544921875 74 176.82089233398438 112.91678619384766 83 20.247653961181641 168.82351684570312 81 71.219764709472656 122.50463104248047 93 48.980030059814453 127.38351440429688 16 60.427490234375 195.23960876464844 -1 233.5531005859375 191.47831726074219 115 54.286262512207031 137.33045959472656 172 23.087091445922852 88.736083984375 15 36.643722534179688 111.14572906494141 12 183.49325561523438 125.92518615722656 109 25.459709167480469 128.34648132324219 -1 58.502685546875 133.43820190429688 185 245.69142150878906 217.55105590820312 188 239.64959716796875 199.91848754882812 77 23.087091445922852 88.736083984375 48 45.368057250976562 145.01045227050781 21 243.11048889160156 213.96267700195312 102 200.50222778320312 155.82212829589844 30 197.85444641113281 152.22996520996094 30 55.955692291259766 135.62208557128906 185 47.437053680419922 143.2230224609375 73 24.639711380004883 160.31929016113281 37 69.156768798828125 127.01005554199219 150 15.825818061828613 104.98581695556641 103 18.996721267700195 97.474441528320312 86 15.825818061828613 104.98581695556641 182 34.811771392822266 107.58086395263672 40 40.890090942382812 113.98496246337891 80 52.056537628173828 125.51272583007812 -1 69.156768798828125 127.01005554199219 63 58.747886657714844 129.90750122070312 145 25.80561637878418 131.6177978515625 179 48.546257019042969 133.38212585449219 76 236.39701843261719 200.24629211425781 192 228.19239807128906 194.07923889160156 129 229.46821594238281 191.22640991210938 110 223.04122924804688 186.79833984375 29 222.17539978027344 181.54264831542969 101 219.04380798339844 181.36518859863281 52 220.3382568359375 178.77958679199219 -1 217.84170532226562 175.692138671875 53 213.85496520996094 174.32131958007812 53 20.38072395324707 172.85601806640625 -1 209.67356872558594 168.6253662109375 155 20.095029830932617 167.54092407226562 81 237.97291564941406 202.44981384277344 24 242.53056335449219 217.37213134765625 188 214.18057250976562 166.95759582519531 119 240.39378356933594 210.38529968261719 102 236.8367919921875 205.08531188964844 192 242.00657653808594 203.38002014160156 77 224.9139404296875 181.69499206542969 98 224.52787780761719 184.73004150390625 101 13.211138725280762 107.11211395263672 -1 241.35585021972656 207.35867309570312 23 70.931617736816406 121.89155578613281 93 
44 0.99752626433203884 -0.019339979730824224 0.067112534997011961 0.007951402269639217 -3.2641328874649775 -3.3802585650580239 1.4296863043344963 1 0043.png
59.23004150390625 72.410079956054688 -1 59.23004150390625 72.410079956054688 -1 74.177833557128906 137.60578918457031 136 74.177833557128906 137.60578918457031 -1 163.65158081054688 91.449737548828125 1 163.65158081054688 91.449737548828125 2 30.208595275878906 98.230117797851562 3 41.664852142333984 135.84393310546875 5 39.472492218017578 97.603286743164062 10 41.597774505615234 122.4989013671875 171 39.472492218017578 97.603286743164062 9 176.56733703613281 125.60556030273438 7 183.69068908691406 123.26816558837891 109 60.962493896484375 199.16484069824219 22 19.803869247436523 169.51118469238281 81 15.025188446044922 104.87818145751953 103 189.98526000976562 78.09869384765625 -1 33.142337799072266 109.28106689453125 137 47.373538970947266 139.43533325195312 172 212.16384887695312 160.49650573730469 119 230.59259033203125 200.71286010742188 163 15.025188446044922 104.87818145751953 182 58.501064300537109 133.66683959960938 185 184.27447509765625 125.30301666259766 109 22.913064956665039 89.228958129882812 15 188.4525146484375 105.46745300292969 -1 188.0660400390625 110.98809814453125 -1 36.444576263427734 111.68739318847656 12 233.64302062988281 189.43899536132812 115 22.913064956665039 89.228958129882812 48 245.97038269042969 215.33889770507812 188 234.42921447753906 205.16929626464844 59 240.06965637207031 197.97636413574219 77 225.42289733886719 192.78213500976562 143 38.040435791015625 148.45211791992188 67 207.70591735839844 156.61746215820312 139 35.073017120361328 151.41790771484375 11 34.611354827880859 108.10765838623047 40 45.08294677734375 145.55557250976562 21 40.372066497802734 114.48514556884766 80 71.073638916015625 121.80807495117188 93 65.466293334960938 123.4541015625 63 45.002510070800781 127.25902557373047 16 28.149425506591797 131.33525085449219 179 228.045166015625 194.99313354492188 163 228.46694946289062 192.11717224121094 129 229.61882019042969 189.11029052734375 110 226.48040771484375 188.878662109375 94 227.42910766601562 186.15254211425781 110 223.28590393066406 184.80952453613281 29 222.4102783203125 179.52542114257812 101 219.2955322265625 179.41522216796875 52 216.36697387695312 179.59161376953125 68 236.58815002441406 198.12432861328125 192 220.9425048828125 173.78828430175781 106 218.09608459472656 173.81605529785156 53 20.217809677124023 173.461669921875 -1 214.15103149414062 172.65177917480469 53 19.885616302490234 168.09410095214844 81 210.03984069824219 167.04621887207031 155 243.37730407714844 211.68486022949219 102 204.35691833496094 162.89704895019531 193 207.55998229980469 163.52874755859375 155 18.547706604003906 165.8302001953125 44 25.734565734863281 133.08642578125 179 240.43905639648438 207.88456726074219 102 237.08807373046875 203.09413146972656 192 240.02848815917969 202.41889953613281 23 242.47323608398438 201.81272888183594 77 230.987060546875 199.66253662109375 -1 55.400638580322266 133.1898193359375 185 241.80340576171875 205.21116638183594 23 13.297000885009766 108.15943145751953 -1 
45 0.99777299999829783 -0.019883201223193526 0.06334965352830331 0.006365546430482814 -3.146984671340388 -3.3949474772130959 1.4533677823692437 1 0044.png
57.544525146484375 73.133613586425781 -1 57.544525146484375 73.133613586425781 -1 72.512863159179688 137.74223327636719 136 72.512863159179688 137.74223327636719 41 164.54486083984375 90.442031860351562 1 164.54486083984375 90.442031860351562 2 29.344661712646484 98.885757446289062 3 41.283706665039062 135.97677612304688 5 55.982334136962891 213.66131591796875 82 39.008243560791016 110.43624114990234 80 41.322513580322266 122.78567504882812 171 38.704792022705078 97.941375732421875 9 177.1759033203125 125.49810791015625 7 38.704792022705078 97.941375732421875 10 183.92764282226562 121.36734771728516 109 177.63029479980469 106.11211395263672 83 44.257041931152344 104.63900756835938 -1 177.63029479980469 106.11211395263672 84 13.574621200561523 103.92002868652344 103 44.257041931152344 104.63900756835938 74 19.577009201049805 169.58125305175781 81 48.361717224121094 127.25742340087891 16 19.033014297485352 99.188491821289062 86 184.53944396972656 124.10238647460938 109 54.018077850341797 137.57173156738281 172 35.619491577148438 154.5538330078125 11 212.07527160644531 159.09489440917969 119 230.58352661132812 199.19010925292969 163 19.033014297485352 99.188491821289062 88 225.38127136230469 191.25666809082031 143 24.658594131469727 130.08978271484375 179 58.055122375488281 133.67579650878906 185 19.608171463012695 173.90081787109375 -1 233.61747741699219 187.89801025390625 115 240.07655334472656 196.44210815429688 77 234.39137268066406 203.67562866210938 59 238.8973388671875 209.70455932617188 158 245.97616577148438 213.83760070800781 188 22.133363723754883 89.997413635253906 15 22.133363723754883 89.997413635253906 48 243.37632751464844 210.18876647949219 102 36.164649963378906 112.18318939208984 12 25.02977180480957 133.1571044921875 179 51.570774078369141 125.99440765380859 -1 203.58050537109375 160.64508056640625 193 201.12872314453125 157.49369812011719 193 200.50224304199219 152.82215881347656 30 197.85447692871094 149.23001098632812 30 44.986671447753906 145.50825500488281 21 54.862472534179688 133.16046142578125 185 27.40673828125 131.31814575195312 179 40.363853454589844 115.02582550048828 80 180.92732238769531 114.83176422119141 49 70.906547546386719 121.71945190429688 93 65.011474609375 123.55357360839844 63 67.658180236816406 124.71714019775391 63 219.28759765625 178.17091369628906 52 242.53009033203125 200.24491882324219 77 240.42825317382812 206.41845703125 102 241.81239318847656 203.74671936035156 23 237.07623291015625 201.58705139160156 192 240.05245971679688 200.99128723144531 23 236.63287353515625 196.71177673339844 192 227.93258666992188 193.63807678222656 163 228.46194458007812 190.61224365234375 129 229.64793395996094 187.64143371582031 110 226.47993469238281 187.37904357910156 94 223.34877014160156 183.59208679199219 29 206.93328857421875 161.49925231933594 155 214.43296813964844 164.01298522949219 119 207.21177673339844 165.75900268554688 155 210.07145690917969 165.79768371582031 155 214.13882446289062 171.36518859863281 53 218.09097290039062 172.55581665039062 53 221.00433349609375 172.54258728027344 106 225.15644836425781 178.10447692871094 98 216.38552856445312 178.32151794433594 68 222.33334350585938 178.22317504882812 101 224.70114135742188 181.15492248535156 101 
46 0.997989509479976 -0.01802351169833365 0.060741521531461923 0.0015998612502114221 -3.0946432250919353 -3.3154148884162549 1.3994522399810223 1 0045.png
62.303131103515625 96.638084411621094 -1 70.951812744140625 137.36766052246094 136 62.303131103515625 96.638084411621094 42 70.951812744140625 137.36766052246094 41 162.71920776367188 89.231941223144531 2 162.71920776367188 89.231941223144531 1 29.238433837890625 99.324966430664062 3 41.874382019042969 136.47938537597656 5 163.34619140625 116.13865661621094 54 163.34619140625 116.13865661621094 55 38.595699310302734 111.08482360839844 80 38.168914794921875 98.476638793945312 9 177.69332885742188 124.79694366455078 7 38.168914794921875 98.476638793945312 10 43.727390289306641 105.25645446777344 -1 43.727390289306641 105.25645446777344 74 184.60977172851562 120.9586181640625 109 61.246833801269531 201.33357238769531 22 19.148248672485352 169.50334167480469 81 241.5338134765625 212.61546325683594 188 212.97462463378906 158.78314208984375 119 18.010080337524414 101.06155395507812 86 35.596309661865234 112.89216613769531 12 23.520975112915039 133.98966979980469 179 34.928192138671875 154.62313842773438 11 230.55805969238281 197.49394226074219 163 234.36647033691406 202.11874389648438 59 35.596309661865234 112.89216613769531 80 18.010080337524414 101.06155395507812 88 44.525867462158203 145.40544128417969 21 240.14773559570312 204.09483337402344 102 23.613277435302734 160.78250122070312 37 21.387397766113281 90.491348266601562 15 15.311854362487793 125.37037658691406 45 218.92387390136719 180.98808288574219 -1 231.6466064453125 192.26612854003906 129 228.07612609863281 192.41659545898438 163 40.92864990234375 97.592605590820312 168 15.311854362487793 125.37037658691406 46 21.387397766113281 90.491348266601562 48 243.49559020996094 208.39401245117188 102 40.92864990234375 97.592605590820312 183 236.90745544433594 205.35386657714844 158 66.983589172363281 124.87492370605469 63 64.486862182617188 123.24555969238281 63 60.174831390380859 130.92567443847656 145 46.461345672607422 131.57301330566406 76 26.639606475830078 133.26158142089844 179 54.136447906494141 133.39727783203125 185 24.229091644287109 135.22041320800781 179 57.450183868408203 137.1163330078125 185 46.850387573242188 139.79879760742188 73 219.07870483398438 171.54618835449219 53 70.287803649902344 121.91689300537109 93 33.832500457763672 109.10855865478516 40 14.663357734680176 107.54460906982422 182 14.663357734680176 107.54460906982422 103 70.287803649902344 121.91689300537109 -1 24.229091644287109 135.22041320800781 72 228.26597595214844 183.56425476074219 110 242.86190795898438 211.79542541503906 188 237.07656860351562 199.84957885742188 192 242.69906616210938 198.12339782714844 77 236.64402770996094 194.99752807617188 192 233.56837463378906 195.17684936523438 -1 229.17539978027344 189.29563903808594 129 232.02597045898438 188.38648986816406 117 227.12440490722656 186.08491516113281 94 224.34046936035156 182.63136291503906 29 225.45840454101562 179.89373779296875 101 222.91424560546875 176.99125671386719 101 216.45144653320312 176.08317565917969 68 215.138427734375 170.36622619628906 53 207.49760437011719 160.24810791015625 155 198.08213806152344 147.72259521484375 30 208.02578735351562 154.00218200683594 139 201.46340942382812 156.0286865234375 193 203.82162475585938 159.11285400390625 193 211.066162109375 164.78912353515625 155 210.16596984863281 167.59358215332031 -1 47.882469177246094 129.39114379882812 16 
47 0.99838138102221119 -0.015959042653796874 0.054588707450537247 2.1532191263792989e-06 -2.8999336499848143 -3.2419559011125614 1.2993977124050833 1 0046.png
69.228736877441406 137.16017150878906 136 60.751789093017578 95.89739990234375 -1 60.751789093017578 95.89739990234375 42 69.228736877441406 137.16017150878906 41 162.11827087402344 88.801116943359375 2 162.11827087402344 88.801116943359375 1 57.660816192626953 216.97956848144531 82 28.576198577880859 99.278358459472656 3 204.3502197265625 139.64146423339844 4 41.597606658935547 136.59852600097656 5 162.19874572753906 116.70835113525391 55 38.215290069580078 111.17327117919922 80 162.19874572753906 116.70835113525391 54 63.117408752441406 202.52705383300781 22 37.680923461914062 98.547698974609375 9 178.01930236816406 124.01177978515625 7 40.508682250976562 123.22268676757812 171 37.680923461914062 98.547698974609375 10 178.40400695800781 107.3646240234375 84 12.578805923461914 104.94379425048828 103 178.40400695800781 107.3646240234375 83 184.71804809570312 119.4853515625 109 19.036577224731445 168.86050415039062 81 197.2227783203125 151.09391784667969 -1 185.5107421875 122.71045684814453 109 35.116806030273438 112.90639495849609 12 15.020103454589844 126.44564819335938 45 23.512931823730469 133.97943115234375 179 231.12661743164062 196.49856567382812 163 234.69914245605469 201.08734130859375 59 239.55879211425781 207.42527770996094 158 35.116806030273438 112.90639495849609 80 15.020103454589844 126.44564819335938 46 212.95883178710938 157.80006408691406 119 219.23583984375 180.011474609375 -1 21.117677688598633 90.48419189453125 15 226.09426879882812 188.76541137695312 143 238.03231811523438 199.3367919921875 192 61.077495574951172 200.16244506835938 22 240.06571960449219 202.34881591796875 142 243.67143249511719 206.86373901367188 102 21.117677688598633 90.48419189453125 48 36.555061340332031 148.34780883789062 67 40.447772979736328 97.586654663085938 183 40.447772979736328 97.586654663085938 168 19.10435676574707 173.10469055175781 81 201.17529296875 150.74104309082031 30 24.22917366027832 135.22050476074219 179 198.53364562988281 147.20176696777344 30 46.117408752441406 139.792236328125 73 56.946269989013672 137.09117126464844 185 54.315914154052734 135.73028564453125 185 208.41334533691406 153.37582397460938 139 26.63935661315918 133.26190185546875 179 66.528305053710938 124.60003662109375 63 63.957233428955078 123.43321990966797 63 69.83154296875 121.61491394042969 93 69.83154296875 121.61491394042969 -1 233.69049072265625 193.48304748535156 65 242.05410766601562 200.02665710449219 23 239.88258361816406 196.97494506835938 24 242.83706665039062 196.6641845703125 77 237.28952026367188 194.12640380859375 192 239.93528747558594 193.64494323730469 -1 204.31472778320312 158.64616394042969 193 228.55911254882812 191.18722534179688 163 234.51499938964844 190.39923095703125 117 231.47547912597656 190.50053405761719 129 229.18281555175781 188.05735778808594 129 228.31707763671875 182.35940551757812 110 224.49751281738281 181.49107360839844 29 223.08409118652344 175.94940185546875 101 201.91194152832031 155.5401611328125 193 24.303371429443359 159.55911254882812 37 211.06341552734375 163.78422546386719 155 210.16607666015625 166.59356689453125 -1 215.13880920410156 169.36540222167969 53 219.08903503417969 170.55335998535156 53 222.11863708496094 170.70079040527344 106 243.07279968261719 210.51689147949219 188 224.57017517089844 173.47923278808594 98 216.85200500488281 175.58140563964844 68 43.869560241699219 119.65651702880859 171 59.686752319335938 130.67172241210938 145 43.869560241699219 119.65651702880859 70 
48 0.99796568044343381 -0.00020051291795735249 0.063746934154560578 -0.00088816526501584391 -3.2210416989106516 -2.7115192217131274 1.097263045853599 1 0047.png
67.53570556640625 137.21311950683594 41 59.769115447998047 94.898277282714844 -1 59.769115447998047 94.898277282714844 42 162.04421997070312 88.166831970214844 1 162.04421997070312 88.166831970214844 2 57.077503204345703 218.20828247070312 82 204.75389099121094 140.06051635742188 4 27.282379150390625 98.997222900390625 3 40.113601684570312 136.11790466308594 5 162.90765380859375 116.33400726318359 54 37.133323669433594 110.92200469970703 80 162.90765380859375 116.33400726318359 55 37.269107818603516 98.1578369140625 10 39.756374359130859 122.89657592773438 171 178.18815612792969 124.56299591064453 7 37.269107818603516 98.1578369140625 9 62.482185363769531 203.31228637695312 22 11.570342063903809 104.59632110595703 103 17.60955810546875 168.71673583984375 81 33.337142944335938 154.31712341308594 11 235.38095092773438 202.73200988769531 59 231.91227722167969 198.36689758300781 163 22.285652160644531 133.63314819335938 179 68.280525207519531 122.53542327880859 93 239.92408752441406 208.70086669921875 158 68.280525207519531 122.53542327880859 150 20.138547897338867 89.986457824707031 15 222.4954833984375 184.44758605957031 175 36.089740753173828 106.51566314697266 153 25.432441711425781 132.79891967773438 179 34.167015075683594 112.56732940673828 12 242.9696044921875 197.01564025878906 77 238.80448913574219 201.22538757324219 192 244.05044555664062 208.27323913574219 102 34.167015075683594 112.56732940673828 80 48.582008361816406 139.46797180175781 73 210.70387268066406 163.65194702148438 155 206.60035705566406 162.11732482910156 155 207.86660766601562 159.70222473144531 155 22.985595703125 159.42118835449219 37 201.92106628417969 155.86016845703125 193 32.461715698242188 151.01091003417969 11 198.50910949707031 147.41963195800781 30 42.473033905029297 145.19033813476562 21 41.868190765380859 142.43777465820312 -1 45.141437530517578 139.48063659667969 73 23.921018600463867 137.8233642578125 -1 53.998905181884766 135.05462646484375 185 22.895195007324219 134.74029541015625 179 45.964588165283203 128.91708374023438 16 32.295860290527344 108.94023132324219 40 243.86335754394531 212.03302001953125 188 241.96449279785156 200.8131103515625 23 244.50071716308594 199.95077514648438 -1 224.28099060058594 181.68272399902344 29 237.91526794433594 195.73388671875 192 234.13951110839844 194.79890441894531 65 231.34756469726562 190.69869995117188 129 228.95761108398438 188.09646606445312 129 220.47796630859375 177.00247192382812 52 214.86445617675781 169.35574340820312 53 218.81646728515625 170.53556823730469 53 17.83867073059082 173.04066467285156 81 225.61363220214844 175.66642761230469 98 222.90568542480469 176.13601684570312 101 224.77766418457031 178.32908630371094 101 228.03701782226562 182.30355834960938 110 226.857666015625 184.81654357910156 94 231.82691955566406 187.23823547363281 110 239.60713195800781 197.71926879882812 24 59.27423095703125 130.04534912109375 145 64.038360595703125 125.37128448486328 63 56.808700561523438 135.93080139160156 185 
49 0.99937992435704581 0.0078113938720932663 0.034286783327773962 0.0017791590470750554 -2.2230316166927966 -2.4494460034904559 0.9685619602504173 1 0048.png
58.136852264404297 94.402725219726562 -1 65.651077270507812 137.19024658203125 41 58.136852264404297 94.402725219726562 42 162.08323669433594 88.444488525390625 2 162.08323669433594 88.444488525390625 1 57.671855926513672 219.07235717773438 82 27.291776657104492 98.06756591796875 3 37.960834503173828 134.21903991699219 5 36.560897827148438 110.33358001708984 80 36.664398193359375 97.459228515625 10 39.20526123046875 122.53002166748047 171 178.45208740234375 125.02804565429688 7 36.664398193359375 97.459228515625 9 179.01448059082031 106.32388305664062 83 61.663375854492188 203.04098510742188 22 179.01448059082031 106.32388305664062 84 227.27682495117188 193.97616577148438 -1 185.41098022460938 121.38809967041016 109 16.469402313232422 167.666015625 81 16.282253265380859 161.56617736816406 44 33.705245971679688 111.93111419677734 12 67.365364074707031 122.40885925292969 93 13.020098686218262 125.44567108154297 45 16.058822631835938 99.376167297363281 86 21.512954711914062 132.97946166992188 179 32.830093383789062 152.82240295410156 11 231.20164489746094 198.23088073730469 163 234.77706909179688 202.83941650390625 59 239.30262756347656 208.96859741210938 158 13.020098686218262 125.44567108154297 46 67.365364074707031 122.40885925292969 150 33.705245971679688 111.93111419677734 80 16.058822631835938 99.376167297363281 88 225.96630859375 176.36167907714844 98 239.90260314941406 194.21662902832031 -1 60.182762145996094 201.89421081542969 22 239.88388061523438 203.873291015625 142 243.396728515625 208.35552978515625 102 35.375762939453125 105.74064636230469 153 19.166257858276367 89.092849731445312 15 19.166257858276367 89.092849731445312 48 43.972827911376953 138.99147033691406 73 47.915420532226562 138.718017578125 73 52.997539520263672 134.568115234375 185 204.31192016601562 159.65757751464844 193 198.54193115234375 148.21112060546875 30 201.17520141601562 151.74085998535156 30 208.44020080566406 154.38645935058594 139 201.91203308105469 156.55708312988281 193 21.868576049804688 158.42625427246094 37 22.22917366027832 134.22050476074219 179 24.639392852783203 132.2618408203125 179 67.099174499511719 126.00323486328125 63 182.1201171875 115.06403350830078 49 67.099174499511719 126.00323486328125 150 15.010672569274902 90.807479858398438 -1 229.17640686035156 189.54063415527344 129 231.48228454589844 192.00900268554688 129 234.54551696777344 191.97561645507812 117 228.59658813476562 192.74827575683594 163 237.30215454101562 195.88909912109375 192 242.52986145019531 198.0919189453125 77 239.70849609375 198.54548645019531 24 63.972705841064453 198.95353698730469 22 238.00575256347656 201.04698181152344 192 241.78742980957031 201.51802062988281 23 242.87309265136719 212.04049682617188 -1 224.19566345214844 182.63027954101562 29 218.82003784179688 171.54241943359375 53 215.24971008300781 163.01127624511719 119 207.96066284179688 164.77352905273438 155 210.80194091796875 164.81443786621094 155 209.99363708496094 167.60847473144531 -1 214.86447143554688 170.35556030273438 53 16.852907180786133 171.41366577148438 81 225.45106506347656 180.18168640136719 101 220.01124572753906 177.09152221679688 52 223.04090881347656 177.12986755371094 101 55.736705780029297 135.54730224609375 185 17.225530624389648 87.294151306152344 -1 207.70065307617188 160.50564575195312 155 17.225530624389648 87.294151306152344 -1 58.219673156738281 129.41990661621094 145 
50 0.9887156065055398 0.12068128700622753 -0.088359628943321084 0.0083697306946910657 1.9540099811797651 1.4259621418693256 0.88478798605079501 1 0049.png
63.731178283691406 137.34535217285156 41 56.323986053466797 94.017135620117188 42 32.831001281738281 163.914794921875 -1 161.95445251464844 88.920768737792969 1 161.95445251464844 88.920768737792969 2 37.853305816650391 133.98214721679688 5 26.051578521728516 97.420417785644531 3 164.46601867675781 117.20301055908203 54 164.46601867675781 117.20301055908203 55 35.933780670166016 97.086448669433594 10 35.933780670166016 97.086448669433594 9 63.852294921875 204.32614135742188 22 178.16943359375 126.14357757568359 7 38.403797149658203 121.93152618408203 171 185.21159362792969 121.91587829589844 109 15.38780689239502 166.80093383789062 81 238.19017028808594 211.33253479003906 158 32.638530731201172 111.28136444091797 12 11.992763519287109 125.01577758789062 45 20.518545150756836 132.54086303710938 179 38.477634429931641 146.43464660644531 -1 15.636401176452637 161.06401062011719 44 32.638530731201172 111.28136444091797 80 230.41304016113281 199.59368896484375 59 11.992763519287109 125.01577758789062 46 233.57414245605469 197.5042724609375 192 185.8857421875 125.03920745849609 109 226.55593872070312 193.62110900878906 175 235.0443115234375 199.76629638671875 102 60.916221618652344 202.51849365234375 22 238.6070556640625 204.32516479492188 102 243.72604370117188 211.59498596191406 188 43.419281005859375 141.7021484375 -1 18.561100006103516 88.554412841796875 48 18.561100006103516 88.554412841796875 15 34.637374877929688 105.285400390625 153 44.896575927734375 128.18319702148438 16 57.795204162597656 129.1181640625 145 51.705574035644531 131.56063842773438 185 23.617443084716797 131.76564025878906 179 21.170963287353516 133.61582946777344 179 55.075275421142578 135.61305236816406 185 43.272846221923828 138.51303100585938 73 42.075889587402344 142.91787719726562 21 58.624259948730469 125.58071899414062 145 62.532058715820312 125.01762390136719 63 41.911014556884766 118.17425537109375 70 20.921236038208008 91.499130249023438 160 14.015308380126953 90.301017761230469 -1 219.64234924316406 178.6048583984375 29 41.911014556884766 118.17425537109375 171 242.38104248046875 200.43389892578125 161 47.140342712402344 138.22695922851562 73 221.66627502441406 186.11262512207031 143 245.52516174316406 204.55917358398438 115 240.49678039550781 201.84156799316406 161 224.41305541992188 185.53746032714844 129 237.08576965332031 197.58041381835938 23 234.93025207519531 194.56155395507812 24 232.53506469726562 191.88536071777344 192 228.61579895019531 190.75128173828125 65 223.86532592773438 188.64677429199219 163 214.97340393066406 172.05342102050781 53 200.17497253417969 151.74043273925781 30 200.911865234375 156.55709838867188 193 20.825420379638672 157.99201965332031 37 203.31137084960938 159.65750122070312 193 214.04995727539062 166.57170104980469 119 212.09091186523438 172.09384155273438 68 197.54362487792969 148.21234130859375 30 217.9967041015625 172.15443420410156 53 220.61874389648438 175.72393798828125 101 226.81692504882812 188.12051391601562 129 223.87237548828125 179.9344482421875 110 244.72613525390625 207.63003540039062 -1 217.49591064453125 175.31755065917969 162 
51 0.98651623141680322 0.12815570747708971 -0.10127998280018805 0.010208078968571659 2.3932552321602216 1.6879434941501519 0.84807430026779174 1 0050.png
163.09176635742188 140.65568542480469 107 55.211463928222656 94.313911437988281 42 161.85482788085938 89.025032043457031 1 161.85482788085938 89.025032043457031 2 62.204376220703125 137.96089172363281 -1 25.092687606811523 97.138290405273438 165 25.092687606811523 97.138290405273438 3 203.83845520019531 141.71221923828125 4 39.603572845458984 134.42134094238281 5 34.703170776367188 109.66486358642578 80 178.4495849609375 126.53195953369141 7 38.306083679199219 121.26639556884766 171 65.531661987304688 204.31767272949219 22 35.578712463378906 97.065994262695312 9 35.578712463378906 97.065994262695312 10 170.06449890136719 119.79414367675781 -1 185.39057922363281 122.85667419433594 109 13.304081916809082 161.38548278808594 44 34.180797576904297 143.61856079101562 67 19.230056762695312 132.64361572265625 179 27.201372146606445 110.20877838134766 137 172.91712951660156 120.79979705810547 -1 30.902149200439453 151.75546264648438 11 11.034844398498535 124.39366912841797 46 32.035255432128906 111.24465942382812 12 32.035255432128906 111.24465942382812 80 11.034844398498535 124.39366912841797 45 221.0313720703125 186.64424133300781 143 223.2437744140625 189.11820983886719 163 233.00901794433594 197.65887451171875 192 234.53443908691406 200.02786254882812 102 238.13082885742188 204.62757873535156 102 243.24032592773438 211.864501953125 188 245.72470092773438 215.3006591796875 188 17.703834533691406 88.070014953613281 48 17.703834533691406 88.070014953613281 15 44.675891876220703 128.34254455566406 16 44.568954467773438 135.93455505371094 172 245.02252197265625 204.75761413574219 115 182.07331848144531 116.45761108398438 49 51.191913604736328 131.03347778320312 185 23.046575546264648 132.30812072753906 179 54.506107330322266 135.09733581542969 185 20.376581192016602 134.151611328125 179 51.856800079345703 133.76091003417969 185 41.898635864257812 141.70654296875 21 20.376581192016602 134.151611328125 72 20.154989242553711 91.073204040527344 160 61.313266754150391 202.7001953125 22 242.33132934570312 205.22901916503906 -1 240.07191467285156 202.1859130859375 161 236.59759521484375 197.82273864746094 23 234.46205139160156 194.84274291992188 24 232.02973937988281 191.97810363769531 192 226.26992797851562 188.08656311035156 129 223.92584228515625 185.55258178710938 129 223.41070556640625 180.00399780273438 110 219.15243530273438 178.61582946777344 29 198.54203796386719 150.21125793457031 30 217.52775573730469 172.16207885742188 53 214.47322082519531 172.05426025390625 52 13.689873695373535 171.10794067382812 81 201.17524719238281 153.7408447265625 30 220.11677551269531 175.71110534667969 101 213.54251098632812 166.55645751953125 119 207.58779907226562 162.68643188476562 155 202.05497741699219 158.76258850097656 193 19.841583251953125 157.46778869628906 37 57.104804992675781 128.68226623535156 145 46.348834991455078 138.08137512207031 73 29.773799896240234 107.70848083496094 40 217.00033569335938 175.3209228515625 162 
52 0.98550145526674882 0.12812763268846189 -0.11050314268013403 0.012619305313087255 2.7085081680304741 1.6892143482110844 0.80129689844573226 1 0051.png
162.71571350097656 140.58122253417969 107 161.68502807617188 88.523155212402344 2 33.338752746582031 160.67079162597656 -1 54.362739562988281 94.531898498535156 156 60.023353576660156 138.421875 173 33.338752746582031 160.67079162597656 -1 54.362739562988281 94.531898498535156 42 161.68502807617188 88.523155212402344 1 24.687307357788086 96.65618896484375 3 24.687307357788086 96.65618896484375 165 35.614902496337891 132.0146484375 5 34.08966064453125 108.96319580078125 80 34.774497985839844 96.15240478515625 10 37.243026733398438 121.44910430908203 171 178.30503845214844 126.73123931884766 7 64.122756958007812 204.6236572265625 22 34.774497985839844 96.15240478515625 9 51.408519744873047 126.70313262939453 145 185.29653930664062 122.74326324462891 109 29.696439743041992 151.43724060058594 11 48.273757934570312 135.55503845214844 172 38.121067047119141 103.55145263671875 153 38.121067047119141 103.55145263671875 74 31.165891647338867 110.54637908935547 12 33.410598754882812 143.18081665039062 67 12.852550506591797 160.37391662597656 44 220.58445739746094 171.35386657714844 98 241.55142211914062 216.62208557128906 188 31.165891647338867 110.54637908935547 80 242.81733703613281 211.89126586914062 188 232.7835693359375 197.71815490722656 192 234.28884887695312 200.05117797851562 142 237.8507080078125 204.55787658691406 102 245.222900390625 215.27163696289062 188 16.898954391479492 87.393692016601562 48 181.82212829589844 107.48734283447266 84 41.164375305175781 140.747802734375 21 19.807605743408203 90.274482727050781 160 43.842662811279297 134.87571716308594 172 33.039714813232422 104.29102325439453 153 16.898954391479492 87.393692016601562 15 194.50044250488281 148.47933959960938 -1 41.435997009277344 137.52165222167969 73 33.629188537597656 143.88079833984375 67 52.470413208007812 135.30963134765625 185 21.971046447753906 131.42948913574219 179 56.51922607421875 127.98171997070312 145 56.987590789794922 124.67395782470703 145 192.43948364257812 145.49673461914062 -1 40.8599853515625 117.93265533447266 70 229.09768676757812 188.04582214355469 117 28.913528442382812 106.99440002441406 40 40.8599853515625 117.93265533447266 171 223.50389099121094 185.55976867675781 129 244.74803161621094 204.74276733398438 115 244.00645446777344 208.10186767578125 -1 236.33961486816406 197.84419250488281 23 234.16386413574219 194.81195068359375 24 231.78001403808594 191.99964904785156 192 241.63427734375 200.60536193847656 161 226.05712890625 188.09103393554688 129 226.59117126464844 184.72689819335938 117 218.66139221191406 178.629638671875 29 219.99922180175781 176.06008911132812 101 217.50741577148438 172.61415100097656 53 214.49081420898438 172.59698486328125 53 13.689872741699219 169.10794067382812 81 216.63102722167969 167.35722351074219 106 213.5439453125 167.06187438964844 119 205.21389770507812 159.50363159179688 193 209.8017578125 158.39146423339844 170 216.91340637207031 175.71067810058594 162 42.80047607421875 143.34336853027344 -1 
53 0.98487775257869969 0.1402614043387243 -0.10065244942293627 0.014547692381336807 2.3614700044733512 2.102147818263858 0.7958398428001664 1 0052.png
11.892107963562012 193.12844848632812 -1 162.21913146972656 140.497802734375 107 52.405559539794922 93.616424560546875 42 161.50267028808594 87.66082763671875 2 52.405559539794922 93.616424560546875 156 58.322345733642578 138.55625915527344 173 161.50267028808594 87.66082763671875 1 23.578927993774414 95.425201416015625 165 23.578927993774414 95.425201416015625 3 35.157180786132812 131.51324462890625 5 33.181396484375 108.07248687744141 80 65.376350402832031 203.86839294433594 -1 178.15203857421875 126.81002044677734 7 36.250991821289062 120.60669708251953 171 33.754673004150391 95.258880615234375 10 33.754673004150391 95.258880615234375 9 179.00788879394531 106.60924530029297 83 179.00788879394531 106.60924530029297 84 185.21615600585938 122.71179962158203 109 50.417369842529297 125.67523193359375 145 13.342009544372559 162.45492553710938 81 13.287596702575684 156.58668518066406 44 28.475498199462891 150.44779968261719 11 32.270126342773438 141.45051574707031 67 47.008838653564453 134.55387878417969 172 16.980558395385742 131.09628295898438 179 36.731681823730469 103.14366912841797 153 220.13507080078125 171.32278442382812 98 22.642898559570312 149.90345764160156 186 30.484378814697266 109.69693756103516 12 30.484378814697266 109.69693756103516 80 36.731681823730469 103.14366912841797 74 15.683707237243652 86.081230163574219 15 237.13334655761719 204.60122680664062 102 241.92625427246094 212.06710815429688 188 244.50100708007812 215.56373596191406 188 15.683707237243652 86.081230163574219 48 231.98902893066406 197.64555358886719 192 185.90438842773438 126.0904541015625 109 42.714851379394531 126.50897979736328 16 42.578041076660156 133.90484619140625 172 233.54716491699219 200.04130554199219 102 13.694990158081055 166.47459411621094 81 197.71900939941406 149.64381408691406 30 19.008823394775391 153.46873474121094 37 205.01382446289062 160.13528442382812 155 211.58137512207031 161.53494262695312 170 39.903846740722656 139.71015930175781 21 51.701606750488281 133.7225341796875 185 39.859981536865234 116.93264770507812 70 39.859981536865234 116.93264770507812 171 235.57936096191406 197.81278991699219 23 18.928432464599609 89.326881408691406 160 241.621826171875 216.51870727539062 188 243.99226379394531 204.74807739257812 115 61.256862640380859 202.47308349609375 22 239.07199096679688 202.18594360351562 161 233.45314025878906 194.839111328125 24 231.030029296875 191.97872924804688 192 225.27146911621094 188.08247375488281 129 228.28512573242188 187.89859008789062 117 222.92384338378906 185.5496826171875 129 218.1707763671875 178.64013671875 29 219.49993896484375 176.03106689453125 101 217.06221008300781 172.66291809082031 53 213.97195434570312 172.56243896484375 53 213.04518127441406 167.04339599609375 119 209.11024475097656 165.78462219238281 178 
54 0.9838312007988641 0.13876436404762657 -0.11219674359854115 0.015248289445245962 2.7608767531818801 2.050384203163242 0.64683506336703112 1 0053.png
13.675766944885254 190.96311950683594 -1 162.64375305175781 139.90289306640625 107 161.98420715332031 85.650772094726562 1 51.565467834472656 92.327423095703125 42 56.523105621337891 138.74859619140625 173 51.565467834472656 92.327423095703125 156 161.98420715332031 85.650772094726562 2 22.814109802246094 94.86309814453125 3 22.814109802246094 94.86309814453125 165 34.888755798339844 129.89041137695312 5 60.410991668701172 194.40589904785156 180 60.410991668701172 194.40589904785156 181 32.851295471191406 107.08684539794922 80 33.941867828369141 94.665618896484375 10 179.02629089355469 126.06649780273438 7 33.941867828369141 94.665618896484375 9 185.70161437988281 121.41188812255859 109 50.42254638671875 124.19739532470703 145 28.164310455322266 148.62641906738281 11 37.842720031738281 102.29627227783203 74 16.528501510620117 131.26823425292969 179 37.842720031738281 102.29627227783203 153 36.465591430664062 141.80003356933594 21 42.286121368408203 132.27407836914062 172 42.9793701171875 126.43084716796875 16 30.086334228515625 108.96581268310547 12 223.79269409179688 189.83624267578125 163 42.9793701171875 126.43084716796875 189 205.46499633789062 163.66996765136719 155 227.14404296875 194.38075256347656 175 233.97686767578125 198.09843444824219 192 235.55850219726562 200.56698608398438 102 239.05067443847656 204.97116088867188 102 242.832763671875 210.70004272460938 188 245.345947265625 214.17915344238281 188 39.950004577636719 138.3524169921875 21 20.674680709838867 130.32359313964844 179 11.048468589782715 158.03495788574219 44 186.50364685058594 125.05260467529297 109 54.591278076171875 126.45808410644531 145 40.480556488037109 128.61888122558594 76 51.84033203125 128.66351318359375 185 17.833759307861328 133.11383056640625 179 39.771564483642578 135.24346923828125 73 43.897468566894531 135.11073303222656 73 41.4610595703125 140.93382263183594 -1 195.1590576171875 144.39237976074219 -1 22.56501579284668 148.81629943847656 186 199.61721801757812 150.49458312988281 30 18.879720687866211 151.67507934570312 37 217.55503845214844 171.44833374023438 53 55.464443206787109 122.78271484375 145 18.954597473144531 88.764434814453125 160 18.501953125 83.360595703125 15 17.833759307861328 133.11383056640625 72 227.29920959472656 188.60469055175781 129 233.02536010742188 192.45945739746094 192 238.41925048828125 195.11430358886719 77 227.70867919921875 184.92408752441406 117 22.50361442565918 151.88722229003906 186 235.44418334960938 195.32948303222656 24 242.38032531738281 214.93864440917969 188 242.75547790527344 204.85356140136719 -1 245.52717590332031 204.57228088378906 115 240.41302490234375 201.77732849121094 161 62.229507446289062 201.63760375976562 22 242.35784912109375 200.39892578125 161 211.435791015625 171.23297119140625 68 203.00344848632812 159.19146728515625 193 214.39024353027344 163.07402038574219 119 11.761474609375 165.98269653320312 81 213.54219055175781 165.82353210449219 119 216.55476379394531 166.09730529785156 106 215.91148376464844 169.01028442382812 169 225.01849365234375 186.12640380859375 129 214.47026062011719 171.28962707519531 53 237.60438537597656 198.31202697753906 23 217.03643798828125 174.63308715820312 162 220.05300903320312 174.87348937988281 101 219.15003967285156 177.85507202148438 29 18.912040710449219 85.832527160644531 -1 27.814689636230469 105.20223999023438 40 
55 0.98282014878625612 0.153913264215916 -0.10089272849478259 0.013997127385332514 2.3749354784928367 2.556807826005449 0.50102833050055617 1 0054.png
163.403564453125 138.562744140625 107 162.81121826171875 83.035194396972656 2 50.829010009765625 91.381446838378906 156 55.608234405517578 138.3953857421875 173 50.829010009765625 91.381446838378906 42 162.81121826171875 83.035194396972656 1 35.588855743408203 128.08744812011719 5 33.208415985107422 106.265625 80 34.039802551269531 93.643081665039062 10 180.20089721679688 124.51417541503906 7 65.469085693359375 203.05015563964844 -1 34.039802551269531 93.643081665039062 9 186.71696472167969 119.99323272705078 109 37.775177001953125 101.30928802490234 74 50.468898773193359 123.06526947021484 145 37.775177001953125 101.30928802490234 153 244.50408935546875 215.8050537109375 188 11.80181884765625 159.81170654296875 44 32.999382019042969 142.70603942871094 -1 36.769802093505859 140.02680969238281 21 42.510581970214844 130.43203735351562 172 30.527400970458984 107.93340301513672 12 224.90560913085938 187.39265441894531 163 58.130126953125 204.66311645507812 22 241.01797485351562 210.18215942382812 158 228.95864868164062 192.68901062011719 175 236.03675842285156 196.46347045898438 192 237.53102111816406 198.76358032226562 102 241.13880920410156 203.11601257324219 102 245.92973327636719 210.54769897460938 188 17.891170501708984 127.24440002441406 179 17.891170501708984 127.24440002441406 167 32.080238342285156 101.80767822265625 153 40.201747894287109 136.59701538085938 73 40.135650634765625 108.33168029785156 -1 187.52955627441406 123.60031127929688 109 54.555568695068359 125.19012451171875 145 40.094528198242188 133.49531555175781 73 31.902320861816406 139.99520874023438 67 22.730276107788086 150.00643920898438 186 28.036779403686523 142.80093383789062 67 19.068868637084961 149.99592590332031 37 18.973167419433594 87.769462585449219 160 15.494256973266602 84.125228881835938 15 18.85511589050293 82.470710754394531 15 40.135650634765625 108.33168029785156 -1 15.494256973266602 84.125228881835938 48 232.20025634765625 186.54893493652344 117 239.65806579589844 196.58070373535156 23 243.04438781738281 200.62364196777344 161 61.048633575439453 201.70277404785156 22 245.5594482421875 214.99368286132812 188 225.91799926757812 183.2950439453125 129 223.81190490722656 179.85751342773438 -1 225.38002014160156 177.69834899902344 110 203.05099487304688 151.47811889648438 30 222.05865478515625 173.6307373046875 101 11.323750495910645 156.07276916503906 44 204.02961730957031 156.80781555175781 193 207.48101806640625 157.58944702148438 193 213.30807495117188 157.83634948730469 170 208.99264526367188 159.55036926269531 155 12.026015281677246 164.08229064941406 81 215.54605102539062 164.56439208984375 119 216.47320556640625 170.05418395996094 53 219.52876281738281 170.16200256347656 53 221.1468505859375 176.59944152832031 29 18.207160949707031 131.43138122558594 179 18.207160949707031 131.43138122558594 72 219.00300598144531 173.32846069335938 162 200.64573669433594 148.23210144042969 30 
56 0.97913046987928454 0.17199238816002921 -0.10752699693516564 0.012652521451717809 2.5978703120339608 3.160978688158615 0.65125996173071632 1 0055.png
164.20408630371094 137.87319946289062 107 54.621700286865234 138.16712951660156 173 163.16154479980469 80.401107788085938 1 163.16154479980469 80.401107788085938 2 23.721696853637695 92.955711364746094 165 23.721696853637695 92.955711364746094 3 37.589813232421875 127.97962951660156 5 34.223762512207031 92.615890502929688 10 181.03787231445312 123.26776123046875 7 64.211090087890625 203.40184020996094 22 34.223762512207031 92.615890502929688 9 187.7100830078125 118.65772247314453 109 37.603179931640625 116.79278564453125 171 38.039958953857422 100.25479125976562 153 38.039958953857422 100.25479125976562 74 11.490495681762695 158.55299377441406 44 17.365985870361328 129.11761474609375 179 50.536582946777344 122.06865692138672 145 30.808010101318359 106.98533630371094 12 42.320384979248047 128.95066833496094 172 244.99307250976562 211.08718872070312 188 241.05142211914062 206.314453125 158 29.570623397827148 144.12126159667969 11 224.90959167480469 183.584716796875 163 40.769577026367188 134.78475952148438 21 15.833221435546875 83.50537109375 48 15.833221435546875 83.50537109375 15 32.376564025878906 100.84785461425781 153 245.870361328125 206.62701416015625 188 63.683113098144531 199.86167907714844 22 228.9140625 189.0543212890625 175 237.22444152832031 194.94572448730469 102 241.00498962402344 199.30229187011719 102 216.32539367675781 162.45600891113281 119 204.45230102539062 154.21192932128906 193 11.104243278503418 154.54263305664062 44 206.40240478515625 152.80014038085938 193 23.818683624267578 147.361328125 186 20.145013809204102 147.3245849609375 186 18.830760955810547 130.84573364257812 179 21.439901351928711 128.37771606445312 179 54.677604675292969 124.03746795654297 145 188.55287170410156 122.39833068847656 109 19.328584671020508 86.766761779785156 160 19.177982330322266 81.474700927734375 15 18.830760955810547 130.84573364257812 72 228.69453430175781 178.3946533203125 184 243.02146911621094 196.83064270019531 161 239.57888793945312 192.89833068847656 23 236.12991333007812 188.44544982910156 192 233.32037353515625 184.30879211425781 117 225.92457580566406 179.52445983886719 129 211.33267211914062 164.11692810058594 178 225.40045166015625 173.95733642578125 110 221.19798278808594 172.949951171875 29 222.00820922851562 169.8397216796875 101 218.91246032714844 169.89842224121094 162 216.62625122070312 167.09127807617188 53 222.6234130859375 166.36439514160156 98 219.67160034179688 166.78341674804688 53 201.15910339355469 146.01411437988281 30 200.04011535644531 148.18077087402344 30 
58 0.97603487953861379 0.18669721567480779 -0.11126036241010384 0.011008875496192486 2.7358381512121408 3.6471479971388558 0.54875167955652504 1 0057.png
167.735595703125 136.68280029296875 107 55.101772308349609 138.07920837402344 173 166.65023803710938 77.316780090332031 2 166.65023803710938 77.316780090332031 1 25.248802185058594 92.270004272460938 3 25.248802185058594 92.270004272460938 165 36.571128845214844 125.45370483398438 5 34.671947479248047 104.24904632568359 80 65.831268310546875 205.29122924804688 -1 35.329536437988281 91.739784240722656 9 183.94993591308594 122.08460998535156 7 35.329536437988281 91.739784240722656 10 244.41726684570312 205.29603576660156 -1 190.08863830566406 115.99689483642578 109 12.746389389038086 156.52537536621094 44 51.663051605224609 120.54885864257812 145 18.386632919311523 128.32431030273438 179 30.055347442626953 143.02314758300781 11 17.373752593994141 83.033287048339844 15 31.888473510742188 106.1060791015625 12 231.77389526367188 186.16647338867188 175 238.40483093261719 195.134521484375 -1 31.888473510742188 106.1060791015625 80 17.373752593994141 83.033287048339844 48 245.15542602539062 197.32167053222656 -1 241.06483459472656 187.96766662597656 23 241.54289245605469 193.05807495117188 102 42.450325012207031 132.86273193359375 73 22.160964965820312 127.84503936767578 179 33.650722503662109 100.15147399902344 153 21.095455169677734 145.78733825683594 186 225.58805847167969 163.82649230957031 98 12.332626342773438 152.56517028808594 44 207.64073181152344 148.47669982910156 193 29.318071365356445 139.53347778320312 67 44.0426025390625 135.24714660644531 -1 46.376579284667969 129.5716552734375 172 49.591888427734375 127.52198791503906 185 19.367012023925781 125.91726684570312 167 55.896026611328125 122.60673522949219 145 190.85710144042969 120.20895385742188 109 208.41342163085938 153.17906188964844 155 35.435005187988281 88.036689758300781 168 20.287784576416016 85.620574951171875 160 30.001970291137695 82.918586730957031 187 19.367012023925781 125.91726684570312 179 20.134653091430664 80.506103515625 15 224.05171203613281 170.16427612304688 29 228.92207336425781 176.65580749511719 129 231.246826171875 179.02072143554688 129 238.28717041015625 188.82080078125 192 62.536640167236328 201.15367126464844 22 228.30575561523438 171.35476684570312 110 230.83091735839844 170.83364868164062 110 224.99261474609375 167.33544921875 101 218.29327392578125 158.65220642089844 119 213.90863037109375 161.15213012695312 178 220.61546325683594 161.53157043457031 169 219.41163635253906 164.17253112792969 52 222.40774536132812 163.76341247558594 53 231.67509460449219 175.57205200195312 184 216.8001708984375 164.8311767578125 -1 221.71331787109375 166.97715759277344 162 12.981712341308594 155.08244323730469 -1 39.385158538818359 114.20745849609375 171 39.385158538818359 114.20745849609375 70 216.34652709960938 152.46430969238281 170 
60 0.97382379357458915 0.20406220999884081 -0.099283106022232392 0.012988393933173692 2.3391317815717438 4.2387819533524516 0.61026553004586603 1 0059.png
170.85794067382812 136.68521118164062 107 56.693038940429688 137.5615234375 173 170.10502624511719 76.804008483886719 2 170.10502624511719 76.804008483886719 1 26.526046752929688 91.445564270019531 3 26.526046752929688 91.445564270019531 165 60.197402954101562 197.00300598144531 180 60.197402954101562 197.00300598144531 181 170.67250061035156 114.64810180664062 55 36.0538330078125 103.6683349609375 80 170.67250061035156 114.64810180664062 54 41.001361846923828 127.20830535888672 5 36.573760986328125 91.222160339355469 9 186.51693725585938 122.59717559814453 7 36.573760986328125 91.222160339355469 10 192.16596984863281 116.46138000488281 109 10.520238876342773 97.647132873535156 -1 52.694950103759766 120.4267578125 -1 10.520238876342773 97.647132873535156 103 240.53964233398438 195.54637145996094 -1 14.464757919311523 155.67417907714844 44 32.553565979003906 82.019927978515625 187 229.92512512207031 180.23187255859375 163 31.229427337646484 142.47364807128906 11 19.70225715637207 126.98448181152344 179 18.517131805419922 82.263175964355469 15 40.825912475585938 114.93817901611328 171 233.83587646484375 185.6368408203125 59 14.680810928344727 94.684211730957031 88 14.680810928344727 94.684211730957031 86 228.89602661132812 164.24000549316406 98 10.967288970947266 98.401168823242188 103 10.967288970947266 98.401168823242188 182 34.693721771240234 99.585601806640625 40 33.078372955322266 105.45085144042969 12 53.678810119628906 125.02181243896484 185 43.130889892578125 132.91749572753906 73 224.92776489257812 159.80790710449219 106 243.99203491210938 192.70893859863281 102 239.65669250488281 187.26203918457031 192 13.750961303710938 151.83450317382812 44 192.87722778320312 120.2584228515625 109 26.282941818237305 142.49971008300781 186 203.92974853515625 144.46652221679688 30 25.705141067504883 145.66082763671875 186 208.50814819335938 146.86746215820312 30 207.41215515136719 149.24632263183594 -1 39.462329864501953 93.548011779785156 -1 39.440261840820312 89.410316467285156 183 39.440261840820312 89.410316467285156 168 21.504179000854492 85.1561279296875 160 227.20744323730469 170.95492553710938 29 241.21461486816406 194.11070251464844 -1 57.165225982666016 122.23139953613281 145 237.31657409667969 179.45230102539062 117 231.18856811523438 176.36672973632812 129 234.11589050292969 175.40882873535156 184 213.79550170898438 153.60194396972656 155 228.06715393066406 167.92396545410156 101 225.65013122558594 164.79634094238281 53 216.95802307128906 162.16253662109375 68 218.36598205566406 159.79403686523438 -1 221.34835815429688 159.63604736328125 119 211.64149475097656 154.92604064941406 193 232.24494934082031 169.33731079101562 110 242.13824462890625 189.87663269042969 192 
62 0.97061825007518276 0.22126866911105825 -0.093405623859898271 0.014689388079640568 2.1375757338998862 4.8225371433342126 0.67603764106966591 1 0061.png
173.83575439453125 138.09989929199219 107 57.801494598388672 137.37809753417969 173 36.837528228759766 124.90644073486328 5 27.625785827636719 90.503089904785156 3 27.625785827636719 90.503089904785156 165 60.290699005126953 199.69871520996094 181 60.290699005126953 199.69871520996094 180 39.939846038818359 125.94012451171875 5 186.49822998046875 127.52292633056641 -1 66.998085021972656 214.51055908203125 -1 66.998085021972656 214.51055908203125 -1 37.006263732910156 103.12949371337891 80 172.31645202636719 116.79904174804688 55 172.31645202636719 116.79904174804688 54 41.999668121337891 127.28359985351562 5 37.581253051757812 90.528076171875 10 193.11247253417969 116.56432342529297 109 37.581253051757812 90.528076171875 9 189.40658569335938 123.57341003417969 7 15.176983833312988 155.78509521484375 44 20.556329727172852 127.13362121582031 179 40.916522979736328 98.729476928710938 74 53.625015258789062 120.44225311279297 -1 40.916522979736328 98.729476928710938 153 47.288505554199219 121.00808715820312 16 47.288505554199219 121.00808715820312 189 32.493499755859375 142.48017883300781 11 41.586498260498047 114.74961090087891 171 19.5526123046875 81.112266540527344 15 35.503387451171875 99.264350891113281 153 235.353759765625 185.63034057617188 59 231.80963134765625 179.88117980957031 163 10.260333061218262 124.56513977050781 -1 245.31634521484375 192.30633544921875 102 230.13348388671875 163.96978759765625 98 23.028635025024414 144.96435546875 37 27.498783111572266 142.07708740234375 186 44.125598907470703 132.92401123046875 21 32.57904052734375 81.482955932617188 187 54.672603607177734 125.02117919921875 185 10.260333061218262 124.56513977050781 -1 204.36431884765625 143.50714111328125 -1 24.213537216186523 126.40290069580078 179 40.479598999023438 92.808616638183594 -1 26.905378341674805 145.54409790039062 186 208.61018371582031 149.03346252441406 30 215.01168823242188 153.27276611328125 193 213.02517700195312 154.74391174316406 193 12.01160717010498 98.239433288574219 182 40.494857788085938 88.696693420410156 183 12.01160717010498 98.239433288574219 103 21.754499435424805 128.83995056152344 72 223.93704223632812 165.29512023925781 53 40.494857788085938 88.696693420410156 168 232.65716552734375 176.36630249023438 129 58.188758850097656 122.20995330810547 145 21.754499435424805 128.83995056152344 179 243.09773254394531 189.48890686035156 192 238.82373046875 179.46110534667969 117 217.00025939941406 155.81817626953125 155 235.62443542480469 175.44270324707031 184 232.49488830566406 171.52522277832031 110 235.11962890625 170.82844543457031 110 228.43244934082031 170.67498779296875 29 229.29737854003906 167.67005920410156 101 226.91690063476562 164.54129028320312 53 225.06541442871094 162.37973022460938 -1 221.14346313476562 161.98440551757812 -1 222.42605590820312 159.18521118164062 119 41.241222381591797 96.675468444824219 -1 14.223354339599609 152.18760681152344 44 201.87882995605469 50.115837097167969 -1 
