# 3D point list with one line of data per point:
#   POINT3D_ID, X, Y, Z, R, G, B, ERROR, TRACK[] as (IMAGE_ID, POINT2D_IDX)
# Number of points: 101, mean track length: 11.96039603960396
1 1.4201654911614503 2.4477752698376452 16.918204932564567 168 168 164 1.0849199902193103 48 3 51 2 49 4 50 3 47 5 46 5 54 2 45 4 43 4 53 6 52 7 44 4 42 6 55 5 58 3 56 2 60 3
2 1.4201654911614503 2.4477752698376452 16.918204932564567 168 168 164 1.0849199902193103 48 4 51 3 49 3 50 4 47 4 46 4 54 6 45 5 43 5 53 3 52 1 44 5 42 7 55 1 58 2 56 3 60 2
3 0.05367279801386951 2.5130637757923386 16.925459717777098 3 4 6 0.55352059054936065 48 7 51 6 49 6 50 6 47 7 46 6 54 7 45 6 43 7 53 8 52 8 44 6 42 9 58 4 56 5 60 4 62 3
4 1.8457141225507376 2.7880333196473766 16.800071329304334 138 136 133 0.20227439218195009 48 6 51 7 47 8
5 0.18294886745376743 2.7590661512922634 16.938649622220314 21 24 29 1.3484029353257405 48 8 51 8 49 7 50 5 47 9 46 7 54 9 45 7 43 6 53 9 52 10 44 7 42 8 55 6 58 6 56 6 60 11 62 2 62 7 62 14
7 1.5766143314469803 2.6810829135738143 16.770657222780287 232 232 228 1.022027279037482 48 14 51 10 49 11 50 12 47 15 46 12 54 14 45 12 43 12 53 12 52 14 44 11 42 13 55 9 58 10 56 8 60 13 62 18
9 0.15131973660360154 2.507646485282526 16.910713211735754 5 4 6 0.48653728916481814 48 15 51 13 49 12 50 10 47 14 46 11 54 15 45 11 43 11 53 15 52 16 44 10 42 11 55 11 58 9 56 10 60 12 62 17
10 0.15131973660360154 2.507646485282526 16.910713211735754 5 4 6 0.48653728916481814 48 12 51 14 49 9 50 9 47 17 46 13 54 13 45 13 43 14 53 14 52 12 44 8 42 14 55 8 58 11 56 7 60 14 62 15
11 0.11614534127270677 2.8750677559424034 16.937022583295736 242 242 241 1.2317921810971979 48 19 51 22 49 25 46 24 54 18 45 25 53 22 52 19 44 36 42 36 56 22 58 17 48 41 60 23 62 26
12 0.12253316564839149 2.6030151450132646 16.909997416569883 117 117 124 0.51687319149498878 48 30 51 24 49 20 50 17 47 25 46 22 54 25 45 41 43 26 53 29 52 23 44 27 42 42 55 21 58 19 56 18 60 34
15 -0.017600685763010125 2.4509008565203709 16.931463402880087 17 17 16 1.2735317331022831 48 26 51 35 49 39 50 34 47 35 46 32 45 38 43 25 53 32 54 53 52 40 44 24 42 29 55 43 55 44 58 18 56 26 56 44 58 46 60 25 62 28
16 0.24577311458919737 2.7077260394679059 16.884888513148329 104 109 114 1.0812647943367015 48 49 51 36 50 36 46 80 54 24 45 21 43 21 53 39 44 42 42 21 62 24
21 0.21816934374231467 2.821506466320455 16.949606773643239 247 243 243 1.5311375712300339 48 43 51 45 50 43 46 29 54 35 45 48 43 33 53 47 52 36 44 38 42 35 54 22 55 19 56 24 62 37
22 0.42679449001120318 3.1900370526620807 16.758004698356267 132 122 119 1.8891608353084757 48 16 51 48 49 14 50 11 50 29 49 35 47 13 47 38 46 17 51 12 54 65 53 55 52 15 44 13 55 50 58 51 56 9 56 29 49 63 55 23
23 2.217221923058319 3.1843204331608459 16.819396287762938 197 193 191 0.91677795222435976 48 52 51 51 49 65 50 57 47 59 54 76 45 59 45 61 43 72 53 51 52 56 44 67 44 71 42 51 55 48 58 25 56 48
24 2.1910933675082469 3.1611984966217626 16.811944760301394 190 183 182 0.39949085930433853 48 69 51 52 49 62 50 58 47 60 54 60 43 63 53 57 52 57
29 2.0357415209428971 3.0610168976422538 16.855213767368703 142 142 138 0.36691158961353548 48 54 51 57 49 67 50 49 47 70 46 68 54 79 45 67 43 54 53 62 52 62 44 49 42 57 55 66 58 47 56 54 60 51 62 63
30 1.7947783306268874 2.846462047091523 16.769909023844903 165 165 161 2.0406252367109867 48 42 51 58 49 45 49 46 50 63 50 69 51 62 47 46 47 48 46 74 54 48 45 47 43 36 53 43 43 35 45 46 55 55 55 70 56 60 60 43 60 45 56 61 62 45
37 0.014852818583326835 2.9154080217004616 16.95959035553394 36 35 38 1.9546417472024884 48 39 51 67 49 49 50 65 47 73 46 31 54 49 43 39 53 44 55 41 62 35
40 0.10540061817070163 2.577873326968767 16.92205687810247 24 25 30 1.0355817651172046 48 50 51 70 46 54 54 81 43 44 52 51 44 37 42 41 60 33
41 0.46513580749029143 2.7715458776313069 16.934180066968796 211 210 204 1.9125993070089784 48 0 49 1 50 0 47 3 46 3 45 3
42 0.35673830783521571 2.4995320316578153 16.959424283640899 137 137 135 2.1574164451524904 48 2 51 1 49 2 50 1 47 2 46 2 54 3 53 2 52 6 55 4
44 -0.045116214931811789 2.9445357725372876 16.938505841011295 26 27 32 1.7810167962411936 51 17 49 19 50 21 54 37 53 21 52 25 44 63 55 57 55 17 58 32 58 14 56 35 56 15 60 20 62 19 60 40 62 70
45 -0.083806768478037363 2.6921312735330609 16.915177548092863 19 21 27 0.45294775604157539 51 26 49 22 50 18 47 26 46 33
46 -0.083806768478037363 2.6921312735330609 16.915177548092863 19 21 27 0.45294775604157539 51 23 49 29 50 24 47 32 46 38
48 -0.024582140743495951 2.4526221247886317 16.927120461297999 17 17 15 0.46929146158308943 51 34 49 40 50 33 47 41 46 39 45 39 43 32 53 36 52 34 44 29 55 46 58 23 56 25
49 1.6086139024642276 2.61329278423089 16.78499466047472 103 101 100 0.87830439824405171 51 39 49 53 45 52 42 43
52 1.9928879166189539 3.0256668160854692 16.879443883219224 152 152 148 0.41496504513435828 48 59 51 60 49 76 45 56 43 56 44 51 42 55 58 58
53 1.9739788996693581 2.9856433262307931 16.763589951378574 195 195 191 1.8468315554695922 48 60 49 73 48 61 51 59 49 68 50 62 50 70 47 76 47 77 46 52 46 72 54 50 54 75 45 72 45 73 43 58 43 59 53 64 53 65 52 64 52 65 44 55 44 57 42 54 42 60 55 64 55 65 58 59 56 57 56 59 60 59 62 52 62 65
54 1.4304613366972547 2.6321041965296295 16.785525430395829 149 147 144 1.08753913959898 48 9 50 7 47 12 46 8 60 10 62 13
55 1.4304613366972547 2.6321041965296295 16.785525430395829 149 147 144 1.08753913959898 48 11 50 8 47 10 46 9 60 8 62 12
59 2.1410180208918939 3.1947927478363698 16.890547996608426 228 221 221 1.119999215179591 48 20 49 27 50 23 47 29 46 26 45 35 44 31 62 30 60 27
63 0.4388207608671178 2.6846800445284531 16.882801735177424 241 241 239 1.7376847587765845 48 71 50 45 47 54 46 43 46 44 47 55 45 54 45 55 43 47 49 52 44 41 42 63
65 2.1322175964583656 3.1423839043406643 16.849239639282864 149 142 141 0.29757884508755267 48 56 50 60 47 58
67 0.14249363323355527 2.8420059394696917 16.961383169337331 20 21 25 1.6690555204169775 51 18 47 42 53 23 52 24 52 43 44 34 42 19 42 44 55 38 58 34 55 40
68 1.9599956599321304 3.0247952777913194 16.902432644375242 230 230 226 0.60217794392057111 50 68 47 81 46 71 54 67 45 76 44 52 60 60
70 0.20558896204499141 2.6473496675391255 16.885566697672928 106 109 115 0.90854647434693359 50 46 47 84 53 49 52 49 42 62 58 65
72 0.0076541275277603902 2.7550415838207742 16.89185161517128 34 36 42 0.50700855515294541 51 46 46 58 54 54 55 68 56 45 62 51
73 0.24232755623355942 2.7874658102736607 16.920546058181511 127 124 121 1.9437249167008555 48 45 49 41 50 42 47 49 46 51 48 35 51 69 49 42 50 52 54 43 54 44 52 42 55 33 55 37 58 27 43 38 60 36
74 0.19235270865531745 2.5565015657285861 16.908525242327151 125 124 127 1.1868975649304057 46 15 54 19 45 19 43 17 53 31 52 22 55 13 56 14 62 21
76 0.23520823734697596 2.7377254747179358 16.929022724732253 14 19 24 1.1433954015371797 46 46 54 40 43 50
77 2.2225190621496558 3.1569938657481229 16.788060343981996 116 109 108 1.5802459976190639 46 62 47 61 49 61 54 57 48 31 45 34 45 57 43 31 43 68 44 32 44 68 42 30 42 31
80 0.14299897464153716 2.6039120189224478 16.937330441459682 108 108 115 1.9033994577420816 48 10 51 9 49 8 47 11 46 10 54 12 48 34 51 25 49 31 50 22 47 31 46 27 45 9 43 45 45 51 53 10 53 30 52 11 52 28 44 39 42 10 42 61 55 7 58 7 58 22 60 9 62 11
81 -0.041399049105460578 2.9873545947965798 16.921114428554059 218 217 215 1.4923302651912256 48 62 51 61 49 74 47 45 54 70 48 18 49 18 50 15 47 22 46 18 45 20 43 19 43 62 53 20 53 42 52 66 44 14 44 58 55 62
82 0.41670880970878882 3.2907968827999263 16.494582300362431 115 105 102 0.91789823236533785 47 6 45 8 48 5 49 5
83 1.5785075519450857 2.5664290971901003 16.836429830840274 159 157 156 1.7283720742661566 49 13 45 15 47 20 43 18 53 16
84 1.5838560910821606 2.5650471071413712 16.817863395272621 159 157 156 1.8855581287061927 49 15 45 17 47 18 43 15 53 17 52 35
86 -0.056305663095436602 2.520413988906447 16.892824237802351 8 9 11 0.70306680700263102 46 21 49 23 45 22 43 42 42 39 60 29
88 -0.056123080966709468 2.5232534331198941 16.899701989615387 8 9 11 0.4913419721298603 46 28 49 32 45 28 60 28
93 0.4844064425834666 2.6676717278936919 16.858158915059605 241 241 237 0.6335826087785108 46 53 47 56 48 23 49 21 45 53 43 20 43 73 44 40
94 2.0549411343393724 3.0837866407022694 17.024049713415675 154 154 150 0.37030128890431452 46 67 48 67 45 66 44 47
98 2.0476783216844896 3.0158018693238522 16.854472051264882 132 130 127 0.96497776090762344 48 63 49 33 45 75 47 80 43 69 52 26 53 27 42 24 58 31 56 58 60 30 62 34
101 2.0372355515081266 3.0336799772521683 16.834640140193919 193 192 188 1.20030352159667 46 70 47 71 48 64 49 77 48 65 51 63 49 75 50 71 46 69 54 78 45 77 45 78 43 55 43 70 53 63 52 63 44 50 42 56 42 58 55 56 58 54 56 55 60 58 62 64
102 2.2253539544427303 3.2235786126613108 16.841825906771135 137 134 132 2.2480071892943165 48 33 51 31 49 37 50 30 47 40 46 40 54 32 45 40 51 30 50 28 46 30 54 31 45 58 43 34 43 66 53 33 53 41 52 32 44 60 44 65 42 23 42 50 55 27 55 28 58 26 56 31 56 32 60 38 62 33
103 -0.09950153610803765 2.55451177985013 16.91260293695958 113 112 112 1.0371023233193704 46 56 47 19 48 17 45 18 43 41 44 15 42 16 60 18 60 31 62 50
106 2.0109192565872021 2.9881517292624142 16.871182875774803 128 128 124 0.53683304194265646 47 78 45 74 44 54 60 37 52 67 54 72
107 1.4234171434633842 2.7712592389583115 16.759435933985607 232 231 225 1.2356960669609616 51 0 54 1 43 3 53 1 52 0 42 4 55 0 58 0 56 0 60 0 62 0
109 1.6456422855042192 2.6638072424805506 16.787540407164254 30 30 26 1.7308552864893272 50 26 47 24 54 38 45 23 43 27 51 16 49 17 50 14 47 21 46 16 54 16 45 14 53 18 53 38 52 18 44 12 44 23 42 15 42 20 55 12 55 35 58 13 58 40 56 11 56 42 60 15 60 41 62 16
110 2.0898203938769209 3.077250918037818 16.877054296056446 186 184 181 1.4644329248214509 48 68 45 65 43 53 48 66 51 56 50 73 47 69 46 59 44 46 44 48 42 46 55 54 58 52 56 53 60 64 58 53 62 61 62 62
115 2.1778250043323326 3.0980913607512024 16.378383356626696 105 102 100 1.0079957047233394 50 54 51 38 54 63 53 54 52 54 42 22 44 28 43 23 45 33
117 2.1289804716856358 3.1071402741533465 16.807774981034814 190 184 183 1.706498274207586 47 66 49 58 54 58 53 60 52 50 46 66 52 61 42 47 55 47 56 50 60 54 62 58
119 1.9360256978244801 2.9234941016271314 16.708417512714583 128 127 123 1.8371313227487087 46 20 47 33 45 26 49 69 54 69 45 69 50 67 51 64 54 71 43 65 53 66 52 68 44 19 55 63 58 55 56 33 62 68 60 62
129 2.0951389862334411 3.1119425526551097 16.847070883651412 150 147 144 1.6710026945336942 48 58 51 55 49 56 50 56 47 68 46 65 54 74 45 64 43 52 53 61 52 60 48 57 51 54 49 57 50 72 47 67 46 35 54 55 53 59 52 53 44 45 42 48 55 52 58 48 58 49 56 51 62 54 60 55
136 0.20117143441578803 2.7074563830673037 18.794304554587036 216 215 207 0.45468337952166848 43 2 45 2 46 1 47 0 44 2 42 2
137 0.087795135905787108 2.5848162798213874 16.909720623413765 14 16 22 1.5111640435771863 51 20 44 17 42 18
139 1.8790205296498921 2.8768171661408224 16.86053749971483 131 129 126 0.13591773035371324 46 75 47 52 49 47 44 35
142 2.1948750869207783 3.1977419987505242 16.819689489659165 0 0 0 0.14020696326900764 47 39 49 36 52 31
143 2.0567656215167451 3.1111866671640627 16.849345283202894 228 226 225 0.23500390946501545 47 36 45 29 44 33 51 27 50 53
145 0.35881434325439809 2.721401202278436 16.936410638997913 165 170 170 2.2543018493994849 53 19 54 17 52 17 48 70 51 68 49 82 50 37 47 83 46 45 43 48 52 46 54 39 42 33 55 14 55 36 58 39 58 15 50 44 52 47 54 51 56 17 56 41 60 53 62 55
150 0.43952469056299276 2.6858723055227043 17.087036546323603 212 210 207 1.729687120186383 43 40 49 54 42 37 48 25 49 30
153 0.15766360347942354 2.559099281761434 16.900200829066822 128 127 129 2.2990447687355355 54 21 53 26 52 21 42 28 48 28 49 38 50 35 52 39 55 32 58 29 56 13 56 27 62 23 55 15 62 29
155 1.8878377610082966 2.9357115154176774 16.83064226121088 162 162 158 2.1995993630567332 46 78 47 74 48 36 49 71 45 71 51 65 54 28 43 61 53 45 44 59 44 62 45 68 46 73 48 38 49 80 55 61 58 41 48 37 45 70 49 70 60 57 62 59
156 0.32348010686346296 2.4887656997421526 16.885319396763798 131 131 127 0.76065368981577364 52 3 53 4 54 5 55 2
158 2.1957546104006327 3.2267567691154366 16.66342278452737 217 217 213 1.0597772123492761 48 24 50 16 47 30 49 28 46 42 55 24 56 21 45 36
160 0.0041099074942043644 2.4707508809849923 16.918545968408331 35 34 36 0.50943770546178124 50 47 51 47 52 37 53 52 54 52 55 42 58 43 56 43 60 50
161 2.2326197469153284 3.1791288119814634 16.719782899211463 181 179 176 0.9591716485585875 50 55 51 50 52 59 53 56 54 64 55 49 50 51 54 66 56 47
162 2.0030917496183824 3.0290166253809403 16.828791760383979 158 158 154 0.17553760445727787 50 75 51 71 52 71 54 77 55 69 58 62 56 56
163 2.0923216821451893 3.1469996473308814 16.891588525083428 226 221 220 2.2006208929194511 51 28 50 61 54 26 48 21 49 26 47 28 46 25 45 27 44 20 55 22 49 59 44 44 45 63 46 36 47 65 56 23 60 22 62 31
165 0.052388783908089494 2.5144205939453066 16.92737485948733 2 3 5 0.56174486934356416 51 5 52 9 53 7 54 8 58 5 56 4 60 5 62 4
167 0.0044761399293114399 2.7192555817287407 16.868484873754522 31 27 35 0.067595929000342225 55 31 58 38
168 0.17247173983046979 2.5009606665079835 16.933837937461909 6 5 6 0.68583065864333881 46 37 47 44 58 42 60 49 62 53
169 1.9819568854479648 2.9829371681351549 16.808415118492839 189 187 184 0.0086726318300349853 54 73 58 57
170 1.9217430155087962 2.9050386884828412 16.773188535537855 124 123 119 1.1072892961598582 52 70 53 46 55 60 58 66
171 0.19005639157731233 2.6650625488807473 16.902343721590018 54 57 63 1.7722513522273995 50 50 47 82 53 50 52 52 42 59 58 64 48 13 51 11 49 10 50 13 47 16 45 10 43 13 53 13 52 13 44 9 42 12 56 12 60 26 62 27
172 0.2699099793361151 2.7779427290880974 16.958949821280882 141 143 139 2.3081135145670615 43 24 45 24 53 24 52 20 58 36 51 37 54 23 53 40 52 38 44 18 55 20 56 19
173 0.3427504878168085 2.7464951831385607 16.726404537458503 207 204 198 1.9508584060367895 55 3 58 1 56 1 54 4 53 5 52 4 60 1 62 1
175 2.0432506595776432 3.077088793507992 16.588533844075556 228 221 222 1.2907051230292697 48 27 58 20 56 30 54 29 55 25 50 27
178 1.8581331464414335 2.8969111356999324 16.603972382224544 230 230 226 0.83667411215716647 53 67 58 56 56 52
179 0.014871863285504362 2.7448766520945296 16.900298686293727 24 24 31 1.7905188395309977 48 22 49 24 50 19 47 27 46 23 54 20 56 16 48 48 51 43 49 50 50 40 47 47 46 49 54 42 45 42 43 49 53 25 51 19 52 45 48 29 51 41 49 51 50 39 47 53 46 47 45 50 54 36 44 43 44 64 42 34 55 30 55 67 58 16 58 28 58 45 45 30 56 39 56 40 60 24 62 20 62 42 62 56
180 0.33627986937388266 3.0325923171513081 16.45686858559236 207 199 195 1.3270641207563547 54 10 60 6 62 6
181 0.33627986937388343 3.0325923171513094 16.456868585592364 207 199 195 1.3270641207563443 54 11 60 7 62 5
182 -0.094609924823782082 2.5610681508651751 16.924550892326003 105 104 110 0.57483551427388346 46 55 60 32 43 43 44 21 62 48
183 0.17578771057181311 2.5009960028764358 16.925735270652687 2 2 2 0.24008903820476121 46 41 47 43 60 48 62 49
184 2.114727013856875 3.1037407958998711 16.861469900838895 186 184 181 0.30098186243322428 56 46 58 60 60 56 62 60
185 0.33144529010482476 2.754539860025671 16.923573492649659 226 229 227 2.0684993162009899 44 70 51 40 46 48 50 38 45 49 60 35 48 47 51 44 49 43 47 51 45 31 54 41 43 29 43 37 53 48 48 72 51 42 49 78 50 41 47 50 46 50 52 44 44 22 42 26 58 37 62 39
186 0.068116202074189378 2.902952952040696 16.985520965865913 232 231 231 1.6615913619192055 54 59 55 39 56 37 60 44 53 28 54 47 58 30 56 38 60 42 62 44 62 36
187 0.11764790644219446 2.4870107444431913 17.008134978744415 123 123 122 0.43929380014165864 58 44 60 21 62 38
188 2.2557273856626123 3.255971672110971 16.689451079326563 178 177 174 2.2463039411350776 48 51 47 79 46 19 46 60 54 61 43 64 53 53 52 27 55 51 50 31 51 33 54 34 45 37 51 32 43 30 54 33 53 35 53 34 52 33 52 29 44 30 42 32 55 29 56 20 56 28 55 16
189 0.25601719195532846 2.7314624855431799 16.946863416625717 103 108 113 0.030478641063874653 54 27 62 25
192 2.1731366780859536 3.162260048528986 16.800615367476041 163 156 155 2.5495528965346446 48 55 51 53 49 60 50 59 47 62 46 63 54 56 45 62 43 51 53 58 52 58 44 53 42 49 56 49 62 57 48 32 51 29 49 64 50 25 47 37 46 61 54 30 45 60 43 67 53 37 52 30 44 66 42 52 55 26 58 50 60 39 60 65
193 1.8396710340089519 2.901678950113868 16.780149954781695 219 219 215 2.1011015352112379 55 59 58 33 56 36 62 46 48 40 51 66 49 44 49 48 50 64 50 66 47 64 47 72 46 76 46 77 54 68 45 44 45 45 52 69 44 61 55 58 42 53 56 34 60 63 62 47
