# Image list with two lines of data per image:
#   IMAGE_ID, QW, QX, QY, QZ, TX, TY, TZ, CAMERA_ID, NAME
#   POINTS2D[] as (X, Y, POINT3D_ID)
# Number of images: 5, mean observations per image: 86.799999999999997
87 0.95412488983792132 -0.081459186052558794 -0.28321040895369204 -0.052933541915421649 0.056569208175822255 -1.6598266977952634 -2.1860758341485003 1 000089.png
79.264427185058594 62.7489013671875 1 170.20285034179688 141.23291015625 2 134.45368957519531 204.73611450195312 -1 194.84715270996094 70.475357055664062 43 233.05171203613281 123.94969177246094 66 233.05171203613281 123.94969177246094 67 91.423126220703125 24.807037353515625 -1 91.423126220703125 24.807037353515625 69 113.38909912109375 25.388126373291016 70 107.90052795410156 93.977195739746094 157 128.04031372070312 15.458522796630859 -1 247.52015686035156 113.40362548828125 72 241.18133544921875 89.047607421875 48 247.52015686035156 113.40362548828125 -1 247.52015686035156 113.40362548828125 -1 16.406948089599609 52.551128387451172 9 12.014308929443359 66.199485778808594 -1 166.854736328125 79.103225708007812 3 238.74749755859375 85.400100708007812 -1 110.16954040527344 92.890495300292969 157 208.00433349609375 93.173004150390625 51 142.66355895996094 181.10394287109375 -1 226.38578796386719 93.95831298828125 52 166.854736328125 79.103225708007812 4 226.38578796386719 93.95831298828125 53 188.60116577148438 52.469070434570312 76 124.39521026611328 10.481133460998535 7 172.015625 51.516544342041016 5 248.23692321777344 90.396224975585938 -1 151.50729370117188 121.32323455810547 55 203.15750122070312 200.24795532226562 129 212.99443054199219 208.97688293457031 128 158.51487731933594 124.71566772460938 56 135.50607299804688 34.553272247314453 6 19.584659576416016 43.17059326171875 16 156.70703125 77.005134582519531 8 156.70703125 77.005134582519531 11 135.50607299804688 34.553272247314453 -1 135.50607299804688 34.553272247314453 57 82.405242919921875 3.2446041107177734 -1 82.405242919921875 3.2446041107177734 58 19.584659576416016 43.17059326171875 14 122.54417419433594 7.9363274574279785 7 180.73878479003906 44.651264190673828 12 230.16781616210938 76.852027893066406 158 222.25146484375 83.313720703125 59 227.4066162109375 105.84814453125 60 164.52297973632812 102.50848388671875 61 174.63230895996094 95.287796020507812 15 245.45866394042969 220.76602172851562 -1 230.9337158203125 91.597824096679688 -1 167.68287658691406 90.9556884765625 17 78.072677612304688 11.600784301757812 13 174.63230895996094 95.287796020507812 18 122.54417419433594 7.9363274574279785 -1 121.51631164550781 26.236820220947266 156 121.51631164550781 26.236820220947266 79 164.73313903808594 48.657394409179688 33 169.89935302734375 63.138580322265625 23 169.89935302734375 63.138580322265625 24 247.06199645996094 98.106895446777344 -1 232.97666931152344 107.91710662841797 63 101.01156616210938 8.4450206756591797 -1 188.15139770507812 167.62052917480469 133 74.178573608398438 7.882411003112793 31 87.161224365234375 8.5669288635253906 -1 81.910079956054688 9.1926145553588867 -1 142.84878540039062 19.902059555053711 -1 31.019123077392578 31.151542663574219 34 112.95220947265625 43.778831481933594 81 164.73313903808594 48.657394409179688 30 103.39978790283203 51.132259368896484 -1 178.13081359863281 53.657329559326172 19 169.89935302734375 63.138580322265625 20 171.99504089355469 88.224998474121094 21 180.03262329101562 94.366142272949219 22 247.06199645996094 98.106895446777344 -1 244.39454650878906 105.92768859863281 155 232.97666931152344 107.91710662841797 64 244.56478881835938 119.57940673828125 -1 154.33979797363281 138.65199279785156 -1 193.67585754394531 172.65615844726562 82 185.44398498535156 198.23387145996094 145 101.01156616210938 8.4450206756591797 -1 81.910079956054688 9.1926145553588867 27 182.50341796875 162.41249084472656 -1 87.901947021484375 13.269941329956055 29 126.20246124267578 30.633108139038086 -1 127.7825927734375 33.565135955810547 146 173.22567749023438 38.768421173095703 25 79.415962219238281 19.211263656616211 85 42.755096435546875 20.3970947265625 -1 200.43637084960938 56.561714172363281 -1 50.893463134765625 16.024580001831055 -1 6.5857267379760742 57.932655334472656 -1 234.26039123535156 87.784011840820312 -1 6.5857267379760742 57.932655334472656 -1 151.58329772949219 75.583221435546875 26 225.42762756347656 78.733085632324219 -1 234.26039123535156 87.784011840820312 -1 180.19293212890625 160.18186950683594 142 231.21714782714844 99.203353881835938 -1 169.10133361816406 95.649040222167969 35 172.07954406738281 89.482063293457031 36 181.13005065917969 89.132659912109375 42 81.9561767578125 16.855926513671875 38 172.45989990234375 80.543205261230469 65 6.3441171646118164 62.294849395751953 -1 196.57058715820312 56.811885833740234 40 108.92658996582031 35.908889770507812 88 116.93582153320312 36.583332061767578 89 108.92658996582031 35.908889770507812 149 169.52687072753906 40.186130523681641 -1 4.1628756523132324 53.388500213623047 -1 166.12493896484375 89.183525085449219 39 166.12493896484375 89.183525085449219 91 169.52687072753906 40.186130523681641 41 22.160322189331055 49.159622192382812 92 7.9233460426330566 55.294109344482422 -1 185.31857299804688 203.6553955078125 -1 4.1628756523132324 53.388500213623047 -1 180.56849670410156 202.79081726074219 -1 158.41224670410156 138.764404296875 -1 165.23426818847656 145.26869201660156 -1 248.03041076660156 125.47799682617188 -1 166.12493896484375 89.183525085449219 37 
90 0.95343484829822445 -0.07518020008601696 -0.28432051908730294 -0.066871294226259384 0.60562165284406966 0.14041413415841494 -0.094590229797895692 1 000090.png
81.922676086425781 67.39617919921875 1 169.51663208007812 140.95916748046875 2 131.9775390625 206.94471740722656 -1 193.76148986816406 69.236351013183594 43 233.153076171875 120.44788360595703 66 193.76148986816406 69.236351013183594 108 233.153076171875 120.44788360595703 67 107.90401458740234 94.637336730957031 157 113.91201782226562 25.329429626464844 70 238.72369384765625 89.034416198730469 48 130.72554016113281 173.69065856933594 -1 97.018943786621094 28.063396453857422 94 245.07159423828125 109.36687469482422 -1 245.07159423828125 109.36687469482422 72 245.07159423828125 109.36687469482422 -1 130.72554016113281 173.69065856933594 -1 130.72554016113281 173.69065856933594 -1 188.3480224609375 52.545490264892578 -1 202.0047607421875 61.287124633789062 96 206.68017578125 91.656814575195312 51 224.43629455566406 91.646621704101562 52 228.51802062988281 114.77325439453125 111 166.86766052246094 79.341117858886719 3 166.86766052246094 79.341117858886719 4 224.43629455566406 91.646621704101562 53 172.23182678222656 51.416122436523438 5 50.820442199707031 230.91276550292969 -1 131.83070373535156 178.245849609375 109 151.60713195800781 120.69396209716797 55 136.06298828125 35.222915649414062 6 124.82714080810547 11.082760810852051 7 136.06298828125 35.222915649414062 57 245.69354248046875 88.405838012695312 -1 131.83070373535156 178.245849609375 110 204.90596008300781 193.90472412109375 129 214.89814758300781 202.43014526367188 128 158.59172058105469 124.30110931396484 56 156.6766357421875 76.942726135253906 8 24.465547561645508 58.308456420898438 9 91.53179931640625 12.465997695922852 97 84.665489196777344 12.389712333679199 58 132.4578857421875 180.46383666992188 104 132.4578857421875 180.46383666992188 -1 156.6766357421875 76.942726135253906 10 156.6766357421875 76.942726135253906 11 70.440254211425781 30.426103591918945 -1 180.69549560546875 44.586193084716797 12 80.406257629394531 20.654888153076172 13 225.0933837890625 102.69522857666016 60 25.231069564819336 50.127902984619141 14 224.28897094726562 123.96665191650391 112 174.76655578613281 95.409278869628906 15 234.72413635253906 79.851829528808594 158 25.231069564819336 50.127902984619141 16 167.81419372558594 90.842864990234375 17 174.76655578613281 95.409278869628906 18 121.50672912597656 26.252281188964844 79 121.50672912597656 26.252281188964844 156 112.96495056152344 43.843196868896484 81 178.19139099121094 53.256389617919922 19 169.9051513671875 63.144168853759766 20 9.3773460388183594 73.743522644042969 -1 172.10885620117188 88.002296447753906 21 180.05064392089844 94.344779968261719 22 164.64080810546875 102.05307006835938 61 250.41792297363281 102.67089080810547 -1 230.6351318359375 104.85576629638672 63 169.9051513671875 63.144168853759766 23 169.9051513671875 63.144168853759766 24 164.64080810546875 102.05307006835938 114 100.83580780029297 8.5898237228393555 115 173.99346923828125 39.445972442626953 25 151.56130981445312 75.648841857910156 26 227.79405212402344 107.48131561279297 113 235.9091796875 205.45079040527344 -1 239.23562622070312 208.49345397949219 -1 83.347114562988281 17.426044464111328 27 60.977546691894531 34.297229766845703 95 89.16729736328125 17.331001281738281 -1 64.177810668945312 20.026622772216797 -1 243.54782104492188 95.296241760253906 -1 89.568199157714844 21.542610168457031 29 113.10406494140625 2.6968755722045898 116 165.07122802734375 49.482528686523438 30 7.1552553176879883 50.153728485107422 -1 39.767810821533203 52.095291137695312 120 109.51424407958984 5.529447078704834 98 9.8059320449829102 55.217258453369141 -1 80.124076843261719 11.32747745513916 99 77.358383178710938 16.951122283935547 31 173.23573303222656 79.134033203125 65 78.088241577148438 25.005260467529297 -1 126.17536163330078 30.652410507202148 156 114.36090087890625 121.36466217041016 -1 5.2507991790771484 53.798717498779297 -1 109.51424407958984 5.529447078704834 100 113.10406494140625 2.6968755722045898 117 89.568199157714844 21.542610168457031 32 165.07122802734375 49.482528686523438 33 5.2507991790771484 53.798717498779297 -1 166.09463500976562 72.048011779785156 -1 36.087924957275391 38.982242584228516 34 19.045473098754883 44.654556274414062 -1 243.54782104492188 95.296241760253906 -1 211.52986145019531 187.55679321289062 -1 106.00572204589844 6.8999752998352051 121 104.24062347412109 9.4499740600585938 118 100.64240264892578 11.068376541137695 -1 195.13287353515625 172.65582275390625 -1 194.94088745117188 169.462158203125 82 191.15611267089844 169.57449340820312 -1 158.95669555664062 138.99627685546875 -1 144.16123962402344 20.052568435668945 106 240.70445251464844 115.07865142822266 -1 166.98916625976562 104.27153778076172 -1 228.91722106933594 103.29118347167969 64 166.09449768066406 101.21105194091797 122 169.09782409667969 95.627029418945312 35 172.06593322753906 89.391311645507812 36 166.21383666992188 89.022994995117188 37 84.108306884765625 25.348442077636719 38 108.90980529785156 35.869388580322266 88 166.21383666992188 89.022994995117188 39 240.70445251464844 115.07865142822266 119 240.70445251464844 115.07865142822266 -1 158.95669555664062 138.99627685546875 -1 189.436279296875 190.244384765625 145 116.90486145019531 36.611137390136719 89 226.48477172851562 197.75721740722656 -1 196.21624755859375 57.569164276123047 40 167.93989562988281 60.309341430664062 -1 189.436279296875 190.244384765625 -1 169.674072265625 40.033393859863281 41 222.66055297851562 77.788330078125 59 218.68460083007812 194.03286743164062 -1 216.75508117675781 188.84579467773438 -1 230.99644470214844 85.610054016113281 -1 181.14950561523438 89.179412841796875 42 181.14950561523438 89.179412841796875 123 
91 0.95458680354996539 -0.091661918953315463 -0.28000625310135002 -0.044256359161125518 -0.75830859938194994 -3.8497097357587395 -3.5134318640782989 1 000088.png
78.315208435058594 60.544948577880859 1 171.47431945800781 140.706787109375 2 237.31617736816406 130.89080810546875 66 135.92446899414062 203.30644226074219 -1 237.31617736816406 130.89080810546875 67 195.32215881347656 70.601531982421875 43 87.887016296386719 23.472450256347656 -1 87.887016296386719 23.472450256347656 69 113.35770416259766 25.351577758789062 70 108.2255859375 94.585929870605469 157 202.63653564453125 62.822055816650391 96 128.13116455078125 15.633142471313477 -1 228.28018188476562 97.59356689453125 52 237.7833251953125 107.96105194091797 -1 228.28018188476562 97.59356689453125 53 13.411762237548828 50.529022216796875 9 188.46531677246094 52.415340423583984 76 166.79840087890625 79.418807983398438 3 110.37932586669922 93.202430725097656 157 119.95838928222656 176.78994750976562 -1 142.43614196777344 181.50303649902344 -1 166.79840087890625 79.418807983398438 4 119.95838928222656 176.78994750976562 -1 124.44936370849609 10.609744071960449 7 151.4754638671875 121.63199615478516 55 171.95243835449219 51.786037445068359 5 158.44966125488281 124.98587799072266 56 16.263645172119141 40.450675964355469 16 156.72352600097656 77.142669677734375 8 242.53201293945312 85.825836181640625 -1 154.20930480957031 90.492034912109375 -1 228.77186584472656 110.841552734375 60 181.71009826660156 173.86399841308594 -1 16.263645172119141 40.450675964355469 14 135.42730712890625 34.377815246582031 -1 135.42730712890625 34.377815246582031 6 156.72352600097656 77.142669677734375 11 156.72352600097656 77.142669677734375 10 153.81356811523438 143.62846374511719 -1 167.66285705566406 91.051856994628906 17 164.34550476074219 47.968048095703125 33 223.50018310546875 87.114463806152344 59 164.34550476074219 47.968048095703125 30 76.598655700683594 7.5907206535339355 13 164.54769897460938 102.65056610107422 61 174.61978149414062 95.297149658203125 18 233.01463317871094 78.703895568847656 158 174.61978149414062 95.297149658203125 15 180.69038391113281 44.483383178710938 12 166.83714294433594 35.647377014160156 -1 121.53256225585938 26.248163223266602 79 121.53256225585938 26.248163223266602 156 112.91278839111328 43.932704925537109 81 169.12046813964844 46.697483062744141 -1 178.18754577636719 53.409435272216797 19 169.88740539550781 63.139968872070312 20 225.27397155761719 73.00628662109375 103 171.95960998535156 88.267692565917969 21 236.5338134765625 92.581466674804688 -1 179.99691772460938 94.424270629882812 22 175.81239318847656 174.61091613769531 -1 101.4132080078125 8.7680940628051758 -1 169.88740539550781 63.139968872070312 23 78.084312438964844 15.93760871887207 85 169.88740539550781 63.139968872070312 24 101.4132080078125 8.7680940628051758 -1 59.611907958984375 30.699550628662109 -1 59.611907958984375 30.699550628662109 -1 48.078121185302734 37.919589996337891 -1 174.05369567871094 39.589237213134766 25 93.765090942382812 5.0577616691589355 -1 126.26591491699219 30.621395111083984 -1 185.88192749023438 199.86824035644531 -1 9.621586799621582 34.331558227539062 -1 80.146568298339844 4.4589734077453613 27 14.272613525390625 35.274497985839844 -1 19.353477478027344 46.779212951660156 92 3.5980827808380127 47.745048522949219 -1 174.50091552734375 53.013423919677734 -1 151.59245300292969 75.61865234375 26 172.18595886230469 80.546806335449219 65 87.909202575683594 10.019279479980469 29 27.958488464355469 27.859397888183594 34 55.913833618164062 28.832080841064453 -1 144.72608947753906 129.39846801757812 -1 74.771415710449219 12.08155632019043 -1 93.765090942382812 5.0577616691589355 -1 93.765090942382812 5.0577616691589355 -1 87.909202575683594 10.019279479980469 32 9.621586799621582 34.331558227539062 -1 185.88192749023438 199.86824035644531 -1 38.550987243652344 22.257381439208984 -1 108.91806793212891 35.915462493896484 88 117.01219177246094 36.5279541015625 89 169.50552368164062 40.146804809570312 41 42.337970733642578 29.735715866088867 -1 21.546854019165039 31.245012283325195 -1 192.97105407714844 204.157470703125 -1 140.17123413085938 157.01579284667969 -1 142.49504089355469 123.38520812988281 -1 169.11073303222656 95.671028137207031 35 178.20068359375 89.600479125976562 102 172.07814025878906 89.515586853027344 36 166.11805725097656 89.223388671875 37 181.13658142089844 89.140830993652344 42 111.08482360839844 85.945304870605469 -1 196.49040222167969 56.805801391601562 40 108.90287780761719 5.2739500999450684 98 44.8857421875 28.178337097167969 -1 42.337970733642578 29.735715866088867 -1 169.50552368164062 40.146804809570312 -1 108.90287780761719 5.2739500999450684 100 21.342462539672852 41.652515411376953 105 106.42198181152344 6.3495979309082031 -1 4.5560946464538574 55.663932800292969 -1 111.08482360839844 85.945304870605469 -1 166.11805725097656 89.223388671875 39 166.11805725097656 89.223388671875 91 178.20068359375 89.600479125976562 101 81.777267456054688 13.63127326965332 38 4.5560946464538574 55.663932800292969 -1 42.608741760253906 19.915281295776367 -1 69.535003662109375 20.998300552368164 -1 44.8857421875 28.178337097167969 -1 74.267532348632812 3.0736007690429688 31 4.5560946464538574 55.663932800292969 -1 21.342462539672852 41.652515411376953 -1 21.342462539672852 41.652515411376953 -1 171.90669250488281 65.470878601074219 -1 
92 0.95458755321193178 -0.067575424463214559 -0.28010654364667992 -0.075739616237371896 0.072396584079215981 1.9475465717106597 2.4764420457875085 1 000091.png
83.6065673828125 68.726791381835938 1 170.81056213378906 134.662109375 2 130.13981628417969 206.85578918457031 -1 130.13981628417969 206.85578918457031 -1 193.05503845214844 68.359481811523438 43 193.05503845214844 68.359481811523438 108 234.55450439453125 113.93110656738281 66 128.98065185546875 153.03938293457031 -1 234.55450439453125 113.93110656738281 67 187.10479736328125 105.41243743896484 -1 187.10479736328125 105.41243743896484 -1 114.31755828857422 25.431659698486328 70 235.19419860839844 86.703872680664062 48 242.00785827636719 142.97354125976562 -1 97.96258544921875 29.318866729736328 94 97.96258544921875 29.318866729736328 69 166.72149658203125 79.575164794921875 3 206.29193115234375 86.157478332519531 51 222.333740234375 86.587158203125 53 109.84452819824219 93.380699157714844 157 243.44334411621094 102.3109130859375 -1 188.99977111816406 52.693370819091797 -1 243.44334411621094 102.3109130859375 72 222.333740234375 86.587158203125 52 166.72149658203125 79.575164794921875 4 249.50709533691406 91.099739074707031 -1 136.25827026367188 35.665451049804688 6 215.01197814941406 191.05606079101562 128 201.46517944335938 59.943065643310547 96 172.36210632324219 51.341156005859375 5 136.25827026367188 35.665451049804688 57 125.30670166015625 11.778428077697754 7 205.69837951660156 183.63511657714844 129 156.64691162109375 76.9671630859375 11 30.282241821289062 59.182033538818359 9 156.64691162109375 76.9671630859375 8 231.24571228027344 78.702247619628906 158 150.99627685546875 122.40817260742188 -1 156.64691162109375 76.9671630859375 10 30.525594711303711 50.803245544433594 16 180.78311157226562 44.672828674316406 12 223.82545471191406 96.516281127929688 60 185.55796813964844 155.59446716308594 -1 185.55796813964844 155.59446716308594 -1 174.70491027832031 95.351089477539062 18 82.375938415527344 22.511545181274414 13 86.767189025878906 15.041096687316895 -1 92.756851196289062 14.184738159179688 -1 86.767189025878906 15.041096687316895 58 92.756851196289062 14.184738159179688 97 223.57720947265625 116.44211578369141 112 174.70491027832031 95.351089477539062 15 30.525594711303711 50.803245544433594 14 167.90219116210938 90.844070434570312 17 240.68853759765625 83.707077026367188 -1 61.393383026123047 20.427133560180664 -1 164.6378173828125 48.317668914794922 30 164.6378173828125 48.317668914794922 33 121.43532562255859 26.258869171142578 156 121.43532562255859 26.258869171142578 79 169.92660522460938 63.129806518554688 20 172.1588134765625 87.898941040039062 21 180.074462890625 94.317390441894531 22 247.85807800292969 95.808753967285156 -1 252.42147827148438 96.235740661621094 -1 164.49351501464844 101.98412322998047 61 244.7457275390625 117.72489166259766 -1 190.37371826171875 154.71267700195312 133 196.52500915527344 159.58853149414062 82 100.76200866699219 8.771998405456543 -1 133.61007690429688 33.093570709228516 -1 133.61007690429688 33.093570709228516 -1 127.25684356689453 38.287372589111328 -1 169.92660522460938 63.129806518554688 23 169.92660522460938 63.129806518554688 24 247.85807800292969 95.808753967285156 -1 252.42147827148438 96.235740661621094 -1 127.25684356689453 38.287372589111328 -1 164.49351501464844 101.98412322998047 114 100.76200866699219 8.771998405456543 115 133.61007690429688 33.093570709228516 -1 178.169921875 53.212020874023438 19 8.2538967132568359 59.364723205566406 -1 224.89938354492188 72.429214477539062 103 104.16000366210938 9.4625511169433594 118 113.02455902099609 2.9611756801605225 117 33.704025268554688 55.856346130371094 92 113.02455902099609 2.9611756801605225 116 151.58717346191406 75.584930419921875 26 240.99153137207031 88.492408752441406 -1 242.20588684082031 93.62689208984375 -1 77.056808471679688 249.3282470703125 -1 97.800811767578125 16.033950805664062 -1 239.68754577636719 107.49355316162109 119 253.22404479980469 123.06824493408203 -1 183.14337158203125 148.4210205078125 142 185.36958312988281 150.78189086914062 -1 97.800811767578125 16.033950805664062 -1 97.800811767578125 16.033950805664062 -1 230.20574951171875 75.82745361328125 158 97.800811767578125 16.033950805664062 -1 7.8354792594909668 49.379119873046875 -1 7.8354792594909668 49.379119873046875 -1 242.20588684082031 93.62689208984375 -1 239.68754577636719 107.49355316162109 -1 192.70196533203125 181.92254638671875 -1 192.70196533203125 181.92254638671875 -1 189.24658203125 182.33134460449219 -1 192.70196533203125 181.92254638671875 -1 189.24658203125 182.33134460449219 145 7.8354792594909668 49.379119873046875 -1 126.16641998291016 30.654794692993164 156 11.81800651550293 51.003246307373047 -1 127.82408142089844 33.50164794921875 146 83.340095520019531 29.163076400756836 85 78.724853515625 246.70112609863281 -1 189.25096130371094 186.92608642578125 -1 187.47538757324219 185.60887145996094 -1 190.52326965332031 178.85594177246094 -1 238.68031311035156 110.49333190917969 -1 116.33818817138672 2.6180753707885742 -1 165.98915100097656 101.15974426269531 122 169.10586547851562 95.716209411621094 35 166.24174499511719 89.071311950683594 37 172.44526672363281 80.67877197265625 65 116.33818817138672 2.6180753707885742 -1 105.80527496337891 7.0792994499206543 -1 82.443939208984375 14.030719757080078 -1 92.306388854980469 23.188356399536133 29 4.1144847869873047 35.247051239013672 -1 108.89301300048828 35.905376434326172 149 166.24174499511719 89.071311950683594 39 238.68031311035156 110.49333190917969 -1 190.52326965332031 178.85594177246094 -1 105.80527496337891 7.0792994499206543 121 100.61147308349609 10.937738418579102 -1 82.443939208984375 14.030719757080078 99 84.923774719238281 18.703165054321289 27 92.306388854980469 23.188356399536133 32 4.1144847869873047 35.247051239013672 -1 108.89301300048828 35.905376434326172 88 169.56605529785156 39.881763458251953 41 60.100296020507812 40.356685638427734 95 9.5384101867675781 46.958740234375 -1 154.083740234375 102.81706237792969 -1 48.190391540527344 47.410999298095703 -1 48.244598388671875 50.435539245605469 -1 40.912555694580078 54.576923370361328 120 12.251614570617676 58.405891418457031 -1 13.815750122070312 55.872219085693359 -1 116.71710968017578 36.702091217041016 89 238.79403686523438 95.291679382324219 155 174.50570678710938 53.243476867675781 -1 171.9765625 65.55487060546875 -1 88.21795654296875 8.3833017349243164 -1 181.13005065917969 89.142379760742188 42 181.13005065917969 89.142379760742188 123 
94 0.95476380687916662 -0.061842736016496827 -0.28032306833684861 -0.077592051357145933 0.22251693398183139 3.0263471220048119 3.6631206307789665 1 000092.png
84.660903930664062 69.159339904785156 1 170.99325561523438 132.32843017578125 2 128.12399291992188 207.64720153808594 -1 128.12399291992188 207.64720153808594 -1 192.65350341796875 67.985855102539062 108 192.65350341796875 67.985855102539062 43 234.55656433105469 112.02211761474609 66 128.54869079589844 153.84141540527344 -1 234.55656433105469 112.02211761474609 67 114.52704620361328 25.651895523071289 70 241.06190490722656 139.28959655761719 -1 234.01571655273438 85.768402099609375 48 98.404792785644531 30.252571105957031 69 98.404792785644531 30.252571105957031 94 126.62230682373047 13.401028633117676 7 11.020820617675781 49.417335510253906 -1 188.40205383300781 52.593662261962891 76 166.7923583984375 79.473648071289062 3 206.44212341308594 84.6234130859375 51 242.57717895507812 100.19363403320312 -1 221.51686096191406 244.83872985839844 -1 136.85514831542969 36.243011474609375 57 221.51686096191406 244.83872985839844 -1 242.57717895507812 100.19363403320312 72 166.7923583984375 79.473648071289062 4 11.020820617675781 49.417335510253906 -1 131.27291870117188 176.91722106933594 109 131.27291870117188 176.91722106933594 110 247.95021057128906 90.050613403320312 -1 245.43830871582031 192.97505187988281 -1 215.03488159179688 186.83065795898438 128 227.44699096679688 105.56255340576172 111 64.45623779296875 47.797340393066406 95 201.37484741210938 59.542800903320312 96 6.2829117774963379 56.802505493164062 -1 172.27789306640625 51.326580047607422 5 227.44699096679688 105.56255340576172 -1 156.6392822265625 77.031158447265625 8 156.6392822265625 77.031158447265625 10 62.841049194335938 213.36663818359375 -1 199.28067016601562 250.56452941894531 -1 156.6392822265625 77.031158447265625 11 230.23689270019531 77.713180541992188 158 33.068870544433594 58.534503936767578 9 174.64321899414062 95.298553466796875 18 5.886141300201416 76.293373107910156 -1 33.635875701904297 50.474212646484375 14 134.47148132324219 33.397781372070312 -1 88.274093627929688 15.762710571289062 58 195.96324157714844 103.48136138916016 -1 174.64321899414062 95.298553466796875 15 223.50187683105469 94.091529846191406 60 84.064567565917969 22.973798751831055 13 5.886141300201416 76.293373107910156 -1 33.635875701904297 50.474212646484375 16 168.01272583007812 90.985420227050781 17 180.71810913085938 44.706996917724609 12 134.47148132324219 33.397781372070312 -1 223.02537536621094 113.752197265625 112 134.47148132324219 33.397781372070312 -1 121.4468994140625 26.272270202636719 79 109.93490600585938 23.754840850830078 -1 121.4468994140625 26.272270202636719 156 93.848159790039062 15.24997615814209 97 173.64027404785156 39.062473297119141 25 112.92989349365234 43.849205017089844 81 164.76040649414062 48.694976806640625 30 178.24079895019531 53.356105804443359 19 169.92901611328125 63.132087707519531 20 172.1737060546875 87.896736145019531 21 246.61758422851562 93.479301452636719 -1 180.09010314941406 94.206626892089844 22 225.85179138183594 98.527542114257812 113 164.52337646484375 101.96283721923828 61 243.56825256347656 114.85857391357422 -1 164.76040649414062 48.694976806640625 33 169.92901611328125 63.132087707519531 23 169.92901611328125 63.132087707519531 24 246.61758422851562 93.479301452636719 -1 164.52337646484375 101.96283721923828 114 100.64557647705078 8.6089696884155273 115 190.61598205566406 151.61370849609375 133 189.86911010742188 178.32009887695312 145 113.19829559326172 2.788710355758667 116 109.91482543945312 5.5580296516418457 98 36.76922607421875 55.427467346191406 92 113.19829559326172 2.788710355758667 117 12.020403861999512 57.700233459472656 -1 103.90866851806641 9.461181640625 118 84.120803833007812 14.348824501037598 99 97.786582946777344 15.883837699890137 -1 85.245040893554688 29.50086784362793 85 97.786582946777344 15.883837699890137 -1 126.15706634521484 30.664033889770508 156 127.99129486083984 33.383140563964844 146 129.52775573730469 36.484657287597656 -1 252.28225708007812 120.41020965576172 -1 227.90739440917969 95.64495849609375 64 11.111369132995605 48.968936920166016 -1 56.764808654785156 50.004981994628906 -1 109.91482543945312 5.5580296516418457 100 11.111369132995605 48.968936920166016 -1 177.70506286621094 90.159011840820312 101 227.90739440917969 95.64495849609375 63 151.53788757324219 75.671798706054688 26 177.70506286621094 90.159011840820312 102 241.17083740234375 91.267723083496094 -1 251.10337829589844 93.851516723632812 -1 166.94168090820312 41.398273468017578 -1 56.857486724853516 46.587154388427734 -1 23.834817886352539 46.812454223632812 -1 50.355697631835938 47.537441253662109 -1 133.28311157226562 184.54411315917969 -1 169.53030395507812 39.827789306640625 41 184.59349060058594 146.87042236328125 -1 169.39682006835938 133.40348815917969 -1 160.59805297851562 125.47257995605469 -1 156.63435363769531 125.74329376220703 -1 238.27719116210938 108.35187530517578 -1 238.16450500488281 104.97051239013672 119 153.95539855957031 102.90687561035156 -1 169.12837219238281 95.645217895507812 35 243.96368408203125 89.066703796386719 -1 166.24310302734375 89.074752807617188 37 172.76722717285156 80.422813415527344 65 2.672938346862793 74.135261535644531 -1 224.16787719726562 71.620147705078125 103 26.803256988525391 67.326026916503906 -1 196.18782043457031 57.357948303222656 40 14.033601760864258 54.161033630371094 -1 116.36217498779297 2.6417820453643799 -1 105.92189025878906 7.1162757873535156 -1 92.700363159179688 10.577487945556641 -1 94.108856201171875 23.901317596435547 32 108.87073516845703 35.920860290527344 149 42.607738494873047 52.012939453125 120 166.24310302734375 89.074752807617188 39 166.24310302734375 89.074752807617188 91 153.95539855957031 102.90687561035156 -1 238.16450500488281 104.97051239013672 -1 133.28311157226562 184.54411315917969 104 105.92189025878906 7.1162757873535156 121 42.607738494873047 52.012939453125 105 92.700363159179688 10.577487945556641 -1 87.230438232421875 16.360099792480469 -1 87.0050048828125 19.530235290527344 27 5.7535839080810547 50.870773315429688 -1 94.108856201171875 23.901317596435547 29 108.87073516845703 35.920860290527344 88 116.88179016113281 36.63702392578125 89 116.36217498779297 2.6417820453643799 -1 5.7535839080810547 50.870773315429688 -1 147.16262817382812 21.847110748291016 106 166.18519592285156 100.87814331054688 122 181.12913513183594 89.150611877441406 123 8.2034778594970703 49.216808319091797 -1 60.235198974609375 41.613494873046875 -1 181.12913513183594 89.150611877441406 42 
