# 3D point list with one line of data per point:
#   POINT3D_ID, X, Y, Z, R, G, B, ERROR, TRACK[] as (IMAGE_ID, POINT2D_IDX)
# Number of points: 110, mean track length: 3.9454545454545453
1 49.051033480063232 -11.5805350310173 76.096770187073901 92 90 82 0.74200214883871796 91 0 90 0 87 0 94 0 92 0
2 52.016479315038261 -9.5509925430186566 76.79242847331895 98 98 94 1.7475525920065724 91 1 90 1 87 1 94 1 92 1
3 50.967774096380097 -10.957865174795428 75.08333228628517 110 109 111 0.40447759413634826 91 17 90 22 87 17 94 17 92 16
4 50.967774096380097 -10.957865174795428 75.08333228628517 110 109 111 0.40447759413634826 91 21 90 23 87 23 94 24 92 24
5 51.505447339971482 -11.620698364941971 75.628539690760206 135 142 148 0.69460571225804901 91 25 90 25 87 27 94 35 92 29
6 51.071515345835408 -12.204057074899209 76.475391644081213 252 106 101 0.51248676429867268 91 35 90 29 87 33 92 26
7 51.007930018575031 -12.652981677154722 76.74913538103246 108 107 105 1.3229845036650663 91 23 90 30 87 26 87 42 94 14 92 31
8 50.950073485892915 -11.124178489261274 75.497127938482933 250 211 200 0.50871512522579843 91 28 90 37 87 35 94 37 92 35
9 48.695743534796058 -11.877697539548159 77.564203190800939 245 222 230 1.2021241974549253 91 15 90 38 87 15 94 43 92 34
10 50.946419346795246 -11.124877329282311 75.495865011325805 250 211 200 0.53001350355381116 91 37 90 43 94 38 92 38
11 50.950073485892915 -11.124178489261274 75.497127938482933 250 211 200 0.50871512522579843 91 36 90 44 87 36 94 41 92 33
12 51.598666839856399 -11.679641013207279 75.43997480996957 116 127 134 0.87659370854355001 91 48 90 46 87 43 94 56 92 40
13 49.120450780099404 -12.389370862905983 75.713078297023657 108 108 102 0.7588589721695469 91 43 90 47 87 52 94 52 92 45
14 48.744346999510064 -12.03477300670297 77.475200980060436 107 102 92 0.61009442353347298 91 33 90 49 87 41 94 46 92 52
15 50.841735588492895 -10.452297325321178 74.608838554423272 245 238 223 0.41471717806508168 91 47 90 51 87 48 94 50 92 51
16 48.744346999510064 -12.03477300670297 77.475200980060436 107 102 92 0.61009442353347298 91 27 90 53 87 34 94 54 92 39
17 50.867214258347417 -10.642630264451277 74.920399713496295 205 197 171 0.4174050297301572 91 39 90 54 87 51 94 55 92 53
18 50.841735588492895 -10.452297325321178 74.608838554423272 245 238 223 0.41471717806508168 91 45 90 55 87 53 94 44 92 44
19 51.520404493703957 -11.5186183995842 75.416903560341453 113 118 126 0.72386720336993871 91 54 90 59 87 72 94 67 92 81
20 51.269804438489651 -11.353645310332617 75.377464789246631 255 254 237 0.38172645057478266 91 55 90 60 87 73 94 68 92 60
21 51.00990480069229 -10.698319057439091 74.942230274008196 147 113 92 0.3328780985331482 91 57 90 62 87 74 94 69 92 61
22 50.955798114358245 -10.445810032293736 74.558157197701703 91 71 59 0.40337529339353695 91 59 90 63 87 75 94 71 92 62
23 51.269804438489651 -11.353645310332617 75.377464789246631 255 254 237 0.38172645057478266 91 62 90 67 87 58 94 76 92 73
24 51.269804438489651 -11.353645310332617 75.377464789246631 255 254 237 0.38172645057478266 91 64 90 68 87 59 94 77 92 74
25 51.644548362357021 -11.872447471482259 75.780772072804652 147 154 161 0.7112539668688016 91 69 90 71 87 89 94 64
26 50.88950512476562 -11.200786274363477 75.637652716867791 65 54 46 0.54997576826361683 91 79 90 72 87 97 94 104 92 88
27 49.284167856572708 -12.458374942708753 75.810836548327558 178 174 164 0.91964444866280781 91 74 90 76 87 84 94 145 92 137
29 49.350440851786743 -12.376051518157745 75.684043486232213 189 184 177 0.91311504703421742 91 81 90 81 87 86 94 147 92 128
30 51.315198432418221 -11.716102533154867 75.646838613293866 109 104 100 0.5215359558482866 91 42 90 83 87 70 94 66 92 56
31 48.886457408250244 -12.384691198006927 75.429352120013903 180 169 160 1.1913824722482003 91 124 90 89 87 64
32 49.374643422585542 -12.379328997848358 75.716296541155486 189 184 177 0.88442500628742682 91 88 90 97 94 133 92 138
33 51.315198432418221 -11.716102533154867 75.646838613293866 109 104 100 0.5215359558482866 91 40 90 98 87 57 94 75 92 57
34 48.555018100270459 -12.129652727169375 76.683676897943585 185 176 169 0.44382340534628634 91 82 90 101 87 68
35 50.785561158598775 -10.490756232488181 74.759899293228216 87 84 86 0.54387255571051774 91 100 90 117 87 102 94 121 92 122
36 51.253246649510174 -10.729494278679999 75.299101951886712 159 123 106 0.33725520096207734 91 102 90 118 87 103
37 50.885117844242316 -10.710150931719587 75.011591127744424 250 245 219 0.44734077069009903 91 103 90 119 87 125 94 123 92 123
38 49.116038398757851 -12.292083579793172 75.593712141879863 122 125 125 1.163262045957399 91 119 90 120 87 105
39 50.885117844242316 -10.710150931719587 75.011591127744424 250 245 219 0.44734077069009903 91 116 90 122 87 114 94 136 92 131
40 51.558043943437966 -11.254587632808853 74.824450524577102 136 133 129 0.72505837682259844 91 106 90 129 87 108 94 128
41 51.588455838198556 -11.887290188931146 75.852066112000188 142 142 145 0.69048591419270067 91 94 90 132 87 116 94 113 92 141
42 51.012587330167648 -10.575324709483199 74.586135816444724 252 245 224 0.37363593423991687 91 104 90 137 87 104 94 157 92 155
43 51.861597637365961 -11.08286099723451 75.331830433767607 121 124 120 0.46976531777359387 90 3 91 5 87 3 94 5 92 4
48 52.029930014298571 -10.301058440788104 74.270789128388415 153 152 154 1.2721239430416111 90 9 94 11 92 12 87 12
51 53.426389903427037 -10.782847753607994 77.165768576498138 125 125 121 0.70426179240241926 90 19 87 20 94 18 92 17
52 53.46095790036847 -10.622130410661986 76.669536822992015 170 169 170 1.1861175224294207 90 20 91 12 87 22 92 23
53 53.460957900368449 -10.622130410661983 76.669536822991986 170 169 170 1.1861175224294471 90 24 91 14 87 24 92 18
55 51.104825906876762 -10.055410098261913 76.159997997432725 142 133 130 0.7815249678693128 90 28 91 24 87 29
56 51.060707937642952 -9.8770517358882817 75.779479251607199 95 90 86 0.81171019980506243 90 36 91 26 87 32
57 50.95509271053853 -12.172214396908965 76.294676181940048 253 109 102 0.54737558491944049 90 31 87 38 94 21 92 30
58 49.208017038919877 -12.494046721197707 75.609075006972603 154 148 144 0.70682392520452009 90 40 87 40 94 48 92 48
59 54.225833453654857 -11.091685653040937 77.8304315454331 131 131 131 1.0240917117461423 90 133 91 41 87 45
60 54.136914386674597 -10.492117754904758 77.649556679552163 145 145 147 1.0581538517953035 90 48 87 46 91 31 94 51 92 41
61 50.783752145817843 -10.365595120522711 74.983177771815065 147 136 127 0.73376871375785047 90 64 91 44 87 47 94 73 92 65
63 54.206315869925049 -10.419680473678536 77.603826579400632 170 170 173 1.4619297731789214 90 66 87 61 94 103
64 54.244886725942507 -10.443363484130341 77.673017691475636 170 170 173 1.4774028950174642 90 115 87 78 94 97
65 51.057468523125621 -10.891284453603946 74.974151136387732 116 115 115 0.72046978473423595 90 90 91 80 87 106 94 124 92 124
66 54.338997382179457 -10.039249275479662 77.781483342992772 182 181 182 1.3076270704525648 90 4 87 4 94 6 91 2 92 6
67 54.338997382179443 -10.03924927547966 77.781483342992757 182 181 182 1.3076270704525148 90 6 87 5 94 8 91 4 92 8
69 49.922908693184269 -12.371612943324966 76.501044276691445 89 90 81 2.2891804786278231 91 7 87 7 92 15 94 12
70 51.066508511191266 -12.547228623010854 77.374070639915104 254 255 249 0.69764713483385266 91 8 87 8 90 8 94 9 92 11
72 54.397912865192353 -10.248971765691785 77.51407354325228 189 191 192 0.92706509148882965 90 13 87 11 94 23 92 22
76 51.581731400706779 -11.43667062526408 75.136916198391759 109 119 126 0.81830297456970713 91 16 87 25 94 16
79 51.165919435988734 -12.497739313565399 77.201749364636868 254 255 249 0.80774378550759207 91 50 87 56 90 56 94 60 92 59
81 50.921557990896069 -12.220424548724091 77.320833935554816 61 49 39 1.143608444885114 91 52 87 69 90 58 94 65
82 53.81908028658038 -8.9837042776529543 78.767381095367 121 121 117 1.5081967296416587 90 109 87 81 92 68
85 49.205463360180019 -12.308603549011707 75.860281938770996 97 94 88 0.45473513221856154 91 63 87 90 94 91 92 114
88 50.969411863879621 -12.39757080698344 77.521337626466206 255 255 236 1.1851302655782001 91 92 87 109 90 121 94 148 92 140
89 51.011807650907741 -12.333482850428622 77.23538152257089 247 203 177 1.0344898656339994 91 93 87 110 90 127 94 149 92 150
91 50.86946665157879 -10.700886434658912 74.981412402249092 251 247 225 0.31300409366782017 91 117 87 115 94 137
92 48.809527142396021 -11.955746163538068 77.549452334560584 133 119 111 0.65856727811981142 91 76 87 117 94 85 92 86
94 49.842160204557004 -12.348954727805705 76.260576170130477 99 102 101 0.39873801856820879 90 11 94 13 92 14
95 46.179373070358103 -11.560049333597965 72.171683066192017 101 101 95 1.8514196216618117 90 77 94 32 92 142
96 52.117928769137905 -11.230161069754349 75.430905070764268 117 117 119 0.57074574708706194 90 18 91 10 94 33 92 28
97 49.872627281966231 -12.607798683352822 76.376886419074253 254 254 253 0.15599064576161129 90 39 94 63 92 49
98 51.136344470654031 -12.887855175368735 77.536932369881725 207 160 139 0.69816390396046801 90 86 91 107 94 84
99 49.670889990554471 -12.630038518067707 76.483563619809587 174 169 165 0.4124819263050214 90 88 94 89 92 136
100 51.136344470654031 -12.887855175368735 77.536932369881725 207 160 139 0.69816390396046801 90 95 91 111 94 100
101 50.870881828681533 -10.553247139801918 74.496336406675141 181 137 112 0.34752026113610007 91 118 94 102
102 50.870881828681533 -10.553247139801918 74.496336406675141 181 137 112 0.34752026113610007 91 101 94 105
103 51.849658908523594 -10.698154076612809 74.330888352413808 155 155 158 1.5876749722692669 91 56 94 126 92 83
104 46.370274825192752 -7.8337919361091535 70.701838669037784 241 103 102 0.24085320698366122 90 41 94 140
105 48.538188705112248 -11.949527957992251 76.927870471633057 126 118 109 2.6782282709111165 91 112 94 142
106 50.795312087262701 -12.29579746290468 75.610382328782919 75 69 68 1.4796378481029953 90 112 94 152
108 51.693802828539646 -11.058432434276531 75.098926151841198 122 122 124 0.22593719423182276 90 5 94 4 92 5
109 48.367239512474725 -8.2200878050981139 73.760127164286317 252 102 100 1.2034772022849789 90 27 94 26
110 48.367239512474725 -8.2200878050981139 73.760127164286317 252 102 100 1.2034772022849789 90 33 94 27
111 54.757381784014946 -10.27649818759604 78.500579161277173 213 213 218 0.17065229407726973 90 21 94 31
112 55.042107990647182 -10.136666342920675 79.096242519088833 153 152 153 0.43172861316268535 90 50 94 58 92 50
113 54.56583075888696 -10.429654570765136 78.224953385112386 160 160 164 0.66948855634532878 90 73 94 72
114 50.269972787751698 -10.284817322648866 74.247484133167774 139 128 119 0.1879955679809269 90 69 94 79 92 78
115 50.722041541583927 -12.816960772135801 77.297563596983878 176 130 119 0.79192359136248225 90 70 94 80 92 79
116 50.897980836075583 -12.850546263864663 77.014599744236747 212 168 149 0.51050040390676721 90 82 94 83 92 87
117 50.897980836075583 -12.850546263864663 77.014599744236747 212 168 149 0.51050040390676721 90 96 94 86 92 85
118 50.75578431288065 -12.791497200524745 77.216639521633979 239 166 141 0.79954470824253532 90 106 94 88 92 84
119 54.989883877102514 -10.246210021802687 78.50993029076011 207 208 216 0.58580172792362284 90 123 94 119 92 93
120 49.498698305719643 -12.122229311573758 78.308333590383242 126 118 109 1.7995684050018663 90 85 94 135 92 147
121 50.74559978042425 -12.810493928986615 77.107916529642978 212 156 131 0.70346766944649941 90 105 94 141 92 134
122 50.42636275279763 -10.320486977321416 74.404658328525372 139 129 120 0.27859645259421323 90 116 94 153 92 121
123 50.854522020091345 -10.548820843378451 74.357070037545668 252 244 226 0.48589304559050267 90 138 94 154 92 156
128 53.912674109623829 -8.2585291718475826 78.625873005703127 122 123 123 1.4939380645995741 87 31 90 35 94 30 92 27
129 53.807114253972642 -8.4139065185277087 78.729077854300783 121 121 123 1.0596390064245609 87 30 90 34 92 32
133 54.086204222648199 -9.1888500442263901 79.287608301798997 119 115 112 0.8011422806516838 87 63 94 81 92 67
142 54.002657520324824 -9.3839713981653361 79.41681927784326 108 108 104 0.80695987805107428 87 100 92 95
145 53.624987591749054 -8.4731424481105222 79.042227533144199 172 168 160 1.2853030556096776 94 82 92 109 90 126 87 82
146 51.278775990063686 -12.347822043710718 77.143285244739886 74 53 44 0.50582378451433385 87 88 94 94 92 113
149 51.087133981484662 -12.419268443555991 77.723082063803389 254 254 205 1.1025675345293975 87 111 94 134 92 130
155 54.157903288183398 -10.39804943943416 77.233563514601485 185 186 185 1.9119721567354957 87 77 92 151
156 50.821170159803962 -12.379406240727224 76.621340992132758 254 255 249 2.6963118817905225 90 57 91 51 94 62 87 55 92 58 90 92 94 93 92 111
157 50.501776908190678 -11.109647562415072 77.291233033437166 88 84 73 1.6608570699696159 91 18 87 19 92 19 90 7 91 9 87 9
158 51.727266675045925 -10.501092895347908 73.981604165151055 155 155 155 1.9000610187762843 90 52 92 99 91 46 87 44 94 42 92 36
