# Frame list with one line of data per frame:
#   FRAME_ID, RIG_ID, RIG_FROM_WORLD[QW, QX, QY, QZ, TX, TY, TZ], NUM_DATA_IDS, DATA_IDS[] as (SENSOR_TYPE, SENSOR_ID, DATA_ID)
# Number of frames: 15
30 1 0.99635702329631948 -0.081712652922252563 -0.020333934368992872 0.013500207168133865 0.17868825550081255 0.033823608510513331 1.0658000801363685 1 CAMERA 1 30
31 1 0.99631400711245821 -0.08248120361991651 -0.019925126027400496 -0.012579333595968772 -0.94685809680959965 0.22415814173435342 -7.3113613670693232 1 CAMERA 1 31
33 1 0.99635448943237259 -0.08279047924208166 -0.020320330290413888 0.0032484014085621691 -1.3565300380301191 -1.118546420828388 -11.807568801343061 1 CAMERA 1 33
46 1 0.99626310821778197 -0.081518218103597495 -0.018614332093804257 -0.021635756565468511 -0.66475330774768238 0.38690283461622788 -5.3072530883791256 1 CAMERA 1 46
49 1 0.99659409833912416 -0.080306507235846133 -0.018689077059222927 0.0013365814159996697 0.2804341885614679 0.031380065717185657 2.0800428021914064 1 CAMERA 1 49
50 1 0.99663923952009614 -0.079806544439237639 -0.018466186894252903 0.00037637090624880907 -0.06540367769902268 0.0089087307058563856 -0.18996007649725802 1 CAMERA 1 50
52 1 0.99656211346882673 -0.080554077590321807 -0.01862371964467591 -0.0053058127289067414 0.012361152877642615 0.1246001305477743 0.030913204983571099 1 CAMERA 1 52
53 1 0.99654232642920471 -0.080838559498029816 -0.01857651506404475 -0.004840663325135248 0.40631209347228525 0.15594995095743563 3.368621261950004 1 CAMERA 1 53
54 1 0.99663376831320749 -0.079820077579977056 -0.018581913011989887 0.0021446635533749628 0.37534860459892805 0.089995222315957024 2.6181024125370636 1 CAMERA 1 54
55 1 0.99662586301394818 -0.07982125024339827 -0.018306915893429213 0.0055058161751851435 -0.099425440086628278 -0.39268196243198894 0.10693494433893949 1 CAMERA 1 55
57 1 0.9966081844718947 -0.080166500343020919 -0.018560730731028135 -0.00097884683015024457 0.23024130411836399 0.046215801804634291 1.721223689999889 1 CAMERA 1 57
58 1 0.99649667626852201 -0.08116799714940047 -0.018793245788253577 -0.0072762859540991239 0.3588598255631324 0.068377095345387773 2.0298766003589095 1 CAMERA 1 58
61 1 0.9966108395144877 -0.080131751781131202 -0.018562111000697389 -0.0010885558842480727 0.077455980374683889 -0.012660040871819444 0.5879330691828577 1 CAMERA 1 61
72 1 0.99661840059918616 -0.0800574949988518 -0.018499619099040354 -0.00057024101871736693 0.093358066124828068 0.079229328400087201 0.90333971881518627 1 CAMERA 1 72
73 1 0.99652679835322233 -0.081085822615222736 -0.018820359007639599 -0.0022855243408140698 0.24570115409018445 -0.19112639549374039 1.5796163953798228 1 CAMERA 1 73
