# Image list with two lines of data per image:
#   IMAGE_ID, QW, QX, QY, QZ, TX, TY, TZ, CAMERA_ID, NAME
#   POINTS2D[] as (X, Y, POINT3D_ID)
# Number of images: 15, mean observations per image: 0
30 0.99635702329631948 -0.081712652922252563 -0.020333934368992872 0.013500207168133865 0.17868825550081255 0.033823608510513331 1.0658000801363685 1 000030.png
137.07621765136719 201.96746826171875 -1 129.74073791503906 136.34414672851562 -1 112.92227935791016 24.610790252685547 -1 150.36241149902344 159.06428527832031 -1 129.86590576171875 171.80815124511719 -1 129.86590576171875 171.80815124511719 -1 242.06806945800781 94.042106628417969 -1 98.172676086425781 29.125801086425781 -1 242.06806945800781 94.042106628417969 -1 118.13578033447266 179.07247924804688 -1 219.69979858398438 206.59774780273438 -1 233.67643737792969 221.06019592285156 -1 131.24604797363281 178.39070129394531 -1 131.24604797363281 178.39070129394531 -1 189.07652282714844 52.047637939453125 -1 201.86465454101562 59.991474151611328 -1 223.82206726074219 109.11565399169922 -1 151.19483947753906 121.50544738769531 -1 76.403228759765625 146.98432922363281 -1 135.12898254394531 34.637706756591797 -1 181.41996765136719 45.634311676025391 -1 131.68142700195312 180.97161865234375 -1 131.68142700195312 180.97161865234375 -1 135.12898254394531 34.637706756591797 -1 156.4921875 77.005142211914062 -1 156.4921875 77.005142211914062 -1 141.66825866699219 19.564859390258789 -1 164.2249755859375 48.307567596435547 -1 102.79048919677734 49.286228179931641 -1 188.47212219238281 70.775794982910156 -1 164.51278686523438 102.725341796875 -1 151.70567321777344 104.20326232910156 -1 112.37209320068359 148.36528015136719 -1 174.59518432617188 40.183391571044922 -1 167.93968200683594 90.719039916992188 -1 254.34342956542969 94.00823974609375 -1 179.95184326171875 94.590713500976562 -1 175.34266662597656 95.332237243652344 -1 169.11253356933594 95.802993774414062 -1 247.75360107421875 102.92256927490234 -1 159.37197875976562 122.26622772216797 -1 195.99520874023438 197.94099426269531 -1 227.44770812988281 200.6773681640625 -1 121.71221160888672 26.570484161376953 -1 169.90069580078125 63.054450988769531 -1 169.90069580078125 63.054450988769531 -1 175.34266662597656 95.332237243652344 -1 247.75360107421875 102.92256927490234 -1 195.99520874023438 197.94099426269531 -1 109.18685150146484 35.017814636230469 -1 121.71221160888672 26.570484161376953 -1 112.96640014648438 44.193805694580078 -1 169.90069580078125 63.054450988769531 -1 172.22433471679688 89.017120361328125 -1 141.17286682128906 18.275888442993164 -1 249.20669555664062 89.79534912109375 -1 242.4820556640625 216.130615234375 -1 119.86591339111328 34.721893310546875 -1 239.314208984375 126.75402069091797 -1 95.602508544921875 121.23626708984375 -1 39.596240997314453 166.16828918457031 -1 220.85848999023438 193.42440795898438 -1 249.20669555664062 89.79534912109375 -1 249.20669555664062 89.79534912109375 -1 39.596240997314453 166.16828918457031 -1 200.34477233886719 194.24189758300781 -1 200.34477233886719 194.24189758300781 -1 151.58854675292969 75.619773864746094 -1 237.5753173828125 210.76712036132812 -1 100.26558685302734 5.9715681076049805 -1 126.55096435546875 30.636171340942383 -1 116.927490234375 36.599067687988281 -1 169.39743041992188 40.073848724365234 -1 184.35630798339844 69.737548828125 -1 238.99954223632812 79.941810607910156 -1 158.50584411621094 80.52081298828125 -1 250.14201354980469 87.150772094726562 -1 166.3189697265625 88.808479309082031 -1 8.5105152130126953 194.4139404296875 -1 252.66526794433594 88.835601806640625 -1 239.2119140625 95.277420043945312 -1 251.23997497558594 95.740768432617188 -1 235.12104797363281 77.832847595214844 -1 252.66526794433594 88.835601806640625 -1 217.03701782226562 189.12826538085938 -1 211.54917907714844 183.13583374023438 -1 239.2119140625 95.277420043945312 -1 25.972927093505859 180.42341613769531 -1 189.7825927734375 64.058967590332031 -1 57.302459716796875 155.66050720214844 -1 251.31925964355469 116.85697937011719 -1 238.71052551269531 105.47478485107422 -1 238.71052551269531 105.47478485107422 -1 251.31925964355469 116.85697937011719 -1 247.82057189941406 85.614166259765625 -1 36.299663543701172 172.0523681640625 -1 
31 0.99631400711245821 -0.08248120361991651 -0.019925126027400496 -0.012579333595968772 -0.94685809680959965 0.22415814173435342 -7.3113613670693232 1 000032.png
137.44520568847656 201.89480590820312 -1 200.45402526855469 75.525718688964844 -1 129.70478820800781 136.52313232421875 -1 112.92634582519531 24.602664947509766 -1 225.19119262695312 124.81692504882812 -1 129.8955078125 172.29707336425781 -1 129.8955078125 172.29707336425781 -1 150.64776611328125 158.15077209472656 -1 201.25692749023438 193.37326049804688 -1 201.25692749023438 193.37326049804688 -1 118.04058837890625 178.76756286621094 -1 219.72767639160156 204.38264465332031 -1 233.65249633789062 218.28584289550781 -1 187.48725891113281 51.859592437744141 -1 190.6925048828125 171.57427978515625 -1 76.270065307617188 147.00885009765625 -1 201.82785034179688 59.902641296386719 -1 223.62403869628906 107.65518951416016 -1 151.29380798339844 121.134765625 -1 131.53102111816406 179.86727905273438 -1 131.53102111816406 179.86727905273438 -1 156.48245239257812 77.044044494628906 -1 135.23619079589844 34.7353515625 -1 181.40065002441406 45.564865112304688 -1 135.23619079589844 34.7353515625 -1 156.48245239257812 77.044044494628906 -1 174.58798217773438 40.214752197265625 -1 164.12934875488281 48.097393035888672 -1 167.94148254394531 90.717536926269531 -1 164.36279296875 102.77108764648438 -1 151.80171203613281 103.77201080322266 -1 245.49617004394531 211.38238525390625 -1 102.72025299072266 49.193775177001953 -1 188.14828491210938 71.052444458007812 -1 113.01728820800781 44.430625915527344 -1 247.03898620605469 100.96741485595703 -1 196.24981689453125 195.65704345703125 -1 109.19769287109375 34.812274932861328 -1 141.490478515625 19.011110305786133 -1 121.67156982421875 26.532861709594727 -1 169.91462707519531 63.053989410400391 -1 183.16270446777344 69.992446899414062 -1 171.81681823730469 88.129371643066406 -1 179.95791625976562 94.508201599121094 -1 175.40335083007812 95.340888977050781 -1 168.98292541503906 95.88482666015625 -1 247.03898620605469 100.96741485595703 -1 160.05110168457031 121.56710815429688 -1 112.95999145507812 147.10581970214844 -1 196.24981689453125 195.65704345703125 -1 109.19769287109375 34.812274932861328 -1 121.67156982421875 26.532861709594727 -1 169.91462707519531 63.053989410400391 -1 169.91462707519531 63.053989410400391 -1 175.40335083007812 95.340888977050781 -1 179.25640869140625 185.02925109863281 -1 126.23910522460938 30.644830703735352 -1 251.50077819824219 223.1568603515625 -1 197.72006225585938 223.88233947753906 -1 151.5775146484375 75.675300598144531 -1 123.29739379882812 40.199600219726562 -1 253.77249145507812 92.747840881347656 -1 222.87590026855469 106.03401947021484 -1 205.35150146484375 175.06706237792969 -1 179.25640869140625 185.02925109863281 -1 126.23910522460938 30.644830703735352 -1 123.29739379882812 40.199600219726562 -1 179.25640869140625 185.02925109863281 -1 221.14266967773438 191.2635498046875 -1 200.45172119140625 191.79092407226562 -1 237.38246154785156 207.689697265625 -1 250.16981506347656 211.46348571777344 -1 242.29136657714844 213.50279235839844 -1 172.16209411621094 89.136917114257812 -1 180.98171997070312 89.14361572265625 -1 247.62303161621094 106.50994110107422 -1 251.30122375488281 109.52481079101562 -1 251.91867065429688 113.04438781738281 -1 151.60078430175781 116.30537414550781 -1 226.07981872558594 194.68280029296875 -1 3.3118360042572021 198.53028869628906 -1 232.1900634765625 219.46160888671875 -1 204.916015625 234.65682983398438 -1 242.16200256347656 81.905509948730469 -1 11.792123794555664 191.71311950683594 -1 100.217041015625 6.0964322090148926 -1 117.03695678710938 36.548686981201172 -1 174.68537902832031 53.101112365722656 -1 177.54541015625 136.02543640136719 -1 95.364326477050781 124.56934356689453 -1 111.01548767089844 85.364830017089844 -1 252.0416259765625 88.382110595703125 -1 196.18936157226562 56.7213134765625 -1 251.30122375488281 109.52481079101562 -1 151.60078430175781 116.30537414550781 -1 204.916015625 234.65682983398438 -1 167.85736083984375 60.40069580078125 -1 213.09616088867188 173.38487243652344 -1 189.44731140136719 64.620124816894531 -1 252.0416259765625 88.382110595703125 -1 238.417724609375 79.647239685058594 -1 237.07502746582031 82.378128051757812 -1 240.76156616210938 84.386787414550781 -1 246.9691162109375 84.993110656738281 -1 111.01548767089844 85.364830017089844 -1 166.3140869140625 88.907989501953125 -1 166.3140869140625 88.907989501953125 -1 105.26010894775391 116.36494445800781 -1 88.776390075683594 129.8343505859375 -1 6.7330336570739746 195.68377685546875 -1 204.21983337402344 164.8626708984375 -1 180.76657104492188 139.83538818359375 -1 
33 0.99635448943237259 -0.08279047924208166 -0.020320330290413888 0.0032484014085621691 -1.3565300380301191 -1.118546420828388 -11.807568801343061 1 000031.png
137.1097412109375 201.98237609863281 -1 129.76762390136719 136.14566040039062 -1 112.9285888671875 24.628875732421875 -1 150.33030700683594 158.60055541992188 -1 98.039718627929688 28.698995590209961 -1 241.90388488769531 93.860366821289062 -1 118.07457733154297 178.84886169433594 -1 219.8026123046875 206.39683532714844 -1 233.63224792480469 220.60237121582031 -1 241.90388488769531 93.860366821289062 -1 111.14891815185547 132.93783569335938 -1 151.22219848632812 121.32682037353516 -1 201.80094909667969 59.903629302978516 -1 223.64610290527344 108.8565673828125 -1 100.93003845214844 126.84435272216797 -1 76.567703247070312 146.70698547363281 -1 131.61666870117188 180.34510803222656 -1 131.61666870117188 180.34510803222656 -1 100.93003845214844 126.84435272216797 -1 135.06356811523438 34.608169555664062 -1 181.43557739257812 45.620269775390625 -1 174.69017028808594 40.265659332275391 -1 164.14900207519531 48.131855010986328 -1 102.80997467041016 49.542045593261719 -1 112.99732208251953 44.473007202148438 -1 156.47941589355469 76.983749389648438 -1 164.34614562988281 102.85379028320312 -1 151.73075866699219 103.77687072753906 -1 225.42941284179688 192.08750915527344 -1 245.65115356445312 213.54898071289062 -1 156.47941589355469 76.983749389648438 -1 141.63348388671875 19.527275085449219 -1 121.64229583740234 26.506980895996094 -1 121.64229583740234 26.506980895996094 -1 183.44502258300781 69.888290405273438 -1 171.92608642578125 88.244697570800781 -1 168.79022216796875 91.40203857421875 -1 254.16990661621094 93.528556823730469 -1 179.98910522460938 94.391006469726562 -1 175.31747436523438 95.318748474121094 -1 169.01408386230469 95.821876525878906 -1 247.58805847167969 102.72212219238281 -1 159.46395874023438 122.24163818359375 -1 112.71878051757812 148.08843994140625 -1 196.25080871582031 197.96284484863281 -1 227.3428955078125 200.18988037109375 -1 240.89295959472656 208.35951232910156 -1 169.90522766113281 63.062351226806641 -1 169.90522766113281 63.062351226806641 -1 175.31747436523438 95.318748474121094 -1 247.58805847167969 102.72212219238281 -1 196.25080871582031 197.96284484863281 -1 109.18533325195312 34.889438629150391 -1 169.90522766113281 63.062351226806641 -1 239.44209289550781 126.50402069091797 -1 126.27187347412109 30.649929046630859 -1 141.25086975097656 18.422323226928711 -1 119.54092407226562 34.912647247314453 -1 220.49893188476562 192.65151977539062 -1 249.59959411621094 212.75830078125 -1 39.702655792236328 166.03414916992188 -1 179.23042297363281 186.05958557128906 -1 252.29579162597656 88.667411804199219 -1 249.0511474609375 89.934226989746094 -1 249.0511474609375 89.934226989746094 -1 179.23042297363281 186.05958557128906 -1 39.702655792236328 166.03414916992188 -1 179.23042297363281 186.05958557128906 -1 245.48980712890625 219.02937316894531 -1 251.9600830078125 225.95550537109375 -1 126.27187347412109 30.649929046630859 -1 190.18775939941406 63.433551788330078 -1 151.59024047851562 75.694801330566406 -1 252.29579162597656 88.667411804199219 -1 249.0511474609375 89.934226989746094 -1 251.00828552246094 95.363876342773438 -1 241.05635070800781 112.78546142578125 -1 100.33418273925781 6.0395011901855469 -1 92.480247497558594 10.004353523254395 -1 116.77712249755859 36.768871307373047 -1 110.70426177978516 40.845283508300781 -1 172.34036254882812 60.3165283203125 -1 194.08413696289062 62.797698974609375 -1 234.15301513671875 77.177497863769531 -1 158.50575256347656 80.601470947265625 -1 166.31317138671875 88.856224060058594 -1 153.98863220214844 102.80908203125 -1 222.94615173339844 106.86185455322266 -1 62.988605499267578 147.89175415039062 -1 217.25810241699219 188.49766540527344 -1 210.71931457519531 181.85978698730469 -1 252.70600891113281 216.37870788574219 -1 5.6171741485595703 196.86550903320312 -1 28.359699249267578 178.4786376953125 -1 36.078414916992188 172.41946411132812 -1 196.30683898925781 56.640781402587891 -1 55.744785308837891 156.87284851074219 -1 51.644077301025391 160.09832763671875 -1 153.98863220214844 102.80908203125 -1 2.8591563701629639 199.03521728515625 -1 62.988605499267578 147.89175415039062 -1 241.26255798339844 84.84722900390625 -1 99.865615844726562 121.25996398925781 -1 
46 0.99626310821778197 -0.081518218103597495 -0.018614332093804257 -0.021635756565468511 -0.66475330774768238 0.38690283461622788 -5.3072530883791256 1 000048.png
131.76863098144531 117.92168426513672 -1 136.72518920898438 201.17802429199219 -1 173.90432739257812 129.79197692871094 -1 200.05342102050781 74.667716979980469 -1 130.90486145019531 134.14300537109375 -1 112.96392822265625 24.619729995727539 -1 126.03904724121094 98.676994323730469 -1 226.03482055664062 121.81011962890625 -1 226.03482055664062 121.81011962890625 -1 203.64732360839844 189.33538818359375 -1 130.49932861328125 169.32843017578125 -1 130.49932861328125 169.32843017578125 -1 130.49932861328125 169.32843017578125 -1 203.64732360839844 189.33538818359375 -1 151.95816040039062 156.07649230957031 -1 98.086639404296875 29.118993759155273 -1 118.34931182861328 177.57928466796875 -1 221.74443054199219 200.70437622070312 -1 120.03296661376953 99.017829895019531 -1 124.96289825439453 11.180482864379883 -1 201.70378112792969 59.906806945800781 -1 239.308837890625 88.207656860351562 -1 224.64262390136719 104.71427154541016 -1 151.67466735839844 120.75918579101562 -1 103.16006469726562 124.61736297607422 -1 103.16006469726562 124.61736297607422 -1 239.308837890625 88.207656860351562 -1 231.80900573730469 77.448928833007812 -1 140.27461242675781 180.84968566894531 -1 134.91584777832031 33.579296112060547 -1 180.81211853027344 44.705070495605469 -1 156.49468994140625 76.967735290527344 -1 167.87538146972656 90.572868347167969 -1 249.06991577148438 92.590316772460938 -1 156.49468994140625 76.967735290527344 -1 134.91584777832031 33.579296112060547 -1 151.96751403808594 104.04618072509766 -1 164.38067626953125 102.67006683349609 -1 117.23366546630859 108.16663360595703 -1 121.63408660888672 26.525339126586914 -1 121.63408660888672 26.525339126586914 -1 179.99603271484375 94.388221740722656 -1 175.37918090820312 95.293121337890625 -1 168.88932800292969 95.939300537109375 -1 248.11933898925781 97.92962646484375 -1 239.78131103515625 100.75914001464844 -1 161.39944458007812 114.45520782470703 -1 161.51676940917969 119.59384918212891 -1 197.96804809570312 192.23094177246094 -1 169.91218566894531 63.036380767822266 -1 169.91218566894531 63.036380767822266 -1 175.37918090820312 95.293121337890625 -1 248.11933898925781 97.92962646484375 -1 197.96804809570312 192.23094177246094 -1 109.18255615234375 34.924751281738281 -1 141.54319763183594 19.13682746887207 -1 174.34834289550781 39.871753692626953 -1 169.06144714355469 46.690635681152344 -1 169.91218566894531 63.036380767822266 -1 171.8128662109375 88.012397766113281 -1 151.53713989257812 75.75482177734375 -1 177.53994750976562 90.960487365722656 -1 226.52873229980469 95.573951721191406 -1 223.81869506835938 102.99327087402344 -1 126.24360656738281 30.6290283203125 -1 92.705795288085938 123.41358947753906 -1 207.0408935546875 171.76197814941406 -1 115.98506927490234 45.313800811767578 -1 229.04092407226562 74.123939514160156 -1 211.69981384277344 176.20063781738281 -1 222.15821838378906 187.11009216308594 -1 92.705795288085938 123.41358947753906 -1 126.24360656738281 30.6290283203125 -1 115.98506927490234 45.313800811767578 -1 177.53994750976562 90.960487365722656 -1 202.26516723632812 188.50636291503906 -1 239.08535766601562 204.38356018066406 -1 243.11697387695312 208.43534851074219 -1 166.38816833496094 88.82958984375 -1 172.08111572265625 89.215003967285156 -1 214.14985656738281 178.70210266113281 -1 207.48616027832031 230.47962951660156 -1 239.29013061523438 197.93484497070312 -1 167.85929870605469 60.344345092773438 -1 100.16558837890625 6.1404781341552734 -1 69.8712158203125 145.54017639160156 -1 89.812385559082031 125.70658111572266 -1 228.02825927734375 191.13330078125 -1 99.175437927246094 121.15269470214844 -1 251.55647277832031 111.3704833984375 -1 242.02058410644531 108.41139221191406 -1 114.0101318359375 105.0594482421875 -1 243.70376586914062 82.923614501953125 -1 166.38816833496094 88.82958984375 -1 166.38816833496094 88.82958984375 -1 117.02593994140625 36.563304901123047 -1 207.48616027832031 230.47962951660156 -1 169.54605102539062 40.031585693359375 -1 196.21205139160156 56.784328460693359 -1 106.98769378662109 57.882503509521484 -1 180.96133422851562 89.129676818847656 -1 189.43043518066406 64.609848022460938 -1 184.46669006347656 69.604148864746094 -1 184.78253173828125 72.79901123046875 -1 246.50340270996094 201.99546813964844 -1 106.98769378662109 57.882503509521484 -1 37.240592956542969 172.22471618652344 -1 
49 0.99659409833912416 -0.080306507235846133 -0.018689077059222927 0.0013365814159996697 0.2804341885614679 0.031380065717185657 2.0800428021914064 1 000044.png
131.78273010253906 117.99681091308594 -1 136.50984191894531 201.60240173339844 -1 173.95390319824219 130.32893371582031 -1 199.90895080566406 74.591499328613281 -1 130.56356811523438 134.75309753417969 -1 112.96865081787109 24.637710571289062 -1 225.74995422363281 121.95188140869141 -1 225.74995422363281 121.95188140869141 -1 152.00372314453125 155.96672058105469 -1 203.51655578613281 189.60310363769531 -1 203.51655578613281 189.60310363769531 -1 98.034011840820312 28.921459197998047 -1 118.46537780761719 178.17243957519531 -1 221.43450927734375 200.983154296875 -1 235.67994689941406 215.14706420898438 -1 239.07937622070312 89.454971313476562 -1 239.07937622070312 89.454971313476562 -1 124.96994018554688 11.211609840393066 -1 224.065673828125 105.44140625 -1 101.90398406982422 126.00782012939453 -1 101.90398406982422 126.00782012939453 -1 201.75027465820312 59.814643859863281 -1 151.6075439453125 121.18643188476562 -1 132.44795227050781 180.93212890625 -1 141.55819702148438 19.794355392456055 -1 181.41325378417969 45.704090118408203 -1 132.44795227050781 180.93212890625 -1 134.8551025390625 33.719383239746094 -1 140.49188232421875 179.99580383300781 -1 167.84027099609375 90.530441284179688 -1 151.89021301269531 104.09903717041016 -1 203.21533203125 197.18426513671875 -1 203.21533203125 197.18426513671875 -1 156.46440124511719 76.961296081542969 -1 156.46440124511719 76.961296081542969 -1 164.39947509765625 48.423267364501953 -1 174.60232543945312 40.266075134277344 -1 164.42401123046875 102.67958068847656 -1 175.32380676269531 95.257362365722656 -1 175.32380676269531 95.257362365722656 -1 180.00318908691406 94.373687744140625 -1 109.17237091064453 34.998889923095703 -1 161.1378173828125 119.92876434326172 -1 121.72048950195312 26.509304046630859 -1 113.0030517578125 43.721828460693359 -1 169.0704345703125 46.383872985839844 -1 169.92910766601562 63.0263671875 -1 181.47172546386719 77.208892822265625 -1 171.86793518066406 88.10516357421875 -1 168.93353271484375 95.901458740234375 -1 247.20428466796875 97.6781005859375 -1 239.87809753417969 101.10475921630859 -1 197.97416687011719 192.66459655761719 -1 229.189208984375 195.13267517089844 -1 169.92910766601562 63.0263671875 -1 169.92910766601562 63.0263671875 -1 247.20428466796875 97.6781005859375 -1 197.97416687011719 192.66459655761719 -1 238.94438171386719 121.12874603271484 -1 126.36891937255859 37.908496856689453 -1 249.68281555175781 83.001182556152344 -1 251.13845825195312 87.770652770996094 -1 100.02641296386719 5.4565467834472656 -1 229.41453552246094 74.58441162109375 -1 218.62065124511719 183.65409851074219 -1 243.67652893066406 209.47590637207031 -1 222.31953430175781 187.55709838867188 -1 205.28662109375 188.61508178710938 -1 238.98446655273438 204.81126403808594 -1 141.14595031738281 18.519458770751953 -1 151.59881591796875 75.64990234375 -1 241.460205078125 108.43746185302734 -1 116.64968872070312 126.94956207275391 -1 211.84980773925781 177.00030517578125 -1 126.36891937255859 37.908496856689453 -1 251.13845825195312 87.770652770996094 -1 113.96343994140625 146.05636596679688 -1 207.87370300292969 173.45582580566406 -1 239.65162658691406 80.266647338867188 -1 244.37168884277344 88.361351013183594 -1 166.36729431152344 88.832870483398438 -1 172.09550476074219 89.1356201171875 -1 225.85647583007812 95.604270935058594 -1 154.0748291015625 102.86543273925781 -1 223.48320007324219 103.56981658935547 -1 15.016519546508789 191.09133911132812 -1 217.92340087890625 173.8936767578125 -1 189.59796142578125 64.31256103515625 -1 197.62625122070312 162.84904479980469 -1 101.82146453857422 0.59874677658081055 -1 20.607540130615234 186.27301025390625 -1 203.55032348632812 168.5584716796875 -1 64.846809387207031 149.74043273925781 -1 73.094085693359375 139.8619384765625 -1 91.769599914550781 127.492431640625 -1 108.89579010009766 4.8856978416442871 -1 151.86790466308594 116.43997192382812 -1 251.24510192871094 111.70614624023438 -1 126.62425231933594 30.637165069580078 -1 108.89579010009766 4.8856978416442871 -1 244.37168884277344 88.361351013183594 -1 244.37168884277344 88.361351013183594 -1 166.36729431152344 88.832870483398438 -1 166.36729431152344 88.832870483398438 -1 154.0748291015625 102.86543273925781 -1 180.98141479492188 89.128936767578125 -1 116.97389221191406 36.613307952880859 -1 169.45339965820312 40.42523193359375 -1 37.345962524414062 172.566162109375 -1 174.84733581542969 53.17987060546875 -1 248.13287353515625 103.44029998779297 -1 158.52542114257812 80.580978393554688 -1 73.094085693359375 139.8619384765625 -1 231.32424926757812 187.06369018554688 -1 156.79362487792969 97.474319458007812 -1 102.09325408935547 35.602092742919922 -1 
50 0.99663923952009614 -0.079806544439237639 -0.018466186894252903 0.00037637090624880907 -0.06540367769902268 0.0089087307058563856 -0.18996007649725802 1 000050.png
131.06871032714844 117.51630401611328 -1 136.63429260253906 201.08642578125 -1 172.97946166992188 129.59162902832031 -1 200.09202575683594 74.706977844238281 -1 130.85873413085938 134.39352416992188 -1 113.00441741943359 24.640554428100586 -1 130.77427673339844 170.78659057617188 -1 151.74717712402344 155.65219116210938 -1 130.77427673339844 170.78659057617188 -1 130.77427673339844 170.78659057617188 -1 97.993911743164062 28.870763778686523 -1 118.75009155273438 177.54170227050781 -1 221.53817749023438 200.05148315429688 -1 187.57525634765625 51.876216888427734 -1 124.87989044189453 11.087244987487793 -1 201.77931213378906 60.099514007568359 -1 239.93057250976562 88.488250732421875 -1 224.67864990234375 104.6077880859375 -1 151.689697265625 120.67788696289062 -1 239.93057250976562 88.488250732421875 -1 239.93057250976562 88.488250732421875 -1 135.29545593261719 34.133411407470703 -1 140.32247924804688 180.78456115722656 -1 132.63761901855469 179.54270935058594 -1 132.63761901855469 179.54270935058594 -1 135.29545593261719 34.133411407470703 -1 156.5115966796875 76.911544799804688 -1 167.9149169921875 90.575973510742188 -1 164.33834838867188 102.72946166992188 -1 151.991943359375 103.7578125 -1 141.74798583984375 19.768239974975586 -1 180.85841369628906 44.772090911865234 -1 156.5115966796875 76.911544799804688 -1 169.93087768554688 63.016304016113281 -1 236.09962463378906 82.578056335449219 -1 175.36497497558594 95.306221008300781 -1 197.90155029296875 192.06242370605469 -1 121.71288299560547 26.631080627441406 -1 174.3604736328125 39.958667755126953 -1 195.32968139648438 62.435947418212891 -1 169.93087768554688 63.016304016113281 -1 181.5009765625 77.034988403320312 -1 236.09962463378906 82.578056335449219 -1 171.92961120605469 88.132858276367188 -1 179.99678039550781 94.394760131835938 -1 175.36497497558594 95.306221008300781 -1 169.01585388183594 95.850074768066406 -1 161.51679992675781 119.57286834716797 -1 197.90155029296875 192.06242370605469 -1 251.52461242675781 217.14697265625 -1 121.71288299560547 26.631080627441406 -1 195.32968139648438 62.435947418212891 -1 169.93087768554688 63.016304016113281 -1 164.97579956054688 49.275215148925781 -1 154.06439208984375 102.70481109619141 -1 238.99787902832031 197.67501831054688 -1 119.90617370605469 34.702423095703125 -1 116.04750823974609 45.373542785644531 -1 126.29353332519531 30.627521514892578 -1 151.56935119628906 75.688835144042969 -1 177.6514892578125 90.940460205078125 -1 177.6514892578125 90.940460205078125 -1 240.54751586914062 121.85406494140625 -1 207.11317443847656 171.76242065429688 -1 222.45973205566406 187.46513366699219 -1 126.29353332519531 30.627521514892578 -1 116.04750823974609 45.373542785644531 -1 202.40133666992188 188.4761962890625 -1 238.63385009765625 203.74188232421875 -1 243.93316650390625 209.16151428222656 -1 111.02816772460938 85.346038818359375 -1 166.42184448242188 88.850517272949219 -1 172.06796264648438 89.090522766113281 -1 180.94229125976562 89.134124755859375 -1 177.95060729980469 90.090599060058594 -1 226.65577697753906 95.744941711425781 -1 252.36795043945312 109.08833312988281 -1 114.51681518554688 111.10572814941406 -1 151.81315612792969 116.39641571044922 -1 92.611404418945312 123.42024230957031 -1 241.44827270507812 200.09031677246094 -1 207.50221252441406 230.69366455078125 -1 184.37928771972656 69.888717651367188 -1 108.92857360839844 5.0670065879821777 -1 100.10749816894531 6.0368361473083496 -1 117.02466583251953 36.583572387695312 -1 216.97093200683594 181.52445983886719 -1 212.11117553710938 176.68264770507812 -1 203.64138793945312 168.00096130371094 -1 194.95761108398438 159.35206604003906 -1 54.363925933837891 158.41935729980469 -1 60.793754577636719 153.15043640136719 -1 108.92857360839844 5.0670065879821777 -1 169.38145446777344 40.534408569335938 -1 111.02816772460938 85.346038818359375 -1 169.38145446777344 40.534408569335938 -1 166.42184448242188 88.850517272949219 -1 177.95060729980469 90.090599060058594 -1 133.48355102539062 184.03123474121094 -1 207.50221252441406 230.69366455078125 -1 177.02175903320312 44.16888427734375 -1 196.13449096679688 56.768360137939453 -1 83.844581604003906 134.38534545898438 -1 133.48355102539062 184.03123474121094 -1 189.58193969726562 64.309814453125 -1 158.53752136230469 80.517868041992188 -1 242.9949951171875 82.657752990722656 -1 19.998590469360352 186.50904846191406 -1 6.7379140853881836 197.16342163085938 -1 166.42184448242188 88.850517272949219 -1 200.997314453125 165.34162902832031 -1 86.279502868652344 132.11907958984375 -1 
52 0.99656211346882673 -0.080554077590321807 -0.01862371964467591 -0.0053058127289067414 0.012361152877642615 0.1246001305477743 0.030913204983571099 1 000049.png
131.4901123046875 117.70196533203125 -1 136.59031677246094 201.13575744628906 -1 173.64483642578125 129.79214477539062 -1 200.02729797363281 74.688087463378906 -1 130.87043762207031 134.80305480957031 -1 112.97945404052734 24.646787643432617 -1 226.00259399414062 122.04306030273438 -1 226.00259399414062 122.04306030273438 -1 151.99066162109375 155.43115234375 -1 97.983718872070312 28.826894760131836 -1 118.94847106933594 177.778076171875 -1 221.377685546875 200.13119506835938 -1 235.61444091796875 214.26472473144531 -1 187.59413146972656 51.892192840576172 -1 124.93072509765625 11.176050186157227 -1 230.824462890625 77.561203002929688 -1 201.78401184082031 59.962753295898438 -1 239.73611450195312 88.377418518066406 -1 224.58567810058594 104.75179290771484 -1 151.7545166015625 120.67926788330078 -1 75.626724243164062 147.698486328125 -1 183.62179565429688 154.87318420410156 -1 239.73611450195312 88.377418518066406 -1 156.49577331542969 76.949859619140625 -1 181.22976684570312 45.253387451171875 -1 140.32948303222656 180.28141784667969 -1 156.49577331542969 76.949859619140625 -1 174.55136108398438 40.249526977539062 -1 167.94017028808594 90.634963989257812 -1 134.96929931640625 33.474895477294922 -1 134.96929931640625 33.474895477294922 -1 164.27700805664062 102.61397552490234 -1 151.99539184570312 104.22821807861328 -1 113.77991485595703 121.882080078125 -1 183.29934692382812 69.916038513183594 -1 249.02989196777344 92.456466674804688 -1 121.70874786376953 26.284795761108398 -1 112.96583557128906 43.751621246337891 -1 169.925537109375 63.040695190429688 -1 171.76106262207031 87.942138671875 -1 180.03779602050781 94.347702026367188 -1 175.412353515625 95.308982849121094 -1 168.97062683105469 95.863983154296875 -1 248.24174499511719 97.9471435546875 -1 239.45916748046875 100.43010711669922 -1 161.49554443359375 119.57832336425781 -1 198.08645629882812 192.42764282226562 -1 228.82025146484375 193.92240905761719 -1 251.96812438964844 217.55390930175781 -1 169.925537109375 63.040695190429688 -1 169.925537109375 63.040695190429688 -1 175.412353515625 95.308982849121094 -1 248.24174499511719 97.9471435546875 -1 198.08645629882812 192.42764282226562 -1 109.18144989013672 34.913509368896484 -1 141.51663208007812 19.11811637878418 -1 184.0338134765625 69.990753173828125 -1 210.10337829589844 72.299766540527344 -1 207.5673828125 172.36561584472656 -1 229.71311950683594 74.691856384277344 -1 222.32646179199219 187.32598876953125 -1 151.56118774414062 75.753524780273438 -1 252.25860595703125 105.73876190185547 -1 251.28555297851562 87.949615478515625 -1 126.39933013916016 30.613861083984375 -1 177.57846069335938 91.218986511230469 -1 243.56915283203125 208.95883178710938 -1 202.37460327148438 188.54107666015625 -1 211.96231079101562 176.60780334472656 -1 177.57846069335938 91.218986511230469 -1 210.10337829589844 72.299766540527344 -1 251.28555297851562 87.949615478515625 -1 252.25860595703125 105.73876190185547 -1 14.034329414367676 191.74945068359375 -1 240.29682922363281 205.461669921875 -1 246.99801635742188 212.11212158203125 -1 151.78994750976562 116.58670806884766 -1 90.082405090332031 125.56327056884766 -1 54.290069580078125 158.60061645507812 -1 226.36441040039062 95.354133605957031 -1 242.44784545898438 101.78706359863281 -1 243.01475524902344 82.523651123046875 -1 172.061279296875 89.161186218261719 -1 108.72708892822266 5.010836124420166 -1 100.24124908447266 6.0730695724487305 -1 207.36106872558594 230.64761352539062 -1 25.441303253173828 182.22305297851562 -1 37.836353302001953 171.75802612304688 -1 204.07557678222656 168.41267395019531 -1 108.72708892822266 5.010836124420166 -1 116.92927551269531 36.630096435546875 -1 169.40225219726562 40.190879821777344 -1 166.41096496582031 88.892173767089844 -1 207.36106872558594 230.64761352539062 -1 189.60087585449219 64.365516662597656 -1 166.41096496582031 88.892173767089844 -1 166.41096496582031 88.892173767089844 -1 180.95933532714844 89.105789184570312 -1 240.61085510253906 96.468116760253906 -1 113.95173645019531 105.13617706298828 -1 251.20698547363281 111.27144622802734 -1 168.24223327636719 47.835659027099609 -1 169.40225219726562 40.190879821777344 -1 107.04190063476562 57.854846954345703 -1 241.910888671875 108.11558532714844 -1 241.910888671875 108.11558532714844 -1 
53 0.99654232642920471 -0.080838559498029816 -0.01857651506404475 -0.004840663325135248 0.40631209347228525 0.15594995095743563 3.368621261950004 1 000053.png
130.50801086425781 117.30615234375 -1 136.69880676269531 201.18830871582031 -1 173.48194885253906 129.72993469238281 -1 200.05642700195312 74.619056701660156 -1 130.817138671875 134.60166931152344 -1 112.95335388183594 24.630596160888672 -1 126.11661529541016 97.869674682617188 -1 151.9722900390625 155.93721008300781 -1 98.020805358886719 29.027936935424805 -1 118.68240356445312 177.44606018066406 -1 221.83099365234375 200.54086303710938 -1 187.52897644042969 51.869968414306641 -1 124.97662353515625 11.23287296295166 -1 240.33987426757812 88.585472106933594 -1 201.70574951171875 60.032695770263672 -1 224.56974792480469 104.55127716064453 -1 151.75596618652344 120.60575866699219 -1 101.15137481689453 126.92005157470703 -1 75.552001953125 147.92559814453125 -1 183.80813598632812 155.21839904785156 -1 101.15137481689453 126.92005157470703 -1 240.33987426757812 88.585472106933594 -1 240.33987426757812 88.585472106933594 -1 231.591064453125 77.331710815429688 -1 140.40866088867188 180.50276184082031 -1 167.86238098144531 90.549171447753906 -1 248.90481567382812 92.356193542480469 -1 164.2974853515625 102.75420379638672 -1 174.4898681640625 40.146751403808594 -1 180.87849426269531 44.7945556640625 -1 164.42892456054688 48.159900665283203 -1 156.54171752929688 76.896270751953125 -1 135.0875244140625 33.672225952148438 -1 156.54171752929688 76.896270751953125 -1 135.0875244140625 33.672225952148438 -1 121.70162963867188 26.280210494995117 -1 141.59707641601562 19.24470329284668 -1 190.15657043457031 68.790863037109375 -1 171.75820922851562 87.979438781738281 -1 180.00546264648438 94.412429809570312 -1 175.34432983398438 95.29248046875 -1 168.97087097167969 95.912193298339844 -1 248.51451110839844 97.83087158203125 -1 239.58639526367188 100.32448577880859 -1 161.48637390136719 114.33560943603516 -1 161.50648498535156 119.47750854492188 -1 229.26338195800781 194.37474060058594 -1 251.00677490234375 216.40422058105469 -1 169.90402221679688 63.048030853271484 -1 169.90402221679688 63.048030853271484 -1 175.34432983398438 95.29248046875 -1 248.51451110839844 97.83087158203125 -1 112.96063995361328 43.747951507568359 -1 169.90402221679688 63.048030853271484 -1 109.01467132568359 35.772941589355469 -1 238.63319396972656 203.63594055175781 -1 207.58346557617188 172.28971862792969 -1 151.56138610839844 75.704338073730469 -1 119.85203552246094 34.741447448730469 -1 234.72900390625 77.358474731445312 -1 126.3568115234375 30.645139694213867 -1 252.12911987304688 88.538955688476562 -1 177.58024597167969 91.230400085449219 -1 83.81591796875 130.87513732910156 -1 211.65213012695312 176.48040771484375 -1 93.054389953613281 123.18099975585938 -1 177.58024597167969 91.230400085449219 -1 93.054389953613281 123.18099975585938 -1 83.81591796875 130.87513732910156 -1 202.37295532226562 188.55311584472656 -1 218.75119018554688 182.8966064453125 -1 222.400390625 187.29850769042969 -1 202.37295532226562 188.55311584472656 -1 54.290283203125 158.71778869628906 -1 133.4912109375 184.16934204101562 -1 12.997028350830078 192.47915649414062 -1 9.7046976089477539 194.74726867675781 -1 239.37005615234375 197.90870666503906 -1 16.087612152099609 189.92594909667969 -1 117.01728057861328 36.560890197753906 -1 169.41278076171875 40.218185424804688 -1 27.26209831237793 180.55683898925781 -1 189.45333862304688 64.728912353515625 -1 61.516822814941406 149.20819091796875 -1 81.048530578613281 133.18869018554688 -1 184.35786437988281 69.974693298339844 -1 151.88999938964844 116.43770599365234 -1 169.41278076171875 40.218185424804688 -1 158.54336547851562 80.499961853027344 -1 166.40065002441406 88.78515625 -1 243.14894104003906 82.616363525390625 -1 81.048530578613281 133.18869018554688 -1 61.516822814941406 149.20819091796875 -1 133.4912109375 184.16934204101562 -1 166.40065002441406 88.78515625 -1 246.82725524902344 85.057540893554688 -1 180.97242736816406 89.116432189941406 -1 172.07485961914062 89.266471862792969 -1 226.20086669921875 95.175544738769531 -1 39.844139099121094 170.08491516113281 -1 166.40065002441406 88.78515625 -1 114.09755706787109 104.94377899169922 -1 86.883102416992188 131.55715942382812 -1 
54 0.99663376831320749 -0.079820077579977056 -0.018581913011989887 0.0021446635533749628 0.37534860459892805 0.089995222315957024 2.6181024125370636 1 000052.png
130.39283752441406 117.08270263671875 -1 136.71458435058594 201.09184265136719 -1 173.78684997558594 129.78782653808594 -1 200.06666564941406 74.726478576660156 -1 130.86442565917969 134.12945556640625 -1 126.50311279296875 98.702796936035156 -1 113.00215148925781 24.658660888671875 -1 130.85472106933594 170.27821350097656 -1 151.54998779296875 156.02070617675781 -1 130.85472106933594 170.27821350097656 -1 130.85472106933594 170.27821350097656 -1 98.0103759765625 29.036033630371094 -1 119.33242797851562 177.72718811035156 -1 221.49783325195312 200.29322814941406 -1 235.44500732421875 214.02195739746094 -1 187.69984436035156 51.882804870605469 -1 183.95796203613281 154.83758544921875 -1 151.62062072753906 120.98499298095703 -1 224.54266357421875 104.93437957763672 -1 201.71250915527344 59.895427703857422 -1 132.52818298339844 178.89442443847656 -1 132.52818298339844 178.89442443847656 -1 231.34025573730469 77.558258056640625 -1 140.26078796386719 180.57447814941406 -1 156.52272033691406 76.9453125 -1 156.52272033691406 76.9453125 -1 164.42263793945312 48.130298614501953 -1 180.94557189941406 44.816120147705078 -1 135.11651611328125 33.490253448486328 -1 141.74650573730469 19.746936798095703 -1 164.20855712890625 102.75704193115234 -1 151.9237060546875 104.02992248535156 -1 241.19696044921875 116.27555847167969 -1 167.93635559082031 90.594100952148438 -1 248.91387939453125 92.507408142089844 -1 135.11651611328125 33.490253448486328 -1 121.74185943603516 26.573112487792969 -1 174.244140625 39.877658843994141 -1 169.11134338378906 46.430976867675781 -1 169.93113708496094 63.024299621582031 -1 183.79319763183594 69.761848449707031 -1 209.65695190429688 71.934585571289062 -1 171.89570617675781 88.000968933105469 -1 180.02189636230469 94.323135375976562 -1 169.05335998535156 95.761199951171875 -1 248.35505676269531 97.898284912109375 -1 161.37345886230469 114.42220306396484 -1 161.4964599609375 119.48575592041016 -1 198.02764892578125 192.01490783691406 -1 169.93113708496094 63.024299621582031 -1 169.93113708496094 63.024299621582031 -1 209.65695190429688 71.934585571289062 -1 248.35505676269531 97.898284912109375 -1 198.02764892578125 192.01490783691406 -1 109.18877410888672 35.066829681396484 -1 250.98886108398438 87.655708312988281 -1 219.15483093261719 183.71192932128906 -1 223.85581970214844 103.12110137939453 -1 177.71022033691406 91.188484191894531 -1 241.21847534179688 101.47130584716797 -1 151.60029602050781 75.631362915039062 -1 113.59305572509766 105.77651977539062 -1 233.582275390625 76.99462890625 -1 207.6710205078125 172.28961181640625 -1 222.61737060546875 187.54548645019531 -1 229.19830322265625 194.37565612792969 -1 177.71022033691406 91.188484191894531 -1 250.98886108398438 87.655708312988281 -1 241.21847534179688 101.47130584716797 -1 202.41465759277344 188.48384094238281 -1 239.931640625 205.03523254394531 -1 244.06468200683594 209.20314025878906 -1 251.28619384765625 216.54258728027344 -1 156.74435424804688 97.446334838867188 -1 154.05508422851562 102.91328430175781 -1 239.73641967773438 121.03649139404297 -1 93.074119567871094 123.06224822998047 -1 89.680885314941406 129.3232421875 -1 207.41807556152344 230.70843505859375 -1 9.6250448226928711 194.97792053222656 -1 244.932373046875 87.77752685546875 -1 189.73373413085938 64.193695068359375 -1 108.79378509521484 4.9176440238952637 -1 213.5516357421875 178.05256652832031 -1 126.55287170410156 30.620967864990234 -1 116.94610595703125 36.616291046142578 -1 31.412919998168945 177.00848388671875 -1 39.342803955078125 170.55888366699219 -1 47.126453399658203 164.08631896972656 -1 54.06304931640625 158.89312744140625 -1 108.79378509521484 4.9176440238952637 -1 196.9404296875 59.938392639160156 -1 172.09507751464844 89.133895874023438 -1 169.46517944335938 40.123470306396484 -1 154.05508422851562 102.91328430175781 -1 93.074119567871094 123.06224822998047 -1 207.41807556152344 230.70843505859375 -1 195.86289978027344 57.090633392333984 -1 244.932373046875 87.77752685546875 -1 166.41218566894531 88.919570922851562 -1 196.9404296875 59.938392639160156 -1 243.19187927246094 82.612709045410156 -1 166.41218566894531 88.919570922851562 -1 181.01068115234375 89.136215209960938 -1 226.13948059082031 95.254287719726562 -1 166.41218566894531 88.919570922851562 -1 86.550056457519531 131.80474853515625 -1 
55 0.99662586301394818 -0.07982125024339827 -0.018306915893429213 0.0055058161751851435 -0.099425440086628278 -0.39268196243198894 0.10693494433893949 1 000054.png
131.82478332519531 117.91004180908203 -1 136.64295959472656 201.24864196777344 -1 173.177978515625 129.62799072265625 -1 200.07572937011719 74.668083190917969 -1 131.01512145996094 134.83479309082031 -1 112.95415496826172 24.638874053955078 -1 126.37728881835938 98.596549987792969 -1 226.31015014648438 121.76713562011719 -1 226.31015014648438 121.76713562011719 -1 130.80201721191406 169.89265441894531 -1 152.1673583984375 155.47157287597656 -1 130.80201721191406 169.89265441894531 -1 130.80201721191406 169.89265441894531 -1 98.083053588867188 29.090764999389648 -1 185.46940612792969 51.281387329101562 -1 120.14163970947266 99.044204711914062 -1 119.2421875 177.74313354492188 -1 221.4981689453125 199.99787902832031 -1 235.67005920410156 214.46540832519531 -1 124.92766571044922 11.166312217712402 -1 240.05427551269531 88.710342407226562 -1 151.7147216796875 120.77037048339844 -1 201.7322998046875 60.057010650634766 -1 240.05427551269531 88.710342407226562 -1 75.605598449707031 147.55545043945312 -1 240.05427551269531 88.710342407226562 -1 224.4835205078125 104.65702056884766 -1 140.27963256835938 180.71498107910156 -1 135.30418395996094 34.193222045898438 -1 132.67033386230469 179.46200561523438 -1 132.67033386230469 179.46200561523438 -1 181.33970642089844 45.419116973876953 -1 135.30418395996094 34.193222045898438 -1 185.2696533203125 154.55911254882812 -1 167.88014221191406 90.57647705078125 -1 152.04376220703125 103.58648681640625 -1 241.16456604003906 116.02973937988281 -1 232.96183776855469 77.279220581054688 -1 156.54524230957031 76.880531311035156 -1 156.54524230957031 76.880531311035156 -1 174.65373229980469 40.322830200195312 -1 164.31730651855469 47.942535400390625 -1 164.38758850097656 102.84877777099609 -1 235.73307800292969 82.534759521484375 -1 171.9423828125 88.196029663085938 -1 180.00978088378906 94.39630126953125 -1 168.98023986816406 95.930099487304688 -1 248.00642395019531 97.980903625488281 -1 198.04327392578125 192.468505859375 -1 251.0416259765625 216.66140747070312 -1 121.69809722900391 26.615531921386719 -1 169.91667175292969 63.034629821777344 -1 169.91667175292969 63.034629821777344 -1 235.73307800292969 82.534759521484375 -1 248.00642395019531 97.980903625488281 -1 198.04327392578125 192.468505859375 -1 109.16672515869141 34.948818206787109 -1 141.53338623046875 19.17918586730957 -1 121.69809722900391 26.615531921386719 -1 169.91667175292969 63.034629821777344 -1 161.39675903320312 119.332275390625 -1 126.23392486572266 30.625518798828125 -1 100.09556579589844 117.12522888183594 -1 24.743144989013672 182.82064819335938 -1 222.59100341796875 187.46147155761719 -1 202.41587829589844 188.53793334960938 -1 239.87870788574219 205.14851379394531 -1 233.95716857910156 77.045562744140625 -1 116.06037902832031 45.465774536132812 -1 110.48910522460938 70.414459228515625 -1 184.05242919921875 70.076499938964844 -1 202.41587829589844 188.53793334960938 -1 100.09556579589844 117.12522888183594 -1 126.23392486572266 30.625518798828125 -1 116.06037902832031 45.465774536132812 -1 110.48910522460938 70.414459228515625 -1 151.53533935546875 75.712013244628906 -1 242.01644897460938 101.43608093261719 -1 224.04342651367188 103.21121978759766 -1 242.01182556152344 108.01689147949219 -1 181.0029296875 89.089439392089844 -1 36.416278839111328 172.91853332519531 -1 218.83378601074219 183.51615905761719 -1 9.5516748428344727 195.16943359375 -1 204.00225830078125 168.40118408203125 -1 216.02293395996094 180.35140991210938 -1 70.151542663574219 145.33949279785156 -1 72.859725952148438 139.92762756347656 -1 92.89361572265625 123.13204956054688 -1 239.53768920898438 121.03921508789062 -1 154.00715637207031 102.98947906494141 -1 226.26397705078125 95.297874450683594 -1 166.37223815917969 88.829559326171875 -1 222.84849548339844 75.062355041503906 -1 117.19346618652344 36.478172302246094 -1 169.42376708984375 40.251548767089844 -1 72.859725952148438 139.92762756347656 -1 110.69066619873047 40.928298950195312 -1 168.81755065917969 44.528846740722656 -1 196.01693725585938 56.94122314453125 -1 154.00715637207031 102.98947906494141 -1 189.70159912109375 64.160995483398438 -1 201.75625610351562 166.03506469726562 -1 245.28392028808594 84.07073974609375 -1 166.37223815917969 88.829559326171875 -1 172.12422180175781 89.19683837890625 -1 166.37223815917969 88.829559326171875 -1 100.26496887207031 6.345670223236084 -1 27.447759628295898 179.99433898925781 -1 95.852363586425781 123.9146728515625 -1 
57 0.9966081844718947 -0.080166500343020919 -0.018560730731028135 -0.00097884683015024457 0.23024130411836399 0.046215801804634291 1.721223689999889 1 000056.png
132.00393676757812 118.02103424072266 -1 136.66694641113281 201.10957336425781 -1 173.99676513671875 129.71665954589844 -1 200.10769653320312 74.695701599121094 -1 130.97053527832031 134.66749572753906 -1 112.95796203613281 24.630516052246094 -1 126.42926025390625 98.724647521972656 -1 226.25784301757812 121.76753234863281 -1 226.25784301757812 121.76753234863281 -1 152.08351135253906 156.01252746582031 -1 98.051811218261719 29.113552093505859 -1 185.50624084472656 51.280181884765625 -1 118.50340270996094 177.63180541992188 -1 221.44869995117188 199.86680603027344 -1 235.53434753417969 213.98492431640625 -1 124.87890625 11.064994812011719 -1 75.751411437988281 147.50283813476562 -1 224.56150817871094 104.59207153320312 -1 240.06253051757812 88.583511352539062 -1 201.87333679199219 60.234024047851562 -1 151.798583984375 120.67604064941406 -1 91.321449279785156 134.40306091308594 -1 183.99856567382812 155.02352905273438 -1 132.50303649902344 178.6431884765625 -1 132.50303649902344 178.6431884765625 -1 240.06253051757812 88.583511352539062 -1 240.06253051757812 88.583511352539062 -1 140.40213012695312 180.6922607421875 -1 135.34846496582031 34.203876495361328 -1 135.34846496582031 34.203876495361328 -1 231.35099792480469 77.44158935546875 -1 164.17619323730469 102.73326110839844 -1 167.892822265625 90.563552856445312 -1 174.65055847167969 40.201969146728516 -1 156.42720031738281 76.975425720214844 -1 156.42720031738281 76.975425720214844 -1 164.3079833984375 47.9388427734375 -1 141.68133544921875 19.422052383422852 -1 175.40242004394531 95.307632446289062 -1 198.07939147949219 192.11418151855469 -1 109.15956115722656 35.041774749755859 -1 121.69312286376953 26.607902526855469 -1 112.93619537353516 43.803821563720703 -1 169.92097473144531 63.033218383789062 -1 235.91239929199219 82.181221008300781 -1 171.89253234863281 88.120704650878906 -1 180.00691223144531 94.385688781738281 -1 175.40242004394531 95.307632446289062 -1 168.85397338867188 96.045669555664062 -1 239.13070678710938 100.01902770996094 -1 161.52360534667969 114.31277465820312 -1 161.50613403320312 119.46552276611328 -1 198.07939147949219 192.11418151855469 -1 229.15380859375 194.19198608398438 -1 121.69312286376953 26.607902526855469 -1 169.92097473144531 63.033218383789062 -1 169.92097473144531 63.033218383789062 -1 235.91239929199219 82.181221008300781 -1 247.94122314453125 98.141014099121094 -1 248.72506713867188 213.86947631835938 -1 229.69224548339844 74.673126220703125 -1 123.23271942138672 36.174209594726562 -1 240.14700317382812 205.28195190429688 -1 151.54716491699219 75.7725830078125 -1 177.49134826660156 91.022102355957031 -1 177.49134826660156 91.022102355957031 -1 247.94122314453125 98.141014099121094 -1 113.53036499023438 105.88042449951172 -1 241.82261657714844 107.79553985595703 -1 163.46856689453125 109.99303436279297 -1 222.47538757324219 187.40864562988281 -1 202.39755249023438 188.5189208984375 -1 158.53826904296875 80.542831420898438 -1 246.78768920898438 84.951911926269531 -1 166.39410400390625 88.813911437988281 -1 110.60413360595703 40.921421051025391 -1 180.98802185058594 89.100074768066406 -1 226.41305541992188 95.397148132324219 -1 154.05633544921875 102.70241546630859 -1 248.98916625976562 103.40866851806641 -1 151.85580444335938 116.31952667236328 -1 29.062503814697266 179.03878784179688 -1 22.18480110168457 184.66856384277344 -1 15.300807952880859 190.62162780761719 -1 8.6306171417236328 195.84002685546875 -1 5.9700450897216797 197.8585205078125 -1 2.8880946636199951 200.676025390625 -1 207.44453430175781 230.57710266113281 -1 133.45845031738281 183.94091796875 -1 115.91484069824219 45.256435394287109 -1 100.17139434814453 5.9838361740112305 -1 126.80901336669922 30.633529663085938 -1 25.732030868530273 181.71446228027344 -1 212.41743469238281 176.91694641113281 -1 34.271846771240234 174.91078186035156 -1 205.154296875 169.51547241210938 -1 54.197547912597656 158.44093322753906 -1 233.68307495117188 142.15457153320312 -1 108.89784240722656 4.8459000587463379 -1 125.75975799560547 38.048038482666016 -1 117.00879669189453 36.590873718261719 -1 166.39410400390625 88.813911437988281 -1 166.39410400390625 88.813911437988281 -1 154.05633544921875 102.70241546630859 -1 133.45845031738281 183.94091796875 -1 207.44453430175781 230.57710266113281 -1 115.91484069824219 45.256435394287109 -1 172.12263488769531 89.127799987792969 -1 125.75975799560547 38.048038482666016 -1 122.252197265625 39.995193481445312 -1 169.47378540039062 40.513614654541016 -1 108.89784240722656 4.8459000587463379 -1 167.04824829101562 41.987266540527344 -1 189.789306640625 64.074813842773438 -1 122.252197265625 39.995193481445312 -1 184.380859375 72.861076354980469 -1 74.336906433105469 141.89401245117188 -1 59.786338806152344 153.788818359375 -1 
58 0.99649667626852201 -0.08116799714940047 -0.018793245788253577 -0.0072762859540991239 0.3588598255631324 0.068377095345387773 2.0298766003589095 1 000057.png
132.11953735351562 118.118896484375 -1 136.67076110839844 201.11277770996094 -1 173.84652709960938 129.75477600097656 -1 200.08058166503906 74.640106201171875 -1 130.96900939941406 134.86041259765625 -1 112.95652770996094 24.650114059448242 -1 226.36491394042969 121.75522613525391 -1 226.36491394042969 121.75522613525391 -1 130.88589477539062 169.93568420410156 -1 152.1585693359375 155.67184448242188 -1 130.88589477539062 169.93568420410156 -1 130.88589477539062 169.93568420410156 -1 98.0380859375 28.993316650390625 -1 185.53842163085938 51.278598785400391 -1 118.4296875 177.48481750488281 -1 221.56973266601562 200.41108703613281 -1 235.72001647949219 214.33592224121094 -1 124.91578674316406 11.142828941345215 -1 163.85234069824219 134.27445983886719 -1 75.466552734375 147.80323791503906 -1 239.80078125 88.519515991210938 -1 163.85234069824219 134.27445983886719 -1 201.72315979003906 59.980644226074219 -1 239.80078125 88.519515991210938 -1 239.80078125 88.519515991210938 -1 224.60075378417969 104.56783294677734 -1 151.67938232421875 120.95260620117188 -1 231.60444641113281 77.321220397949219 -1 132.71856689453125 179.47311401367188 -1 135.38874816894531 34.157600402832031 -1 132.71856689453125 179.47311401367188 -1 135.38874816894531 34.157600402832031 -1 141.75776672363281 19.710271835327148 -1 180.94462585449219 44.811183929443359 -1 164.28204345703125 47.904495239257812 -1 156.4949951171875 76.956184387207031 -1 241.11227416992188 116.22919464111328 -1 152.00677490234375 104.13446044921875 -1 202.28440856933594 196.13009643554688 -1 202.28440856933594 196.13009643554688 -1 156.4949951171875 76.956184387207031 -1 167.87716674804688 90.566276550292969 -1 164.39260864257812 102.75402069091797 -1 249.32342529296875 92.749794006347656 -1 202.28440856933594 196.13009643554688 -1 117.34116363525391 108.1689453125 -1 175.34608459472656 95.280792236328125 -1 248.56483459472656 97.927825927734375 -1 161.34135437011719 114.50757598876953 -1 161.56193542480469 119.52446746826172 -1 198.17137145996094 192.66508483886719 -1 169.91795349121094 63.045166015625 -1 169.91795349121094 63.045166015625 -1 175.34608459472656 95.280792236328125 -1 248.56483459472656 97.927825927734375 -1 168.91816711425781 95.972389221191406 -1 109.16429138183594 35.004302978515625 -1 121.76948547363281 26.204442977905273 -1 174.42890930175781 39.914806365966797 -1 112.91271209716797 43.814048767089844 -1 169.00369262695312 46.709461212158203 -1 169.91795349121094 63.045166015625 -1 171.87019348144531 88.093963623046875 -1 180.00523376464844 94.441635131835938 -1 243.82144165039062 208.96708679199219 -1 166.31344604492188 44.061229705810547 -1 126.19929504394531 30.635173797607422 -1 110.501708984375 70.601478576660156 -1 116.08335113525391 45.296401977539062 -1 202.43124389648438 188.54515075683594 -1 184.3455810546875 69.659858703613281 -1 230.00825500488281 74.843994140625 -1 110.501708984375 70.601478576660156 -1 100.01993560791016 5.5330953598022461 -1 126.19929504394531 30.635173797607422 -1 116.08335113525391 45.296401977539062 -1 250.77615356445312 87.672836303710938 -1 151.569091796875 75.715957641601562 -1 250.77615356445312 87.672836303710938 -1 222.23989868164062 187.26322937011719 -1 243.29249572753906 79.699089050292969 -1 8.8960714340209961 195.51557922363281 -1 6.2769618034362793 197.69316101074219 -1 2.9954802989959717 200.41804504394531 -1 21.797866821289062 184.84410095214844 -1 218.56803894042969 183.02706909179688 -1 168.16535949707031 47.713863372802734 -1 116.97611999511719 36.591091156005859 -1 30.974609375 177.25364685058594 -1 206.72128295898438 171.17552185058594 -1 201.574951171875 165.71409606933594 -1 201.574951171875 165.71409606933594 -1 91.282432556152344 127.95703887939453 -1 251.48750305175781 111.41371154785156 -1 166.36058044433594 88.787322998046875 -1 226.49566650390625 95.449310302734375 -1 180.95796203613281 89.108619689941406 -1 133.47932434082031 184.10377502441406 -1 195.95938110351562 57.016242980957031 -1 168.02200317382812 60.248184204101562 -1 133.47932434082031 184.10377502441406 -1 189.56430053710938 64.426841735839844 -1 246.84088134765625 84.991241455078125 -1 172.1407470703125 89.207237243652344 -1 240.32109069824219 205.29649353027344 -1 166.36058044433594 88.787322998046875 -1 197.84834289550781 162.21896362304688 -1 207.58792114257812 230.30068969726562 -1 73.764396667480469 142.31179809570312 -1 207.58792114257812 230.30068969726562 -1 
61 0.9966108395144877 -0.080131751781131202 -0.018562111000697389 -0.0010885558842480727 0.077455980374683889 -0.012660040871819444 0.5879330691828577 1 000060.png
132.08441162109375 118.03857421875 -1 136.662353515625 201.22325134277344 -1 173.06330871582031 129.56806945800781 -1 130.99775695800781 134.78581237792969 -1 200.06733703613281 74.643898010253906 -1 113.04781341552734 24.703123092651367 -1 126.38127899169922 98.243400573730469 -1 226.02944946289062 121.99398803710938 -1 226.02944946289062 121.99398803710938 -1 130.89361572265625 169.85008239746094 -1 152.10557556152344 155.90948486328125 -1 130.89361572265625 169.85008239746094 -1 130.89361572265625 169.85008239746094 -1 98.08575439453125 29.131378173828125 -1 185.51158142089844 51.258518218994141 -1 119.24420928955078 177.51473999023438 -1 221.64199829101562 200.46783447265625 -1 235.31623840332031 213.68342590332031 -1 124.86716461181641 11.06768798828125 -1 201.7513427734375 60.031326293945312 -1 239.93818664550781 88.286460876464844 -1 224.58126831054688 104.41777801513672 -1 151.66764831542969 121.03150939941406 -1 103.42947387695312 124.31545257568359 -1 184.29046630859375 155.15267944335938 -1 103.42947387695312 124.31545257568359 -1 239.93818664550781 88.286460876464844 -1 239.93818664550781 88.286460876464844 -1 126.26650238037109 23.756370544433594 -1 181.39138793945312 45.481029510498047 -1 231.33523559570312 77.270797729492188 -1 140.40200805664062 180.51193237304688 -1 141.7049560546875 19.705558776855469 -1 135.16117858886719 33.469253540039062 -1 174.57081604003906 40.299980163574219 -1 156.43656921386719 76.9732666015625 -1 167.93563842773438 90.614547729492188 -1 241.33992004394531 116.36514282226562 -1 156.43656921386719 76.9732666015625 -1 135.16117858886719 33.469253540039062 -1 164.32194519042969 102.78877258300781 -1 109.15887451171875 35.064289093017578 -1 121.76837158203125 26.565692901611328 -1 112.97840118408203 43.656505584716797 -1 169.92173767089844 63.024253845214844 -1 171.83250427246094 88.175910949707031 -1 175.44483947753906 95.405632019042969 -1 168.8990478515625 96.005531311035156 -1 248.5203857421875 97.82440185546875 -1 239.65133666992188 100.49198913574219 -1 197.99174499511719 192.049560546875 -1 243.51727294921875 208.77096557617188 -1 251.24520874023438 216.6229248046875 -1 169.92173767089844 63.024253845214844 -1 169.92173767089844 63.024253845214844 -1 175.44483947753906 95.405632019042969 -1 248.5203857421875 97.82440185546875 -1 197.99174499511719 192.049560546875 -1 90.316886901855469 4.6242246627807617 -1 210.36543273925781 72.361534118652344 -1 99.930931091308594 5.4492373466491699 -1 126.38275909423828 30.629123687744141 -1 151.60414123535156 75.622756958007812 -1 219.00682067871094 183.60923767089844 -1 222.62480163574219 187.73049926757812 -1 202.43238830566406 188.47457885742188 -1 229.88224792480469 74.767715454101562 -1 229.02180480957031 193.97279357910156 -1 239.66119384765625 204.82693481445312 -1 242.08197021484375 108.01506042480469 -1 141.39775085449219 18.785148620605469 -1 239.05970764160156 89.796943664550781 -1 179.93913269042969 94.525222778320312 -1 241.84922790527344 97.49334716796875 -1 90.085517883300781 125.55040740966797 -1 210.36543273925781 72.361534118652344 -1 241.84922790527344 97.49334716796875 -1 161.466796875 119.3431396484375 -1 207.22724914550781 171.74929809570312 -1 212.2921142578125 176.71272277832031 -1 181.00370788574219 89.116401672363281 -1 226.48719787597656 95.293754577636719 -1 114.05852508544922 104.98923492431641 -1 252.42245483398438 109.09004211425781 -1 114.40648651123047 111.83180236816406 -1 3.1213231086730957 200.52677917480469 -1 115.86019897460938 45.461822509765625 -1 189.76748657226562 64.144943237304688 -1 108.96551513671875 4.9539504051208496 -1 116.89512634277344 36.644325256347656 -1 169.40725708007812 40.490036010742188 -1 133.48611450195312 184.13870239257812 -1 25.065464019775391 182.51626586914062 -1 216.80368041992188 181.06080627441406 -1 36.366661071777344 172.96438598632812 -1 195.13148498535156 159.31324768066406 -1 104.04779815673828 51.534069061279297 -1 172.06707763671875 89.085502624511719 -1 169.40725708007812 40.490036010742188 -1 196.81053161621094 60.113468170166016 -1 166.39996337890625 88.865386962890625 -1 166.39996337890625 88.865386962890625 -1 133.48611450195312 184.13870239257812 -1 115.86019897460938 45.461822509765625 -1 174.80751037597656 53.292873382568359 -1 196.81053161621094 60.113468170166016 -1 167.93128967285156 60.294219970703125 -1 165.13459777832031 72.519111633300781 -1 166.39996337890625 88.865386962890625 -1 108.96551513671875 4.9539504051208496 -1 22.546628952026367 184.25776672363281 -1 207.5025634765625 230.30697631835938 -1 207.5025634765625 230.30697631835938 -1 88.357887268066406 130.39509582519531 -1 38.711505889892578 171.00851440429688 -1 
72 0.99661840059918616 -0.0800574949988518 -0.018499619099040354 -0.00057024101871736693 0.093358066124828068 0.079229328400087201 0.90333971881518627 1 000070.png
132.28872680664062 118.15129852294922 -1 136.69549560546875 201.15089416503906 -1 173.4393310546875 129.62712097167969 -1 200.04042053222656 74.65264892578125 -1 130.91572570800781 134.7301025390625 -1 126.54377746582031 98.003219604492188 -1 113.12530517578125 24.742282867431641 -1 152.17787170410156 155.95574951171875 -1 98.078804016113281 29.326799392700195 -1 185.54789733886719 51.286834716796875 -1 118.75752258300781 177.5477294921875 -1 221.64537048339844 200.38824462890625 -1 235.55059814453125 214.15608215332031 -1 124.88538360595703 11.075494766235352 -1 224.51225280761719 104.68399810791016 -1 201.74189758300781 60.006309509277344 -1 240.40890502929688 88.652374267578125 -1 151.68482971191406 120.67134857177734 -1 183.95353698730469 155.40995788574219 -1 240.40890502929688 88.652374267578125 -1 240.40890502929688 88.652374267578125 -1 181.48095703125 45.649284362792969 -1 231.49317932128906 77.584564208984375 -1 140.19140625 180.93626403808594 -1 134.93891906738281 33.626537322998047 -1 141.75759887695312 19.773700714111328 -1 156.52154541015625 76.923851013183594 -1 167.94692993164062 90.625694274902344 -1 164.3223876953125 102.70551300048828 -1 151.91792297363281 104.20685577392578 -1 156.52154541015625 76.923851013183594 -1 134.93891906738281 33.626537322998047 -1 243.04144287109375 202.5089111328125 -1 121.69695281982422 26.637014389038086 -1 174.28558349609375 39.847652435302734 -1 112.9637451171875 43.789077758789062 -1 169.92903137207031 63.023765563964844 -1 195.02670288085938 62.746719360351562 -1 183.41792297363281 69.932334899902344 -1 179.96907043457031 94.373039245605469 -1 175.46614074707031 95.360984802246094 -1 168.87643432617188 96.042831420898438 -1 248.31597900390625 97.740936279296875 -1 239.58602905273438 100.29450225830078 -1 161.53033447265625 119.51729583740234 -1 198.04226684570312 192.31515502929688 -1 203.4913330078125 195.83009338378906 -1 121.69695281982422 26.637014389038086 -1 169.92903137207031 63.023765563964844 -1 169.92903137207031 63.023765563964844 -1 195.02670288085938 62.746719360351562 -1 175.46614074707031 95.360984802246094 -1 248.31597900390625 97.740936279296875 -1 203.4913330078125 195.83009338378906 -1 171.83349609375 88.052726745605469 -1 109.17062377929688 34.943065643310547 -1 164.98521423339844 49.255859375 -1 234.12379455566406 77.217819213867188 -1 229.20671081542969 194.22142028808594 -1 229.3985595703125 74.437461853027344 -1 126.38111114501953 30.62598991394043 -1 151.5439453125 75.747062683105469 -1 223.93089294433594 103.23698425292969 -1 145.61892700195312 124.53586578369141 -1 100.09932708740234 117.02838134765625 -1 207.62185668945312 172.22489929199219 -1 219.82220458984375 184.03826904296875 -1 145.61892700195312 124.53586578369141 -1 222.80778503417969 187.58306884765625 -1 202.44322204589844 188.43617248535156 -1 239.10977172851562 204.18074035644531 -1 245.84085083007812 210.79972839355469 -1 166.36955261230469 88.841102600097656 -1 172.08673095703125 89.212196350097656 -1 226.7509765625 95.466964721679688 -1 116.10652923583984 102.14807891845703 -1 154.068115234375 102.71947479248047 -1 242.10116577148438 107.80653381347656 -1 151.84027099609375 116.77976226806641 -1 103.55632781982422 253.53114318847656 -1 119.72039031982422 34.804889678955078 -1 35.837203979492188 173.30711364746094 -1 54.045398712158203 158.66267395019531 -1 108.83656311035156 5.3070154190063477 -1 15.286355972290039 190.50473022460938 -1 198.025634765625 162.59065246582031 -1 115.90100860595703 45.694801330566406 -1 99.828079223632812 6.277644157409668 -1 57.460987091064453 155.65711975097656 -1 74.687713623046875 141.59443664550781 -1 180.98452758789062 89.12359619140625 -1 116.9998779296875 36.582237243652344 -1 166.36955261230469 88.841102600097656 -1 207.57754516601562 230.59065246582031 -1 115.90100860595703 45.694801330566406 -1 128.20742797851562 36.571010589599609 -1 108.83656311035156 5.3070154190063477 -1 169.54541015625 40.142314910888672 -1 189.60768127441406 64.294563293457031 -1 158.50936889648438 80.509773254394531 -1 246.96826171875 85.015533447265625 -1 207.57754516601562 230.59065246582031 -1 251.04351806640625 111.21830749511719 -1 108.21047973632812 83.166419982910156 -1 184.39115905761719 72.817298889160156 -1 60.810150146484375 152.97026062011719 -1 114.10717010498047 104.90631866455078 -1 8.2654399871826172 195.79774475097656 -1 108.21047973632812 83.166419982910156 -1 
73 0.99652679835322233 -0.081085822615222736 -0.018820359007639599 -0.0022855243408140698 0.24570115409018445 -0.19112639549374039 1.5796163953798228 1 000072.png
134.11846923828125 118.95063781738281 -1 136.79437255859375 201.16310119628906 -1 173.84469604492188 130.28215026855469 -1 199.94438171386719 74.693305969238281 -1 130.78829956054688 134.84588623046875 -1 225.5867919921875 122.63128662109375 -1 225.5867919921875 122.63128662109375 -1 113.35308074951172 25.334880828857422 -1 152.00117492675781 155.53077697753906 -1 98.157119750976562 29.496288299560547 -1 185.42068481445312 51.376560211181641 -1 118.37103271484375 177.6016845703125 -1 221.46885681152344 201.32453918457031 -1 235.05227661132812 214.24742126464844 -1 191.27473449707031 169.30693054199219 -1 201.83988952636719 60.032852172851562 -1 224.67361450195312 105.54716491699219 -1 151.50825500488281 121.12846374511719 -1 76.501739501953125 148.1903076171875 -1 132.34359741210938 178.58273315429688 -1 132.34359741210938 178.58273315429688 -1 135.21316528320312 34.259960174560547 -1 140.47782897949219 180.34407043457031 -1 135.21316528320312 34.259960174560547 -1 141.77484130859375 19.796926498413086 -1 180.91058349609375 44.811473846435547 -1 164.34733581542969 48.132408142089844 -1 156.41177368164062 77.072769165039062 -1 167.80757141113281 90.591819763183594 -1 164.34461975097656 102.76119995117188 -1 151.99972534179688 104.14011383056641 -1 202.95445251464844 197.43856811523438 -1 202.95445251464844 197.43856811523438 -1 156.41177368164062 77.072769165039062 -1 104.34845733642578 13.687991142272949 -1 104.34845733642578 13.687991142272949 -1 175.29908752441406 95.277305603027344 -1 121.60385894775391 26.550622940063477 -1 175.29908752441406 95.277305603027344 -1 121.60385894775391 26.550622940063477 -1 169.896240234375 63.055465698242188 -1 247.96012878417969 98.459266662597656 -1 198.24505615234375 193.21469116210938 -1 109.20710754394531 34.770778656005859 -1 161.16995239257812 119.81735992431641 -1 174.149169921875 39.753559112548828 -1 112.91460418701172 43.813869476318359 -1 169.896240234375 63.055465698242188 -1 171.86930847167969 88.184425354003906 -1 179.98583984375 94.461944580078125 -1 168.97203063964844 95.869873046875 -1 247.96012878417969 98.459266662597656 -1 198.24505615234375 193.21469116210938 -1 229.26133728027344 195.23780822753906 -1 242.53572082519531 202.74935913085938 -1 250.70597839355469 217.16726684570312 -1 109.20710754394531 34.770778656005859 -1 169.896240234375 63.055465698242188 -1 243.85800170898438 209.69282531738281 -1 247.18171691894531 213.15052795410156 -1 107.03940582275391 112.09619903564453 -1 126.19060516357422 30.6705322265625 -1 222.2158203125 187.67399597167969 -1 202.42054748535156 189.21159362792969 -1 239.28398132324219 205.06333923339844 -1 203.4693603515625 168.73728942871094 -1 116.00823211669922 45.279716491699219 -1 110.43608093261719 70.539398193359375 -1 151.57176208496094 75.657333374023438 -1 223.83078002929688 103.87277984619141 -1 208.80879211425781 164.31523132324219 -1 110.43608093261719 70.539398193359375 -1 126.19060516357422 30.6705322265625 -1 39.443737030029297 164.68260192871094 -1 116.00823211669922 45.279716491699219 -1 223.83078002929688 103.87277984619141 -1 44.224834442138672 168.59597778320312 -1 206.73251342773438 172.05018615722656 -1 166.29411315917969 88.814659118652344 -1 172.13377380371094 89.275657653808594 -1 226.61830139160156 96.105598449707031 -1 154.07969665527344 102.48036193847656 -1 252.09648132324219 107.29711151123047 -1 117.11959075927734 119.51451110839844 -1 44.970535278320312 167.16781616210938 -1 225.09539794921875 180.56956481933594 -1 133.45535278320312 184.56727600097656 -1 2.705524206161499 202.54949951171875 -1 207.50848388671875 231.594482421875 -1 42.560489654541016 162.38153076171875 -1 215.17637634277344 171.09529113769531 -1 108.83644866943359 5.1693439483642578 -1 99.749038696289062 6.3576693534851074 -1 101.91912078857422 14.026527404785156 -1 117.01966857910156 36.589839935302734 -1 213.02745056152344 178.19476318359375 -1 57.282798767089844 157.13999938964844 -1 49.594333648681641 156.97978210449219 -1 60.603660583496094 154.61541748046875 -1 59.018115997314453 149.31199645996094 -1 175.89405822753906 131.00765991210938 -1 171.96331787109375 127.01881408691406 -1 108.83644866943359 5.1693439483642578 -1 122.77082824707031 39.790203094482422 -1 122.77082824707031 39.790203094482422 -1 169.51658630371094 39.971054077148438 -1 236.62458801269531 98.540428161621094 -1 133.45535278320312 184.56727600097656 -1 207.50848388671875 231.594482421875 -1 174.78620910644531 53.204029083251953 -1 189.54803466796875 64.382278442382812 -1 148.56851196289062 77.408905029296875 -1 166.29411315917969 88.814659118652344 -1 235.85932922363281 77.889053344726562 -1 90.114662170410156 126.54514312744141 -1 236.62458801269531 98.540428161621094 -1 246.95912170410156 84.977516174316406 -1 92.845466613769531 124.202392578125 -1 110.97666168212891 85.333671569824219 -1 110.97666168212891 85.333671569824219 -1 
