# Image list with two lines of data per image:
#   IMAGE_ID, QW, QX, QY, QZ, TX, TY, TZ, CAMERA_ID, NAME
#   POINTS2D[] as (X, Y, POINT3D_ID)
# Number of images: 5, mean observations per image: 0
27 0.99778983682273792 -0.058934423473512777 0.019010815323584652 -0.024099049023379556 0.59278335043960584 -0.42076747129797137 4.4362087292577836 1 000029.png
67.832916259765625 84.454574584960938 -1 213.03956604003906 15.86143684387207 -1 121.80696868896484 111.00395965576172 -1 31.151065826416016 134.19654846191406 -1 84.168556213378906 143.62997436523438 -1 31.151065826416016 134.19654846191406 -1 84.168556213378906 143.62997436523438 -1 146.86274719238281 70.065422058105469 -1 156.03071594238281 143.16529846191406 -1 145.74082946777344 181.2099609375 -1 197.13931274414062 186.65153503417969 -1 121.05485534667969 156.67831420898438 -1 38.961360931396484 183.37788391113281 -1 68.784614562988281 206.29678344726562 -1 207.73603820800781 212.34370422363281 -1 121.05485534667969 156.67831420898438 -1 68.784614562988281 206.29678344726562 -1 68.784614562988281 206.29678344726562 -1 155.95628356933594 100.67549133300781 -1 168.46243286132812 208.65077209472656 -1 103.63534545898438 22.008033752441406 -1 155.95628356933594 100.67549133300781 -1 38.272716522216797 107.75544738769531 -1 206.45169067382812 191.67828369140625 -1 98.181198120117188 190.90289306640625 -1 211.91838073730469 174.39253234863281 -1 211.91838073730469 174.39253234863281 -1 32.636615753173828 202.63945007324219 -1 198.98423767089844 205.08207702636719 -1 64.626983642578125 164.57087707519531 -1 97.748359680175781 131.5948486328125 -1 80.010467529296875 165.82051086425781 -1 32.636615753173828 202.63945007324219 -1 50.142787933349609 142.83021545410156 -1 180.61235046386719 156.09262084960938 -1 64.626983642578125 164.57087707519531 -1 50.142787933349609 142.83021545410156 -1 171.83599853515625 167.41020202636719 -1 10.257744789123535 147.99185180664062 -1 188.48094177246094 146.28451538085938 -1 166.25987243652344 130.46662902832031 -1 177.47515869140625 204.45748901367188 -1 11.541311264038086 121.33265686035156 -1 10.257744789123535 147.99185180664062 -1 171.83599853515625 167.41020202636719 -1 141.91194152832031 202.278564453125 -1 173.9671630859375 193.70152282714844 -1 144.17283630371094 201.36848449707031 -1 17.73736572265625 191.14590454101562 -1 18.575336456298828 153.22279357910156 -1 102.87160491943359 91.749900817871094 -1 102.87160491943359 91.749900817871094 -1 144.96743774414062 130.14302062988281 -1 18.575336456298828 153.22279357910156 -1 185.65707397460938 181.88172912597656 -1 17.73736572265625 191.14590454101562 -1 77.629226684570312 192.06684875488281 -1 101.73249053955078 90.736045837402344 -1 64.857177734375 175.57907104492188 -1 176.83161926269531 179.7547607421875 -1 64.857177734375 175.57907104492188 -1 145.28709411621094 221.57498168945312 -1 47.151065826416016 106.66005706787109 -1 221.41949462890625 243.66566467285156 -1 101.73249053955078 90.736045837402344 -1 6.2485485076904297 202.52560424804688 -1 7.833287239074707 213.12992858886719 -1 64.857177734375 175.57907104492188 -1 47.151065826416016 106.66005706787109 -1 191.92982482910156 168.54409790039062 -1 216.74357604980469 233.3287353515625 -1 23.486532211303711 112.99537658691406 -1 41.088150024414062 116.46718597412109 -1 130.26513671875 236.03561401367188 -1 124.16005706787109 247.97514343261719 -1 136.9761962890625 247.50666809082031 -1 11.686152458190918 248.86158752441406 -1 139.52133178710938 219.99603271484375 -1 139.52133178710938 219.99603271484375 -1 90.959236145019531 232.8314208984375 -1 124.16005706787109 247.97514343261719 -1 90.959236145019531 232.8314208984375 -1 78.746543884277344 211.47085571289062 -1 78.746543884277344 211.47085571289062 -1 61.078445434570312 192.43626403808594 -1 8.2559490203857422 117.56294250488281 -1 23.486532211303711 112.99537658691406 -1 29.549665451049805 107.16536712646484 -1 8.2559490203857422 117.56294250488281 -1 78.746543884277344 211.47085571289062 -1 176.36770629882812 187.96037292480469 -1 170.57258605957031 178.30679321289062 -1 125.18413543701172 178.24560546875 -1 57.497699737548828 176.43365478515625 -1 61.078445434570312 192.43626403808594 -1 53.149753570556641 170.77731323242188 -1 44.31365966796875 163.76473999023438 -1 121.38996124267578 133.89411926269531 -1 29.549665451049805 107.16536712646484 -1 186.74365234375 173.49778747558594 -1 143.27388000488281 128.63742065429688 -1 151.09150695800781 202.70991516113281 -1 83.466835021972656 211.53785705566406 -1 222.12109375 229.85096740722656 -1 45.155071258544922 120.71304321289062 -1 11.371606826782227 141.4180908203125 -1 56.475730895996094 145.71878051757812 -1 11.947396278381348 178.81074523925781 -1 219.19534301757812 196.07344055175781 -1 148.54075622558594 199.37074279785156 -1 157.01405334472656 200.23139953613281 -1 4.0127391815185547 203.22404479980469 -1 151.09150695800781 202.70991516113281 -1 83.466835021972656 211.53785705566406 -1 134.43309020996094 220.51885986328125 -1 82.893714904785156 221.275390625 -1 244.40786743164062 226.99502563476562 -1 11.908167839050293 240.16696166992188 -1 15.665660858154297 244.13005065917969 -1 1.9150258302688599 248.16007995605469 -1 113.45803070068359 248.896728515625 -1 220.10765075683594 251.59294128417969 -1 45.155071258544922 120.71304321289062 -1 11.947396278381348 178.81074523925781 -1 162.97113037109375 187.58056640625 -1 136.63375854492188 96.904518127441406 -1 112.41957855224609 133.50492858886719 -1 15.386584281921387 148.48397827148438 -1 133.52365112304688 131.67008972167969 -1 58.06268310546875 156.03144836425781 -1 49.022731781005859 162.83053588867188 -1 189.55609130859375 170.33184814453125 -1 182.23829650878906 175.92158508300781 -1 70.085929870605469 178.09451293945312 -1 49.022731781005859 162.83053588867188 -1 180.894775390625 187.41897583007812 -1 42.916458129882812 190.76625061035156 -1 171.5906982421875 199.43844604492188 -1 137.4359130859375 216.33653259277344 -1 94.046272277832031 230.75108337402344 -1 155.7685546875 249.97943115234375 -1 149.16839599609375 250.52313232421875 -1 49.022731781005859 162.83053588867188 -1 64.629570007324219 152.15748596191406 -1 24.332778930664062 114.39720153808594 -1 70.085929870605469 178.09451293945312 -1 42.916458129882812 190.76625061035156 -1 25.611881256103516 109.75831604003906 -1 24.332778930664062 114.39720153808594 -1 140.35548400878906 125.16617584228516 -1 4.3666563034057617 187.16300964355469 -1 12.339888572692871 189.44804382324219 -1 54.918678283691406 191.72760009765625 -1 52.548912048339844 194.46226501464844 -1 153.58973693847656 204.93373107910156 -1 140.56846618652344 211.45469665527344 -1 251.02203369140625 231.84323120117188 -1 96.887641906738281 239.31027221679688 -1 52.957386016845703 162.65740966796875 -1 100.35504913330078 251.04537963867188 -1 168.26606750488281 251.26101684570312 -1 133.84786987304688 253.01417541503906 -1 43.950870513916016 158.83906555175781 -1 10.020848274230957 159.20561218261719 -1 65.5799560546875 156.16241455078125 -1 61.680625915527344 155.36729431152344 -1 107.63192749023438 153.31684875488281 -1 50.320911407470703 152.72200012207031 -1 11.497776031494141 152.36428833007812 -1 14.228741645812988 151.63385009765625 -1 3.6383564472198486 143.64195251464844 -1 106.48029327392578 141.71347045898438 -1 15.782350540161133 140.92228698730469 -1 103.90240478515625 140.26385498046875 -1 34.933120727539062 138.11279296875 -1 37.214817047119141 136.22514343261719 -1 55.414096832275391 134.92263793945312 -1 179.36636352539062 133.34407043457031 -1 70.655174255371094 132.0797119140625 -1 74.56964111328125 128.73486328125 -1 52.922431945800781 131.52613830566406 -1 139.44804382324219 130.04470825195312 -1 99.861190795898438 110.56099700927734 -1 32.40826416015625 99.490768432617188 -1 179.36636352539062 133.34407043457031 -1 4.3666563034057617 187.16300964355469 -1 100.35504913330078 251.04537963867188 -1 6.2440352439880371 124.03276062011719 -1 133.84786987304688 253.01417541503906 -1 32.40826416015625 99.490768432617188 -1 60.018878936767578 184.08653259277344 -1 181.42498779296875 81.085845947265625 -1 46.616085052490234 174.12991333007812 -1 207.05050659179688 185.73738098144531 -1 168.26606750488281 251.26101684570312 -1 170.68589782714844 250.59585571289062 -1 5.2258191108703613 115.63069152832031 -1 9.9470996856689453 113.98124694824219 -1 9.0301284790039062 193.66654968261719 -1 163.27780151367188 191.2244873046875 -1 208.39604187011719 183.52748107910156 -1 47.418125152587891 155.69850158691406 -1 17.878276824951172 149.65476989746094 -1 102.16507720947266 129.20228576660156 -1 170.68589782714844 250.59585571289062 -1 172.6773681640625 196.76158142089844 -1 170.68589782714844 250.59585571289062 -1 
31 0.99784445410201983 -0.057632267325237865 0.019609982027823752 -0.024503383147291169 0.44867878703543163 -0.12080605605947355 3.236849768602617 1 000030.png
68.889633178710938 81.1883544921875 -1 212.93867492675781 16.447280883789062 -1 121.20753479003906 110.53038024902344 -1 29.944210052490234 133.33261108398438 -1 83.147979736328125 143.25270080566406 -1 29.944210052490234 133.33261108398438 -1 83.147979736328125 143.25270080566406 -1 146.26536560058594 69.665557861328125 -1 155.86540222167969 143.02838134765625 -1 36.765121459960938 184.15487670898438 -1 144.90608215332031 183.3809814453125 -1 155.86540222167969 143.02838134765625 -1 208.8197021484375 215.4112548828125 -1 120.16896057128906 158.18878173828125 -1 197.57392883300781 188.82806396484375 -1 68.298713684082031 208.58346557617188 -1 167.46658325195312 212.25296020507812 -1 68.298713684082031 208.58346557617188 -1 120.16896057128906 158.18878173828125 -1 68.298713684082031 208.58346557617188 -1 102.94437408447266 20.952045440673828 -1 155.91937255859375 100.40827178955078 -1 155.91937255859375 100.40827178955078 -1 119.83744812011719 77.560783386230469 -1 37.216842651367188 106.87081909179688 -1 213.77613830566406 177.24058532714844 -1 48.806228637695312 142.782958984375 -1 180.61444091796875 156.11195373535156 -1 64.343704223632812 164.6295166015625 -1 31.407915115356445 205.36276245117188 -1 56.021995544433594 208.56950378417969 -1 199.44549560546875 208.29464721679688 -1 48.806228637695312 142.782958984375 -1 31.407915115356445 205.36276245117188 -1 18.189058303833008 191.65185546875 -1 137.35014343261719 205.82034301757812 -1 18.189058303833008 191.65185546875 -1 11.680539131164551 121.19753265380859 -1 64.343704223632812 164.6295166015625 -1 171.82978820800781 167.41307067871094 -1 177.45298767089844 207.08561706542969 -1 54.973873138427734 128.62834167480469 -1 173.43096923828125 195.79634094238281 -1 171.82978820800781 167.41307067871094 -1 54.551342010498047 153.9166259765625 -1 188.41520690917969 146.17582702636719 -1 166.19845581054688 130.29173278808594 -1 46.2532958984375 117.75907135009766 -1 87.8546142578125 121.50575256347656 -1 17.438226699829102 152.37429809570312 -1 12.590917587280273 193.43417358398438 -1 78.961883544921875 194.89384460449219 -1 182.03567504882812 230.31585693359375 -1 101.6900634765625 90.800483703613281 -1 87.8546142578125 121.50575256347656 -1 17.438226699829102 152.37429809570312 -1 12.590917587280273 193.43417358398438 -1 78.961883544921875 194.89384460449219 -1 101.6900634765625 90.800483703613281 -1 100.50019836425781 89.759971618652344 -1 175.97152709960938 189.6953125 -1 232.68789672851562 224.56912231445312 -1 218.75115966796875 233.90989685058594 -1 143.90768432617188 128.79931640625 -1 46.175315856933594 105.78622436523438 -1 65.044914245605469 175.4586181640625 -1 129.66653442382812 249.36659240722656 -1 65.044914245605469 175.4586181640625 -1 100.50019836425781 89.759971618652344 -1 144.8441162109375 202.93753051757812 -1 46.175315856933594 105.78622436523438 -1 175.97152709960938 189.6953125 -1 232.68789672851562 224.56912231445312 -1 43.549354553222656 162.85812377929688 -1 191.92196655273438 168.46575927734375 -1 65.044914245605469 175.4586181640625 -1 177.19075012207031 179.56893920898438 -1 95.428260803222656 248.01353454589844 -1 117.22077178955078 250.28218078613281 -1 7.4654541015625 251.03147888183594 -1 117.22077178955078 250.28218078613281 -1 117.22077178955078 250.28218078613281 -1 90.984336853027344 232.55976867675781 -1 87.657524108886719 222.26748657226562 -1 87.657524108886719 222.26748657226562 -1 139.41500854492188 220.34327697753906 -1 242.77127075195312 226.52082824707031 -1 171.88299560546875 184.60818481445312 -1 181.18731689453125 170.93235778808594 -1 181.18731689453125 170.93235778808594 -1 49.770668029785156 164.44279479980469 -1 22.445247650146484 112.09568023681641 -1 28.605264663696289 105.83542633056641 -1 28.605264663696289 105.83542633056641 -1 87.657524108886719 222.26748657226562 -1 139.41500854492188 220.34327697753906 -1 3.9155852794647217 214.24118041992188 -1 22.445247650146484 112.09568023681641 -1 64.475997924804688 196.48329162597656 -1 176.620361328125 187.95887756347656 -1 53.149909973144531 170.78434753417969 -1 171.88299560546875 184.60818481445312 -1 124.74446105957031 179.46717834472656 -1 170.59463500976562 178.45994567871094 -1 57.493453979492188 176.26824951171875 -1 186.74937438964844 173.53094482421875 -1 40.071456909179688 115.64701080322266 -1 64.475997924804688 196.48329162597656 -1 120.50406646728516 134.61166381835938 -1 49.770668029785156 164.44279479980469 -1 181.18731689453125 170.93235778808594 -1 90.984336853027344 232.55976867675781 -1 12.473514556884766 245.53288269042969 -1 222.56867980957031 245.18968200683594 -1 176.48809814453125 131.559326171875 -1 58.750778198242188 187.99298095703125 -1 42.135349273681641 191.09918212890625 -1 220.96975708007812 199.08880615234375 -1 146.16111755371094 202.20585632324219 -1 149.38963317871094 205.16513061523438 -1 82.166236877441406 209.27493286132812 -1 85.4400634765625 215.99754333496094 -1 82.640922546386719 220.56759643554688 -1 134.3953857421875 220.86772155761719 -1 224.16824340820312 230.340087890625 -1 7.8186674118041992 242.44931030273438 -1 221.77549743652344 252.54145812988281 -1 181.62321472167969 191.42332458496094 -1 44.198375701904297 120.01629638671875 -1 111.41848754882812 133.27125549316406 -1 55.386848449707031 145.21240234375 -1 48.221710205078125 170.68724060058594 -1 10.673930168151855 177.46817016601562 -1 44.198375701904297 120.01629638671875 -1 48.221710205078125 170.68724060058594 -1 10.673930168151855 177.46817016601562 -1 42.135349273681641 191.09918212890625 -1 149.38963317871094 205.16513061523438 -1 82.166236877441406 209.27493286132812 -1 82.166236877441406 209.27493286132812 -1 95.989234924316406 235.35035705566406 -1 97.59478759765625 240.26429748535156 -1 11.948210716247559 252.91343688964844 -1 148.52850341796875 254.00619506835938 -1 169.86927795410156 201.98818969726562 -1 181.14891052246094 187.35624694824219 -1 23.291206359863281 113.47509765625 -1 70.163818359375 178.07087707519531 -1 148.52850341796875 254.00619506835938 -1 45.346549987792969 113.45516967773438 -1 10.258939743041992 188.58525085449219 -1 78.976638793945312 211.29946899414062 -1 137.40632629394531 216.64456176757812 -1 136.56736755371094 94.984138488769531 -1 24.541963577270508 108.50765991210938 -1 98.370384216308594 110.12941741943359 -1 140.80470275878906 210.77976989746094 -1 23.291206359863281 113.47509765625 -1 94.020309448242188 230.41342163085938 -1 137.299560546875 120.08391571044922 -1 139.48751831054688 128.71388244628906 -1 133.079833984375 130.94609069824219 -1 133.079833984375 130.94609069824219 -1 138.44645690917969 134.49595642089844 -1 10.117968559265137 140.97325134277344 -1 189.59980773925781 170.28359985351562 -1 182.34445190429688 175.93879699707031 -1 70.163818359375 178.07087707519531 -1 41.551734924316406 187.07421875 -1 54.970073699951172 191.24842834472656 -1 22.502086639404297 177.44168090820312 -1 4.609827995300293 195.79095458984375 -1 31.030107498168945 98.274391174316406 -1 147.87391662597656 198.50953674316406 -1 5.228691577911377 206.548095703125 -1 90.043182373046875 242.1888427734375 -1 168.30157470703125 253.93936157226562 -1 179.35670471191406 133.06379699707031 -1 46.643756866455078 174.10604858398438 -1 15.724042892456055 167.70559692382812 -1 35.023666381835938 165.38154602050781 -1 48.9510498046875 162.60371398925781 -1 42.988014221191406 157.830078125 -1 106.57009887695312 156.05543518066406 -1 10.443406105041504 151.75596618652344 -1 13.185939788818359 150.91244506835938 -1 14.32703971862793 147.8724365234375 -1 2.4101715087890625 142.96531677246094 -1 16.944486618041992 142.1322021484375 -1 63.951702117919922 141.52308654785156 -1 14.477042198181152 140.31724548339844 -1 33.975124359130859 137.6190185546875 -1 36.232044219970703 135.76481628417969 -1 31.030107498168945 98.274391174316406 -1 51.936851501464844 131.01045227050781 -1 136.25163269042969 130.01071166992188 -1 75.383087158203125 129.95748901367188 -1 142.60197448730469 127.52967834472656 -1 74.322151184082031 127.81448364257812 -1 51.280586242675781 120.00822448730469 -1 172.63064575195312 124.73846435546875 -1 16.944486618041992 142.1322021484375 -1 48.9510498046875 162.60371398925781 -1 4.609827995300293 195.79095458984375 -1 168.30157470703125 253.93936157226562 -1 172.63064575195312 124.73846435546875 -1 49.545703887939453 151.72134399414062 -1 54.426883697509766 134.45721435546875 -1 5.0345563888549805 123.29540252685547 -1 137.05473327636719 124.73928833007812 -1 44.768718719482422 187.4830322265625 -1 60.037017822265625 183.8323974609375 -1 51.280586242675781 120.00822448730469 -1 140.7027587890625 211.48277282714844 -1 8.3614978790283203 198.44276428222656 -1 170.88185119628906 199.29258728027344 -1 70.149566650390625 131.27516174316406 -1 
32 0.99757778589363288 -0.055491733641223895 0.025239800370080796 -0.033498971123410548 -0.80458310486011231 0.19771500427092528 -5.4476065945969747 1 000033.png
5.6092867851257324 135.31668090820312 -1 165.94021606445312 170.264892578125 -1 118.88180541992188 106.17167663574219 -1 64.071929931640625 76.559974670410156 -1 21.268383026123047 131.94572448730469 -1 64.071929931640625 76.559974670410156 -1 79.45452880859375 140.58271789550781 -1 79.45452880859375 140.58271789550781 -1 152.60276794433594 72.254287719726562 -1 155.95193481445312 140.6820068359375 -1 117.97568511962891 157.44300842285156 -1 31.925552368164062 183.26637268066406 -1 141.67230224609375 187.898681640625 -1 200.63929748535156 191.75276184082031 -1 69.12310791015625 219.97804260253906 -1 155.95193481445312 140.6820068359375 -1 117.97568511962891 157.44300842285156 -1 31.925552368164062 183.26637268066406 -1 96.649345397949219 21.670745849609375 -1 163.55235290527344 220.61064147949219 -1 212.48200988769531 222.46926879882812 -1 155.51960754394531 96.128997802734375 -1 12.959467887878418 192.69630432128906 -1 155.51960754394531 96.128997802734375 -1 44.687278747558594 139.35684204101562 -1 33.49713134765625 103.08385467529297 -1 181.40736389160156 154.32032775878906 -1 44.687278747558594 139.35684204101562 -1 190.84486389160156 142.98716735839844 -1 63.414669036865234 164.71229553222656 -1 50.608039855957031 152.71246337890625 -1 63.414669036865234 164.71229553222656 -1 170.87384033203125 200.71127319335938 -1 54.919971466064453 212.68904113769531 -1 175.88827514648438 214.36471557617188 -1 63.414669036865234 164.71229553222656 -1 242.6925048828125 248.24623107910156 -1 171.10400390625 167.32878112792969 -1 78.914459228515625 165.56562805175781 -1 171.10400390625 167.32878112792969 -1 197.44306945800781 213.1435546875 -1 86.26531982421875 171.389404296875 -1 185.90480041503906 182.46160888671875 -1 81.461769104003906 201.59210205078125 -1 188.15115356445312 220.80984497070312 -1 188.15115356445312 220.80984497070312 -1 188.15115356445312 220.80984497070312 -1 81.461769104003906 201.59210205078125 -1 165.79515075683594 202.64021301269531 -1 144.08148193359375 126.08401489257812 -1 6.4936871528625488 143.86296081542969 -1 118.42075347900391 187.20765686035156 -1 138.96804809570312 209.53514099121094 -1 138.78067016601562 219.68701171875 -1 232.44157409667969 242.04205322265625 -1 42.836540222167969 101.99891662597656 -1 175.51052856445312 188.6973876953125 -1 64.362152099609375 175.32270812988281 -1 176.24703979492188 179.61236572265625 -1 170.34693908691406 185.19998168945312 -1 175.32484436035156 158.84812927246094 -1 118.38005065917969 132.57406616210938 -1 39.938724517822266 191.61207580566406 -1 65.429519653320312 201.3214111328125 -1 168.41267395019531 178.71170043945312 -1 138.78067016601562 219.68701171875 -1 170.34693908691406 185.19998168945312 -1 64.362152099609375 175.32270812988281 -1 42.836540222167969 101.99891662597656 -1 129.8079833984375 246.83351135253906 -1 137.94488525390625 78.604331970214844 -1 122.50106048583984 250.23918151855469 -1 127.48036956787109 240.75732421875 -1 170.60801696777344 114.54452514648438 -1 154.80116271972656 195.27006530761719 -1 54.68914794921875 192.6368408203125 -1 67.677993774414062 182.55694580078125 -1 124.38967895507812 179.70021057128906 -1 90.707466125488281 234.28007507324219 -1 72.400245666503906 177.82559204101562 -1 95.849472045898438 83.347198486328125 -1 13.529241561889648 111.72982788085938 -1 82.935699462890625 119.30470275878906 -1 112.54941558837891 129.08770751953125 -1 176.56678771972656 126.27755737304688 -1 170.60801696777344 114.54452514648438 -1 5.1168289184570312 137.31785583496094 -1 90.707466125488281 234.28007507324219 -1 180.324462890625 170.9932861328125 -1 180.324462890625 170.9932861328125 -1 95.849472045898438 83.347198486328125 -1 186.00238037109375 173.29986572265625 -1 180.324462890625 170.9932861328125 -1 52.376842498779297 171.35917663574219 -1 47.1058349609375 171.03184509277344 -1 72.400245666503906 177.82559204101562 -1 88.123947143554688 226.06192016601562 -1 40.720264434814453 116.30905914306641 -1 48.715766906738281 164.13789367675781 -1 88.123947143554688 226.06192016601562 -1 40.720264434814453 116.30905914306641 -1 229.38613891601562 205.17497253417969 -1 60.642547607421875 190.91201782226562 -1 134.85137939453125 89.169075012207031 -1 141.30400085449219 100.91685485839844 -1 161.42849731445312 188.84356689453125 -1 5.3790278434753418 188.61766052246094 -1 141.80146789550781 89.971389770507812 -1 173.40605163574219 175.56974792480469 -1 44.345306396484375 166.8128662109375 -1 95.60809326171875 123.65325164794922 -1 10.415630340576172 184.40547180175781 -1 144.44174194335938 211.20211791992188 -1 123.95725250244141 131.48330688476562 -1 144.44174194335938 211.20211791992188 -1 134.85137939453125 89.169075012207031 -1 107.64031219482422 132.11419677734375 -1 239.73402404785156 251.24417114257812 -1 230.40925598144531 250.68458557128906 -1 232.54507446289062 235.26432800292969 -1 149.943359375 209.31729125976562 -1 142.3170166015625 92.649215698242188 -1 232.44245910644531 234.30003356933594 -1 89.153045654296875 242.46553039550781 -1 142.75942993164062 117.89002990722656 -1 98.037567138671875 245.05870056152344 -1 137.81697082519531 79.462287902832031 -1 180.44869995117188 187.62388610839844 -1 36.746959686279297 187.17674255371094 -1 30.042598724365234 201.75393676757812 -1 47.304080963134766 146.09843444824219 -1 5.7311296463012695 138.43411254882812 -1 180.44869995117188 187.62388610839844 -1 7.8728671073913574 110.540283203125 -1 27.609643936157227 94.585586547851562 -1 139.1837158203125 124.86562347412109 -1 138.01216125488281 130.74546813964844 -1 30.094951629638672 133.78846740722656 -1 3.0646138191223145 141.08656311035156 -1 93.733657836914062 165.50689697265625 -1 188.96304321289062 169.91224670410156 -1 210.80293273925781 173.24642944335938 -1 181.55712890625 175.65174865722656 -1 41.911567687988281 183.78350830078125 -1 58.502639770507812 187.53619384765625 -1 170.13128662109375 204.86558532714844 -1 133.50430297851562 221.62019348144531 -1 40.098316192626953 95.428604125976562 -1 19.567262649536133 110.35829162597656 -1 136.85687255859375 115.62957763671875 -1 45.348831176757812 174.55677795410156 -1 187.15321350097656 177.14019775390625 -1 207.2919921875 181.14262390136719 -1 123.39108276367188 242.07101440429688 -1 210.97299194335938 185.77813720703125 -1 222.18821716308594 189.35487365722656 -1 213.74998474121094 189.86344909667969 -1 220.85394287109375 195.24668884277344 -1 202.36238098144531 173.88102722167969 -1 136.57656860351562 120.46550750732422 -1 48.007045745849609 162.630859375 -1 96.942085266113281 241.45555114746094 -1 93.641456604003906 232.50009155273438 -1 55.840862274169922 153.21566772460938 -1 207.08322143554688 169.60350036621094 -1 131.99656677246094 225.87165832519531 -1 146.04293823242188 214.481201171875 -1 226.62297058105469 203.13938903808594 -1 8.4437427520751953 149.72151184082031 -1 48.318073272705078 148.62748718261719 -1 68.733192443847656 177.69598388671875 -1 135.99578857421875 144.33827209472656 -1 13.904314994812012 141.70416259765625 -1 101.59725189208984 140.46546936035156 -1 57.977108001708984 139.55154418945312 -1 12.372688293457031 139.41677856445312 -1 103.10679626464844 155.3565673828125 -1 52.438289642333984 137.82844543457031 -1 60.047367095947266 137.64834594726562 -1 136.88587951660156 137.28343200683594 -1 32.655021667480469 131.99497985839844 -1 51.431304931640625 131.46134948730469 -1 29.834095001220703 130.67520141601562 -1 136.09809875488281 125.86145782470703 -1 72.471183776855469 125.90850067138672 -1 142.09623718261719 123.41867065429688 -1 71.330268859863281 123.81407165527344 -1 101.05924987792969 159.00175476074219 -1 95.999137878417969 118.21124267578125 -1 19.567262649536133 110.35829162597656 -1 52.438289642333984 137.82844543457031 -1 12.372688293457031 139.41677856445312 -1 48.007045745849609 162.630859375 -1 226.62297058105469 203.13938903808594 -1 68.733192443847656 177.69598388671875 -1 196.51095581054688 165.58389282226562 -1 7.7290048599243164 113.39914703369141 -1 216.81034851074219 193.37725830078125 -1 59.242038726806641 183.80671691894531 -1 231.82681274414062 202.54951477050781 -1 30.784824371337891 194.78904724121094 -1 67.15167236328125 127.26930236816406 -1 
33 0.9976049465154686 -0.055412104683845789 0.023356297660311866 -0.034181174672304047 -0.31571801240192049 0.25929615388237115 -2.4034510805118763 1 000032.png
164.14096069335938 168.85441589355469 -1 65.115867614746094 77.548088073730469 -1 26.205589294433594 132.65864562988281 -1 26.205589294433594 132.65864562988281 -1 214.46382141113281 7.6418681144714355 -1 119.87388610839844 107.50837707519531 -1 81.093765258789062 141.24076843261719 -1 81.093765258789062 141.24076843261719 -1 145.57740783691406 64.518043518066406 -1 156.37831115722656 141.55943298339844 -1 199.96810913085938 190.48399353027344 -1 119.0478515625 157.576416015625 -1 34.539951324462891 184.0455322265625 -1 143.60108947753906 186.39878845214844 -1 69.886863708496094 217.76751708984375 -1 34.539951324462891 184.0455322265625 -1 119.0478515625 157.576416015625 -1 95.843818664550781 24.610635757446289 -1 166.45294189453125 216.92213439941406 -1 211.94754028320312 219.68458557128906 -1 155.60906982421875 97.981353759765625 -1 155.60906982421875 97.981353759765625 -1 15.385223388671875 192.75617980957031 -1 15.385223388671875 192.75617980957031 -1 35.250709533691406 104.83538055419922 -1 0.75852686166763306 149.28352355957031 -1 134.25936889648438 123.63283538818359 -1 87.184913635253906 196.92628479003906 -1 0.75852686166763306 149.28352355957031 -1 28.230539321899414 211.05952453613281 -1 177.54176330566406 210.62063598632812 -1 46.592544555664062 141.33003234863281 -1 53.314662933349609 152.73973083496094 -1 182.163330078125 155.47953796386719 -1 64.308273315429688 164.62429809570312 -1 56.178581237792969 211.7984619140625 -1 64.308273315429688 164.62429809570312 -1 200.31675720214844 211.49493408203125 -1 46.592544555664062 141.33003234863281 -1 64.308273315429688 164.62429809570312 -1 44.321399688720703 115.79122924804688 -1 104.62541961669922 125.75279235839844 -1 136.83233642578125 208.92353820800781 -1 172.6651611328125 198.68878173828125 -1 172.39945983886719 167.41726684570312 -1 41.949520111083984 162.15177917480469 -1 166.81793212890625 127.37141418457031 -1 172.39945983886719 167.41726684570312 -1 144.99351501464844 127.66544342041016 -1 139.15687561035156 208.13815307617188 -1 228.71488952636719 253.21343994140625 -1 85.702919006347656 119.54269409179688 -1 85.702919006347656 119.54269409179688 -1 8.2274789810180664 145.55766296386719 -1 14.856988906860352 152.49896240234375 -1 193.8057861328125 167.53285217285156 -1 186.02897644042969 182.09735107421875 -1 64.788536071777344 199.20643615722656 -1 189.22805786132812 221.63784790039062 -1 65.640205383300781 175.49848937988281 -1 44.290393829345703 103.67493438720703 -1 176.6217041015625 126.77754974365234 -1 65.640205383300781 175.49848937988281 -1 44.290393829345703 103.67493438720703 -1 177.39523315429688 179.82574462890625 -1 189.22805786132812 221.63784790039062 -1 238.64776611328125 223.05830383300781 -1 229.90121459960938 241.99778747558594 -1 143.80845642089844 126.05392456054688 -1 65.640205383300781 175.49848937988281 -1 96.396781921386719 126.03416442871094 -1 238.64776611328125 223.05830383300781 -1 177.00370788574219 188.05720520019531 -1 171.28631591796875 178.28044128417969 -1 162.57359313964844 188.25923156738281 -1 42.232723236083984 190.70957946777344 -1 138.35916137695312 222.39852905273438 -1 91.69390869140625 232.79183959960938 -1 131.12362670898438 246.15602111816406 -1 57.986709594726562 176.56329345703125 -1 129.51222229003906 239.58460998535156 -1 91.69390869140625 232.79183959960938 -1 42.232723236083984 190.70957946777344 -1 181.61151123046875 171.15486145019531 -1 26.574041366577148 103.38373565673828 -1 97.706245422363281 85.7486572265625 -1 187.23471069335938 173.51930236816406 -1 181.61151123046875 171.15486145019531 -1 74.4215087890625 177.71586608886719 -1 53.675411224365234 171.01544189453125 -1 48.450115203857422 170.79354858398438 -1 119.02362823486328 133.01983642578125 -1 97.706245422363281 85.7486572265625 -1 38.069591522216797 113.7659912109375 -1 15.287640571594238 113.56670379638672 -1 124.79243469238281 179.58102416992188 -1 26.574041366577148 103.38373565673828 -1 74.4215087890625 177.71586608886719 -1 167.83778381347656 206.44119262695312 -1 20.613574981689453 110.51808929443359 -1 20.613574981689453 110.51808929443359 -1 50.229522705078125 164.4970703125 -1 101.74593353271484 158.88467407226562 -1 139.19741821289062 145.76678466796875 -1 37.643470764160156 187.88877868652344 -1 4.5115208625793457 114.53485870361328 -1 42.207687377929688 118.02851104736328 -1 113.70550537109375 130.79336547851562 -1 124.2327880859375 131.63665771484375 -1 109.16010284423828 133.26640319824219 -1 46.101894378662109 166.73905944824219 -1 27.945798873901367 172.2000732421875 -1 12.631272315979004 186.40875244140625 -1 120.36384582519531 186.91822814941406 -1 7.5829482078552246 190.90841674804688 -1 116.53376007080078 192.8958740234375 -1 178.70785522460938 202.0189208984375 -1 226.81459045410156 202.41604614257812 -1 152.79299926757812 206.64340209960938 -1 68.443046569824219 207.28263854980469 -1 147.10922241210938 208.97145080566406 -1 84.182403564453125 212.80226135253906 -1 84.421302795410156 223.85443115234375 -1 89.252357482910156 224.97010803222656 -1 230.74006652832031 228.49014282226562 -1 229.76797485351562 235.30242919921875 -1 97.435340881347656 236.38868713378906 -1 227.70553588867188 250.75361633300781 -1 239.73268127441406 251.24330139160156 -1 61.340850830078125 190.59483337402344 -1 177.40727233886719 129.72932434082031 -1 42.207687377929688 118.02851104736328 -1 147.10922241210938 208.97145080566406 -1 84.182403564453125 212.80226135253906 -1 84.421302795410156 223.85443115234375 -1 89.252357482910156 224.97010803222656 -1 138.44929504394531 131.83050537109375 -1 144.80606079101562 205.49520874023438 -1 167.61505126953125 205.53593444824219 -1 229.63905334472656 234.12744140625 -1 101.20089721679688 251.42611694335938 -1 31.619350433349609 135.50117492675781 -1 7.0706462860107422 139.98831176757812 -1 70.096015930175781 177.80094909667969 -1 182.62892150878906 176.78631591796875 -1 11.217874526977539 147.72135925292969 -1 50.657329559326172 149.96527099609375 -1 37.800258636474609 157.92300415039062 -1 137.95016479492188 84.964309692382812 -1 190.13229370117188 170.24880981445312 -1 21.086734771728516 111.3890380859375 -1 137.04238891601562 117.02837371826172 -1 43.025039672851562 184.51771545410156 -1 139.45591735839844 126.0927734375 -1 133.00106811523438 128.20045471191406 -1 213.1434326171875 190.20497131347656 -1 46.359870910644531 184.75679016113281 -1 166.94532775878906 184.32817077636719 -1 21.086734771728516 111.3890380859375 -1 182.62892150878906 176.78631591796875 -1 70.096015930175781 177.80094909667969 -1 59.479923248291016 187.60028076171875 -1 159.67306518554688 196.99069213867188 -1 181.38729858398438 187.69384765625 -1 221.85348510742188 189.13835144042969 -1 55.315723419189453 182.73388671875 -1 60.450809478759766 183.86341857910156 -1 30.425601959228516 174.69479370117188 -1 129.94416809082031 171.02313232421875 -1 94.624542236328125 230.98480224609375 -1 104.57048034667969 155.40760803222656 -1 44.827106475830078 151.63236999511719 -1 10.215622901916504 150.91777038574219 -1 14.000833511352539 149.10908508300781 -1 48.187519073486328 148.52752685546875 -1 15.476968765258789 143.60879516601562 -1 59.540699005126953 141.10223388671875 -1 13.553324699401855 167.83055114746094 -1 13.959814071655273 141.1212158203125 -1 53.933834075927734 139.305419921875 -1 11.297026634216309 139.36888122558594 -1 51.972938537597656 136.25711059570312 -1 34.204353332519531 133.72946166992188 -1 52.9625244140625 132.90629577636719 -1 31.468843460083008 132.09300231933594 -1 50.343223571777344 129.50045776367188 -1 72.473472595214844 125.33274078369141 -1 136.78436279296875 122.15241241455078 -1 181.36984252929688 91.551536560058594 -1 36.254047393798828 200.32513427734375 -1 223.80294799804688 200.33110046386719 -1 53.933834075927734 139.305419921875 -1 13.959814071655273 141.1212158203125 -1 136.44180297851562 126.95525360107422 -1 172.98405456542969 202.41415405273438 -1 136.47682189941406 219.11593627929688 -1 99.108146667480469 245.1529541015625 -1 20.444074630737305 174.95478820800781 -1 46.81756591796875 174.29629516601562 -1 29.043354034423828 96.257072448730469 -1 23.433853149414062 172.23323059082031 -1 29.043354034423828 96.257072448730469 -1 209.87962341308594 181.20550537109375 -1 
34 0.99767396326602453 -0.056109961036780169 0.021849102839425188 -0.031952339485966381 0.015568895420111483 0.14951883120592019 0.1917531312594225 1 000031.png
161.85614013671875 168.07464599609375 -1 214.73323059082031 9.5312299728393555 -1 66.78271484375 79.710220336914062 -1 120.37004089355469 108.66762542724609 -1 82.145553588867188 142.07563781738281 -1 29.222917556762695 133.21365356445312 -1 29.222917556762695 133.21365356445312 -1 82.145553588867188 142.07563781738281 -1 146.13978576660156 66.611984252929688 -1 156.05909729003906 142.34074401855469 -1 119.48005676269531 157.48049926757812 -1 35.686782836914062 183.87176513671875 -1 144.42018127441406 184.74278259277344 -1 69.779380798339844 213.81916809082031 -1 69.779380798339844 213.81916809082031 -1 119.48005676269531 157.48049926757812 -1 69.779380798339844 213.81916809082031 -1 199.00559997558594 189.74211120605469 -1 166.96858215332031 214.58692932128906 -1 210.29325866699219 217.29939270019531 -1 155.31297302246094 99.660865783691406 -1 100.28958892822266 21.905025482177734 -1 155.31297302246094 99.660865783691406 -1 16.863313674926758 192.10568237304688 -1 85.82330322265625 194.82530212402344 -1 29.486331939697266 208.73908996582031 -1 16.863313674926758 192.10568237304688 -1 29.486331939697266 208.73908996582031 -1 107.30658721923828 124.68494415283203 -1 134.14469909667969 124.80264282226562 -1 36.08990478515625 106.04084014892578 -1 215.93316650390625 177.60845947265625 -1 148.61593627929688 102.35441589355469 -1 47.710697174072266 142.15310668945312 -1 181.41401672363281 155.89810180664062 -1 56.504467010498047 210.68597412109375 -1 41.604724884033203 221.57476806640625 -1 64.846046447753906 164.49610900878906 -1 198.7882080078125 209.2283935546875 -1 47.710697174072266 142.15310668945312 -1 64.846046447753906 164.49610900878906 -1 64.846046447753906 164.49610900878906 -1 41.604724884033203 221.57476806640625 -1 54.017749786376953 127.40146636962891 -1 78.518989562988281 128.48896789550781 -1 166.38465881347656 128.64546203613281 -1 188.91159057617188 145.016845703125 -1 54.352901458740234 152.78523254394531 -1 177.78079223632812 208.83013916015625 -1 138.00881958007812 207.17280578613281 -1 14.008479118347168 204.87454223632812 -1 173.56515502929688 197.13510131835938 -1 172.39805603027344 167.42790222167969 -1 172.39805603027344 167.42790222167969 -1 8.9610347747802734 146.60603332519531 -1 7.8367295265197754 195.43888854980469 -1 182.44000244140625 232.17398071289062 -1 86.537269592285156 120.48964691162109 -1 15.666625022888184 153.38868713378906 -1 7.8367295265197754 195.43888854980469 -1 86.537269592285156 120.48964691162109 -1 144.90170288085938 128.76148986816406 -1 15.666625022888184 153.38868713378906 -1 42.377788543701172 163.05601501464844 -1 185.95263671875 181.9730224609375 -1 171.96481323242188 184.86068725585938 -1 192.70152282714844 168.1114501953125 -1 171.96481323242188 184.86068725585938 -1 65.692138671875 175.53956604003906 -1 45.126869201660156 104.88984680175781 -1 177.36758422851562 179.70100402832031 -1 99.504905700683594 88.48187255859375 -1 176.54360961914062 188.85958862304688 -1 99.504905700683594 88.48187255859375 -1 142.7476806640625 205.40106201171875 -1 189.18305969238281 219.72554016113281 -1 145.99057006835938 221.31201171875 -1 45.126869201660156 104.88984680175781 -1 176.20796203613281 128.00497436523438 -1 225.93898010253906 242.5120849609375 -1 65.692138671875 175.53956604003906 -1 65.380966186523438 198.00784301757812 -1 65.380966186523438 198.00784301757812 -1 189.18305969238281 219.72554016113281 -1 65.692138671875 175.53956604003906 -1 76.1798095703125 177.45948791503906 -1 128.93305969238281 239.96018981933594 -1 91.389617919921875 231.72329711914062 -1 97.720947265625 234.75552368164062 -1 144.05818176269531 204.81277465820312 -1 7.670163631439209 247.40528869628906 -1 115.156494140625 193.04754638671875 -1 27.571390151977539 104.65443420410156 -1 91.389617919921875 231.72329711914062 -1 181.61474609375 171.12278747558594 -1 50.503128051757812 164.67861938476562 -1 27.571390151977539 104.65443420410156 -1 61.635784149169922 191.05450439453125 -1 42.365268707275391 190.80422973632812 -1 162.45120239257812 188.35830688476562 -1 119.269775390625 186.20880126953125 -1 171.29988098144531 178.26841735839844 -1 58.098346710205078 176.514404296875 -1 187.22799682617188 173.48458862304688 -1 119.90655517578125 133.977783203125 -1 181.61474609375 171.12278747558594 -1 16.087196350097656 114.66043853759766 -1 48.569164276123047 170.56208801269531 -1 50.503128051757812 164.67861938476562 -1 38.615833282470703 115.00252532958984 -1 42.365268707275391 190.80422973632812 -1 53.908248901367188 170.885009765625 -1 143.69010925292969 127.03388214111328 -1 123.74990844726562 179.47604370117188 -1 234.23487854003906 224.30169677734375 -1 138.99223327636719 221.58868408203125 -1 234.23487854003906 224.30169677734375 -1 14.141258239746094 187.62055969238281 -1 5.5538959503173828 115.7564697265625 -1 106.23008728027344 155.21549987792969 -1 45.770805358886719 166.48806762695312 -1 3.3408315181732178 181.87004089355469 -1 37.275424957275391 188.7637939453125 -1 223.61895751953125 200.74497985839844 -1 85.406661987304688 214.43522644042969 -1 136.20152282714844 218.07293701171875 -1 82.763656616210938 219.25210571289062 -1 133.52105712890625 222.53382873535156 -1 84.217620849609375 223.58084106445312 -1 243.17037963867188 226.35572814941406 -1 227.05990600585938 229.48207092285156 -1 226.05831909179688 236.17355346679688 -1 98.422210693359375 240.31288146972656 -1 239.05018615722656 252.25617980957031 -1 5.4198832511901855 190.41899108886719 -1 139.21096801757812 146.71864318847656 -1 21.958835601806641 112.40773773193359 -1 42.979808807373047 119.04077911376953 -1 114.48836517333984 131.61729431152344 -1 110.16358184814453 134.21110534667969 -1 21.958835601806641 112.40773773193359 -1 42.979808807373047 119.04077911376953 -1 114.48836517333984 131.61729431152344 -1 45.770805358886719 166.48806762695312 -1 3.3408315181732178 181.87004089355469 -1 85.406661987304688 214.43522644042969 -1 85.406661987304688 214.43522644042969 -1 127.32157897949219 174.60113525390625 -1 182.520263671875 176.82716369628906 -1 46.910377502441406 174.36177062988281 -1 166.94546508789062 184.32823181152344 -1 42.691352844238281 185.27870178222656 -1 59.476715087890625 187.58523559570312 -1 181.25643920898438 187.57121276855469 -1 220.0179443359375 189.2965087890625 -1 37.120903015136719 198.06639099121094 -1 146.10124206542969 203.72296142578125 -1 139.9598388671875 212.93258666992188 -1 226.72468566894531 223.2403564453125 -1 76.003578186035156 127.18161773681641 -1 8.1344919204711914 140.96711730957031 -1 44.016437530517578 112.65605926513672 -1 73.032478332519531 126.33016967773438 -1 139.4638671875 127.07005310058594 -1 169.16845703125 203.61653137207031 -1 133.01449584960938 129.24862670898438 -1 136.56221008300781 93.012985229492188 -1 138.45712280273438 132.77072143554688 -1 182.520263671875 176.82716369628906 -1 49.396656036376953 149.17451477050781 -1 58.525901794433594 155.80528259277344 -1 190.13639831542969 170.26390075683594 -1 70.3590087890625 177.76710510253906 -1 11.205107688903809 151.91221618652344 -1 16.488739013671875 144.64921569824219 -1 46.672805786132812 152.38020324707031 -1 42.986526489257812 155.83003234863281 -1 39.612354278564453 159.05039978027344 -1 14.247496604919434 168.60960388183594 -1 87.429855346679688 169.14686584472656 -1 129.94432067871094 171.02302551269531 -1 60.540157318115234 142.39390563964844 -1 22.086467742919922 175.80162048339844 -1 136.71795654296875 123.23094940185547 -1 187.98893737792969 177.32708740234375 -1 78.986907958984375 124.29553985595703 -1 55.315723419189453 182.73391723632812 -1 60.451118469238281 183.8643798828125 -1 9.0605611801147461 191.10177612304688 -1 220.34494018554688 198.62092590332031 -1 3.1071987152099609 200.80258178710938 -1 170.03483581542969 200.90188598632812 -1 223.48934936523438 250.67144775390625 -1 15.22050666809082 142.04014587402344 -1 54.710044860839844 140.34471130371094 -1 32.660106658935547 136.64767456054688 -1 15.348885536193848 135.83856201171875 -1 34.979167938232422 134.67597961425781 -1 50.290779113769531 119.01071166992188 -1 78.986907958984375 124.29553985595703 -1 30.000463485717773 97.507560729980469 -1 117.70272064208984 87.552955627441406 -1 113.70948791503906 84.183242797851562 -1 51.078517913818359 130.46932983398438 -1 74.61627197265625 128.76219177246094 -1 136.38276672363281 128.05435180664062 -1 50.02398681640625 132.9580078125 -1 30.000463485717773 97.507560729980469 -1 50.290779113769531 119.01071166992188 -1 54.710044860839844 140.34471130371094 -1 15.22050666809082 142.04014587402344 -1 14.247496604919434 168.60960388183594 -1 220.34494018554688 198.62092590332031 -1 53.66748046875 133.85861206054688 -1 142.26606750488281 125.62229919433594 -1 70.3590087890625 177.76710510253906 -1 52.647262573242188 137.1707763671875 -1 56.060527801513672 146.61419677734375 -1 14.909167289733887 150.13502502441406 -1 98.518264770507812 124.92037963867188 -1 57.56646728515625 141.87934875488281 -1 207.87971496582031 181.20559692382812 -1 2.5835638046264648 114.31510162353516 -1 40.674655914306641 114.35871124267578 -1 179.32345581054688 131.66531372070312 -1 69.156761169433594 130.27328491210938 -1 
