# Frame list with one line of data per frame:
#   FRAME_ID, RIG_ID, RIG_FROM_WORLD[QW, QX, QY, QZ, TX, TY, TZ], NUM_DATA_IDS, DATA_IDS[] as (SENSOR_TYPE, SENSOR_ID, DATA_ID)
# Number of frames: 11
36 1 0.99817668282992078 0.059842545425712622 0.004312758128979949 0.0066014944480972965 -7.5810747265183442 6.4271788905346554 2.1622374996857765 1 CAMERA 1 36
37 1 0.99862786530707603 0.051464690914171725 -0.00070673440653553309 0.0096577817235558375 -0.91851972021163819 -4.1412932927443471 0.11421754450356614 1 CAMERA 1 37
39 1 0.99842005866657924 0.055281117047316322 -0.0031808408328049941 0.0095533659943408539 2.1658515245039407 0.82051731951421736 -0.85543037157916724 1 CAMERA 1 39
40 1 0.99849580167174123 0.053930724574084508 -0.0020177109347002736 0.0096715993199339746 0.72774446547539595 -0.9687530195558901 -0.24459049177150166 1 CAMERA 1 40
41 1 0.99861639389520285 0.051592376545499433 -0.0011009068976482964 0.010114965651506744 -0.46979460599380585 -3.9217304164140074 -1.4714419016304403 1 CAMERA 1 41
47 1 0.99855926415336238 0.05281516041742676 -0.0024859227984457837 0.0091528679339975012 1.325133429223065 -2.4176492720227469 0.41549104365288997 1 CAMERA 1 47
51 1 0.9984122299996 0.05563112568411633 -2.6238565373654955e-05 0.0088428589201582867 -1.8733397842574493 1.175730489723336 0.41943258671268635 1 CAMERA 1 51
52 1 0.99835020154224963 0.056617538094280356 -0.0042971936125781535 0.0085360170892748964 3.5405550528714489 2.49731674166082 -0.24304085338568868 1 CAMERA 1 52
53 1 0.99848260440962433 0.054269595827115498 -0.0028990897988805252 0.0088822822783994008 1.7989173235541174 -0.52653540705158175 -0.18118346736697058 1 CAMERA 1 53
60 1 0.99829332662393111 0.057725684558554778 0.0013678893244689172 0.0087354587267994849 -3.6890502473972182 3.8423304658021395 0.56506199051938011 1 CAMERA 1 60
61 1 0.99847225554323116 0.054489527337220824 -0.0023305465477383822 0.0088665029051838568 1.074045467724021 -0.25751801449795042 0.16081858894307216 1 CAMERA 1 61
