# Image list with two lines of data per image:
#   IMAGE_ID, QW, QX, QY, QZ, TX, TY, TZ, CAMERA_ID, NAME
#   POINTS2D[] as (X, Y, POINT3D_ID)
# Number of images: 11, mean observations per image: 0
36 0.99817668282992078 0.059842545425712622 0.004312758128979949 0.0066014944480972965 -7.5810747265183442 6.4271788905346554 2.1622374996857765 1 000035.png
122.93562316894531 108.90147399902344 -1 122.93562316894531 108.90147399902344 -1 144.2044677734375 197.62156677246094 -1 200.90260314941406 75.414588928222656 -1 120.64176177978516 87.156402587890625 -1 127.15946197509766 155.82633972167969 -1 153.80424499511719 154.92852783203125 -1 127.15946197509766 155.82633972167969 -1 113.73408508300781 23.827791213989258 -1 110.86235809326172 63.724948883056641 -1 98.476921081542969 30.511348724365234 -1 219.08839416503906 107.81228637695312 -1 233.57048034667969 120.78350830078125 -1 219.08839416503906 107.81228637695312 -1 242.46391296386719 86.187576293945312 -1 57.746109008789062 166.347412109375 -1 229.80152893066406 77.492515563964844 -1 151.12416076660156 120.67177581787109 -1 104.17347717285156 11.500126838684082 -1 180.7528076171875 44.718624114990234 -1 192.98150634765625 53.458240509033203 -1 156.65878295898438 77.399795532226562 -1 124.89694976806641 179.35832214355469 -1 151.99833679199219 103.67594909667969 -1 236.22749328613281 103.39228057861328 -1 138.85739135742188 180.65380859375 -1 174.17242431640625 39.883842468261719 -1 214.64114379882812 95.306953430175781 -1 168.43655395507812 96.621803283691406 -1 164.10261535644531 102.40763092041016 -1 132.06364440917969 179.72843933105469 -1 164.10261535644531 102.40763092041016 -1 132.06364440917969 179.72843933105469 -1 109.18157958984375 33.885879516601562 -1 116.80077362060547 4.1285247802734375 -1 179.91957092285156 94.414077758789062 -1 169.21849060058594 91.728546142578125 -1 172.0968017578125 88.486686706542969 -1 247.82688903808594 231.87696838378906 -1 169.86972045898438 62.831676483154297 -1 160.67610168457031 51.537967681884766 -1 106.91411590576172 105.18607330322266 -1 242.75892639160156 246.54420471191406 -1 188.58950805664062 70.498695373535156 -1 246.52008056640625 105.03099822998047 -1 236.59718322753906 98.367889404296875 -1 175.37626647949219 95.496505737304688 -1 116.80077362060547 4.1285247802734375 -1 188.58950805664062 70.498695373535156 -1 175.37626647949219 95.496505737304688 -1 252.92927551269531 239.20193481445312 -1 231.61900329589844 105.15091705322266 -1 252.92927551269531 239.20193481445312 -1 160.42973327636719 55.634479522705078 -1 235.41302490234375 107.86552429199219 -1 249.44572448730469 117.39267730712891 -1 31.501073837280273 180.22642517089844 -1 31.501073837280273 180.22642517089844 -1 28.327455520629883 183.46003723144531 -1 28.327455520629883 183.46003723144531 -1 132.79225158691406 182.19107055664062 -1 132.79225158691406 182.19107055664062 -1 223.91905212402344 99.83160400390625 -1 220.82267761230469 97.294403076171875 -1 217.64227294921875 95.075119018554688 -1 166.20021057128906 89.000503540039062 -1 195.80899047851562 79.134292602539062 -1 172.68318176269531 60.248889923095703 -1 2.9465372562408447 213.87876892089844 -1 169.57780456542969 40.321022033691406 -1 142.2283935546875 125.64155578613281 -1 48.961765289306641 165.95654296875 -1 93.787109375 121.13596343994141 -1 41.342624664306641 173.9061279296875 -1 133.07839965820312 183.11126708984375 -1 57.132049560546875 157.87713623046875 -1 157.40557861328125 102.55799865722656 -1 133.07839965820312 183.11126708984375 -1 14.427516937255859 201.54225158691406 -1 10.015207290649414 206.57852172851562 -1 96.577682495117188 114.56338500976562 -1 101.97720336914062 109.4971923828125 -1 157.40557861328125 102.55799865722656 -1 166.20021057128906 89.000503540039062 -1 180.69050598144531 89.495811462402344 -1 180.69050598144531 89.495811462402344 -1 154.07499694824219 103.23809051513672 -1 
37 0.99862786530707603 0.051464690914171725 -0.00070673440653553309 0.0096577817235558375 -0.91851972021163819 -4.1412932927443471 0.11421754450356614 1 000038.png
126.07644653320312 110.24327087402344 -1 126.07644653320312 110.24327087402344 -1 144.46054077148438 197.53565979003906 -1 201.06126403808594 76.323356628417969 -1 120.64276123046875 87.282577514648438 -1 153.574462890625 155.60455322265625 -1 113.76744079589844 23.828760147094727 -1 111.29380035400391 64.818115234375 -1 109.07843780517578 60.991725921630859 -1 98.48736572265625 30.57904052734375 -1 233.42782592773438 122.70459747314453 -1 243.86289978027344 87.082588195800781 -1 151.11746215820312 120.47514343261719 -1 151.87599182128906 103.93050384521484 -1 104.29620361328125 11.820591926574707 -1 146.32586669921875 47.379985809326172 -1 193.01638793945312 53.471103668212891 -1 156.67921447753906 77.395286560058594 -1 132.01960754394531 179.30375671386719 -1 138.64776611328125 180.81661987304688 -1 132.01960754394531 179.30375671386719 -1 174.3958740234375 40.102066040039062 -1 180.8203125 44.668682098388672 -1 167.91200256347656 58.318588256835938 -1 102.36898040771484 72.347572326660156 -1 168.4462890625 96.624443054199219 -1 214.49066162109375 97.110084533691406 -1 164.23915100097656 102.33943939208984 -1 247.58366394042969 235.50949096679688 -1 164.23915100097656 102.33943939208984 -1 167.91200256347656 58.318588256835938 -1 120.66752624511719 172.51004028320312 -1 253.04597473144531 243.96420288085938 -1 116.81186676025391 4.0285654067993164 -1 155.77865600585938 64.389755249023438 -1 187.67745971679688 71.554817199707031 -1 175.40081787109375 95.486831665039062 -1 253.04597473144531 243.96420288085938 -1 253.04597473144531 243.96420288085938 -1 116.81186676025391 4.0285654067993164 -1 134.46961975097656 37.680171966552734 -1 169.79899597167969 62.888454437255859 -1 155.77865600585938 64.389755249023438 -1 187.67745971679688 71.554817199707031 -1 172.06913757324219 88.349006652832031 -1 169.36415100097656 91.738059997558594 -1 179.9344482421875 94.483566284179688 -1 175.40081787109375 95.486831665039062 -1 236.73260498046875 100.48541259765625 -1 246.22042846679688 107.17453002929688 -1 235.60787963867188 110.00852966308594 -1 107.19700622558594 105.81401824951172 -1 231.74784851074219 107.26496887207031 -1 250.06510925292969 120.03836059570312 -1 229.80136108398438 125.39749908447266 -1 27.320230484008789 184.90362548828125 -1 27.320230484008789 184.90362548828125 -1 160.53788757324219 52.406227111816406 -1 167.738525390625 53.566696166992188 -1 172.49375915527344 60.344154357910156 -1 228.86549377441406 80.35382080078125 -1 217.39262390136719 96.8536376953125 -1 95.470817565917969 116.55906677246094 -1 154.0704345703125 102.93888092041016 -1 157.36189270019531 102.46640777587891 -1 174.74995422363281 53.230033874511719 -1 174.74995422363281 53.230033874511719 -1 174.74995422363281 53.230033874511719 -1 95.470817565917969 116.55906677246094 -1 9.5459518432617188 207.03569030761719 -1 4.6978912353515625 212.35165405273438 -1 56.807163238525391 158.59184265136719 -1 228.86549377441406 80.35382080078125 -1 206.14830017089844 88.341346740722656 -1 180.71014404296875 89.5322265625 -1 75.256759643554688 140.13711547851562 -1 180.71014404296875 89.5322265625 -1 
39 0.99842005866657924 0.055281117047316322 -0.0031808408328049941 0.0095533659943408539 2.1658515245039407 0.82051731951421736 -0.85543037157916724 1 000039.png
125.72431945800781 110.09878540039062 -1 125.72431945800781 110.09878540039062 -1 144.42521667480469 197.59217834472656 -1 201.05465698242188 76.330078125 -1 120.52407073974609 86.454841613769531 -1 153.79171752929688 155.07211303710938 -1 113.76609039306641 23.824954986572266 -1 111.14731597900391 64.399795532226562 -1 233.32072448730469 123.69132995605469 -1 219.67897033691406 109.51115417480469 -1 98.527397155761719 30.465265274047852 -1 219.67897033691406 109.51115417480469 -1 243.63487243652344 87.043525695800781 -1 130.794921875 174.93864440917969 -1 106.65026092529297 56.734962463378906 -1 188.65751647949219 63.398853302001953 -1 151.07156372070312 120.51082611083984 -1 104.28265380859375 12.411899566650391 -1 181.21009826660156 45.544425964355469 -1 146.79039001464844 47.684112548828125 -1 192.66452026367188 53.388023376464844 -1 156.68472290039062 77.404121398925781 -1 188.72850036621094 79.997940063476562 -1 174.44075012207031 40.286567687988281 -1 148.05337524414062 70.775955200195312 -1 102.40056610107422 72.297088623046875 -1 168.42039489746094 96.615638732910156 -1 214.62205505371094 97.422218322753906 -1 111.62653350830078 147.51870727539062 -1 247.54624938964844 235.51091003417969 -1 138.44145202636719 181.14273071289062 -1 148.05337524414062 70.775955200195312 -1 164.27107238769531 102.38556671142578 -1 164.27107238769531 102.38556671142578 -1 244.9288330078125 243.0699462890625 -1 109.20427703857422 33.816524505615234 -1 175.43130493164062 95.489120483398438 -1 236.53585815429688 100.35593414306641 -1 132.66717529296875 181.46942138671875 -1 116.80426025390625 4.049774169921875 -1 152.7379150390625 67.3048095703125 -1 187.69102478027344 71.547988891601562 -1 175.43130493164062 95.489120483398438 -1 132.66717529296875 181.46942138671875 -1 152.7379150390625 67.3048095703125 -1 116.80426025390625 4.049774169921875 -1 169.82858276367188 62.861541748046875 -1 187.69102478027344 71.547988891601562 -1 172.14225769042969 88.422607421875 -1 169.32691955566406 91.720451354980469 -1 179.95637512207031 94.416481018066406 -1 252.77699279785156 242.74974060058594 -1 160.52835083007812 52.394435882568359 -1 250.29377746582031 120.19949340820312 -1 229.78936767578125 125.33955383300781 -1 247.84461975097656 237.60227966308594 -1 248.5067138671875 255.5057373046875 -1 252.77699279785156 242.74974060058594 -1 79.040008544921875 133.04708862304688 -1 79.040008544921875 133.04708862304688 -1 229.78936767578125 125.33955383300781 -1 197.20733642578125 73.9627685546875 -1 107.29631042480469 105.61875152587891 -1 246.36924743652344 107.27930450439453 -1 252.77699279785156 242.74974060058594 -1 167.44828796386719 53.890674591064453 -1 202.18177795410156 77.579948425292969 -1 132.98481750488281 183.11093139648438 -1 223.50779724121094 101.4893798828125 -1 34.451065063476562 181.47206115722656 -1 226.08909606933594 103.44753265380859 -1 93.050224304199219 118.99024200439453 -1 67.453651428222656 148.05461120605469 -1 95.532135009765625 116.46863555908203 -1 8.4671382904052734 208.22860717773438 -1 3.544349193572998 213.42948913574219 -1 100.32002258300781 112.04635620117188 -1 235.66017150878906 109.89844512939453 -1 172.47993469238281 60.329887390136719 -1 231.34391784667969 107.10332489013672 -1 132.98481750488281 183.11093139648438 -1 84.375213623046875 127.50827026367188 -1 157.3463134765625 102.37586212158203 -1 60.507213592529297 154.80535888671875 -1 176.68760681152344 43.891048431396484 -1 14.474422454833984 201.85723876953125 -1 217.611328125 96.934005737304688 -1 17.430547714233398 198.879638671875 -1 
40 0.99849580167174123 0.053930724574084508 -0.0020177109347002736 0.0096715993199339746 0.72774446547539595 -0.9687530195558901 -0.24459049177150166 1 000041.png
124.80017852783203 109.78863525390625 -1 124.80017852783203 109.78863525390625 -1 144.37171936035156 197.67913818359375 -1 201.09249877929688 76.280532836914062 -1 120.51634216308594 86.690765380859375 -1 153.67355346679688 154.96788024902344 -1 113.77693939208984 23.803241729736328 -1 111.56635284423828 65.636672973632812 -1 233.21426391601562 123.44025421142578 -1 129.58015441894531 169.05918884277344 -1 129.58015441894531 169.05918884277344 -1 98.509178161621094 30.456085205078125 -1 229.62776184082031 78.126258850097656 -1 243.38764953613281 86.881454467773438 -1 130.89666748046875 174.86537170410156 -1 151.08016967773438 120.62541961669922 -1 180.72195434570312 44.752758026123047 -1 104.31383514404297 11.438783645629883 -1 193.08918762207031 53.45849609375 -1 156.6527099609375 77.449089050292969 -1 214.51803588867188 97.825965881347656 -1 231.42341613769531 111.367919921875 -1 96.756401062011719 124.50267028808594 -1 96.756401062011719 124.50267028808594 -1 174.10263061523438 39.766086578369141 -1 148.09117126464844 70.900276184082031 -1 105.67462158203125 96.767913818359375 -1 168.47512817382812 96.585174560546875 -1 164.13278198242188 102.34506988525391 -1 151.86436462402344 103.85553741455078 -1 247.66009521484375 235.13752746582031 -1 164.13278198242188 102.34506988525391 -1 148.09117126464844 70.900276184082031 -1 102.59269714355469 71.772377014160156 -1 109.24571990966797 33.730995178222656 -1 249.16426086425781 255.54000854492188 -1 116.83119964599609 3.9833443164825439 -1 155.4346923828125 64.190055847167969 -1 187.7652587890625 71.499618530273438 -1 175.39112854003906 95.454116821289062 -1 132.6004638671875 180.98471069335938 -1 249.16426086425781 255.54000854492188 -1 116.83119964599609 3.9833443164825439 -1 169.81639099121094 62.883670806884766 -1 155.4346923828125 64.190055847167969 -1 187.7652587890625 71.499618530273438 -1 172.03083801269531 88.299026489257812 -1 169.308837890625 91.7093505859375 -1 179.94583129882812 94.360923767089844 -1 175.39112854003906 95.454116821289062 -1 246.72239685058594 107.07445526123047 -1 132.6004638671875 180.98471069335938 -1 246.31748962402344 116.80198669433594 -1 160.43389892578125 52.314090728759766 -1 107.35285949707031 105.49385833740234 -1 250.35368347167969 120.06737518310547 -1 226.46781921386719 103.62749481201172 -1 63.493400573730469 148.18389892578125 -1 63.493400573730469 148.18389892578125 -1 27.202953338623047 185.12831115722656 -1 252.89553833007812 242.34782409667969 -1 252.89553833007812 242.34782409667969 -1 27.202953338623047 185.12831115722656 -1 252.89553833007812 242.34782409667969 -1 172.50640869140625 60.338157653808594 -1 205.5068359375 88.083961486816406 -1 220.34976196289062 98.776695251464844 -1 223.72885131835938 101.40744018554688 -1 14.906898498535156 201.44668579101562 -1 24.89044189453125 191.21159362792969 -1 231.8990478515625 107.18544006347656 -1 235.24848937988281 109.65262603759766 -1 95.41961669921875 116.47379302978516 -1 32.852901458740234 183.02479553222656 -1 78.006187438964844 137.62925720214844 -1 87.865318298339844 124.1793212890625 -1 154.28363037109375 102.73587799072266 -1 191.97914123535156 77.988372802734375 -1 72.921524047851562 142.53155517578125 -1 17.56077766418457 198.97052001953125 -1 87.865318298339844 124.1793212890625 -1 180.7425537109375 89.489692687988281 -1 180.7425537109375 89.489692687988281 -1 
41 0.99861639389520285 0.051592376545499433 -0.0011009068976482964 0.010114965651506744 -0.46979460599380585 -3.9217304164140074 -1.4714419016304403 1 000037.png
126.84447479248047 110.45027160644531 -1 126.84447479248047 110.45027160644531 -1 144.61880493164062 197.63594055175781 -1 201.04216003417969 76.416748046875 -1 120.60659790039062 87.3028564453125 -1 153.69139099121094 155.50897216796875 -1 113.75706481933594 23.874195098876953 -1 111.02284240722656 64.419578552246094 -1 98.390121459960938 30.613264083862305 -1 219.14222717285156 110.10958099365234 -1 232.90884399414062 123.72776031494141 -1 219.14222717285156 110.10958099365234 -1 243.64288330078125 87.062545776367188 -1 151.109130859375 120.60086059570312 -1 151.88818359375 104.05062103271484 -1 180.75503540039062 44.769775390625 -1 104.42445373535156 12.325960159301758 -1 192.659912109375 53.339458465576172 -1 156.62664794921875 77.462730407714844 -1 164.148193359375 102.37834930419922 -1 94.736167907714844 124.61270141601562 -1 247.48719787597656 236.28501892089844 -1 174.469970703125 40.226730346679688 -1 167.59246826171875 58.331501007080078 -1 102.35028839111328 72.799224853515625 -1 131.87022399902344 179.97183227539062 -1 168.40480041503906 96.577003479003906 -1 214.66314697265625 97.517333984375 -1 131.87022399902344 179.97183227539062 -1 164.148193359375 102.37834930419922 -1 167.59246826171875 58.331501007080078 -1 135.51432800292969 38.268463134765625 -1 109.24079895019531 33.912044525146484 -1 109.24079895019531 33.912044525146484 -1 169.28273010253906 91.714332580566406 -1 179.9227294921875 94.403800964355469 -1 175.37037658691406 95.50286865234375 -1 236.85321044921875 100.99887847900391 -1 246.44183349609375 107.59581756591797 -1 116.74992370605469 4.0664796829223633 -1 187.54531860351562 71.700851440429688 -1 187.54531860351562 71.700851440429688 -1 175.37037658691406 95.50286865234375 -1 116.74992370605469 4.0664796829223633 -1 106.88369750976562 106.25375366210938 -1 169.79299926757812 62.910903930664062 -1 187.54531860351562 71.700851440429688 -1 151.61268615722656 75.101669311523438 -1 171.99356079101562 88.358299255371094 -1 155.8076171875 64.211891174316406 -1 155.8076171875 64.211891174316406 -1 231.56512451171875 107.65577697753906 -1 250.08856201171875 120.45010375976562 -1 160.523681640625 52.474678039550781 -1 235.34111022949219 110.23598480224609 -1 102.61136627197266 15.728304862976074 -1 172.455810546875 60.387306213378906 -1 202.51040649414062 78.105567932128906 -1 166.22624206542969 89.070358276367188 -1 182.10752868652344 96.990730285644531 -1 93.112442016601562 119.00504302978516 -1 42.880233764648438 172.76570129394531 -1 33.498798370361328 182.1253662109375 -1 27.933128356933594 188.21376037597656 -1 12.12034797668457 204.39703369140625 -1 252.500732421875 243.15385437011719 -1 157.30137634277344 102.06231689453125 -1 166.22624206542969 89.070358276367188 -1 95.446205139160156 116.54547119140625 -1 154.08497619628906 102.95729827880859 -1 223.99493408203125 102.30323791503906 -1 221.08226013183594 99.892669677734375 -1 102.61136627197266 15.728304862976074 -1 172.455810546875 60.387306213378906 -1 84.051528930664062 127.82265472412109 -1 182.10752868652344 96.990730285644531 -1 252.500732421875 243.15385437011719 -1 157.30137634277344 102.06231689453125 -1 63.498046875 151.74861145019531 -1 180.72303771972656 89.440605163574219 -1 154.54283142089844 99.240188598632812 -1 217.29847717285156 97.044647216796875 -1 180.72303771972656 89.440605163574219 -1 203.40107727050781 86.663421630859375 -1 60.608592987060547 154.72697448730469 -1 
47 0.99855926415336238 0.05281516041742676 -0.0024859227984457837 0.0091528679339975012 1.325133429223065 -2.4176492720227469 0.41549104365288997 1 000043.png
124.96913146972656 109.77060699462891 -1 124.96913146972656 109.77060699462891 -1 144.30319213867188 197.59718322753906 -1 201.03691101074219 76.217636108398438 -1 120.60376739501953 86.647552490234375 -1 153.69894409179688 155.26313781738281 -1 113.76654052734375 23.786945343017578 -1 112.67794036865234 67.466285705566406 -1 98.608314514160156 30.774530410766602 -1 233.53926086425781 122.42893981933594 -1 243.12489318847656 86.767684936523438 -1 131.24026489257812 175.68794250488281 -1 150.99528503417969 120.94174957275391 -1 151.91987609863281 103.84059143066406 -1 104.111328125 11.366354942321777 -1 146.2825927734375 47.567584991455078 -1 193.01808166503906 53.435745239257812 -1 156.63658142089844 77.423324584960938 -1 231.08561706542969 111.23928833007812 -1 111.57807159423828 146.38932800292969 -1 125.51126861572266 178.84095764160156 -1 132.2823486328125 179.53379821777344 -1 253.50112915039062 244.17373657226562 -1 180.84811401367188 44.758853912353516 -1 102.43285369873047 71.669525146484375 -1 168.36502075195312 96.569122314453125 -1 214.64155578613281 96.935089111328125 -1 164.29765319824219 102.37661743164062 -1 174.490478515625 40.281177520751953 -1 132.2823486328125 179.53379821777344 -1 164.29765319824219 102.37661743164062 -1 253.50112915039062 244.17373657226562 -1 109.22208404541016 33.864124298095703 -1 175.38310241699219 95.443962097167969 -1 236.470703125 99.978218078613281 -1 239.73048400878906 112.99713134765625 -1 132.95112609863281 181.82557678222656 -1 249.18524169921875 254.96141052246094 -1 116.85116577148438 4.0660009384155273 -1 155.46875 64.347618103027344 -1 187.87281799316406 71.507354736328125 -1 187.87281799316406 71.507354736328125 -1 175.38310241699219 95.443962097167969 -1 132.95112609863281 181.82557678222656 -1 249.18524169921875 254.96141052246094 -1 116.85116577148438 4.0660009384155273 -1 168.55662536621094 58.534881591796875 -1 169.81314086914062 62.879024505615234 -1 155.46875 64.347618103027344 -1 187.87281799316406 71.507354736328125 -1 172.01710510253906 88.208793640136719 -1 169.34516906738281 91.67645263671875 -1 179.96092224121094 94.416305541992188 -1 252.99295043945312 242.79100036621094 -1 250.37185668945312 119.890869140625 -1 95.563125610351562 116.35713958740234 -1 252.99295043945312 242.79100036621094 -1 235.59928894042969 109.65328216552734 -1 95.563125610351562 116.35713958740234 -1 160.46784973144531 52.305187225341797 -1 167.68443298339844 53.540111541748047 -1 107.46947479248047 105.36906433105469 -1 246.34429931640625 107.02313232421875 -1 172.51852416992188 60.321525573730469 -1 27.443244934082031 184.75193786621094 -1 220.81134033203125 98.934318542480469 -1 231.76274108886719 106.97713470458984 -1 246.54421997070312 116.83851623535156 -1 93.181083679199219 118.82353973388672 -1 24.875505447387695 191.6121826171875 -1 27.443244934082031 184.75193786621094 -1 101.84806060791016 35.527290344238281 -1 42.94403076171875 173.08993530273438 -1 56.354011535644531 159.1175537109375 -1 67.562164306640625 147.83079528808594 -1 169.15927124023438 95.1131591796875 -1 252.64761352539062 241.32872009277344 -1 252.64761352539062 241.32872009277344 -1 252.64761352539062 241.32872009277344 -1 35.347511291503906 180.5416259765625 -1 7.4343867301940918 209.42591857910156 -1 4.9462480545043945 212.23806762695312 -1 199.43864440917969 83.206130981445312 -1 17.282295227050781 199.09226989746094 -1 72.732490539550781 142.63015747070312 -1 180.76374816894531 89.529754638671875 -1 247.84222412109375 237.71232604980469 -1 180.76374816894531 89.529754638671875 -1 154.49668884277344 99.247138977050781 -1 
51 0.9984122299996 0.05563112568411633 -2.6238565373654955e-05 0.0088428589201582867 -1.8733397842574493 1.175730489723336 0.41943258671268635 1 000051.png
127.39817810058594 110.26570892333984 -1 127.39817810058594 110.26570892333984 -1 144.26834106445312 198.65489196777344 -1 201.02162170410156 76.223808288574219 -1 120.46402740478516 86.597770690917969 -1 155.32818603515625 152.20146179199219 -1 113.76783752441406 23.810361862182617 -1 99.742019653320312 31.655805587768555 -1 202.84100341796875 61.147834777832031 -1 202.84100341796875 61.147834777832031 -1 243.28932189941406 86.842361450195312 -1 206.29325866699219 97.856231689453125 -1 234.23370361328125 122.1640625 -1 206.29325866699219 97.856231689453125 -1 229.73164367675781 77.960700988769531 -1 151.48789978027344 120.08622741699219 -1 151.48789978027344 120.08622741699219 -1 180.75721740722656 44.732677459716797 -1 152.07672119140625 103.98822784423828 -1 104.22265625 11.779084205627441 -1 146.85247802734375 47.926837921142578 -1 193.115966796875 53.4765625 -1 156.66339111328125 77.350357055664062 -1 230.99046325683594 111.12674713134766 -1 103.59149169921875 79.180152893066406 -1 168.41651916503906 96.596763610839844 -1 236.53230285644531 99.693534851074219 -1 214.6153564453125 97.676071166992188 -1 164.16033935546875 102.34696960449219 -1 174.58824157714844 40.356197357177734 -1 235.78541564941406 104.74687194824219 -1 132.7342529296875 180.79685974121094 -1 102.48473358154297 71.940475463867188 -1 132.7342529296875 180.79685974121094 -1 164.16033935546875 102.34696960449219 -1 109.23112487792969 33.773246765136719 -1 187.708251953125 71.30908203125 -1 175.38636779785156 95.467872619628906 -1 249.27427673339844 254.83404541015625 -1 116.79204559326172 4.0497126579284668 -1 169.83773803710938 62.853530883789062 -1 187.708251953125 71.30908203125 -1 169.36671447753906 91.711700439453125 -1 179.98588562011719 94.402687072753906 -1 175.38636779785156 95.467872619628906 -1 249.27427673339844 254.83404541015625 -1 116.79204559326172 4.0497126579284668 -1 160.58059692382812 52.321376800537109 -1 104.47482299804688 79.049339294433594 -1 231.77703857421875 106.93434143066406 -1 246.26388549804688 106.86513519287109 -1 235.34336853027344 109.43942260742188 -1 247.42036437988281 117.5595703125 -1 27.224285125732422 185.180419921875 -1 107.5360107421875 105.20650482177734 -1 27.224285125732422 185.180419921875 -1 249.97560119628906 119.54287719726562 -1 167.49909973144531 53.919525146484375 -1 172.49807739257812 60.291236877441406 -1 220.44378662109375 98.742774963378906 -1 95.46148681640625 116.36246490478516 -1 171.98965454101562 89.367645263671875 -1 154.27671813964844 102.94454193115234 -1 67.794136047363281 147.46246337890625 -1 56.634696960449219 158.941162109375 -1 169.19436645507812 95.109481811523438 -1 205.77372741699219 87.933929443359375 -1 202.62947082519531 85.913688659667969 -1 187.19511413574219 74.506828308105469 -1 36.527172088623047 179.36787414550781 -1 24.50877571105957 191.90676879882812 -1 7.3211088180541992 209.43223571777344 -1 180.75761413574219 89.450477600097656 -1 65.236442565917969 150.11912536621094 -1 39.821056365966797 175.796630859375 -1 180.75761413574219 89.450477600097656 -1 
52 0.99835020154224963 0.056617538094280356 -0.0042971936125781535 0.0085360170892748964 3.5405550528714489 2.49731674166082 -0.24304085338568868 1 000053.png
127.37667846679688 110.22817230224609 -1 127.37667846679688 110.22817230224609 -1 144.23846435546875 198.56492614746094 -1 200.95060729980469 76.148757934570312 -1 120.50630950927734 86.542945861816406 -1 154.19346618652344 153.47581481933594 -1 113.76873779296875 23.799558639526367 -1 110.71000671386719 63.705841064453125 -1 98.431076049804688 30.468120574951172 -1 130.04901123046875 170.45681762695312 -1 130.04901123046875 170.45681762695312 -1 202.86045837402344 61.125595092773438 -1 202.86045837402344 61.125595092773438 -1 229.6815185546875 78.140480041503906 -1 243.30787658691406 86.806564331054688 -1 131.00157165527344 174.22372436523438 -1 233.60090637207031 121.84761810302734 -1 151.46916198730469 120.14678192138672 -1 56.121318817138672 166.33018493652344 -1 151.46916198730469 120.14678192138672 -1 180.759033203125 44.700550079345703 -1 104.18779754638672 11.243727684020996 -1 146.40208435058594 47.830425262451172 -1 192.95744323730469 53.432014465332031 -1 156.67378234863281 77.384613037109375 -1 231.13427734375 111.04647827148438 -1 174.07577514648438 39.777324676513672 -1 102.43922424316406 71.861618041992188 -1 168.46905517578125 96.56219482421875 -1 214.58052062988281 96.886344909667969 -1 236.716064453125 99.634132385253906 -1 164.10707092285156 102.23497009277344 -1 111.51591491699219 146.3272705078125 -1 253.74591064453125 244.04508972167969 -1 247.72833251953125 234.75178527832031 -1 164.10707092285156 102.23497009277344 -1 253.74591064453125 244.04508972167969 -1 109.17511749267578 33.80780029296875 -1 116.79962921142578 4.0216407775878906 -1 179.98406982421875 94.309890747070312 -1 175.34504699707031 95.392784118652344 -1 116.79962921142578 4.0216407775878906 -1 155.46322631835938 64.287246704101562 -1 187.84773254394531 71.436988830566406 -1 175.34504699707031 95.392784118652344 -1 169.85246276855469 62.836540222167969 -1 155.46322631835938 64.287246704101562 -1 187.84773254394531 71.436988830566406 -1 169.33995056152344 91.715652465820312 -1 4.6045031547546387 212.89558410644531 -1 250.03396606445312 119.5885009765625 -1 229.80545043945312 125.01347351074219 -1 239.65885925292969 112.65503692626953 -1 27.327085494995117 184.97178649902344 -1 8.1260643005371094 209.28897094726562 -1 232.62924194335938 107.28117370605469 -1 160.3812255859375 52.255352020263672 -1 151.5638427734375 75.382125854492188 -1 172.09367370605469 89.116264343261719 -1 246.28181457519531 106.89107513427734 -1 235.73023986816406 109.71943664550781 -1 143.03797912597656 111.13638305664062 -1 113.45358276367188 2.6524555683135986 -1 113.45358276367188 2.6524555683135986 -1 229.80545043945312 125.01347351074219 -1 27.327085494995117 184.97178649902344 -1 107.55233764648438 105.22226715087891 -1 154.40702819824219 102.39242553710938 -1 102.77967071533203 109.44046020507812 -1 174.82246398925781 53.281753540039062 -1 83.237716674804688 132.27589416503906 -1 223.737060546875 101.38120269775391 -1 220.74456787109375 98.930213928222656 -1 167.6241455078125 53.978630065917969 -1 169.15008544921875 95.098091125488281 -1 172.50999450683594 60.306682586669922 -1 133.40858459472656 183.077392578125 -1 252.60403442382812 240.92987060546875 -1 252.60403442382812 240.92987060546875 -1 53.069972991943359 162.3944091796875 -1 201.19401550292969 84.7064208984375 -1 252.60403442382812 240.92987060546875 -1 38.505062103271484 177.35133361816406 -1 133.40858459472656 183.077392578125 -1 87.443511962890625 124.51608276367188 -1 56.265518188476562 159.13775634765625 -1 186.85118103027344 74.247077941894531 -1 67.41595458984375 147.85031127929688 -1 61.545047760009766 153.74118041992188 -1 
53 0.99848260440962433 0.054269595827115498 -0.0028990897988805252 0.0088822822783994008 1.7989173235541174 -0.52653540705158175 -0.18118346736697058 1 000050.png
127.31851959228516 110.20411682128906 -1 127.31851959228516 110.20411682128906 -1 144.29246520996094 198.59324645996094 -1 201.03472900390625 76.21173095703125 -1 120.41345977783203 86.623115539550781 -1 155.26217651367188 151.56488037109375 -1 113.76750946044922 23.791492462158203 -1 110.61399841308594 63.304397583007812 -1 98.592338562011719 30.688444137573242 -1 219.76336669921875 109.82350158691406 -1 233.33601379394531 121.85463714599609 -1 219.76336669921875 109.82350158691406 -1 202.7794189453125 61.119575500488281 -1 202.7794189453125 61.119575500488281 -1 243.26158142089844 86.85894775390625 -1 229.67315673828125 77.938507080078125 -1 151.36976623535156 120.57235717773438 -1 151.36976623535156 120.57235717773438 -1 180.78181457519531 44.717262268066406 -1 104.17824554443359 11.329838752746582 -1 145.54501342773438 46.747852325439453 -1 193.10697937011719 53.507968902587891 -1 156.689453125 77.381065368652344 -1 214.19471740722656 97.447486877441406 -1 125.66434478759766 179.62187194824219 -1 230.90275573730469 111.13596343994141 -1 174.46658325195312 40.356048583984375 -1 164.26101684570312 102.29606628417969 -1 247.80216979980469 234.45732116699219 -1 168.43260192871094 96.586570739746094 -1 236.558837890625 99.737213134765625 -1 164.26101684570312 102.29606628417969 -1 147.58750915527344 71.456222534179688 -1 102.48677062988281 72.000877380371094 -1 109.18285369873047 33.869403839111328 -1 169.29994201660156 91.671310424804688 -1 179.95988464355469 94.446189880371094 -1 175.40840148925781 95.463066101074219 -1 116.78227996826172 4.0573110580444336 -1 155.71180725097656 64.131439208984375 -1 152.19114685058594 67.570259094238281 -1 187.75347900390625 71.407707214355469 -1 175.40840148925781 95.463066101074219 -1 116.78227996826172 4.0573110580444336 -1 169.81706237792969 62.885440826416016 -1 155.71180725097656 64.131439208984375 -1 152.19114685058594 67.570259094238281 -1 187.75347900390625 71.407707214355469 -1 172.02740478515625 88.396461486816406 -1 249.56245422363281 119.20504760742188 -1 107.55112457275391 105.21292877197266 -1 229.86253356933594 125.08808898925781 -1 27.363073348999023 184.98068237304688 -1 160.32069396972656 52.221446990966797 -1 252.92558288574219 241.91064453125 -1 239.18614196777344 112.45275115966797 -1 235.23887634277344 109.31687927246094 -1 229.86253356933594 125.08808898925781 -1 27.363073348999023 184.98068237304688 -1 252.92558288574219 241.91064453125 -1 252.92558288574219 241.91064453125 -1 172.14468383789062 89.201988220214844 -1 231.66632080078125 106.99430847167969 -1 246.19300842285156 106.96286010742188 -1 83.056991577148438 132.44424438476562 -1 42.797107696533203 173.01640319824219 -1 40.439598083496094 175.53057861328125 -1 15.036322593688965 201.42861938476562 -1 4.1949253082275391 212.88740539550781 -1 142.35533142089844 125.48731994628906 -1 154.41806030273438 102.77566528320312 -1 157.32942199707031 102.51347351074219 -1 223.57470703125 101.08225250244141 -1 172.52235412597656 60.311779022216797 -1 167.49787902832031 54.003189086914062 -1 147.3114013671875 80.297889709472656 -1 166.277587890625 89.085670471191406 -1 220.4755859375 98.748329162597656 -1 154.54515075683594 99.34228515625 -1 226.19013977050781 103.26516723632812 -1 81.943122863769531 129.9429931640625 -1 166.277587890625 89.085670471191406 -1 80.442893981933594 135.02619934082031 -1 180.73255920410156 89.476287841796875 -1 180.73255920410156 89.476287841796875 -1 
60 0.99829332662393111 0.057725684558554778 0.0013678893244689172 0.0087354587267994849 -3.6890502473972182 3.8423304658021395 0.56506199051938011 1 000059.png
127.09529113769531 110.11122131347656 -1 127.09529113769531 110.11122131347656 -1 144.141845703125 198.60467529296875 -1 200.95352172851562 76.143081665039062 -1 120.50201416015625 86.651687622070312 -1 154.1632080078125 153.40339660644531 -1 113.75227355957031 23.81800651550293 -1 111.17464447021484 64.477508544921875 -1 98.360885620117188 30.56304931640625 -1 219.44439697265625 109.75141143798828 -1 219.44439697265625 109.75141143798828 -1 229.34628295898438 77.934761047363281 -1 243.13243103027344 86.770088195800781 -1 233.49830627441406 121.8775634765625 -1 151.21728515625 120.71511840820312 -1 151.21728515625 120.71511840820312 -1 104.12635040283203 11.649236679077148 -1 181.14042663574219 45.301513671875 -1 146.92901611328125 48.014736175537109 -1 192.930419921875 53.392097473144531 -1 156.66035461425781 77.409225463867188 -1 231.05329895019531 111.17513275146484 -1 174.59391784667969 40.364925384521484 -1 102.46488189697266 71.875358581542969 -1 168.45187377929688 96.62933349609375 -1 214.77981567382812 97.055595397949219 -1 236.54226684570312 99.6663818359375 -1 164.07003784179688 102.29355621337891 -1 109.63648223876953 129.4661865234375 -1 164.07003784179688 102.29355621337891 -1 110.84938812255859 137.98738098144531 -1 109.26347351074219 33.667102813720703 -1 116.76293182373047 4.0379114151000977 -1 169.82125854492188 62.879199981689453 -1 152.68510437011719 67.022125244140625 -1 187.91423034667969 71.468017578125 -1 171.882568359375 88.189620971679688 -1 169.41680908203125 91.731727600097656 -1 179.97189331054688 94.413139343261719 -1 175.41172790527344 95.452041625976562 -1 116.76293182373047 4.0379114151000977 -1 152.68510437011719 67.022125244140625 -1 175.41172790527344 95.452041625976562 -1 113.3782958984375 2.7592036724090576 -1 252.94340515136719 242.2008056640625 -1 252.94340515136719 242.2008056640625 -1 154.14418029785156 77.149703979492188 -1 160.59091186523438 52.337203979492188 -1 231.73629760742188 106.83890533447266 -1 252.94340515136719 242.2008056640625 -1 154.14418029785156 77.149703979492188 -1 113.3782958984375 2.7592036724090576 -1 27.033237457275391 185.33523559570312 -1 228.29695129394531 104.70995330810547 -1 107.45384979248047 105.35918426513672 -1 246.46348571777344 106.91815948486328 -1 235.643310546875 109.45180511474609 -1 250.21714782714844 119.71695709228516 -1 27.033237457275391 185.33523559570312 -1 101.92721557617188 35.586872100830078 -1 172.5137939453125 60.287063598632812 -1 201.66712951660156 85.060844421386719 -1 205.47610473632812 87.878791809082031 -1 171.96067810058594 89.339408874511719 -1 177.65194702148438 90.241828918457031 -1 7.8005332946777344 209.29083251953125 -1 90.109031677246094 121.96165466308594 -1 3.9723114967346191 213.10623168945312 -1 225.67398071289062 102.85917663574219 -1 154.36515808105469 102.92545318603516 -1 223.73861694335938 101.19181060791016 -1 56.958423614501953 158.43865966796875 -1 104.59124755859375 79.026351928710938 -1 177.65194702148438 90.241828918457031 -1 93.465957641601562 118.68642425537109 -1 90.109031677246094 121.96165466308594 -1 93.465957641601562 118.68642425537109 -1 41.655452728271484 174.05752563476562 -1 24.915813446044922 191.59854125976562 -1 15.154255867004395 201.560302734375 -1 95.758544921875 116.13372802734375 -1 84.427017211914062 127.42449188232422 -1 180.756103515625 89.401657104492188 -1 180.756103515625 89.401657104492188 -1 
61 0.99847225554323116 0.054489527337220824 -0.0023305465477383822 0.0088665029051838568 1.074045467724021 -0.25751801449795042 0.16081858894307216 1 000060.png
126.93492889404297 110.03345489501953 -1 126.93492889404297 110.03345489501953 -1 144.27349853515625 198.66415405273438 -1 201.03167724609375 76.221855163574219 -1 120.49568176269531 86.503608703613281 -1 155.40435791015625 152.01786804199219 -1 113.77394866943359 23.816814422607422 -1 219.55436706542969 109.358642578125 -1 219.55436706542969 109.358642578125 -1 233.35287475585938 122.11537933349609 -1 99.72308349609375 31.621191024780273 -1 243.38766479492188 86.83831787109375 -1 131.24778747558594 174.74496459960938 -1 229.57609558105469 78.146476745605469 -1 124.82595825195312 10.922900199890137 -1 151.30813598632812 120.53556823730469 -1 55.981945037841797 166.53517150878906 -1 151.30813598632812 120.53556823730469 -1 104.22023773193359 11.823934555053711 -1 181.08248901367188 45.137939453125 -1 193.05921936035156 53.481464385986328 -1 156.64988708496094 77.38641357421875 -1 72.079307556152344 148.42002868652344 -1 231.12718200683594 111.26406860351562 -1 132.23114013671875 178.65646362304688 -1 132.23114013671875 178.65646362304688 -1 174.38775634765625 40.317844390869141 -1 102.36176300048828 71.836624145507812 -1 168.44705200195312 96.572517395019531 -1 214.84829711914062 97.232688903808594 -1 111.55410766601562 146.39254760742188 -1 247.5762939453125 235.02525329589844 -1 164.16319274902344 102.21809387207031 -1 164.16319274902344 102.21809387207031 -1 109.21867370605469 33.736934661865234 -1 169.34266662597656 91.717842102050781 -1 179.98764038085938 94.413421630859375 -1 175.43704223632812 95.500694274902344 -1 236.661376953125 100.08627319335938 -1 249.28306579589844 254.85911560058594 -1 116.8353271484375 4.0579586029052734 -1 169.230712890625 58.681392669677734 -1 155.34770202636719 64.572799682617188 -1 187.90142822265625 71.47283935546875 -1 187.90142822265625 71.47283935546875 -1 175.43704223632812 95.500694274902344 -1 249.28306579589844 254.85911560058594 -1 116.8353271484375 4.0579586029052734 -1 169.230712890625 58.681392669677734 -1 169.82106018066406 62.8731689453125 -1 155.34770202636719 64.572799682617188 -1 187.90142822265625 71.47283935546875 -1 171.9306640625 88.25823974609375 -1 113.41358184814453 2.7686541080474854 -1 27.106536865234375 185.29025268554688 -1 113.41358184814453 2.7686541080474854 -1 107.41269683837891 105.37435150146484 -1 250.11952209472656 119.54248809814453 -1 229.83219909667969 125.00901794433594 -1 160.49258422851562 52.305412292480469 -1 229.83219909667969 125.00901794433594 -1 27.106536865234375 185.29025268554688 -1 247.95907592773438 236.77836608886719 -1 204.40693664550781 87.090591430664062 -1 172.02102661132812 89.345993041992188 -1 169.26344299316406 95.250823974609375 -1 220.60528564453125 98.906494140625 -1 154.56001281738281 99.257698059082031 -1 133.34297180175781 182.98707580566406 -1 4.8010363578796387 212.23715209960938 -1 84.0186767578125 127.82270812988281 -1 90.970443725585938 121.06477355957031 -1 93.336997985839844 118.64926147460938 -1 235.29248046875 109.54832458496094 -1 154.19671630859375 102.99854278564453 -1 223.7862548828125 101.41218566894531 -1 166.2430419921875 89.067626953125 -1 90.970443725585938 121.06477355957031 -1 166.2430419921875 89.067626953125 -1 104.80453491210938 7.0841503143310547 -1 167.49848937988281 53.754890441894531 -1 252.73747253417969 241.46322631835938 -1 252.73747253417969 241.46322631835938 -1 172.52447509765625 60.324417114257812 -1 252.73747253417969 241.46322631835938 -1 142.37324523925781 119.58905792236328 -1 83.190376281738281 132.26165771484375 -1 133.34297180175781 182.98707580566406 -1 14.742026329040527 201.75065612792969 -1 180.7298583984375 89.479484558105469 -1 56.968692779541016 158.35853576660156 -1 180.7298583984375 89.479484558105469 -1 
