# Frame list with one line of data per frame:
#   FRAME_ID, RIG_ID, RIG_FROM_WORLD[QW, QX, QY, QZ, TX, TY, TZ], NUM_DATA_IDS, DATA_IDS[] as (SENSOR_TYPE, SENSOR_ID, DATA_ID)
# Number of frames: 10
40 1 0.99910293025148478 -0.0041090565244008039 0.041645520122861227 0.0064885338153159201 2.9379843094116112 4.6305764001230489 1.5752402477679128 1 CAMERA 1 40
45 1 0.99898284813571969 -0.0071073490509028911 0.044062423925416615 0.006423201532830828 0.80055244580930385 2.0748483683255627 -0.089332751229852014 1 CAMERA 1 45
46 1 0.99897772703315657 -0.0087722263862836363 0.044134303333469703 0.0043257606458698529 0.82695645818302299 0.50812520102936265 0.55102283643906791 1 CAMERA 1 46
48 1 0.99895693381655093 -0.0095812163225277979 0.044442392558363651 0.004256573422882313 0.55755883591549182 -0.17267978906138051 0.19583142983142668 1 CAMERA 1 48
49 1 0.99878028236022764 -0.0098930463822372444 0.048179261325807403 0.0043398133372766221 -2.6815525941685734 -0.41812256000165221 -0.49477202519591662 1 CAMERA 1 49
52 1 0.99895503739988956 -0.0091345533434024611 0.044600069521615146 0.0040282734848593148 0.40844188817240956 0.20953203785895944 -0.1329364234213925 1 CAMERA 1 52
58 1 0.99885406490442419 -0.011368935961437832 0.046322455041859327 0.00394138020347595 -1.0536091720286336 -1.7135125528770057 -0.3142571626151377 1 CAMERA 1 58
67 1 0.99879839775639823 -0.013248895449986212 0.047002572487004471 0.0041213575689343146 -1.6432818273486074 -3.309088413234893 -0.79559661638804891 1 CAMERA 1 67
70 1 0.99899727482569167 -0.0081720076831443399 0.043805552908771792 0.0043285927996408128 1.0920890731686013 1.0301488320210761 0.37866118810786642 1 CAMERA 1 70
72 1 0.99882491245685701 -0.012716946888976271 0.046598421346963764 0.0039573533258584776 -1.2955503786423694 -2.8546173955123284 -0.70228164998936315 1 CAMERA 1 72
