# Image list with two lines of data per image:
#   IMAGE_ID, QW, QX, QY, QZ, TX, TY, TZ, CAMERA_ID, NAME
#   POINTS2D[] as (X, Y, POINT3D_ID)
# Number of images: 10, mean observations per image: 0
40 0.99910293025148478 -0.0041090565244008039 0.041645520122861227 0.0064885338153159201 2.9379843094116112 4.6305764001230489 1.5752402477679128 1 000040.png
137.30018615722656 200.94406127929688 -1 175.64057922363281 130.45762634277344 -1 199.97123718261719 74.869094848632812 -1 129.76541137695312 136.40957641601562 -1 112.93318939208984 24.652887344360352 -1 225.22676086425781 123.54904174804688 -1 225.22676086425781 123.54904174804688 -1 151.18342590332031 156.32667541503906 -1 220.8756103515625 200.77281188964844 -1 234.37484741210938 213.92868041992188 -1 203.93423461914062 189.70809936523438 -1 203.93423461914062 189.70809936523438 -1 186.90435791015625 51.495220184326172 -1 120.42323303222656 176.98704528808594 -1 103.65166473388672 125.63090515136719 -1 201.79597473144531 59.977687835693359 -1 224.19938659667969 106.01964569091797 -1 151.57881164550781 120.84192657470703 -1 77.799263000488281 147.60942077636719 -1 103.65166473388672 125.63090515136719 -1 156.54966735839844 76.960014343261719 -1 135.43991088867188 34.886508941650391 -1 135.43991088867188 34.886508941650391 -1 180.91828918457031 44.828300476074219 -1 167.83590698242188 90.653045654296875 -1 164.42318725585938 102.89249420166016 -1 151.88583374023438 103.96741485595703 -1 161.36683654785156 114.34897613525391 -1 174.43890380859375 40.194389343261719 -1 241.45196533203125 202.0582275390625 -1 113.01641845703125 43.963596343994141 -1 169.18264770507812 46.443401336669922 -1 169.90235900878906 63.052093505859375 -1 171.79385375976562 88.081802368164062 -1 179.95454406738281 94.444129943847656 -1 175.29812622070312 95.346290588378906 -1 169.01971435546875 95.835464477539062 -1 247.45059204101562 99.606063842773438 -1 239.18881225585938 102.25328826904297 -1 250.40664672851562 106.45330047607422 -1 161.46058654785156 119.82144165039062 -1 197.90931701660156 192.19392395019531 -1 109.16609954833984 34.964530944824219 -1 121.67626190185547 26.579057693481445 -1 169.90235900878906 63.052093505859375 -1 169.90235900878906 63.052093505859375 -1 175.29812622070312 95.346290588378906 -1 247.45059204101562 99.606063842773438 -1 239.18881225585938 102.25328826904297 -1 250.40664672851562 106.45330047607422 -1 197.90931701660156 192.19392395019531 -1 183.60188293457031 70.105873107910156 -1 121.67626190185547 26.579057693481445 -1 127.23875427246094 34.098049163818359 -1 239.25674438476562 205.54403686523438 -1 248.12356567382812 214.53900146484375 -1 242.23600769042969 208.69036865234375 -1 122.62586212158203 40.533004760742188 -1 251.57908630371094 218.46055603027344 -1 251.68339538574219 84.557205200195312 -1 126.21333312988281 30.635843276977539 -1 222.63352966308594 188.15090942382812 -1 122.62586212158203 40.533004760742188 -1 98.626907348632812 120.11571502685547 -1 181.07791137695312 182.06675720214844 -1 181.07791137695312 182.06675720214844 -1 151.58552551269531 75.632904052734375 -1 247.5263671875 81.85107421875 -1 98.626907348632812 120.11571502685547 -1 206.74899291992188 172.26860046386719 -1 181.07791137695312 182.06675720214844 -1 126.21333312988281 30.635843276977539 -1 251.03262329101562 113.10427856445312 -1 89.110443115234375 128.17228698730469 -1 85.856414794921875 131.08473205566406 -1 195.13655090332031 160.0709228515625 -1 223.63031005859375 103.84402465820312 -1 29.247714996337891 180.95567321777344 -1 11.122198104858398 195.81953430175781 -1 18.311796188354492 190.03269958496094 -1 166.29853820800781 88.926422119140625 -1 166.29853820800781 88.926422119140625 -1 237.00782775878906 96.052444458007812 -1 154.08952331542969 102.95532989501953 -1 85.856414794921875 131.08473205566406 -1 247.53646850585938 85.465705871582031 -1 117.00878143310547 36.566390991210938 -1 102.94107055664062 44.424304962158203 -1 189.39205932617188 64.656692504882812 -1 243.415283203125 82.884613037109375 -1 166.29853820800781 88.926422119140625 -1 180.96450805664062 89.136848449707031 -1 172.10685729980469 89.311607360839844 -1 237.00782775878906 96.052444458007812 -1 218.17344665527344 183.46783447265625 -1 154.08952331542969 102.95532989501953 -1 13.626550674438477 193.70286560058594 -1 156.82217407226562 97.360572814941406 -1 100.84931182861328 121.41209411621094 -1 45.353168487548828 167.50361633300781 -1 101.88735198974609 1.9295780658721924 -1 
45 0.99898284813571969 -0.0071073490509028911 0.044062423925416615 0.006423201532830828 0.80055244580930385 2.0748483683255627 -0.089332751229852014 1 000042.png
132.00508117675781 117.93473815917969 -1 136.54962158203125 201.72541809082031 -1 199.86738586425781 74.685295104980469 -1 129.96817016601562 136.12295532226562 -1 112.94126129150391 24.63389778137207 -1 224.9454345703125 122.90751647949219 -1 224.9454345703125 122.90751647949219 -1 151.19149780273438 156.23731994628906 -1 98.084686279296875 29.163242340087891 -1 185.46568298339844 51.279029846191406 -1 117.70254516601562 178.7120361328125 -1 220.79423522949219 201.3338623046875 -1 234.61251831054688 214.91046142578125 -1 241.05894470214844 90.485748291015625 -1 241.05894470214844 90.485748291015625 -1 201.71434020996094 59.785381317138672 -1 223.74925231933594 105.1973876953125 -1 151.51824951171875 121.10582733154297 -1 75.647705078125 148.17584228515625 -1 141.27032470703125 19.785602569580078 -1 135.02153015136719 34.549900054931641 -1 181.30624389648438 45.602222442626953 -1 131.63783264160156 180.71160888671875 -1 139.43685913085938 181.63175964355469 -1 131.63783264160156 180.71160888671875 -1 135.02153015136719 34.549900054931641 -1 174.49505615234375 40.144752502441406 -1 156.45411682128906 76.996978759765625 -1 167.86785888671875 90.636604309082031 -1 164.35441589355469 102.66545867919922 -1 112.96878051757812 44.382797241210938 -1 246.99806213378906 98.358467102050781 -1 197.32038879394531 193.29026794433594 -1 109.17330169677734 34.858295440673828 -1 169.90689086914062 63.046939849853516 -1 171.8568115234375 88.158035278320312 -1 179.99050903320312 94.35943603515625 -1 175.43666076660156 95.375038146972656 -1 168.95254516601562 95.86810302734375 -1 246.99806213378906 98.358467102050781 -1 238.79005432128906 101.37958526611328 -1 197.32038879394531 193.29026794433594 -1 228.34059143066406 195.27308654785156 -1 242.01747131347656 203.1448974609375 -1 169.90689086914062 63.046939849853516 -1 169.90689086914062 63.046939849853516 -1 175.43666076660156 95.375038146972656 -1 239.30917358398438 122.31302642822266 -1 160.63143920898438 120.27454376220703 -1 41.426773071289062 165.93501281738281 -1 126.22069549560547 30.634099960327148 -1 238.56887817382812 205.04071044921875 -1 151.61737060546875 75.582847595214844 -1 243.28269958496094 210.20787048339844 -1 246.92300415039062 213.90675354003906 -1 239.30917358398438 122.31302642822266 -1 126.22069549560547 30.634099960327148 -1 41.426773071289062 165.93501281738281 -1 206.47903442382812 172.92430114746094 -1 211.81488037109375 178.0318603515625 -1 221.97872924804688 188.43818664550781 -1 242.87286376953125 82.666069030761719 -1 166.33792114257812 88.783943176269531 -1 225.36227416992188 96.194206237792969 -1 76.165847778320312 137.66764831542969 -1 53.4871826171875 159.79930114746094 -1 197.19383239746094 163.34523010253906 -1 203.72247314453125 169.63316345214844 -1 250.53611755371094 207.47817993164062 -1 253.24427795410156 210.09104919433594 -1 15.233016014099121 191.27055358886719 -1 10.847797393798828 194.68038940429688 -1 223.20358276367188 103.66350555419922 -1 108.87534332275391 5.0835142135620117 -1 132.56549072265625 185.5400390625 -1 218.03108215332031 184.18086242675781 -1 23.92180061340332 184.28279113769531 -1 31.117332458496094 178.14860534667969 -1 108.87534332275391 5.0835142135620117 -1 166.33792114257812 88.783943176269531 -1 100.026611328125 6.0918960571289062 -1 132.56549072265625 185.5400390625 -1 201.69029235839844 189.830810546875 -1 201.69029235839844 189.830810546875 -1 117.04799652099609 36.529266357421875 -1 172.10426330566406 89.236343383789062 -1 110.71624755859375 40.801509857177734 -1 201.69029235839844 189.830810546875 -1 195.88015747070312 57.171253204345703 -1 184.58641052246094 69.951210021972656 -1 239.93455505371094 80.531036376953125 -1 76.165847778320312 137.66764831542969 -1 50.398723602294922 161.94139099121094 -1 206.88888549804688 231.89385986328125 -1 136.53993225097656 162.02105712890625 -1 206.88888549804688 231.89385986328125 -1 
46 0.99897772703315657 -0.0087722263862836363 0.044134303333469703 0.0043257606458698529 0.82695645818302299 0.50812520102936265 0.55102283643906791 1 000048.png
131.76863098144531 117.92168426513672 -1 136.72518920898438 201.17802429199219 -1 173.90432739257812 129.79197692871094 -1 200.05342102050781 74.667716979980469 -1 130.90486145019531 134.14300537109375 -1 112.96392822265625 24.619729995727539 -1 126.03904724121094 98.676994323730469 -1 226.03482055664062 121.81011962890625 -1 226.03482055664062 121.81011962890625 -1 203.64732360839844 189.33538818359375 -1 130.49932861328125 169.32843017578125 -1 130.49932861328125 169.32843017578125 -1 130.49932861328125 169.32843017578125 -1 203.64732360839844 189.33538818359375 -1 151.95816040039062 156.07649230957031 -1 98.086639404296875 29.118993759155273 -1 118.34931182861328 177.57928466796875 -1 221.74443054199219 200.70437622070312 -1 120.03296661376953 99.017829895019531 -1 124.96289825439453 11.180482864379883 -1 201.70378112792969 59.906806945800781 -1 239.308837890625 88.207656860351562 -1 224.64262390136719 104.71427154541016 -1 151.67466735839844 120.75918579101562 -1 103.16006469726562 124.61736297607422 -1 103.16006469726562 124.61736297607422 -1 239.308837890625 88.207656860351562 -1 231.80900573730469 77.448928833007812 -1 140.27461242675781 180.84968566894531 -1 134.91584777832031 33.579296112060547 -1 180.81211853027344 44.705070495605469 -1 156.49468994140625 76.967735290527344 -1 167.87538146972656 90.572868347167969 -1 249.06991577148438 92.590316772460938 -1 156.49468994140625 76.967735290527344 -1 134.91584777832031 33.579296112060547 -1 151.96751403808594 104.04618072509766 -1 164.38067626953125 102.67006683349609 -1 117.23366546630859 108.16663360595703 -1 121.63408660888672 26.525339126586914 -1 121.63408660888672 26.525339126586914 -1 179.99603271484375 94.388221740722656 -1 175.37918090820312 95.293121337890625 -1 168.88932800292969 95.939300537109375 -1 248.11933898925781 97.92962646484375 -1 239.78131103515625 100.75914001464844 -1 161.39944458007812 114.45520782470703 -1 161.51676940917969 119.59384918212891 -1 197.96804809570312 192.23094177246094 -1 169.91218566894531 63.036380767822266 -1 169.91218566894531 63.036380767822266 -1 175.37918090820312 95.293121337890625 -1 248.11933898925781 97.92962646484375 -1 197.96804809570312 192.23094177246094 -1 109.18255615234375 34.924751281738281 -1 141.54319763183594 19.13682746887207 -1 174.34834289550781 39.871753692626953 -1 169.06144714355469 46.690635681152344 -1 169.91218566894531 63.036380767822266 -1 171.8128662109375 88.012397766113281 -1 151.53713989257812 75.75482177734375 -1 177.53994750976562 90.960487365722656 -1 226.52873229980469 95.573951721191406 -1 223.81869506835938 102.99327087402344 -1 126.24360656738281 30.6290283203125 -1 92.705795288085938 123.41358947753906 -1 207.0408935546875 171.76197814941406 -1 115.98506927490234 45.313800811767578 -1 229.04092407226562 74.123939514160156 -1 211.69981384277344 176.20063781738281 -1 222.15821838378906 187.11009216308594 -1 92.705795288085938 123.41358947753906 -1 126.24360656738281 30.6290283203125 -1 115.98506927490234 45.313800811767578 -1 177.53994750976562 90.960487365722656 -1 202.26516723632812 188.50636291503906 -1 239.08535766601562 204.38356018066406 -1 243.11697387695312 208.43534851074219 -1 166.38816833496094 88.82958984375 -1 172.08111572265625 89.215003967285156 -1 214.14985656738281 178.70210266113281 -1 207.48616027832031 230.47962951660156 -1 239.29013061523438 197.93484497070312 -1 167.85929870605469 60.344345092773438 -1 100.16558837890625 6.1404781341552734 -1 69.8712158203125 145.54017639160156 -1 89.812385559082031 125.70658111572266 -1 228.02825927734375 191.13330078125 -1 99.175437927246094 121.15269470214844 -1 251.55647277832031 111.3704833984375 -1 242.02058410644531 108.41139221191406 -1 114.0101318359375 105.0594482421875 -1 243.70376586914062 82.923614501953125 -1 166.38816833496094 88.82958984375 -1 166.38816833496094 88.82958984375 -1 117.02593994140625 36.563304901123047 -1 207.48616027832031 230.47962951660156 -1 169.54605102539062 40.031585693359375 -1 196.21205139160156 56.784328460693359 -1 106.98769378662109 57.882503509521484 -1 180.96133422851562 89.129676818847656 -1 189.43043518066406 64.609848022460938 -1 184.46669006347656 69.604148864746094 -1 184.78253173828125 72.79901123046875 -1 246.50340270996094 201.99546813964844 -1 106.98769378662109 57.882503509521484 -1 37.240592956542969 172.22471618652344 -1 
48 0.99895693381655093 -0.0095812163225277979 0.044442392558363651 0.004256573422882313 0.55755883591549182 -0.17267978906138051 0.19583142983142668 1 000047.png
131.67741394042969 117.89594268798828 -1 136.59512329101562 201.16130065917969 -1 174.467529296875 128.99221801757812 -1 200.09344482421875 74.713661193847656 -1 130.89247131347656 134.19853210449219 -1 112.96428680419922 24.653066635131836 -1 126.11503601074219 98.640632629394531 -1 225.97160339355469 121.84200286865234 -1 225.97160339355469 121.84200286865234 -1 151.8912353515625 156.03898620605469 -1 203.78501892089844 189.50712585449219 -1 203.78501892089844 189.50712585449219 -1 98.062850952148438 29.100608825683594 -1 185.37733459472656 51.217761993408203 -1 118.54476165771484 177.94233703613281 -1 221.58673095703125 200.56196594238281 -1 235.54603576660156 214.51126098632812 -1 124.99782562255859 11.280591011047363 -1 102.37494659423828 125.89704895019531 -1 239.28791809082031 88.352165222167969 -1 132.45283508300781 178.96858215332031 -1 201.70327758789062 59.9796142578125 -1 239.28791809082031 88.352165222167969 -1 224.45970153808594 104.79985046386719 -1 151.80215454101562 120.64290618896484 -1 102.37494659423828 125.89704895019531 -1 76.135414123535156 147.37965393066406 -1 183.923828125 154.96856689453125 -1 132.45283508300781 178.96858215332031 -1 140.32443237304688 180.67739868164062 -1 232.35499572753906 77.503158569335938 -1 141.75617980957031 19.81578254699707 -1 135.05729675292969 33.672950744628906 -1 167.88693237304688 90.610519409179688 -1 135.05729675292969 33.672950744628906 -1 156.44850158691406 76.976852416992188 -1 180.88230895996094 44.801383972167969 -1 156.44850158691406 76.976852416992188 -1 164.44773864746094 102.69763946533203 -1 121.64352416992188 26.549716949462891 -1 121.64352416992188 26.549716949462891 -1 198.01969909667969 192.36393737792969 -1 250.34034729003906 215.9384765625 -1 169.92155456542969 63.048828125 -1 169.92155456542969 63.048828125 -1 175.39277648925781 95.345901489257812 -1 248.39320373535156 97.881500244140625 -1 198.01969909667969 192.36393737792969 -1 169.0323486328125 91.434005737304688 -1 239.71501159667969 100.73207092285156 -1 174.53279113769531 40.043312072753906 -1 112.94174194335938 43.751865386962891 -1 169.92155456542969 63.048828125 -1 171.78372192382812 87.972755432128906 -1 180.01188659667969 94.40625 -1 175.39277648925781 95.345901489257812 -1 168.95698547363281 95.913894653320312 -1 248.39320373535156 97.881500244140625 -1 161.38059997558594 114.49332427978516 -1 161.35284423828125 119.48533630371094 -1 126.29042816162109 30.640020370483398 -1 229.08110046386719 74.226898193359375 -1 183.90385437011719 69.839683532714844 -1 151.58726501464844 75.688446044921875 -1 92.618080139160156 123.56789398193359 -1 92.618080139160156 123.56789398193359 -1 126.29042816162109 30.640020370483398 -1 212.82101440429688 177.55210876464844 -1 218.27922058105469 182.78904724121094 -1 222.73382568359375 187.59843444824219 -1 25.401737213134766 182.17158508300781 -1 21.900005340576172 184.9033203125 -1 19.864156723022461 186.65420532226562 -1 15.20318603515625 190.49481201171875 -1 6.3779821395874023 197.52375793457031 -1 3.6157517433166504 199.93669128417969 -1 246.49053955078125 201.97380065917969 -1 240.26254272460938 205.26473999023438 -1 203.67948913574219 173.10066223144531 -1 197.74851989746094 162.51351928710938 -1 53.906116485595703 158.85708618164062 -1 117.02304077148438 36.575862884521484 -1 189.72216796875 64.178726196289062 -1 151.82962036132812 116.91657257080078 -1 172.11061096191406 89.098136901855469 -1 166.35800170898438 88.75531005859375 -1 166.35800170898438 88.75531005859375 -1 169.4310302734375 40.168003082275391 -1 195.97737121582031 56.913814544677734 -1 242.94941711425781 82.466346740722656 -1 29.675260543823242 178.43656921386719 -1 184.753662109375 72.925048828125 -1 158.52574157714844 80.46484375 -1 206.55799865722656 171.22088623046875 -1 203.5986328125 167.83718872070312 -1 100.15070343017578 6.2844562530517578 -1 
49 0.99878028236022764 -0.0098930463822372444 0.048179261325807403 0.0043398133372766221 -2.6815525941685734 -0.41812256000165221 -0.49477202519591662 1 000044.png
131.78273010253906 117.99681091308594 -1 136.50984191894531 201.60240173339844 -1 173.95390319824219 130.32893371582031 -1 199.90895080566406 74.591499328613281 -1 130.56356811523438 134.75309753417969 -1 112.96865081787109 24.637710571289062 -1 225.74995422363281 121.95188140869141 -1 225.74995422363281 121.95188140869141 -1 152.00372314453125 155.96672058105469 -1 203.51655578613281 189.60310363769531 -1 203.51655578613281 189.60310363769531 -1 98.034011840820312 28.921459197998047 -1 118.46537780761719 178.17243957519531 -1 221.43450927734375 200.983154296875 -1 235.67994689941406 215.14706420898438 -1 239.07937622070312 89.454971313476562 -1 239.07937622070312 89.454971313476562 -1 124.96994018554688 11.211609840393066 -1 224.065673828125 105.44140625 -1 101.90398406982422 126.00782012939453 -1 101.90398406982422 126.00782012939453 -1 201.75027465820312 59.814643859863281 -1 151.6075439453125 121.18643188476562 -1 132.44795227050781 180.93212890625 -1 141.55819702148438 19.794355392456055 -1 181.41325378417969 45.704090118408203 -1 132.44795227050781 180.93212890625 -1 134.8551025390625 33.719383239746094 -1 140.49188232421875 179.99580383300781 -1 167.84027099609375 90.530441284179688 -1 151.89021301269531 104.09903717041016 -1 203.21533203125 197.18426513671875 -1 203.21533203125 197.18426513671875 -1 156.46440124511719 76.961296081542969 -1 156.46440124511719 76.961296081542969 -1 164.39947509765625 48.423267364501953 -1 174.60232543945312 40.266075134277344 -1 164.42401123046875 102.67958068847656 -1 175.32380676269531 95.257362365722656 -1 175.32380676269531 95.257362365722656 -1 180.00318908691406 94.373687744140625 -1 109.17237091064453 34.998889923095703 -1 161.1378173828125 119.92876434326172 -1 121.72048950195312 26.509304046630859 -1 113.0030517578125 43.721828460693359 -1 169.0704345703125 46.383872985839844 -1 169.92910766601562 63.0263671875 -1 181.47172546386719 77.208892822265625 -1 171.86793518066406 88.10516357421875 -1 168.93353271484375 95.901458740234375 -1 247.20428466796875 97.6781005859375 -1 239.87809753417969 101.10475921630859 -1 197.97416687011719 192.66459655761719 -1 229.189208984375 195.13267517089844 -1 169.92910766601562 63.0263671875 -1 169.92910766601562 63.0263671875 -1 247.20428466796875 97.6781005859375 -1 197.97416687011719 192.66459655761719 -1 238.94438171386719 121.12874603271484 -1 126.36891937255859 37.908496856689453 -1 249.68281555175781 83.001182556152344 -1 251.13845825195312 87.770652770996094 -1 100.02641296386719 5.4565467834472656 -1 229.41453552246094 74.58441162109375 -1 218.62065124511719 183.65409851074219 -1 243.67652893066406 209.47590637207031 -1 222.31953430175781 187.55709838867188 -1 205.28662109375 188.61508178710938 -1 238.98446655273438 204.81126403808594 -1 141.14595031738281 18.519458770751953 -1 151.59881591796875 75.64990234375 -1 241.460205078125 108.43746185302734 -1 116.64968872070312 126.94956207275391 -1 211.84980773925781 177.00030517578125 -1 126.36891937255859 37.908496856689453 -1 251.13845825195312 87.770652770996094 -1 113.96343994140625 146.05636596679688 -1 207.87370300292969 173.45582580566406 -1 239.65162658691406 80.266647338867188 -1 244.37168884277344 88.361351013183594 -1 166.36729431152344 88.832870483398438 -1 172.09550476074219 89.1356201171875 -1 225.85647583007812 95.604270935058594 -1 154.0748291015625 102.86543273925781 -1 223.48320007324219 103.56981658935547 -1 15.016519546508789 191.09133911132812 -1 217.92340087890625 173.8936767578125 -1 189.59796142578125 64.31256103515625 -1 197.62625122070312 162.84904479980469 -1 101.82146453857422 0.59874677658081055 -1 20.607540130615234 186.27301025390625 -1 203.55032348632812 168.5584716796875 -1 64.846809387207031 149.74043273925781 -1 73.094085693359375 139.8619384765625 -1 91.769599914550781 127.492431640625 -1 108.89579010009766 4.8856978416442871 -1 151.86790466308594 116.43997192382812 -1 251.24510192871094 111.70614624023438 -1 126.62425231933594 30.637165069580078 -1 108.89579010009766 4.8856978416442871 -1 244.37168884277344 88.361351013183594 -1 244.37168884277344 88.361351013183594 -1 166.36729431152344 88.832870483398438 -1 166.36729431152344 88.832870483398438 -1 154.0748291015625 102.86543273925781 -1 180.98141479492188 89.128936767578125 -1 116.97389221191406 36.613307952880859 -1 169.45339965820312 40.42523193359375 -1 37.345962524414062 172.566162109375 -1 174.84733581542969 53.17987060546875 -1 248.13287353515625 103.44029998779297 -1 158.52542114257812 80.580978393554688 -1 73.094085693359375 139.8619384765625 -1 231.32424926757812 187.06369018554688 -1 156.79362487792969 97.474319458007812 -1 102.09325408935547 35.602092742919922 -1 
52 0.99895503739988956 -0.0091345533434024611 0.044600069521615146 0.0040282734848593148 0.40844188817240956 0.20953203785895944 -0.1329364234213925 1 000049.png
131.4901123046875 117.70196533203125 -1 136.59031677246094 201.13575744628906 -1 173.64483642578125 129.79214477539062 -1 200.02729797363281 74.688087463378906 -1 130.87043762207031 134.80305480957031 -1 112.97945404052734 24.646787643432617 -1 226.00259399414062 122.04306030273438 -1 226.00259399414062 122.04306030273438 -1 151.99066162109375 155.43115234375 -1 97.983718872070312 28.826894760131836 -1 118.94847106933594 177.778076171875 -1 221.377685546875 200.13119506835938 -1 235.61444091796875 214.26472473144531 -1 187.59413146972656 51.892192840576172 -1 124.93072509765625 11.176050186157227 -1 230.824462890625 77.561203002929688 -1 201.78401184082031 59.962753295898438 -1 239.73611450195312 88.377418518066406 -1 224.58567810058594 104.75179290771484 -1 151.7545166015625 120.67926788330078 -1 75.626724243164062 147.698486328125 -1 183.62179565429688 154.87318420410156 -1 239.73611450195312 88.377418518066406 -1 156.49577331542969 76.949859619140625 -1 181.22976684570312 45.253387451171875 -1 140.32948303222656 180.28141784667969 -1 156.49577331542969 76.949859619140625 -1 174.55136108398438 40.249526977539062 -1 167.94017028808594 90.634963989257812 -1 134.96929931640625 33.474895477294922 -1 134.96929931640625 33.474895477294922 -1 164.27700805664062 102.61397552490234 -1 151.99539184570312 104.22821807861328 -1 113.77991485595703 121.882080078125 -1 183.29934692382812 69.916038513183594 -1 249.02989196777344 92.456466674804688 -1 121.70874786376953 26.284795761108398 -1 112.96583557128906 43.751621246337891 -1 169.925537109375 63.040695190429688 -1 171.76106262207031 87.942138671875 -1 180.03779602050781 94.347702026367188 -1 175.412353515625 95.308982849121094 -1 168.97062683105469 95.863983154296875 -1 248.24174499511719 97.9471435546875 -1 239.45916748046875 100.43010711669922 -1 161.49554443359375 119.57832336425781 -1 198.08645629882812 192.42764282226562 -1 228.82025146484375 193.92240905761719 -1 251.96812438964844 217.55390930175781 -1 169.925537109375 63.040695190429688 -1 169.925537109375 63.040695190429688 -1 175.412353515625 95.308982849121094 -1 248.24174499511719 97.9471435546875 -1 198.08645629882812 192.42764282226562 -1 109.18144989013672 34.913509368896484 -1 141.51663208007812 19.11811637878418 -1 184.0338134765625 69.990753173828125 -1 210.10337829589844 72.299766540527344 -1 207.5673828125 172.36561584472656 -1 229.71311950683594 74.691856384277344 -1 222.32646179199219 187.32598876953125 -1 151.56118774414062 75.753524780273438 -1 252.25860595703125 105.73876190185547 -1 251.28555297851562 87.949615478515625 -1 126.39933013916016 30.613861083984375 -1 177.57846069335938 91.218986511230469 -1 243.56915283203125 208.95883178710938 -1 202.37460327148438 188.54107666015625 -1 211.96231079101562 176.60780334472656 -1 177.57846069335938 91.218986511230469 -1 210.10337829589844 72.299766540527344 -1 251.28555297851562 87.949615478515625 -1 252.25860595703125 105.73876190185547 -1 14.034329414367676 191.74945068359375 -1 240.29682922363281 205.461669921875 -1 246.99801635742188 212.11212158203125 -1 151.78994750976562 116.58670806884766 -1 90.082405090332031 125.56327056884766 -1 54.290069580078125 158.60061645507812 -1 226.36441040039062 95.354133605957031 -1 242.44784545898438 101.78706359863281 -1 243.01475524902344 82.523651123046875 -1 172.061279296875 89.161186218261719 -1 108.72708892822266 5.010836124420166 -1 100.24124908447266 6.0730695724487305 -1 207.36106872558594 230.64761352539062 -1 25.441303253173828 182.22305297851562 -1 37.836353302001953 171.75802612304688 -1 204.07557678222656 168.41267395019531 -1 108.72708892822266 5.010836124420166 -1 116.92927551269531 36.630096435546875 -1 169.40225219726562 40.190879821777344 -1 166.41096496582031 88.892173767089844 -1 207.36106872558594 230.64761352539062 -1 189.60087585449219 64.365516662597656 -1 166.41096496582031 88.892173767089844 -1 166.41096496582031 88.892173767089844 -1 180.95933532714844 89.105789184570312 -1 240.61085510253906 96.468116760253906 -1 113.95173645019531 105.13617706298828 -1 251.20698547363281 111.27144622802734 -1 168.24223327636719 47.835659027099609 -1 169.40225219726562 40.190879821777344 -1 107.04190063476562 57.854846954345703 -1 241.910888671875 108.11558532714844 -1 241.910888671875 108.11558532714844 -1 
58 0.99885406490442419 -0.011368935961437832 0.046322455041859327 0.00394138020347595 -1.0536091720286336 -1.7135125528770057 -0.3142571626151377 1 000057.png
132.11953735351562 118.118896484375 -1 136.67076110839844 201.11277770996094 -1 173.84652709960938 129.75477600097656 -1 200.08058166503906 74.640106201171875 -1 130.96900939941406 134.86041259765625 -1 112.95652770996094 24.650114059448242 -1 226.36491394042969 121.75522613525391 -1 226.36491394042969 121.75522613525391 -1 130.88589477539062 169.93568420410156 -1 152.1585693359375 155.67184448242188 -1 130.88589477539062 169.93568420410156 -1 130.88589477539062 169.93568420410156 -1 98.0380859375 28.993316650390625 -1 185.53842163085938 51.278598785400391 -1 118.4296875 177.48481750488281 -1 221.56973266601562 200.41108703613281 -1 235.72001647949219 214.33592224121094 -1 124.91578674316406 11.142828941345215 -1 163.85234069824219 134.27445983886719 -1 75.466552734375 147.80323791503906 -1 239.80078125 88.519515991210938 -1 163.85234069824219 134.27445983886719 -1 201.72315979003906 59.980644226074219 -1 239.80078125 88.519515991210938 -1 239.80078125 88.519515991210938 -1 224.60075378417969 104.56783294677734 -1 151.67938232421875 120.95260620117188 -1 231.60444641113281 77.321220397949219 -1 132.71856689453125 179.47311401367188 -1 135.38874816894531 34.157600402832031 -1 132.71856689453125 179.47311401367188 -1 135.38874816894531 34.157600402832031 -1 141.75776672363281 19.710271835327148 -1 180.94462585449219 44.811183929443359 -1 164.28204345703125 47.904495239257812 -1 156.4949951171875 76.956184387207031 -1 241.11227416992188 116.22919464111328 -1 152.00677490234375 104.13446044921875 -1 202.28440856933594 196.13009643554688 -1 202.28440856933594 196.13009643554688 -1 156.4949951171875 76.956184387207031 -1 167.87716674804688 90.566276550292969 -1 164.39260864257812 102.75402069091797 -1 249.32342529296875 92.749794006347656 -1 202.28440856933594 196.13009643554688 -1 117.34116363525391 108.1689453125 -1 175.34608459472656 95.280792236328125 -1 248.56483459472656 97.927825927734375 -1 161.34135437011719 114.50757598876953 -1 161.56193542480469 119.52446746826172 -1 198.17137145996094 192.66508483886719 -1 169.91795349121094 63.045166015625 -1 169.91795349121094 63.045166015625 -1 175.34608459472656 95.280792236328125 -1 248.56483459472656 97.927825927734375 -1 168.91816711425781 95.972389221191406 -1 109.16429138183594 35.004302978515625 -1 121.76948547363281 26.204442977905273 -1 174.42890930175781 39.914806365966797 -1 112.91271209716797 43.814048767089844 -1 169.00369262695312 46.709461212158203 -1 169.91795349121094 63.045166015625 -1 171.87019348144531 88.093963623046875 -1 180.00523376464844 94.441635131835938 -1 243.82144165039062 208.96708679199219 -1 166.31344604492188 44.061229705810547 -1 126.19929504394531 30.635173797607422 -1 110.501708984375 70.601478576660156 -1 116.08335113525391 45.296401977539062 -1 202.43124389648438 188.54515075683594 -1 184.3455810546875 69.659858703613281 -1 230.00825500488281 74.843994140625 -1 110.501708984375 70.601478576660156 -1 100.01993560791016 5.5330953598022461 -1 126.19929504394531 30.635173797607422 -1 116.08335113525391 45.296401977539062 -1 250.77615356445312 87.672836303710938 -1 151.569091796875 75.715957641601562 -1 250.77615356445312 87.672836303710938 -1 222.23989868164062 187.26322937011719 -1 243.29249572753906 79.699089050292969 -1 8.8960714340209961 195.51557922363281 -1 6.2769618034362793 197.69316101074219 -1 2.9954802989959717 200.41804504394531 -1 21.797866821289062 184.84410095214844 -1 218.56803894042969 183.02706909179688 -1 168.16535949707031 47.713863372802734 -1 116.97611999511719 36.591091156005859 -1 30.974609375 177.25364685058594 -1 206.72128295898438 171.17552185058594 -1 201.574951171875 165.71409606933594 -1 201.574951171875 165.71409606933594 -1 91.282432556152344 127.95703887939453 -1 251.48750305175781 111.41371154785156 -1 166.36058044433594 88.787322998046875 -1 226.49566650390625 95.449310302734375 -1 180.95796203613281 89.108619689941406 -1 133.47932434082031 184.10377502441406 -1 195.95938110351562 57.016242980957031 -1 168.02200317382812 60.248184204101562 -1 133.47932434082031 184.10377502441406 -1 189.56430053710938 64.426841735839844 -1 246.84088134765625 84.991241455078125 -1 172.1407470703125 89.207237243652344 -1 240.32109069824219 205.29649353027344 -1 166.36058044433594 88.787322998046875 -1 197.84834289550781 162.21896362304688 -1 207.58792114257812 230.30068969726562 -1 73.764396667480469 142.31179809570312 -1 207.58792114257812 230.30068969726562 -1 
67 0.99879839775639823 -0.013248895449986212 0.047002572487004471 0.0041213575689343146 -1.6432818273486074 -3.309088413234893 -0.79559661638804891 1 000067.png
132.25843811035156 118.19131469726562 -1 136.65998840332031 201.23165893554688 -1 173.934326171875 129.73594665527344 -1 200.01913452148438 74.652877807617188 -1 130.93199157714844 134.82919311523438 -1 126.58242034912109 98.568023681640625 -1 113.08889007568359 24.738044738769531 -1 226.47041320800781 121.98316192626953 -1 226.47041320800781 121.98316192626953 -1 130.97772216796875 170.44046020507812 -1 152.09518432617188 155.61068725585938 -1 130.97772216796875 170.44046020507812 -1 130.97772216796875 170.44046020507812 -1 98.109725952148438 29.206323623657227 -1 185.51533508300781 51.276317596435547 -1 118.50527191162109 177.57049560546875 -1 221.69407653808594 200.37158203125 -1 235.36911010742188 214.08439636230469 -1 124.98150634765625 11.233297348022461 -1 184.16375732421875 155.12413024902344 -1 239.92192077636719 88.455368041992188 -1 151.72352600097656 120.94327545166016 -1 224.53616333007812 104.71485900878906 -1 201.76078796386719 60.037330627441406 -1 239.92192077636719 88.455368041992188 -1 239.92192077636719 88.455368041992188 -1 181.35923767089844 45.561508178710938 -1 140.44517517089844 180.58119201660156 -1 231.35057067871094 77.631660461425781 -1 132.82264709472656 179.6387939453125 -1 132.82264709472656 179.6387939453125 -1 156.51893615722656 76.913688659667969 -1 152.06379699707031 103.75421905517578 -1 174.708251953125 40.298046112060547 -1 167.87104797363281 90.561317443847656 -1 135.03837585449219 33.595611572265625 -1 156.51893615722656 76.913688659667969 -1 135.03837585449219 33.595611572265625 -1 164.25053405761719 102.72260284423828 -1 175.31495666503906 95.309310913085938 -1 141.59255981445312 19.29595947265625 -1 175.31495666503906 95.309310913085938 -1 248.55810546875 97.849296569824219 -1 239.4027099609375 100.35888671875 -1 161.57281494140625 119.59815979003906 -1 198.26240539550781 192.7921142578125 -1 229.26441955566406 194.40855407714844 -1 251.72264099121094 217.2984619140625 -1 121.7265625 26.622652053833008 -1 169.92160034179688 63.029609680175781 -1 169.92160034179688 63.029609680175781 -1 251.18339538574219 87.930259704589844 -1 248.55810546875 97.849296569824219 -1 239.4027099609375 100.35888671875 -1 198.26240539550781 192.7921142578125 -1 109.16349792480469 34.937122344970703 -1 121.7265625 26.622652053833008 -1 112.94166564941406 43.753440856933594 -1 169.92160034179688 63.029609680175781 -1 171.92750549316406 88.257423400878906 -1 251.18339538574219 87.930259704589844 -1 179.99176025390625 94.363899230957031 -1 169.04179382324219 95.842742919921875 -1 18.91148567199707 187.70756530761719 -1 151.56050109863281 75.672584533691406 -1 251.52584838867188 84.374710083007812 -1 247.25125122070312 212.38883972167969 -1 242.29669189453125 101.50108337402344 -1 202.40980529785156 188.45501708984375 -1 240.16514587402344 205.10111999511719 -1 223.86361694335938 102.96197509765625 -1 240.6181640625 121.55696868896484 -1 207.64630126953125 172.32762145996094 -1 219.36489868164062 183.6898193359375 -1 126.28205108642578 30.621297836303711 -1 240.6181640625 121.55696868896484 -1 242.89016723632812 208.10609436035156 -1 241.94131469726562 107.89406585693359 -1 99.927558898925781 5.6072897911071777 -1 126.28205108642578 30.621297836303711 -1 245.06573486328125 87.467430114746094 -1 166.37603759765625 88.80255126953125 -1 172.10273742675781 89.050285339355469 -1 158.55207824707031 80.500228881835938 -1 154.02958679199219 102.85462951660156 -1 30.96192741394043 177.27682495117188 -1 108.76190948486328 5.0663332939147949 -1 212.2816162109375 176.62469482421875 -1 40.058437347412109 169.96266174316406 -1 203.59078979492188 168.00180053710938 -1 200.27876281738281 164.65245056152344 -1 191.57028198242188 147.06990051269531 -1 86.258590698242188 132.25238037109375 -1 251.7337646484375 111.50857543945312 -1 226.1549072265625 95.239479064941406 -1 245.06573486328125 87.467430114746094 -1 166.37603759765625 88.80255126953125 -1 14.619982719421387 190.95721435546875 -1 116.98500823974609 36.584426879882812 -1 108.76190948486328 5.0663332939147949 -1 169.4796142578125 40.111339569091797 -1 110.64209747314453 40.910591125488281 -1 189.66227722167969 64.289306640625 -1 228.02755737304688 190.93086242675781 -1 207.51866149902344 230.39988708496094 -1 2.4652335643768311 200.81607055664062 -1 246.71543884277344 84.982337951660156 -1 151.787353515625 116.70516967773438 -1 207.51866149902344 230.39988708496094 -1 
70 0.99899727482569167 -0.0081720076831443399 0.043805552908771792 0.0043285927996408128 1.0920890731686013 1.0301488320210761 0.37866118810786642 1 000069.png
132.34417724609375 118.2255859375 -1 136.71636962890625 201.21537780761719 -1 173.94505310058594 129.75141906738281 -1 200.02499389648438 74.645065307617188 -1 130.924560546875 135.16297912597656 -1 113.11400604248047 24.740947723388672 -1 226.10592651367188 121.79974365234375 -1 226.10592651367188 121.79974365234375 -1 152.11167907714844 156.3577880859375 -1 98.182907104492188 29.398731231689453 -1 185.45791625976562 51.303836822509766 -1 118.55905151367188 177.57542419433594 -1 221.79437255859375 200.77867126464844 -1 235.48359680175781 214.09135437011719 -1 125.01094055175781 11.298957824707031 -1 224.59219360351562 104.47126007080078 -1 201.8997802734375 60.122371673583984 -1 231.10505676269531 77.550621032714844 -1 151.62712097167969 120.98632049560547 -1 102.42130279541016 125.41472625732422 -1 75.587211608886719 147.64421081542969 -1 102.42130279541016 125.41472625732422 -1 156.595947265625 76.883995056152344 -1 140.38754272460938 180.6556396484375 -1 132.92448425292969 179.97027587890625 -1 156.595947265625 76.883995056152344 -1 132.92448425292969 179.97027587890625 -1 151.92753601074219 104.22583770751953 -1 241.1005859375 116.40318298339844 -1 202.517578125 196.31289672851562 -1 135.17304992675781 33.535533905029297 -1 180.97665405273438 44.756969451904297 -1 135.17304992675781 33.535533905029297 -1 167.86962890625 90.558609008789062 -1 164.34721374511719 102.79564666748047 -1 141.84538269042969 19.831586837768555 -1 202.517578125 196.31289672851562 -1 202.517578125 196.31289672851562 -1 175.30616760253906 95.256744384765625 -1 175.30616760253906 95.256744384765625 -1 169.92173767089844 63.035129547119141 -1 171.84635925292969 88.12115478515625 -1 180.02024841308594 94.332748413085938 -1 168.89860534667969 95.969085693359375 -1 248.4720458984375 97.859992980957031 -1 239.56071472167969 100.34889984130859 -1 161.55345153808594 119.5433349609375 -1 198.01448059082031 192.10350036621094 -1 250.04617309570312 215.523193359375 -1 121.70254516601562 26.582197189331055 -1 169.92173767089844 63.035129547119141 -1 169.92173767089844 63.035129547119141 -1 248.4720458984375 97.859992980957031 -1 198.01448059082031 192.10350036621094 -1 109.15525817871094 35.054187774658203 -1 121.70254516601562 26.582197189331055 -1 174.28562927246094 39.736259460449219 -1 112.96109008789062 43.677825927734375 -1 248.576416015625 82.379104614257812 -1 240.90542602539062 121.82500457763672 -1 238.388427734375 203.30203247070312 -1 119.86290740966797 34.726234436035156 -1 126.27659606933594 30.625165939331055 -1 230.26683044433594 74.958709716796875 -1 241.60205078125 107.89167022705078 -1 151.549560546875 75.747039794921875 -1 184.08543395996094 69.912246704101562 -1 99.861648559570312 5.5513448715209961 -1 110.46616363525391 70.521186828613281 -1 226.52397155761719 95.412399291992188 -1 207.28915405273438 171.91714477539062 -1 110.46616363525391 70.521186828613281 -1 126.27659606933594 30.625165939331055 -1 216.82518005371094 181.11769104003906 -1 218.84779357910156 183.2078857421875 -1 222.52629089355469 187.42898559570312 -1 202.41220092773438 188.46595764160156 -1 172.06584167480469 89.36602783203125 -1 153.96466064453125 102.88947296142578 -1 115.81616973876953 45.526569366455078 -1 195.76856994628906 61.170673370361328 -1 14.720704078674316 190.96903991699219 -1 158.51484680175781 80.424613952636719 -1 166.39012145996094 88.824615478515625 -1 17.939931869506836 188.22135925292969 -1 133.52207946777344 184.07966613769531 -1 29.481147766113281 178.55961608886719 -1 213.3040771484375 177.54173278808594 -1 48.086460113525391 163.42042541503906 -1 64.086929321289062 147.04367065429688 -1 108.91590881347656 5.1043643951416016 -1 117.10122680664062 36.529552459716797 -1 166.39012145996094 88.824615478515625 -1 64.086929321289062 147.04367065429688 -1 133.52207946777344 184.07966613769531 -1 169.48431396484375 40.134616851806641 -1 115.81616973876953 45.526569366455078 -1 166.39012145996094 88.824615478515625 -1 195.91334533691406 56.879875183105469 -1 189.66526794433594 64.204254150390625 -1 243.24678039550781 82.629562377929688 -1 114.03229522705078 105.05828094482422 -1 249.86820983886719 86.927513122558594 -1 108.91590881347656 5.1043643951416016 -1 195.66014099121094 159.86979675292969 -1 102.06993103027344 35.43084716796875 -1 
72 0.99882491245685701 -0.012716946888976271 0.046598421346963764 0.0039573533258584776 -1.2955503786423694 -2.8546173955123284 -0.70228164998936315 1 000070.png
132.28872680664062 118.15129852294922 -1 136.69549560546875 201.15089416503906 -1 173.4393310546875 129.62712097167969 -1 200.04042053222656 74.65264892578125 -1 130.91572570800781 134.7301025390625 -1 126.54377746582031 98.003219604492188 -1 113.12530517578125 24.742282867431641 -1 152.17787170410156 155.95574951171875 -1 98.078804016113281 29.326799392700195 -1 185.54789733886719 51.286834716796875 -1 118.75752258300781 177.5477294921875 -1 221.64537048339844 200.38824462890625 -1 235.55059814453125 214.15608215332031 -1 124.88538360595703 11.075494766235352 -1 224.51225280761719 104.68399810791016 -1 201.74189758300781 60.006309509277344 -1 240.40890502929688 88.652374267578125 -1 151.68482971191406 120.67134857177734 -1 183.95353698730469 155.40995788574219 -1 240.40890502929688 88.652374267578125 -1 240.40890502929688 88.652374267578125 -1 181.48095703125 45.649284362792969 -1 231.49317932128906 77.584564208984375 -1 140.19140625 180.93626403808594 -1 134.93891906738281 33.626537322998047 -1 141.75759887695312 19.773700714111328 -1 156.52154541015625 76.923851013183594 -1 167.94692993164062 90.625694274902344 -1 164.3223876953125 102.70551300048828 -1 151.91792297363281 104.20685577392578 -1 156.52154541015625 76.923851013183594 -1 134.93891906738281 33.626537322998047 -1 243.04144287109375 202.5089111328125 -1 121.69695281982422 26.637014389038086 -1 174.28558349609375 39.847652435302734 -1 112.9637451171875 43.789077758789062 -1 169.92903137207031 63.023765563964844 -1 195.02670288085938 62.746719360351562 -1 183.41792297363281 69.932334899902344 -1 179.96907043457031 94.373039245605469 -1 175.46614074707031 95.360984802246094 -1 168.87643432617188 96.042831420898438 -1 248.31597900390625 97.740936279296875 -1 239.58602905273438 100.29450225830078 -1 161.53033447265625 119.51729583740234 -1 198.04226684570312 192.31515502929688 -1 203.4913330078125 195.83009338378906 -1 121.69695281982422 26.637014389038086 -1 169.92903137207031 63.023765563964844 -1 169.92903137207031 63.023765563964844 -1 195.02670288085938 62.746719360351562 -1 175.46614074707031 95.360984802246094 -1 248.31597900390625 97.740936279296875 -1 203.4913330078125 195.83009338378906 -1 171.83349609375 88.052726745605469 -1 109.17062377929688 34.943065643310547 -1 164.98521423339844 49.255859375 -1 234.12379455566406 77.217819213867188 -1 229.20671081542969 194.22142028808594 -1 229.3985595703125 74.437461853027344 -1 126.38111114501953 30.62598991394043 -1 151.5439453125 75.747062683105469 -1 223.93089294433594 103.23698425292969 -1 145.61892700195312 124.53586578369141 -1 100.09932708740234 117.02838134765625 -1 207.62185668945312 172.22489929199219 -1 219.82220458984375 184.03826904296875 -1 145.61892700195312 124.53586578369141 -1 222.80778503417969 187.58306884765625 -1 202.44322204589844 188.43617248535156 -1 239.10977172851562 204.18074035644531 -1 245.84085083007812 210.79972839355469 -1 166.36955261230469 88.841102600097656 -1 172.08673095703125 89.212196350097656 -1 226.7509765625 95.466964721679688 -1 116.10652923583984 102.14807891845703 -1 154.068115234375 102.71947479248047 -1 242.10116577148438 107.80653381347656 -1 151.84027099609375 116.77976226806641 -1 103.55632781982422 253.53114318847656 -1 119.72039031982422 34.804889678955078 -1 35.837203979492188 173.30711364746094 -1 54.045398712158203 158.66267395019531 -1 108.83656311035156 5.3070154190063477 -1 15.286355972290039 190.50473022460938 -1 198.025634765625 162.59065246582031 -1 115.90100860595703 45.694801330566406 -1 99.828079223632812 6.277644157409668 -1 57.460987091064453 155.65711975097656 -1 74.687713623046875 141.59443664550781 -1 180.98452758789062 89.12359619140625 -1 116.9998779296875 36.582237243652344 -1 166.36955261230469 88.841102600097656 -1 207.57754516601562 230.59065246582031 -1 115.90100860595703 45.694801330566406 -1 128.20742797851562 36.571010589599609 -1 108.83656311035156 5.3070154190063477 -1 169.54541015625 40.142314910888672 -1 189.60768127441406 64.294563293457031 -1 158.50936889648438 80.509773254394531 -1 246.96826171875 85.015533447265625 -1 207.57754516601562 230.59065246582031 -1 251.04351806640625 111.21830749511719 -1 108.21047973632812 83.166419982910156 -1 184.39115905761719 72.817298889160156 -1 60.810150146484375 152.97026062011719 -1 114.10717010498047 104.90631866455078 -1 8.2654399871826172 195.79774475097656 -1 108.21047973632812 83.166419982910156 -1 
