# Frame list with one line of data per frame:
#   FRAME_ID, RIG_ID, RIG_FROM_WORLD[QW, QX, QY, QZ, TX, TY, TZ], NUM_DATA_IDS, DATA_IDS[] as (SENSOR_TYPE, SENSOR_ID, DATA_ID)
# Number of frames: 107
137 1 0.99921725136728023 -0.019378354129561029 0.019622275635916842 0.028360716847696268 13.600061804497626 9.7856201098044071 -2.0824179463256356 1 CAMERA 1 137
138 1 0.99905513581999184 -0.019417500898144285 0.022339136348472753 0.031823878421284139 12.742452076244454 9.7961211216185458 -0.56132501099676524 1 CAMERA 1 138
139 1 0.99911326630991071 -0.023535320927764503 0.019887079904317893 0.028692748304196068 14.200578920828818 8.4250649220045588 -1.5621966817009474 1 CAMERA 1 139
140 1 0.99907211064621393 -0.022426242242254781 0.024759745976913307 0.027183384023515018 10.3921954133358 8.538117077896537 -0.44639389322773221 1 CAMERA 1 140
141 1 0.99913494814818415 -0.020149632551589056 0.023916788120976664 0.027410489651548658 11.51018149392263 9.0205993555075938 -0.67915591141939102 1 CAMERA 1 141
142 1 0.99901116423014125 -0.023969711320656509 0.02589860084702891 0.027044577218148919 9.6099983667824631 8.2960779099163489 0.02101976933736785 1 CAMERA 1 142
143 1 0.99931587024825663 -0.020117071437692511 0.024909850585180561 0.018509301730866567 8.4844537673359124 7.7584412788396531 -0.12814755150714627 1 CAMERA 1 143
144 1 0.9993496665457241 -0.019920081139439643 0.025028481180233715 0.016643601538096343 7.702234866201513 7.4369179470121756 0.0119231332731698 1 CAMERA 1 144
145 1 0.99928445572281754 -0.021789083563289399 0.027762218356433978 0.013604103063196397 6.065770286226762 6.4610493576533958 0.39576752336831023 1 CAMERA 1 145
146 1 0.99928724151074677 -0.020944141164581855 0.028366239152335646 0.013479925113784791 5.3940577594205443 6.1082707970218602 0.66582036028216141 1 CAMERA 1 146
147 1 0.99927070715219113 -0.020637339996423316 0.030393259639348073 0.010411714264572106 4.7211602638309671 5.7196499954740512 0.92856663818854079 1 CAMERA 1 147
148 1 0.99921228790346162 -0.022547898384638981 0.03188886783060263 0.0070353457376409433 3.5618046946064941 4.8499877720220761 1.3555433825164247 1 CAMERA 1 148
149 1 0.99932590189537795 -0.021009709608745916 0.028672430721118643 0.0091774516990501646 4.3921679488377556 5.3579401544136998 1.3372148598115554 1 CAMERA 1 149
150 1 0.99914605069715945 -0.02601922831661296 0.031906905985635323 0.003481161372475952 2.4353736702637665 3.9286889026237635 1.459105154904903 1 CAMERA 1 150
151 1 0.99947764509514814 -0.015039788786870489 0.02755162791113332 -0.0076908717158596365 -0.18011985290949001 0.90073229492105578 0.51989201163633714 1 CAMERA 1 151
152 1 0.99912379271842133 -0.02434605702747189 0.033425434198859127 0.006454198617176948 2.8933482839846176 4.3780490989022756 1.4574826151353397 1 CAMERA 1 152
153 1 0.99919069907028224 -0.024533454623948438 0.031749462573405912 0.0028333940698826322 1.8121406374780458 3.4965991843633364 1.3126061641353537 1 CAMERA 1 153
154 1 0.99916050631608477 -0.025526000765124051 0.032030108069413088 0.00088208853626590283 1.2950397589435054 3.0977426690925607 1.2617779869411061 1 CAMERA 1 154
155 1 0.99915913275480917 -0.026490673250154438 0.031258704229543063 -0.0014714188054805633 0.66012700010057423 2.443929721395584 1.2324802459458422 1 CAMERA 1 155
156 1 0.99940736491662352 -0.020432752934785567 0.027515583083724433 -0.0032115799039919815 0.29522128643794082 2.0840831304428997 0.99911135432006071 1 CAMERA 1 156
157 1 0.99927197875923612 -0.021668064805619398 0.027023742195065693 0.015991397435959068 6.9455331018609634 6.7893856061869844 0.23288804163394525 1 CAMERA 1 157
158 1 0.99900763416993221 -0.028734393118186114 0.034030052229360321 0.00019252945659565133 0.87428619194273549 2.6430714538407756 1.3289640535953109 1 CAMERA 1 158
159 1 0.99944939179436776 -0.016834894900163735 0.027219437702709914 -0.0087522435247991831 -0.10808012382658634 1.1989763507461653 0.66179206986035077 1 CAMERA 1 159
160 1 0.99951090506370288 -0.014903482665171591 0.026292510098102483 -0.00803372739938874 0.044359143149852349 1.4913742724878916 0.77558841328062056 1 CAMERA 1 160
161 1 0.99949492080234237 -0.018328028002688703 0.025542003657459511 -0.0046467977161067401 0.24152731218958781 1.9364298763073744 0.95096899031658122 1 CAMERA 1 161
162 1 0.99932959293247092 -0.022351064378683078 0.028827426588765921 -0.003126353599863344 0.47588428734069838 2.2693765797593466 1.1019333998812022 1 CAMERA 1 162
163 1 0.99944919334847127 -0.015804386896496152 0.027778011335973071 -0.0089394270585192708 -0.1651799289769077 1.0671750355393008 0.5910886269959621 1 CAMERA 1 163
164 1 0.99951286360911873 -0.016274558694151078 0.02615314803648092 -0.0050186718354463065 0.12632837376462386 1.7036993349023244 0.88178738795235068 1 CAMERA 1 164
165 1 0.99950281987931366 -0.01109850746722609 0.028362214777006473 -0.0081560381462526324 -0.25811016566885797 0.63512082942007086 0.28519147198774003 1 CAMERA 1 165
166 1 0.99947157849543011 -0.013231204818961541 0.028650722862636684 -0.0077868529163241411 -0.25323420076074832 0.794866962289555 0.43443045126948876 1 CAMERA 1 166
167 1 0.99946865308421018 -0.0094657434316444741 0.02955042452838056 -0.0099791589582246699 -0.32217436878561623 0.2612795340133382 0.071832759800940324 1 CAMERA 1 167
168 1 0.99941180600443813 -0.0091578592023605996 0.031228261086919486 -0.010815329087188378 -0.50111813913808179 -0.14995389424394051 -0.18461321757927163 1 CAMERA 1 168
169 1 0.99952598403644399 -0.0095852204943426174 0.028051913492182994 -0.0083078838148137983 -0.25373649412737798 0.45420051644921783 0.18011627186395879 1 CAMERA 1 169
170 1 0.99947062080409699 -0.0073178708750359133 0.029504745717768243 -0.011592967500140763 -0.46030189151317241 -0.2285117117674805 -0.21774193134379066 1 CAMERA 1 170
171 1 0.99944091535576296 -0.0080529538457415634 0.030704859049944976 -0.01049848931590403 -0.42225538675981128 0.071310889077313505 -0.065100828547860798 1 CAMERA 1 171
172 1 0.99950112569213245 -0.0052182273812386498 0.028410850482308216 -0.012770803343160398 -0.56023460560409366 -0.40816935682898342 -0.40684415749647057 1 CAMERA 1 172
173 1 0.99959377455483034 -0.0021402780376264378 0.026129888876592781 -0.011177387371196444 -0.53680291600960384 -0.5940364670866024 -0.56082037490005265 1 CAMERA 1 173
174 1 0.99953827755049607 -0.0036576247262942786 0.027475437432516361 -0.012448045253822693 -0.56479326792296336 -0.47219150784557118 -0.46542337063131367 1 CAMERA 1 174
175 1 0.99949214292087862 -0.0058571687486249704 0.028666303907432009 -0.012625087483541396 -0.5227101292925318 -0.31297706794223162 -0.34447854684329665 1 CAMERA 1 175
176 1 0.99962497177132237 0.0016620961592096533 0.024622580569910159 -0.011869362814356308 -0.53386331995722047 -0.74699553552162712 -0.71908028414350689 1 CAMERA 1 176
177 1 0.99961724976886002 -0.00090642203560882225 0.025241824675078187 -0.011286392280382852 -0.54721656145823894 -0.7304953391477117 -0.66512633540285493 1 CAMERA 1 177
178 1 0.99966765728100582 0.0056995160928906006 0.02221627336651022 -0.011769779110796248 -0.46360179217982211 -0.80173234041385111 -0.86500666783992908 1 CAMERA 1 178
179 1 0.99967655791648757 0.0065738099670917972 0.021529077423539277 -0.011834838404109524 -0.42681616277409379 -0.83829350617491949 -0.91285162213808702 1 CAMERA 1 179
180 1 0.99967258245192281 0.0057673522334839552 0.022039186354089309 -0.011650742764666006 -0.43480930654210165 -0.84651582311198525 -0.89703339525929693 1 CAMERA 1 180
181 1 0.99966843630986446 0.0079379200476562672 0.021220937782688649 -0.012234323468459905 -0.42337680495369201 -0.82964927956375489 -0.933343222557111 1 CAMERA 1 181
182 1 0.99965632460295606 0.0094463062438599199 0.020634636224701363 -0.01312294812650527 -0.43839182299336565 -0.85255072026275724 -0.98697726095370908 1 CAMERA 1 182
183 1 0.99963425623451496 0.0027366555590272973 0.023803868909986769 -0.012539549582644182 -0.51640405952454604 -0.80177070279528007 -0.79769490610152327 1 CAMERA 1 183
184 1 0.99970974230320231 0.0090004114050640342 0.018939342612550765 -0.011862758532856114 -0.42309322937376026 -0.86874993286447511 -1.0103871297178719 1 CAMERA 1 184
185 1 0.99977065411445531 0.0083432448745016392 0.017157585383269988 -0.0097286535725235358 -0.41550570709540774 -0.87141347187013407 -1.0199116693314465 1 CAMERA 1 185
186 1 0.99980711028011537 0.0078416671190352366 0.015883815674236787 -0.0084826228105834532 -0.40408712345895986 -0.87571787044209803 -1.0216751135032613 1 CAMERA 1 186
187 1 0.99983703094609822 0.0097901110367132702 0.012781428223285209 -0.008167029285669522 -0.38351606439897484 -0.83047222994559022 -1.0940640216309323 1 CAMERA 1 187
188 1 0.99981377538878469 0.0092643154044238715 0.014659343893808303 -0.0084670325094014752 -0.38580483666252324 -0.83645202492505444 -1.0567881222812612 1 CAMERA 1 188
189 1 0.99986407912094299 0.010434622253710991 0.010212805988381935 -0.0076577108782548481 -0.38265443523782289 -0.83115944670404585 -1.1360000755326614 1 CAMERA 1 189
190 1 0.99979517031503329 0.014896695438862902 0.006288769374461177 -0.012171986669820651 -0.38175992028614086 -0.81257095080073927 -1.161362332183824 1 CAMERA 1 190
191 1 0.99982621791252346 0.013911017884911048 0.0065847077376340723 -0.010519466723883122 -0.37614505013586685 -0.81614573262793733 -1.1542842348235633 1 CAMERA 1 191
192 1 0.99981807582156956 0.014293524246381134 0.0037248235181376699 -0.012067978904154817 -0.37799083611598849 -0.81171321733444313 -1.1613429353840976 1 CAMERA 1 192
193 1 0.99979643619931424 0.01487860119175189 0.004655325359967784 -0.012807862254113274 -0.37995113866006308 -0.81240408609525172 -1.166182706980216 1 CAMERA 1 193
194 1 0.99984756293838384 0.012288197494231609 0.0091141023603278325 -0.0084133362397491879 -0.38140918687702458 -0.82095787496537231 -1.1502515007527931 1 CAMERA 1 194
195 1 0.99983291538950991 0.013859030456350714 0.0030772099833311357 -0.011515179427244164 -0.37188497610027493 -0.81511455485006556 -1.1537383953538751 1 CAMERA 1 195
196 1 0.99983959293706492 0.013047703676133768 0.0076615726661890789 -0.0095836385838077784 -0.37832184401131758 -0.81951768300202232 -1.158114168364861 1 CAMERA 1 196
197 1 0.99985301801275284 0.0129705416448658 0.00255409693089519 -0.010917142899882446 -0.41612041522428117 -0.80942092928928133 -1.1322736395135036 1 CAMERA 1 197
198 1 0.99984967669575853 0.013408677812309235 0.0032550649429210379 -0.010499329641951854 -0.39352312314038079 -0.79995094188586413 -1.1304442237553958 1 CAMERA 1 198
199 1 0.99985684124437102 0.012688407678025475 0.0038534512651058317 -0.010509626100520059 -0.50338501847425932 -0.79378206144283137 -1.1337341613245984 1 CAMERA 1 199
200 1 0.99988074447245379 0.011728102023207669 0.0036350527333474368 -0.0093666881965095827 -0.51667255020024283 -0.79725216256653419 -1.1398871656075966 1 CAMERA 1 200
201 1 0.99992232337759401 0.0068047956302010795 0.0055437186258521214 -0.0088492458087068484 -0.65052497384546393 -0.92071170577958217 -1.1347652769329588 1 CAMERA 1 201
202 1 0.99997203877627294 0.0064996637216046954 0.0012831669585764963 -0.0034683597977287974 -0.63611949667679768 -1.0017771743348753 -1.2268639227263525 1 CAMERA 1 202
203 1 0.99994503358488951 0.0059821161403958607 0.0047993570044815833 -0.0071491445460689284 -0.66945628786398326 -0.96410134900961231 -1.1746507785711231 1 CAMERA 1 203
204 1 0.999968448846 0.003951213506179223 0.0015293464748475378 -0.0067193990589289312 -0.76787713893980869 -1.0285736814784141 -1.0917583085238045 1 CAMERA 1 204
205 1 0.99997878028762754 0.0043718814578945255 0.0027011873284890214 -0.0040036500850294237 -0.71627606046545633 -1.0266157491463868 -1.182362863759874 1 CAMERA 1 205
206 1 0.99998076545820602 0.0052606669713900125 0.00070289983703184953 -0.0032093657404162926 -0.68576353224091557 -1.0404740913431099 -1.1857952665568714 1 CAMERA 1 206
207 1 0.99993669696266896 0.0043055247637122642 0.003110630420118627 -0.0099190978564577068 -0.85560658688907043 -1.0419699145234886 -1.0915959265905213 1 CAMERA 1 207
208 1 0.99997972477296826 0.0040066778926393905 0.0015358297559950919 -0.0047050825926991877 -0.72261806945460239 -1.0499511309437213 -1.1279837475230459 1 CAMERA 1 208
209 1 0.99991264283310044 0.0047294749342779285 0.0019218512842644404 -0.012192016117592604 -0.87062773791579728 -1.023786420752693 -1.071866644919079 1 CAMERA 1 209
210 1 0.99988369322963899 0.0043410910510384348 0.0022707995599513587 -0.014442936380888102 -0.87989151696994417 -1.0203835242839143 -1.0340489490847282 1 CAMERA 1 210
211 1 0.99985636763723162 0.0025083773484966504 0.0027040696932271093 -0.016542071981854017 -0.93416544672059276 -0.98286115009548913 -0.76086691954939178 1 CAMERA 1 211
212 1 0.99987187852091775 0.0036094898482280664 0.0018868027804733107 -0.015480248749754842 -0.8854281204525104 -1.0086699127303613 -0.99312330499657686 1 CAMERA 1 212
213 1 0.99987362405719526 0.0042430760421967835 0.0017273614601284462 -0.015223286202939267 -0.87426930446750917 -0.92374927010905239 -0.62596182358863461 1 CAMERA 1 213
214 1 0.9998565640792404 0.0032627128152164682 0.0022781479327796538 -0.016462564038985071 -0.90471590026693893 -0.99797036404381978 -0.92411067663577739 1 CAMERA 1 214
215 1 0.99984932189406461 0.0036064390732610222 0.00241250696379074 -0.016807942031668233 -0.93097467066502593 -0.9675571910220554 -0.83039155582508961 1 CAMERA 1 215
216 1 0.99987529519207718 0.0043006037722492958 0.0022581883716844536 -0.015026624938040575 -0.91888534003662836 -0.93104423468279474 -0.70943250910731215 1 CAMERA 1 216
217 1 0.99985160396826078 0.0034057295024000822 0.0018203259492690536 -0.01678861108284721 -0.90653209575855465 -0.99136526213426712 -0.8891927968353508 1 CAMERA 1 217
218 1 0.99987302905360387 0.0015425879490604806 0.0027894109175234712 -0.015612987552789951 -0.79698721891795132 -0.89081304779964188 -0.39357152282352431 1 CAMERA 1 218
219 1 0.99985383477640721 0.0042465427642181582 0.002059523519162978 -0.01643272102662326 -0.84626183881297223 -0.88668325300970585 -0.52798467021039042 1 CAMERA 1 219
220 1 0.99991279304898528 0.0020044555089903946 0.0027158375021481573 -0.012767641980871767 -0.72277279754845369 -0.81789151931021353 -0.28545719448383666 1 CAMERA 1 220
221 1 0.99994694474188306 0.00077102227254812145 0.00250074844687595 -0.0099629053610954463 -0.64994803252954902 -0.80345692267340052 -0.1794723194656449 1 CAMERA 1 221
222 1 0.99996447445682357 -0.0016508390248027522 0.0029504548807203234 -0.0077213580929629405 -0.60558811900226162 -0.79126420691499344 -0.06182740027427424 1 CAMERA 1 222
223 1 0.99997827186448529 -0.0021164191373348293 0.0026207578594326865 -0.0056664095505881869 -0.46604401435911708 -0.74003198107378687 0.20426119190305697 1 CAMERA 1 223
224 1 0.99995192793934395 -0.0036907642360461952 0.0042787398979533542 -0.0080132674127837266 -0.46653266609355459 -0.73784000607896227 0.36600497940938881 1 CAMERA 1 224
225 1 0.99997563426408997 -0.0020477894392332704 0.0021412561344773384 -0.00632079573393727 -0.51129836922374072 -0.76373270134635918 0.078518396735785381 1 CAMERA 1 225
226 1 0.99994896088225671 -0.0033528824323635562 0.0038959534595259851 -0.0086980087681702845 -0.41902727850952853 -0.72133415289102143 0.49584776600705227 1 CAMERA 1 226
227 1 0.99992989005554134 -0.0043230951293669355 0.0040565839907643593 -0.010250363327296529 -0.40309449830107985 -0.78065069434625101 0.64175743160715437 1 CAMERA 1 227
228 1 0.99992893669359784 -0.0038233517081815208 0.0038938758652637706 -0.010599116721324024 -0.35289691344835922 -0.86145508207092303 0.76051470229387641 1 CAMERA 1 228
229 1 0.99992287663105728 -0.0033025859054058408 0.0038730708897518587 -0.011328417280971274 -0.28821419785373575 -1.0627323773773667 0.9989761904097475 1 CAMERA 1 229
230 1 0.99992616958002212 -0.0026338894133486361 0.0034955445899864418 -0.011335748038948219 -0.3085130399914795 -0.94418250592035002 0.87023313743343289 1 CAMERA 1 230
231 1 0.9999703929187842 -0.0062786295291341818 -0.00018428105047077229 -0.0044450126639826084 -0.13807825191036177 -1.3674342683907872 2.0384043371366354 1 CAMERA 1 231
232 1 0.99993702471626367 -0.0032892597659695839 0.0021257572621635108 -0.010517058896891385 -0.19347056381680772 -1.2400591805129539 1.3795651378842337 1 CAMERA 1 232
233 1 0.99995350391410776 -0.0071247979867117874 0.0016939823619307544 -0.0062735705387422687 -0.16471213720949798 -1.3228785246311177 1.8199508198434471 1 CAMERA 1 233
234 1 0.99995852641175631 -0.004333982743981963 0.0010132454868474841 -0.0079457777207169612 -0.15049268745955738 -1.250620097264622 1.6574162720477068 1 CAMERA 1 234
235 1 0.99993512848743138 -0.0032699949875060596 0.0031025996881477108 -0.010460393146574086 -0.25181585300293513 -1.1574446009951831 1.1351638072935817 1 CAMERA 1 235
236 1 0.99994469119850526 -0.0035505976619093819 0.0016885695713457797 -0.0097548210117966733 -0.17079367152033151 -1.249245586995118 1.5144674577093304 1 CAMERA 1 236
237 1 0.9999360062736381 -0.0039383897416247126 0.0032014437898506306 -0.010110549017258408 -0.24513669781700742 -1.2263817226420535 1.2619468282640771 1 CAMERA 1 237
238 1 0.99996320196083122 -0.0066054508467311415 0.00069917021155027539 -0.0054289874165141276 -0.13829482882987568 -1.349598686034178 1.9174339208118025 1 CAMERA 1 238
239 1 0.99997715401227283 -0.0051950386206184238 -0.00072465126202336751 -0.0042635557688328165 -0.17346335141606908 -1.3624094975371821 2.166243710216234 1 CAMERA 1 239
240 1 0.9999492272003494 -0.0081063904967605405 -0.0015781575294652522 -0.0057739824515078298 -0.29083680451192945 -1.3559954875565303 2.5116483448596352 1 CAMERA 1 240
241 1 0.99996824032047948 -0.0059974085724480188 -0.0014708327433708738 -0.0050384612552045226 -0.19986953355963344 -1.3951323848393185 2.2576977641393299 1 CAMERA 1 241
242 1 0.99995629135743924 -0.0066255591839919177 -0.0026108394925878253 -0.0060581232506028834 -0.21165600446056992 -1.3828328051848413 2.3657446063388656 1 CAMERA 1 242
243 1 0.99994743347278447 -0.0089436288478778325 -0.0024393116451965581 -0.0043808164673377224 -0.31475831151887335 -1.2845188042923119 2.6376745848092051 1 CAMERA 1 243
