# Frame list with one line of data per frame:
#   FRAME_ID, RIG_ID, RIG_FROM_WORLD[QW, QX, QY, QZ, TX, TY, TZ], NUM_DATA_IDS, DATA_IDS[] as (SENSOR_TYPE, SENSOR_ID, DATA_ID)
# Number of frames: 148
1 1 0.95416911029249407 0.0027010191224287566 -0.15600877640363719 -0.25537281598551287 6.2433548145636468 3.9182563711151333 -1.8351589368450092 1 CAMERA 1 1
2 1 0.95368648357885799 0.0033142594787251675 -0.15619201519157624 -0.25705089206905091 6.2670553235041275 3.9047767573122272 -1.8257607107546836 1 CAMERA 1 2
3 1 0.95396039208204564 0.003353267452536422 -0.15626021444956933 -0.25599037348352843 6.2419225553753881 3.9095430381682412 -1.8218415437173756 1 CAMERA 1 3
4 1 0.95393062515120619 0.0035255278712673283 -0.15653123917364439 -0.25593339800545956 6.2458539561845416 3.9138121095530347 -1.8185024087362256 1 CAMERA 1 4
5 1 0.95364172773092903 0.0043584794375466475 -0.15696449973078558 -0.25673060707992246 6.2935596219223102 3.9234500489413286 -1.8119263592603503 1 CAMERA 1 5
6 1 0.95180118487723175 0.0028165380711800401 -0.1592415471911249 -0.26212344654335695 6.3942238296816587 3.8866181620366174 -1.8040645957885564 1 CAMERA 1 6
7 1 0.95309369745686467 0.0036105835496822091 -0.15731344794841437 -0.25855724056582657 6.3142315525633288 3.9098684684728773 -1.8161844039887298 1 CAMERA 1 7
8 1 0.95332982228820917 0.0038477289632161777 -0.15725932201620965 -0.25771486289455497 6.2882595535395325 3.8997671281461521 -1.809891196335017 1 CAMERA 1 8
9 1 0.9523100989421267 0.0038274526204423909 -0.16027373519312957 -0.2596211776156131 6.3564705460097306 3.9022345484020677 -1.7830613799660213 1 CAMERA 1 9
10 1 0.95220770931930543 0.0036204375252808845 -0.1586019315539797 -0.26102260065433724 6.374938366628478 3.899582128428241 -1.8024893779398796 1 CAMERA 1 10
11 1 0.95138007496989985 0.0036359779579194676 -0.15957242980446235 -0.26343760601109545 6.4193664681866718 3.8859479960972578 -1.7916876066181553 1 CAMERA 1 11
12 1 0.95129361895700548 0.0039553592067121763 -0.15979287184142021 -0.26361153953099453 6.440471762818003 3.8959890792275318 -1.7878632185152787 1 CAMERA 1 12
13 1 0.95694359373618265 0.021529098126563565 -0.13763544435564634 -0.25466044215417621 6.0638998752585138 4.1589838644730994 -1.627039020726778 1 CAMERA 1 13
14 1 0.95134227564082718 0.0041682024721637909 -0.15935021159028176 -0.26370060813888152 6.4324759354216017 3.8942806897028124 -1.7894285814196691 1 CAMERA 1 14
15 1 0.96051261179754543 0.037994496689961209 -0.11754979486507613 -0.24930701258952365 5.7401216847626824 4.3615337976638111 -1.4288572125350385 1 CAMERA 1 15
16 1 0.95622710611263517 0.019561432879552663 -0.14043915365963461 -0.25597639734655148 6.0812563127975281 4.1644672175197845 -1.6572589799101669 1 CAMERA 1 16
17 1 0.95873249089910328 0.049335473679522075 -0.11387287166638664 -0.25579482213224897 5.8662593807160262 4.4933613761501841 -1.2464677525272425 1 CAMERA 1 17
18 1 0.95841042279271627 0.049025360999159329 -0.11470838893876918 -0.25668650328418285 5.893937832709196 4.4685616085823332 -1.2471875954693767 1 CAMERA 1 18
19 1 0.95868707122476082 0.049476583519524046 -0.11567136560487959 -0.25512997144363192 5.8621533858172379 4.5054228478854492 -1.2307818975104401 1 CAMERA 1 19
20 1 0.95605932104148328 0.063859508175312746 -0.10719529808573448 -0.26529550681007741 6.0117360619782598 4.5446298349762548 -0.99000732491989951 1 CAMERA 1 20
21 1 0.95852953692300313 0.049657867734008564 -0.11257773311070039 -0.25706317711010429 5.8766917159244727 4.4686364619954855 -1.2517629720143915 1 CAMERA 1 21
22 1 0.95819488229396765 0.050023409442974495 -0.11283631507389535 -0.25812437322712223 5.8913359238028944 4.4501282874525456 -1.2432085413086584 1 CAMERA 1 22
23 1 0.98081297400066891 -0.071185216856440872 -0.10070919619828685 -0.15098421352631408 2.7414454121307101 -2.0502601719312503 -1.5947656556858762 1 CAMERA 1 23
24 1 0.98594483089494367 -0.052610418625856629 -0.083601957735107021 -0.13474289200700093 2.2038526447558984 -1.9519974082883234 -1.2062939065412104 1 CAMERA 1 24
25 1 0.98594532100828347 -0.051622923757742745 -0.084127393480067675 -0.13479421126600796 2.2038659173387725 -1.9274612746184279 -1.2041932174966297 1 CAMERA 1 25
26 1 0.95670912127027774 0.063656729023836789 -0.10451491795797718 -0.26406838139481265 5.9577319776114086 4.5560109928679893 -1.0137731549449653 1 CAMERA 1 26
27 1 0.98408744141895788 -0.057835576895298536 -0.088838949659653513 -0.14259942044078139 2.4723100114751522 -1.9965093684620274 -1.3029313619711949 1 CAMERA 1 27
28 1 0.98486771355239866 -0.047529600999295457 -0.084245243820198462 -0.1438028606272963 2.4087034095733584 -1.6629103431714574 -1.1832762867996494 1 CAMERA 1 28
29 1 0.98393184384421795 -0.057906926699583576 -0.090281473230950801 -0.14273811719640908 2.4610399597725041 -1.9922228793566419 -1.3119558117321468 1 CAMERA 1 29
30 1 0.98419213801007033 -0.058355365625840525 -0.089411043496700149 -0.14130163510261493 2.4078642278104159 -1.9770850689988593 -1.3156682050211217 1 CAMERA 1 30
31 1 0.98491072337510654 -0.04802767283451774 -0.0836532132132283 -0.14368837650251023 2.350736027845215 -1.651273761261842 -1.1977031428645137 1 CAMERA 1 31
32 1 0.98414712615320854 -0.058789516973503549 -0.088182287459064826 -0.14220446883586196 2.4371713073396695 -2.0030884707110883 -1.3375340027260945 1 CAMERA 1 32
33 1 0.98640669371364975 -0.050962687839465927 -0.079639558555939627 -0.13439560914739102 2.168999491690875 -1.8369320034679122 -1.2010944716421357 1 CAMERA 1 33
34 1 0.98608966294489331 -0.051220254547818506 -0.082373451636986963 -0.13497509630554924 2.1762963570919975 -1.775436730187635 -1.2574095990901102 1 CAMERA 1 34
35 1 0.98644299710614469 -0.051680220177375377 -0.082694444673714271 -0.13198862497492292 2.1799782245080546 -1.7383088341969242 -1.2577744628235752 1 CAMERA 1 35
36 1 0.98595872433635312 -0.051058925286001096 -0.082036609040064865 -0.13619241840454022 2.1698632674878082 -1.7706951501439927 -1.2561527490252957 1 CAMERA 1 36
37 1 0.98344120385846645 -0.06059672097007842 -0.089388701964043735 -0.14553726643807863 2.5672894114582538 -1.9730767972362442 -1.3756622807857919 1 CAMERA 1 37
38 1 0.9862850834594028 -0.051416657910720517 -0.082739986826850492 -0.13323721707790009 2.1857245210004055 -1.7325169961982356 -1.2616284636176716 1 CAMERA 1 38
39 1 0.98635722066367526 -0.052150886166575483 -0.083040114601318896 -0.13222729553186346 2.1945076809155899 -1.7609738829303068 -1.2630620293289876 1 CAMERA 1 39
40 1 0.98637999171848267 -0.052172352649077353 -0.082213010961617206 -0.13256537400517338 2.1752200315694248 -1.7567628645141258 -1.2464826294806988 1 CAMERA 1 40
41 1 0.98641386793969998 -0.051862151102348993 -0.082795671113309183 -0.13207147786018794 2.1880937234105069 -1.7834061845853935 -1.2590946381285986 1 CAMERA 1 41
42 1 0.98636454282178621 -0.051794574957831421 -0.082740218658638273 -0.13250044107559422 2.1966651001146449 -1.7625402829112433 -1.2588088994240489 1 CAMERA 1 42
43 1 0.98630977444840084 -0.051664225159525845 -0.082719647406883867 -0.13297103669254981 2.1955236426643423 -1.7642501869229057 -1.2596388768193698 1 CAMERA 1 43
44 1 0.98683682446665033 -0.049808689688663407 -0.080595569073078008 -0.13105926351793235 2.1290742908832394 -1.7423042110119129 -1.2217396286922686 1 CAMERA 1 44
45 1 0.98710241306178736 -0.047951787349934792 -0.078621816684365312 -0.13095060961596616 2.0640578676521417 -1.694328470043122 -1.1895333861948083 1 CAMERA 1 45
46 1 0.98628871731425338 -0.05198919982065444 -0.082800673211820691 -0.13295013244176287 2.1981048805566199 -1.766226814809214 -1.2598338203777357 1 CAMERA 1 46
47 1 0.98626092759518402 -0.051151610353806769 -0.082637430781671933 -0.13358125052230951 2.1761661518992583 -1.749832354456196 -1.2597527937052246 1 CAMERA 1 47
48 1 0.98705854303606544 -0.049199902090854189 -0.079429128684838798 -0.13032964271468517 2.064640545375064 -1.739999319327616 -1.1998065649939516 1 CAMERA 1 48
49 1 0.98733569371911678 -0.046406382198283684 -0.077941258828447629 -0.13015312432551959 2.0498649678770398 -1.7153694964739372 -1.1527289680962916 1 CAMERA 1 49
50 1 0.98669243924035432 -0.049813424183578835 -0.080770289317980887 -0.1320333801753045 2.0962834182405325 -1.7179251376034907 -1.2293000929595239 1 CAMERA 1 50
51 1 0.98656902732652185 -0.050957536343475135 -0.082160259231046084 -0.13166083553164665 2.1752551650948573 -1.746262658736927 -1.2494986001360295 1 CAMERA 1 51
52 1 0.98626975438675279 -0.052075637754584493 -0.082933662198790919 -0.13297408472572594 2.174777760302351 -1.7847574813068527 -1.2624092158948101 1 CAMERA 1 52
53 1 0.98630164945783827 -0.051625855909386779 -0.082786416066790422 -0.1330046487653232 2.1980630691699008 -1.7651293738507421 -1.2612216725189775 1 CAMERA 1 53
54 1 0.98631382813120205 -0.051387653883848007 -0.082503133679652757 -0.13318248532943422 2.1862001224216039 -1.7602996418406716 -1.2567591249475474 1 CAMERA 1 54
55 1 0.98627087637300437 -0.05185054107763834 -0.083054717744908996 -0.13297816989527109 2.2061146943580487 -1.7667287159409921 -1.2656806354304668 1 CAMERA 1 55
56 1 0.98626505192440617 -0.051953471774596714 -0.082390668397420125 -0.13339363509606156 2.1883972790379342 -1.7641538516409347 -1.2582569339412157 1 CAMERA 1 56
57 1 0.98476280930695259 -0.058265003306090676 -0.08868636575762158 -0.13777564125898756 2.3938930616152199 -1.8508419612456468 -1.3599644647570532 1 CAMERA 1 57
58 1 0.98628506233998148 -0.052322089091439976 -0.083060564206149615 -0.13268427741025876 2.1897195290994231 -1.7789401979817581 -1.2634162993087241 1 CAMERA 1 58
59 1 0.98639660627094494 -0.051596572224478943 -0.082642107046756702 -0.13240019265363231 2.1951980971147447 -1.7596251110071628 -1.2600571732929118 1 CAMERA 1 59
60 1 0.98634730734739062 -0.051796008435975434 -0.082287221333463181 -0.13290965353904996 2.1769414993754519 -1.7568881276339443 -1.2501640926397031 1 CAMERA 1 60
61 1 0.98636530143667245 -0.051549459156980011 -0.082521881497544164 -0.13272635177865266 2.1879145794690498 -1.759537675501589 -1.2557659566300687 1 CAMERA 1 61
62 1 0.98610675624960953 -0.050282181261686959 -0.082838686882193216 -0.13491819551889248 2.1797890183771789 -1.689038854080483 -1.2711083738040008 1 CAMERA 1 62
63 1 0.98614812958840736 -0.05125661924828926 -0.082532492729610191 -0.13443590716902418 2.1692459003750084 -1.749466840162242 -1.2598602399963634 1 CAMERA 1 63
64 1 0.98575374659001036 -0.053868518288273715 -0.084823317453055838 -0.13488046054726288 2.2446900309625812 -1.766738147100986 -1.3142837814703456 1 CAMERA 1 64
65 1 0.98673514591520795 -0.049594573044026827 -0.080949453977452651 -0.13168643073994507 2.1269437116085776 -1.7235156528421753 -1.2309159909133383 1 CAMERA 1 65
66 1 0.98616905279363454 -0.051465131108470646 -0.08252291564412699 -0.13420844975516952 2.1769334348823386 -1.7594581237930544 -1.2583545567795231 1 CAMERA 1 66
67 1 0.99063717980092114 -0.035242455659929055 -0.065882989261826522 -0.11426013758551776 1.5983835810645026 -1.5371547491181048 -0.96863815545924969 1 CAMERA 1 67
68 1 0.99746037530715337 0.014642133910361449 -0.013584555967373832 -0.06836568909791689 0.020384044989681344 -1.0880993258684037 0.1247180097350189 1 CAMERA 1 68
69 1 0.98683504461549332 -0.04925270109064455 -0.080879083124906229 -0.13110812357320784 2.0999583313232066 -1.7126432295672327 -1.2303974319321243 1 CAMERA 1 69
70 1 0.99543814748892745 -0.017195015328920309 -0.042638853602224511 -0.083601161087263176 0.71558643635878305 -1.4784407746188732 -0.56379175275334226 1 CAMERA 1 70
71 1 0.99737050156347462 0.057113464118652216 0.027395782371724582 -0.035208037940670046 -1.1954528339680379 -0.63494166356752491 1.0449163262150325 1 CAMERA 1 71
72 1 0.99781331417696362 0.043178338490360714 0.015227169868637133 -0.047669218938298959 -0.81894112753857362 -0.74662396916680407 0.72741933798622083 1 CAMERA 1 72
73 1 0.9919488143262859 0.10097269715135621 0.076176621329501246 0.0062599160919435196 -2.5910417121170606 -0.4622300114275863 2.2094710002723259 1 CAMERA 1 73
74 1 0.99624638594798609 0.070840705542242172 0.042423797181008492 -0.025979883691007854 -1.5838850975695118 -0.56091204762238311 1.4140427464745275 1 CAMERA 1 74
75 1 0.99575731475995855 0.075487602161624354 0.052140940457176037 -0.0070932608979669591 -2.0830966157571877 -0.667090754560693 1.5826192576051068 1 CAMERA 1 75
76 1 0.99123228574068878 0.10417829251754761 0.080610439949336254 0.01036320628918792 -2.6674774327083388 -0.53241266088295536 2.3422766926220766 1 CAMERA 1 76
77 1 0.98508624039876647 0.12507933029871754 0.1116284889724862 0.038721319176490555 -3.509061000618019 -0.62381882412671275 3.0092933875880377 1 CAMERA 1 77
78 1 0.98950273756919438 0.11064541447910056 0.090314017507841834 0.022029590087226075 -2.9897713118269116 -0.53069081491392467 2.5286511853010802 1 CAMERA 1 78
79 1 0.97984037283340153 0.14082498476672101 0.13117896100008197 0.053602682974758988 -3.8944029214845215 -0.7256444907209666 3.5161389507327958 1 CAMERA 1 79
80 1 0.98280643754625729 0.1334201734105957 0.11992487932591675 0.043687377620837374 -3.6529996333474011 -0.54522455178731422 3.2192906231805352 1 CAMERA 1 80
81 1 0.97951737413383733 0.14284281181594435 0.13227268533035078 0.051435217487289943 -3.871749243282478 -0.60769522206878213 3.5414240365450325 1 CAMERA 1 81
82 1 0.99468496677887763 0.086381685221449525 0.053479083919549156 -0.016733466632211039 -1.8875878664030279 -0.46863625828854477 1.7885734726141813 1 CAMERA 1 82
83 1 0.99471260429460462 0.08638315624804857 0.05334807170514691 -0.015452133167077753 -1.8851887826740374 -0.4601386655060411 1.7916925257577789 1 CAMERA 1 83
84 1 0.99468317291278974 0.086733570254646369 0.053360741205065239 -0.015339641882184969 -1.885357799719648 -0.45909882515424882 1.7922869428273711 1 CAMERA 1 84
85 1 0.99464285097547123 0.086546551625242524 0.053970917882395705 -0.01680575580262918 -1.8856466492357726 -0.46089616916675646 1.7927075691902106 1 CAMERA 1 85
86 1 0.99468259793590597 0.086629484422609565 0.053651727849977203 -0.014945028968242841 -1.8842431712932695 -0.45631243247868292 1.7949378667221503 1 CAMERA 1 86
87 1 0.99458952447959637 0.087084621754631816 0.053943924308655154 -0.017262661425320881 -1.8846194860956935 -0.44162634903746378 1.7990317534366274 1 CAMERA 1 87
88 1 0.99466153192772211 0.086665511964600928 0.05348375125157296 -0.016643746308165692 -1.8852438683284281 -0.44435138677817809 1.7962842666307142 1 CAMERA 1 88
89 1 0.99466582284268024 0.086411003248502802 0.053828006443777623 -0.016600756264993004 -1.8834674036825036 -0.43505243671899752 1.8000406125984463 1 CAMERA 1 89
90 1 0.99458455842655069 0.087782673356791324 0.053154792011321762 -0.016441608316442424 -1.8855293532299038 -0.43109368503837847 1.7994638411778654 1 CAMERA 1 90
91 1 0.99454087193070639 0.086942029058099293 0.055091360933002341 -0.017160407720111938 -1.8808725315805974 -0.43006511879319914 1.8067587905108329 1 CAMERA 1 91
92 1 0.99459849828612945 0.087723892998883432 0.05305110570348056 -0.016245799079604377 -1.8859858816192168 -0.42580758771431465 1.8009312700569526 1 CAMERA 1 92
93 1 0.99465965625274988 0.088041753773740003 0.051620920249876037 -0.015365494074764627 -1.8898134618400662 -0.41770482624715138 1.7981723803481848 1 CAMERA 1 93
94 1 0.99460584545350184 0.088029286462510098 0.052705218492482539 -0.015238663270965817 -1.887070203799448 -0.42358749009091118 1.8010123407935641 1 CAMERA 1 94
95 1 0.99452438773563445 0.090082152704276233 0.051529327711757403 -0.012295379164519003 -1.9101372277658726 -0.44750354461231312 1.8046790467768232 1 CAMERA 1 95
96 1 0.99455602556977429 0.088419724572026084 0.051691998111520268 -0.019188580997566027 -1.8930658734936032 -0.40599351246958104 1.8004198618097866 1 CAMERA 1 96
97 1 0.99448865381906038 0.089818943177520677 0.051970483644379298 -0.014964748624541042 -1.909528711732412 -0.43876181308862477 1.8084267147224704 1 CAMERA 1 97
98 1 0.99446198490420912 0.088763291025927879 0.05383360387142893 -0.016382363713493029 -1.9017509024941739 -0.43287583958904546 1.8180011524129627 1 CAMERA 1 98
99 1 0.9944887363217646 0.08555494470093522 0.05755269592999554 -0.01897872381245053 -1.8844428802259512 -0.42677917546877581 1.8384529122961055 1 CAMERA 1 99
100 1 0.9946262606791163 0.085416337312202953 0.055670998944632434 -0.01798306881912726 -1.8840391721336924 -0.444867042246407 1.8345105801047192 1 CAMERA 1 100
101 1 0.99461720130891429 0.087634396889121308 0.052305670015350837 -0.017915139590524379 -1.8777955595297173 -0.50904818633472526 1.8292584267956562 1 CAMERA 1 101
102 1 0.99459902572468495 0.08737586369724365 0.053273570767902532 -0.017325216544264346 -1.8839309789624692 -0.47047824737150051 1.8267051843222495 1 CAMERA 1 102
103 1 0.9946709522702194 0.08736565024438718 0.052371393865291001 -0.015942928584073805 -1.8840602178950727 -0.48448596764221857 1.8240723578056617 1 CAMERA 1 103
104 1 0.99459090701334629 0.087807930257420605 0.052381866987189871 -0.018298499425185213 -1.879120764086271 -0.49869620813950738 1.8278850730589011 1 CAMERA 1 104
105 1 0.99475199764387801 0.085826676636938604 0.051756269790893858 -0.020579924642839052 -1.8781409253613366 -0.51091786651749171 1.8330221024291646 1 CAMERA 1 105
106 1 0.99473925716306177 0.084275998864279347 0.051863682474940595 -0.026486311827936617 -1.8760088867931355 -0.50433104919317628 1.8419356875633246 1 CAMERA 1 106
107 1 0.9947631817146465 0.084624029327707379 0.052509324097089513 -0.022972959064158992 -1.8740810379609418 -0.50857446253018457 1.8404591335376816 1 CAMERA 1 107
108 1 0.99472117676347416 0.084465665892108119 0.05178422201683603 -0.026715653347861738 -1.8764004855540755 -0.50355581779101177 1.8415947188432762 1 CAMERA 1 108
109 1 0.99475715372049456 0.083996440966880845 0.052412794459627897 -0.025606678889118328 -1.8749688331608876 -0.50100914219122528 1.8429908827705914 1 CAMERA 1 109
110 1 0.99473605028410605 0.084438946639330409 0.051518047451510396 -0.026760892032981036 -1.8773781888372651 -0.50457131087035267 1.8406425272764957 1 CAMERA 1 110
111 1 0.99480788813353582 0.085016851180511624 0.049300265139601999 -0.026436425246436232 -1.886224037501711 -0.52555908050538946 1.8320303226843622 1 CAMERA 1 111
112 1 0.99481574963451891 0.0852975181037815 0.049722269408939097 -0.024365007885700361 -1.8831572161640129 -0.5391801076154793 1.8326870836483569 1 CAMERA 1 112
113 1 0.99486508987397493 0.085386265842589085 0.05192654550683496 -0.016008511087337432 -1.8677309507661508 -0.59457262666562105 1.8386314863064055 1 CAMERA 1 113
114 1 0.99475392773347526 0.085812565654176776 0.054600772447077388 -0.010935377581688284 -1.8532176072718927 -0.63398683322763372 1.8465544110607779 1 CAMERA 1 114
115 1 0.99482191746511983 0.0856643526633908 0.052691161776548541 -0.014649664993509321 -1.8641073713326819 -0.60628439198315109 1.8409513552882606 1 CAMERA 1 115
116 1 0.99489743998537772 0.084139080828969551 0.055266302060618416 -0.0067331155004473169 -1.8459716292589732 -0.65896224840029349 1.8498542944715939 1 CAMERA 1 116
117 1 0.99483290249515455 0.083960456747562764 0.049874746830652336 -0.027760537537759901 -1.8850669556425548 -0.50738755559270166 1.8354204758400301 1 CAMERA 1 117
118 1 0.99486520199728867 0.085273564421561004 0.050583454772709639 -0.020321495245010805 -1.8759224831198731 -0.56574010562742927 1.834936383607211 1 CAMERA 1 118
119 1 0.99491500922289933 0.081792927563258205 0.058511104475243089 -0.0055219631216705959 -1.8351580788004116 -0.69459264557728706 1.8645086373391664 1 CAMERA 1 119
120 1 0.99507080508566248 0.078082745765517506 0.060968039442567838 -0.0044806078179964745 -1.829158687442497 -0.7260631312988125 1.8767072781244738 1 CAMERA 1 120
121 1 0.99482567994985449 0.083777691508298585 0.057231349132345295 -0.0052666492518276325 -1.8372793881778939 -0.68698031087276334 1.856744418420115 1 CAMERA 1 121
122 1 0.99498516827062744 0.079237096726487627 0.060910061772699059 -0.0039952219806293878 -1.8272599561818943 -0.71710863820207538 1.8748616819148889 1 CAMERA 1 122
123 1 0.99480162599002475 0.08476011399466464 0.056091916397677528 -0.0062565899698061676 -1.8424238802203465 -0.67060631427766704 1.8517093763724548 1 CAMERA 1 123
124 1 0.99490161362794061 0.081144542347833942 0.059614835491219188 -0.0056933151182383002 -1.8317731653557265 -0.69987758196898087 1.869161856987434 1 CAMERA 1 124
125 1 0.99508954872121202 0.076470257505789188 0.062043474712627618 -0.0099848379253998625 -1.8310403133866076 -0.74184572715744523 1.8833357550333756 1 CAMERA 1 125
126 1 0.99519041304523514 0.077110549820733454 0.060200837561193279 -0.0050856706666232276 -1.8331721381059325 -0.72742285517177596 1.8752996956137586 1 CAMERA 1 126
127 1 0.99511445043915459 0.076233769125716597 0.06212669540417512 -0.0087130184335366297 -1.8297978325714179 -0.73920964628933261 1.8836204374001959 1 CAMERA 1 127
128 1 0.99509492818557743 0.076678841438850245 0.061869526252767072 -0.0088657146465755069 -1.831764290627024 -0.72657568727106225 1.88254870586957 1 CAMERA 1 128
129 1 0.99514805956127539 0.075886865942175127 0.061315235951970762 -0.01272654584154858 -1.8342362243824994 -0.7414475635897988 1.8818940855247415 1 CAMERA 1 129
130 1 0.99517959762099462 0.075458343507640413 0.06135135548597815 -0.012634003879672498 -1.8333199524449044 -0.740745040247477 1.8822464365492215 1 CAMERA 1 130
131 1 0.99509651877638483 0.076053837638421037 0.061856026071547214 -0.013136367010133768 -1.8329902054818021 -0.74188449125920819 1.883537019109808 1 CAMERA 1 131
132 1 0.99513732430413471 0.076054217153909087 0.061484153322110636 -0.011711563523996563 -1.8321892403116564 -0.74672329433590912 1.8817483039168972 1 CAMERA 1 132
133 1 0.99509834682121878 0.07428834021581468 0.062926657955033036 -0.017342386809986416 -1.8293082942160561 -0.72569152658517999 1.886997062007298 1 CAMERA 1 133
134 1 0.99507789486834075 0.074895556031935248 0.062850590459192848 -0.016138218922467345 -1.8297270284323968 -0.72858828506835616 1.8867745402226488 1 CAMERA 1 134
135 1 0.99510796536674107 0.075279155890270316 0.062408177073640651 -0.014085644694453602 -1.8299231358904249 -0.73506987618007824 1.8854361602388732 1 CAMERA 1 135
136 1 0.99499260995968242 0.07315327652700257 0.065052982890398708 -0.020159704264817207 -1.822596360102557 -0.71911760826609517 1.8944103630261406 1 CAMERA 1 136
137 1 0.99513525628547428 0.073316463693101408 0.063475482829239802 -0.017360326286578895 -1.826278730770226 -0.72347252938144935 1.8895312958642765 1 CAMERA 1 137
138 1 0.99515509234452482 0.073647201023224057 0.062640145382172996 -0.017850606396012266 -1.8303104073185887 -0.72229432232354562 1.8866642437313799 1 CAMERA 1 138
139 1 0.99505684022189433 0.072863991800333192 0.064796310993700784 -0.018819179263402132 -1.8223887916833763 -0.72116248455261711 1.8939938710033308 1 CAMERA 1 139
140 1 0.99494823412443845 0.072930880881536098 0.065739877360662669 -0.020913310381426943 -1.8206723679654473 -0.71888452122598356 1.8966545649227737 1 CAMERA 1 140
141 1 0.99481509285292091 0.073260040039111421 0.067157264885467874 -0.02158238491468378 -1.8159351346571726 -0.71939522221563168 1.9008681723928795 1 CAMERA 1 141
142 1 0.9949644958103967 0.07385221265501786 0.065168792829837119 -0.018561551762255279 -1.8212392104474002 -0.72412044318215518 1.8941588263039435 1 CAMERA 1 142
143 1 0.9948345731721957 0.072723693155232416 0.067232151898389991 -0.022254757385120071 -1.815984359903817 -0.71816013009743884 1.9013835128503564 1 CAMERA 1 143
144 1 0.99477751336968412 0.072261346687555433 0.066416616606578049 -0.028014812286786414 -1.826593314085794 -0.70201411425666838 1.8986759617088205 1 CAMERA 1 144
145 1 0.99493349383309071 0.071059219895549836 0.065617246349043812 -0.02742821719478258 -1.8292694271974552 -0.70663257175592986 1.895423297615227 1 CAMERA 1 145
146 1 0.99484129189582471 0.071918472254555277 0.066659009679668604 -0.025982950489566375 -1.8231415198393002 -0.70612503107944924 1.900423369745698 1 CAMERA 1 146
147 1 0.99532766434166564 0.068851597838805942 0.062745718861967781 -0.025402221078144681 -1.8378142240417428 -0.70804009540022617 1.8863600588557927 1 CAMERA 1 147
148 1 0.99564847099470577 0.066422728393706013 0.061342090218435084 -0.022567483826829781 -1.8416786035059156 -0.71042074162383706 1.8853561542803945 1 CAMERA 1 148
