# Image list with two lines of data per image:
#   IMAGE_ID, QW, QX, QY, QZ, TX, TY, TZ, CAMERA_ID, NAME
#   POINTS2D[] as (X, Y, POINT3D_ID)
# Number of images: 5, mean observations per image: 16
79 0.91655546893592099 0.078942752575588707 -0.39191687389787383 -0.0097610518675822697 -0.30878209946158092 -4.2442434555536863 -3.4474710441363396 1 000079.png
120.98287200927734 104.87821197509766 -1 132.49203491210938 198.94949340820312 -1 199.96611022949219 73.328437805175781 -1 223.83250427246094 80.712753295898438 -1 96.003791809082031 26.521810531616211 -1 113.31809997558594 24.154754638671875 -1 109.18080902099609 61.649444580078125 -1 202.54449462890625 62.629291534423828 -1 134.24667358398438 84.888580322265625 -1 238.81759643554688 110.52306365966797 -1 218.11894226074219 158.71333312988281 -1 134.24667358398438 84.888580322265625 -1 188.03117370605469 51.982048034667969 -1 166.92384338378906 79.857261657714844 -1 242.00900268554688 176.37075805664062 -1 166.92384338378906 79.857261657714844 -1 166.92384338378906 79.857261657714844 -1 201.78584289550781 60.664749145507812 -1 171.38212585449219 51.828437805175781 -1 210.94053649902344 143.085205078125 -1 216.77955627441406 241.1507568359375 -1 232.04649353027344 165.85250854492188 13 124.92162322998047 11.225680351257324 -1 166.40750122070312 35.881450653076172 116 93.705459594726562 152.46333312988281 -1 231.80120849609375 78.683692932128906 -1 73.844558715820312 169.22274780273438 19 35.025009155273438 202.6285400390625 -1 7.6728196144104004 226.2520751953125 -1 7.7956805229187012 7.4966793060302734 61 146.6033935546875 47.526805877685547 -1 159.09571838378906 58.333621978759766 -1 156.63572692871094 77.833084106445312 -1 7.7956805229187012 7.4966793060302734 62 159.09571838378906 58.333621978759766 -1 42.034137725830078 5.2835178375244141 -1 19.580900192260742 9.3235263824462891 110 180.70620727539062 44.627498626708984 -1 148.71604919433594 70.083290100097656 -1 171.58111572265625 87.698875427246094 -1 151.77012634277344 103.81446075439453 -1 217.46882629394531 250.20352172851562 -1 19.734638214111328 213.71810913085938 -1 138.79608154296875 182.45219421386719 -1 132.52061462402344 181.18017578125 -1 174.50814819335938 95.292488098144531 -1 148.71604919433594 70.083290100097656 -1 42.034137725830078 5.2835178375244141 16 174.50814819335938 95.292488098144531 -1 132.52061462402344 181.18017578125 -1 206.81431579589844 133.00514221191406 -1 138.79608154296875 182.45219421386719 -1 217.46882629394531 250.20352172851562 -1 168.49554443359375 53.320781707763672 -1 169.92948913574219 62.903472900390625 -1 155.63421630859375 64.309707641601562 -1 145.73176574707031 84.692550659179688 100 179.69998168945312 94.405258178710938 -1 224.45942687988281 139.13093566894531 -1 169.06784057617188 91.848609924316406 -1 105.27480316162109 13.530611991882324 -1 174.20657348632812 39.705436706542969 -1 105.27480316162109 13.530611991882324 -1 169.92948913574219 62.903472900390625 -1 155.63421630859375 64.309707641601562 -1 177.83161926269531 53.748645782470703 -1 104.44020843505859 79.679267883300781 -1 252.53042602539062 90.253089904785156 -1 106.51434326171875 96.088996887207031 -1 238.95516967773438 234.83343505859375 -1 109.07504272460938 5.3007993698120117 -1 109.07504272460938 5.3007993698120117 -1 252.53042602539062 90.253089904785156 -1 222.76795959472656 146.16789245605469 -1 231.42910766601562 147.29055786132812 -1 233.15536499023438 157.17276000976562 -1 189.06930541992188 64.935310363769531 -1 219.51776123046875 162.14591979980469 97 253.45062255859375 169.89067077636719 -1 195.94403076171875 56.809543609619141 -1 169.51646423339844 40.091297149658203 -1 18.524974822998047 10.502072334289551 110 105.54682922363281 6.8933181762695312 -1 37.391754150390625 6.5509066581726074 53 113.45493316650391 1.8942251205444336 -1 38.591705322265625 195.057373046875 -1 6.6133618354797363 215.75386047363281 -1 166.07606506347656 89.300750732421875 -1 3.0866360664367676 218.90536499023438 -1 113.45493316650391 1.8942251205444336 -1 154.36772155761719 99.216133117675781 -1 18.524974822998047 10.502072334289551 111 166.07606506347656 89.300750732421875 -1 166.07606506347656 89.300750732421875 -1 219.51776123046875 162.14591979980469 95 4.1117458343505859 221.13436889648438 -1 190.76036071777344 108.02012634277344 109 4.1117458343505859 221.13436889648438 -1 5.0009770393371582 223.62908935546875 66 215.71684265136719 139.17123413085938 -1 3.3441274166107178 224.82131958007812 -1 
81 0.91681264253990458 0.091619650150921106 -0.38851774255662197 -0.010694947588762707 -0.69644439813718761 0.84494012911210048 -0.1235460425737374 1 000081.png
107.70240020751953 98.467727661132812 -1 130.7813720703125 199.66876220703125 -1 200.7630615234375 74.295379638671875 -1 28.699392318725586 13.33061408996582 57 113.37733459472656 23.94825553894043 -1 96.093559265136719 27.400156021118164 -1 166.95903015136719 79.799934387207031 -1 130.84217834472656 175.179443359375 -1 242.87496948242188 241.80250549316406 -1 166.95903015136719 79.799934387207031 -1 130.84217834472656 175.179443359375 -1 166.95903015136719 79.799934387207031 -1 124.46453094482422 10.655818939208984 -1 131.48182678222656 177.41128540039062 -1 171.44084167480469 51.912246704101562 -1 188.59809875488281 51.956855773925781 -1 151.25840759277344 119.67644500732422 -1 228.931884765625 169.07997131347656 13 131.48182678222656 177.41128540039062 -1 238.35659790039062 178.70036315917969 -1 213.56436157226562 242.05068969726562 -1 151.25840759277344 119.67644500732422 -1 76.227470397949219 172.38926696777344 19 158.84934997558594 58.002349853515625 -1 39.056930541992188 205.03924560546875 -1 51.230739593505859 7.4207601547241211 -1 12.248533248901367 16.143119812011719 61 51.230739593505859 7.4207601547241211 -1 49.451179504394531 14.854626655578613 16 12.248533248901367 16.143119812011719 62 158.84934997558594 58.002349853515625 -1 156.61953735351562 77.820098876953125 -1 154.00523376464844 90.537368774414062 -1 122.5589599609375 7.928410530090332 -1 149.50465393066406 69.479278564453125 -1 174.46583557128906 95.336219787597656 -1 151.79144287109375 103.77790069580078 -1 10.800317764282227 228.11708068847656 66 171.6029052734375 87.71075439453125 -1 149.50465393066406 69.479278564453125 -1 122.5589599609375 7.928410530090332 -1 149.50465393066406 69.479278564453125 -1 174.46583557128906 95.336219787597656 -1 180.46656799316406 44.266994476318359 -1 52.710784912109375 7.8109302520751953 79 168.441650390625 53.210739135742188 -1 174.01620483398438 39.588638305664062 -1 105.31611633300781 13.352715492248535 -1 169.30186462402344 46.004928588867188 -1 25.299970626831055 20.562503814697266 110 14.010848045349121 25.178592681884766 69 169.86946105957031 62.989875793457031 -1 200.40126037597656 57.148773193359375 -1 169.86946105957031 62.989875793457031 -1 156.07662963867188 63.902244567871094 -1 169.06292724609375 91.908233642578125 -1 179.72158813476562 94.563880920410156 -1 156.07662963867188 63.902244567871094 -1 105.31611633300781 13.352715492248535 -1 25.299970626831055 20.562503814697266 111 216.28486633300781 166.01861572265625 97 214.48542785644531 140.78370666503906 -1 211.06448364257812 136.86834716796875 -1 215.16621398925781 136.85380554199219 -1 216.28486633300781 166.01861572265625 95 210.32923889160156 250.24574279785156 -1 243.84576416015625 171.32984924316406 -1 210.32923889160156 250.24574279785156 -1 6.5223894119262695 34.134700775146484 81 142.50054931640625 118.41571044921875 -1 153.95460510253906 102.96548461914062 -1 154.31085205078125 99.150131225585938 -1 189.54701232910156 64.25665283203125 -1 166.07261657714844 89.390396118164062 -1 147.95196533203125 95.682838439941406 -1 230.26730346679688 160.97126770019531 -1 213.66098022460938 163.40898132324219 103 105.25379943847656 6.8423604965209961 -1 249.56974792480469 173.07099914550781 -1 253.80357360839844 96.807357788085938 -1 109.52443695068359 41.653121948242188 -1 108.79440307617188 5.2334532737731934 -1 7.3752694129943848 29.880764007568359 -1 166.07261657714844 89.390396118164062 -1 241.46971130371094 172.6605224609375 -1 213.66098022460938 163.40898132324219 107 108.79440307617188 5.2334532737731934 -1 19.073570251464844 23.141595840454102 -1 7.3752694129943848 29.880764007568359 -1 169.59811401367188 40.044284820556641 -1 196.05809020996094 56.744964599609375 -1 166.07261657714844 89.390396118164062 -1 251.16812133789062 88.390419006347656 -1 166.18714904785156 47.794628143310547 116 
82 0.91689649701624709 0.085468563379319476 -0.38973254237849264 -0.01022173392369892 -0.57108229957408696 -1.4797088034707337 -1.2801442142920991 1 000080.png
110.61407470703125 95.545501708984375 -1 131.31826782226562 199.43563842773438 -1 200.43496704101562 73.897796630859375 -1 26.476181030273438 9.9480791091918945 57 95.884834289550781 26.523502349853516 -1 113.39698791503906 23.935890197753906 -1 202.32228088378906 62.507461547851562 -1 166.94888305664062 79.809112548828125 -1 244.25669860839844 240.92698669433594 -1 166.94888305664062 79.809112548828125 -1 166.94888305664062 79.809112548828125 -1 188.6279296875 52.111660003662109 -1 125.08660888671875 11.569201469421387 -1 37.480602264404297 9.2716436386108398 -1 171.3614501953125 51.790035247802734 -1 157.33235168457031 57.335700988769531 -1 180.71510314941406 101.11708068847656 -1 230.26443481445312 168.07899475097656 13 239.76446533203125 177.5067138671875 -1 214.76091003417969 241.06123352050781 -1 48.070278167724609 11.479997634887695 16 10.826483726501465 13.105533599853516 62 146.60685729980469 47.374507904052734 -1 153.98574829101562 90.309539794921875 -1 156.6439208984375 77.848785400390625 -1 236.89178466796875 101.71048736572266 -1 75.94342041015625 171.055419921875 19 131.98396301269531 178.85581970214844 -1 10.826483726501465 13.105533599853516 61 48.070278167724609 11.479997634887695 -1 131.98396301269531 178.85581970214844 -1 171.5692138671875 87.710243225097656 -1 174.47637939453125 95.326972961425781 -1 151.74769592285156 103.79519653320312 -1 23.117959976196289 215.34722900390625 -1 111.71541595458984 147.6065673828125 -1 50.153251647949219 4.2112421989440918 -1 23.624517440795898 16.560146331787109 110 180.73970031738281 44.658973693847656 -1 174.47637939453125 95.326972961425781 -1 50.153251647949219 4.2112421989440918 79 108.46143341064453 84.340202331542969 -1 242.35903930664062 84.596122741699219 -1 103.54090881347656 80.404251098632812 -1 122.14813995361328 7.2876677513122559 -1 105.15630340576172 13.716691970825195 -1 105.15630340576172 13.716691970825195 -1 122.14813995361328 7.2876677513122559 -1 168.31787109375 53.207927703857422 -1 239.15614318847656 163.74407958984375 -1 4.3721141815185547 30.973762512207031 -1 174.44944763183594 39.919593811035156 -1 200.49118041992188 57.280597686767578 -1 169.90484619140625 62.949581146240234 -1 155.60443115234375 64.469688415527344 -1 169.054443359375 91.9163818359375 -1 179.71186828613281 94.553230285644531 -1 169.90484619140625 62.949581146240234 -1 155.60443115234375 64.469688415527344 -1 108.62438201904297 42.711933135986328 -1 214.61912536621094 161.49661254882812 107 195.24603271484375 61.640121459960938 -1 248.55145263671875 87.051307678222656 -1 229.60250854492188 149.18104553222656 -1 23.044782638549805 17.336227416992188 111 217.28208923339844 164.37165832519531 97 250.977294921875 171.48724365234375 -1 108.62438201904297 42.711933135986328 -1 214.61912536621094 161.49661254882812 103 217.28208923339844 164.37165832519531 95 23.044782638549805 17.336227416992188 110 177.75543212890625 53.584075927734375 -1 172.03607177734375 89.387153625488281 -1 153.93391418457031 102.82230377197266 -1 166.078125 89.315452575683594 -1 227.67388916015625 74.237632751464844 -1 194.92642211914062 116.40763092041016 -1 199.42413330078125 124.98475646972656 -1 189.60409545898438 64.296287536621094 -1 218.47314453125 145.75949096679688 -1 224.77754211425781 152.39266967773438 -1 231.76144409179688 159.69302368164062 -1 242.58718872070312 170.95468139648438 -1 169.55323791503906 39.938739776611328 -1 108.92157745361328 5.2328729629516602 -1 5.8960361480712891 25.863546371459961 -1 166.078125 89.315452575683594 -1 166.078125 89.315452575683594 -1 5.8960361480712891 25.863546371459961 -1 10.979846954345703 19.02174186706543 69 19.898412704467773 18.226692199707031 111 37.530487060546875 12.06241512298584 -1 42.133758544921875 10.494964599609375 53 108.92157745361328 5.2328729629516602 -1 252.08525085449219 181.07276916503906 -1 195.87777709960938 56.763050079345703 -1 
83 0.91194225513410099 0.081495283221032361 -0.40211007077126953 -0.0052281065385904549 2.0336886034079753 2.2591295482509204 3.1919899898716477 1 000083.png
101.08405303955078 89.40020751953125 -1 78.772369384765625 29.622533798217773 -1 128.18171691894531 200.43574523925781 -1 78.772369384765625 29.622533798217773 -1 201.54393005371094 76.082649230957031 -1 39.297702789306641 23.641693115234375 -1 49.568794250488281 20.380361557006836 -1 113.37066650390625 24.206356048583984 -1 111.27833557128906 65.650833129882812 -1 113.37066650390625 24.206356048583984 -1 109.16970062255859 61.559532165527344 -1 244.74284362792969 100.50183868408203 -1 244.74284362792969 100.50183868408203 -1 166.907470703125 79.853775024414062 -1 211.49063110351562 168.00025939941406 -1 235.3197021484375 243.36264038085938 -1 125.73268127441406 12.306535720825195 -1 11.235952377319336 42.052074432373047 -1 188.59352111816406 51.984844207763672 -1 171.4669189453125 51.784500122070312 -1 11.235952377319336 42.052074432373047 -1 248.08694458007812 199.35641479492188 -1 232.93350219726562 184.01597595214844 -1 224.19781494140625 174.91950988769531 13 225.01596069335938 93.079460144042969 -1 11.235952377319336 42.052074432373047 -1 166.32057189941406 35.777534484863281 -1 151.88592529296875 103.68172454833984 -1 57.841419219970703 20.145744323730469 79 17.822599411010742 27.013004302978516 62 54.98974609375 28.684003829956055 16 4.3245182037353516 44.464908599853516 -1 147.0465087890625 47.799888610839844 -1 200.9754638671875 58.60906982421875 -1 156.65202331542969 77.809326171875 -1 154.00007629394531 90.484489440917969 -1 4.3245182037353516 44.464908599853516 -1 208.46965026855469 244.42556762695312 -1 25.44886589050293 25.129474639892578 -1 17.822599411010742 27.013004302978516 61 32.767066955566406 32.906658172607422 110 235.01707458496094 80.254287719726562 -1 148.83644104003906 70.09088134765625 -1 180.64962768554688 44.529125213623047 -1 19.907661437988281 36.542659759521484 69 171.57168579101562 87.783477783203125 -1 215.53176879882812 246.65115356445312 -1 253.17196655273438 109.41998291015625 -1 174.37008666992188 95.366592407226562 -1 148.83644104003906 70.09088134765625 -1 105.21086883544922 14.056347846984863 -1 59.401584625244141 13.074864387512207 -1 122.64740753173828 8.0173959732055664 -1 105.21086883544922 14.056347846984863 -1 122.64740753173828 8.0173959732055664 -1 215.53176879882812 246.65115356445312 -1 253.17196655273438 109.41998291015625 -1 174.37008666992188 95.366592407226562 -1 59.401584625244141 13.074864387512207 -1 18.698444366455078 41.995391845703125 -1 178.2706298828125 53.053199768066406 -1 168.25534057617188 53.246536254882812 -1 164.45100402832031 54.999008178710938 -1 169.08253479003906 91.927810668945312 -1 179.72993469238281 94.683982849121094 -1 169.88784790039062 62.998668670654297 -1 174.18583679199219 39.647933959960938 -1 178.2706298828125 53.053199768066406 -1 169.88784790039062 62.998668670654297 -1 27.552755355834961 33.509735107421875 111 28.649734497070312 37.218254089355469 -1 212.34504699707031 171.65861511230469 95 151.45114135742188 75.492820739746094 -1 149.98036193847656 103.18496704101562 -1 232.654541015625 170.896240234375 -1 212.34504699707031 171.65861511230469 97 248.88511657714844 188.73152160644531 -1 252.05210876464844 191.99331665039062 -1 236.45423889160156 250.25605773925781 -1 205.68133544921875 251.72129821777344 -1 17.640247344970703 46.131088256835938 81 151.45114135742188 75.492820739746094 -1 245.44181823730469 85.736488342285156 -1 205.68133544921875 251.72129821777344 -1 142.3255615234375 118.68472290039062 -1 190.40754699707031 123.89333343505859 -1 252.3148193359375 89.429000854492188 -1 207.08757019042969 142.82363891601562 -1 209.35501098632812 168.65036010742188 103 166.07124328613281 89.427719116210938 -1 195.89080810546875 57.011341094970703 -1 2.1165783405303955 54.054115295410156 -1 3.4483282566070557 47.870937347412109 -1 169.54864501953125 39.888679504394531 -1 24.019645690917969 33.38580322265625 -1 40.247913360595703 10.880715370178223 -1 53.583530426025391 7.7097015380859375 -1 62.434803009033203 6.4620938301086426 -1 108.93695831298828 5.3022584915161133 -1 229.85940551757812 171.7191162109375 -1 238.02024841308594 176.61810302734375 -1 108.93695831298828 5.3022584915161133 -1 53.583530426025391 7.7097015380859375 -1 3.4483282566070557 47.870937347412109 -1 166.07124328613281 89.427719116210938 -1 166.07124328613281 89.427719116210938 -1 209.35501098632812 168.65036010742188 107 169.04757690429688 95.57733154296875 -1 236.46649169921875 178.71809387207031 -1 233.54115295410156 246.88905334472656 -1 250.45248413085938 91.335403442382812 -1 187.23077392578125 120.25890350341797 109 84.069969177246094 11.070517539978027 -1 154.36236572265625 99.250564575195312 -1 
84 0.91650626468584317 0.092252910564573451 -0.3891275181688888 -0.0092434781164464075 -0.57925202973835777 2.593888692475713 1.7853674591098503 1 000082.png
107.46992492675781 92.178085327148438 -1 77.441627502441406 24.52992057800293 -1 129.09257507324219 199.8353271484375 -1 77.441627502441406 24.52992057800293 -1 201.83161926269531 75.877227783203125 -1 113.35978698730469 23.972923278808594 -1 32.634590148925781 19.175214767456055 57 110.80313873291016 64.667884826660156 -1 97.703033447265625 29.471992492675781 -1 108.77030944824219 60.475177764892578 -1 128.25054931640625 169.31388854980469 -1 166.90657043457031 79.702705383300781 -1 244.95733642578125 97.60455322265625 -1 238.902099609375 242.71627807617188 -1 50.540199279785156 13.28156852722168 -1 244.95733642578125 97.60455322265625 -1 166.90657043457031 79.702705383300781 -1 166.90657043457031 79.702705383300781 -1 171.46675109863281 51.834392547607422 -1 211.06863403320312 243.26388549804688 -1 235.54385375976562 181.75062561035156 -1 226.33100891113281 172.15756225585938 13 124.62373352050781 10.908281326293945 -1 106.94425964355469 57.34857177734375 -1 188.473876953125 51.923679351806641 -1 14.985391616821289 21.591278076171875 62 52.463409423828125 21.725433349609375 16 7.4828906059265137 35.950077056884766 -1 158.91220092773438 58.051765441894531 -1 77.482681274414062 174.82627868652344 19 7.4828906059265137 35.950077056884766 -1 14.985391616821289 21.591278076171875 61 158.91220092773438 58.051765441894531 -1 122.91097259521484 8.4937839508056641 -1 122.91097259521484 8.4937839508056641 -1 163.0556640625 52.035709381103516 -1 151.8453369140625 103.87410736083984 -1 156.61970520019531 77.908012390136719 -1 58.084526062011719 9.5836391448974609 -1 13.84077262878418 229.3651123046875 66 218.51644897460938 245.51055908203125 -1 174.39071655273438 95.298637390136719 -1 39.852100372314453 206.51126098632812 -1 174.39071655273438 95.298637390136719 -1 171.625732421875 87.782928466796875 -1 101.62096405029297 63.698326110839844 -1 16.990072250366211 31.07805061340332 69 55.312034606933594 14.13006591796875 79 58.084526062011719 9.5836391448974609 -1 178.27069091796875 52.643562316894531 -1 168.42160034179688 53.153579711914062 -1 169.9185791015625 62.931716918945312 -1 169.13859558105469 91.972541809082031 -1 179.70597839355469 94.661026000976562 -1 132.59771728515625 181.76673889160156 -1 28.972789764404297 26.868906021118164 111 178.27069091796875 52.643562316894531 -1 169.9185791015625 62.931716918945312 -1 132.59771728515625 181.76673889160156 -1 200.50839233398438 57.499279022216797 -1 45.628349304199219 20.765073776245117 53 39.30792236328125 22.647777557373047 -1 28.972789764404297 26.868906021118164 110 174.10847473144531 39.627250671386719 -1 180.44180297851562 44.243751525878906 -1 77.169975280761719 8.6075296401977539 -1 200.9144287109375 131.09481811523438 -1 205.49942016601562 136.47308349609375 -1 208.64283752441406 139.76922607421875 -1 213.13475036621094 140.60841369628906 -1 232.59580993652344 170.19078063964844 -1 9.949275016784668 41.180225372314453 81 251.91581726074219 186.38023376464844 -1 242.28318786621094 252.48362731933594 -1 19.959922790527344 35.652153015136719 -1 24.390707015991211 27.305191040039062 111 19.959922790527344 35.652153015136719 -1 81.735687255859375 3.1373379230499268 -1 60.986457824707031 3.3890557289123535 -1 52.466793060302734 4.3948459625244141 -1 56.1993408203125 5.4362292289733887 -1 108.853271484375 5.2965526580810547 -1 201.12640380859375 127.38414764404297 -1 21.492544174194336 28.259099960327148 -1 2.7661862373352051 38.462398529052734 -1 63.444049835205078 2.3862297534942627 -1 152.62361145019531 131.10748291015625 -1 203.08895874023438 133.47262573242188 -1 111.63044738769531 138.54014587402344 -1 230.30142211914062 159.10964965820312 -1 211.37821960449219 166.35099792480469 103 240.10084533691406 169.51246643066406 -1 243.59841918945312 173.56259155273438 -1 133.1031494140625 183.38177490234375 -1 184.56341552734375 112.7706298828125 -1 181.53616333007812 109.27761077880859 -1 153.92863464355469 102.90769958496094 -1 154.38540649414062 99.196968078613281 -1 169.10182189941406 95.538955688476562 -1 189.08676147460938 64.9559326171875 -1 195.95997619628906 56.816226959228516 -1 169.591552734375 39.938938140869141 -1 55.600105285644531 8.559077262878418 -1 52.466793060302734 4.3948459625244141 -1 108.853271484375 5.2965526580810547 -1 55.600105285644531 8.559077262878418 -1 2.7661862373352051 38.462398529052734 -1 181.53616333007812 109.27761077880859 -1 184.56341552734375 112.7706298828125 -1 152.62361145019531 131.10748291015625 -1 211.37821960449219 166.35099792480469 107 133.1031494140625 183.38177490234375 -1 3.1032438278198242 232.52151489257812 -1 211.61154174804688 251.57937622070312 -1 196.37916564941406 125.80679321289062 -1 64.011932373046875 11.119317054748535 -1 187.06788635253906 63.125068664550781 -1 142.65139770507812 119.68405914306641 100 246.24087524414062 176.41275024414062 -1 
