# 3D point list with one line of data per point:
#   POINT3D_ID, X, Y, Z, R, G, B, ERROR, TRACK[] as (IMAGE_ID, POINT2D_IDX)
# Number of points: 20, mean track length: 4
13 89.575742598105776 38.991186470084273 50.666771220523749 122 128 132 0.24814595538239698 79 21 82 17 81 17 84 21 83 23
16 51.819231796401759 -32.478650094651897 71.623013084636241 107 109 112 0.95536399506522951 79 47 82 20 81 28 84 26 83 30
19 61.414899573860062 40.312689789159151 72.169428848296292 122 122 120 0.33946244785484375 79 26 82 26 81 22 84 29
53 58.13239965247034 -37.24568272613611 82.524666739705367 244 255 251 0.79607907034894165 79 83 82 92 84 60
57 53.291404919285455 -35.810529215811883 80.313898927582002 254 255 251 0.55093501645306675 82 3 81 3 84 6
61 54.386053411954329 -36.706436378285609 87.856553783519118 59 65 69 0.66487850843679508 82 28 81 26 84 31 83 39 79 29
62 54.386053411954364 -36.706436378285595 87.856553783519246 59 65 69 0.66487850843680185 82 21 81 29 84 25 83 29 79 33
66 31.168588214323126 43.957534282494521 49.513603887351955 111 122 120 0.36020179113133377 79 98 81 37 84 39
69 46.371277780790777 -28.100625733134414 74.510826789226769 49 61 68 0.82851966068495608 82 89 81 50 84 46 83 44
79 54.314928289377541 -36.93502209760539 74.172301577762852 253 245 249 0.35663929656754301 81 44 82 40 84 47 83 28
81 37.823468483708226 -20.368492808909274 62.436459076980626 125 128 128 0.42617359353399981 81 68 84 71 83 80
95 84.430893843456047 35.884865262950228 51.057252547040008 126 125 126 0.16004053717120931 81 64 82 69 83 71 79 94
97 84.430893843456289 35.884865262950498 51.05725254704037 126 125 126 0.16004053717120087 79 77 82 65 83 75 81 60
100 27.957699551544646 2.1979896415185478 24.493173097310059 0 0 0 0.083133101508574489 79 56 84 117
103 85.558442458052042 35.071564051805531 52.635249693420427 122 125 125 0.22062623055616179 81 76 82 68 84 90 83 88
107 85.558442458051999 35.071564051805481 52.635249693420185 122 125 125 0.22062623055599992 81 85 82 60 84 110 83 106
109 86.14040552219582 8.932634900346228 61.980954826942266 33 33 34 0.34822265681586761 79 96 83 111
110 47.822732477497432 -29.576623116433751 72.978021254245093 252 255 249 0.57983528282863406 79 36 82 37 83 40 79 81 82 70 81 49 84 62
111 52.536934552312488 -32.468495488983635 80.859660981575274 194 198 193 1.7829938822422804 79 91 82 64 81 59 84 55 83 69 82 90 84 75
116 59.24435923629742 -18.413273599543395 49.474451216695641 0 0 0 0.51462264335777164 79 23 81 93
