# Frame list with one line of data per frame:
#   FRAME_ID, RIG_ID, RIG_FROM_WORLD[QW, QX, QY, QZ, TX, TY, TZ], NUM_DATA_IDS, DATA_IDS[] as (SENSOR_TYPE, SENSOR_ID, DATA_ID)
# Number of frames: 119
1 1 0.99999798685099139 0.001391456702220014 0.0012483643085705797 -0.00072919734188062061 -0.34242214205118909 0.68413662545645559 0.045218407270061649 1 CAMERA 1 1
2 1 0.9999975619588356 0.0014313855657614321 0.0016429267953537651 -0.00035777547705461772 -0.63146135227977318 0.71322623777484317 0.057030135778504798 1 CAMERA 1 2
3 1 0.99999261718063526 0.0013226308319659453 0.0036012661207420796 -0.0002170581335786414 -2.0671895328320535 0.63374206801439348 0.026765082770988199 1 CAMERA 1 3
4 1 0.99999652963355667 0.0014050772663895983 0.0019639322935068437 -0.0010533036910101174 -0.86742860460317717 0.69493485377035746 -0.10436511405059344 1 CAMERA 1 4
5 1 0.99999062427693575 0.0016673990066703244 0.003926313905316013 -0.00074511602731191574 -2.3042821810543601 0.88873067847478115 0.050525197513464959 1 CAMERA 1 5
6 1 0.99999569716305658 0.0013513880969157318 0.0026032959625349457 4.7494372219145754e-05 -1.3359010792514197 0.65557150472087511 -0.019411799434123276 1 CAMERA 1 6
7 1 0.999982792473743 0.0014302275815678697 0.0055520216273251708 -0.0012426831171941034 -3.4960083135788413 0.71583013774025372 0.13648059507319915 1 CAMERA 1 7
8 1 0.99999377845984572 0.00068945671667545061 0.0033605261504476578 -0.00082131299088631824 -1.8902430365678644 0.17129348435389197 0.096755328212626293 1 CAMERA 1 8
9 1 0.99998955837700954 0.0012099610477180475 0.0042221652013845618 -0.0012619240186092751 -2.521668369722093 0.55394088829846466 0.013300955669481834 1 CAMERA 1 9
10 1 0.99998847002727265 0.00078616905647563447 0.004596147850714538 -0.0011476827363766026 -2.7961838657887079 0.24445663231228376 0.025242200549511679 1 CAMERA 1 10
11 1 0.99999622018716949 0.00084458760417081282 0.002456562359210233 -0.00090087986332500994 -1.2276470585161765 0.28456227254574806 -0.021764209289512747 1 CAMERA 1 11
12 1 0.99999058924080875 0.0013885055863540063 0.003804594724895576 -0.0015551659191681329 -2.2158583033665482 0.68474284874986724 -0.0079368472302781892 1 CAMERA 1 12
13 1 0.99999057563111715 0.00056496370423480917 0.0040400296748117209 -0.0014858079237991583 -2.3886093785431792 0.082324324509822605 0.10353859649060833 1 CAMERA 1 13
14 1 0.99999771664348447 0.0011361589880348934 0.0016837065161805205 -0.00066406546258008874 -0.66179225280069098 0.49676728321366503 0.16333723346715182 1 CAMERA 1 14
15 1 0.99999911982079803 0.0010663734564545304 0.00046290896611764416 -0.00063946897488321975 0.23284970336975591 0.44492642878564509 0.18595460768479519 1 CAMERA 1 15
16 1 0.9999987877140063 0.00134997014580572 0.00075779076981188605 -0.00016704572039243426 0.015228748509823064 0.65402722288423176 -0.09599531095475454 1 CAMERA 1 16
17 1 0.99999892547811065 0.0011424416220293442 0.0005783037889767566 -0.00071374679823700527 0.14806615818197652 0.50096826701067676 0.030236597846331599 1 CAMERA 1 17
18 1 0.99998974215042136 0.0014100378522533992 0.0039582856037332107 -0.0016909648927347742 -2.3288717724053987 0.70118415728673522 0.0028416474931407627 1 CAMERA 1 18
19 1 0.9999985436025477 0.0012020099451624186 0.00061128920820563589 -0.001046083351927195 0.12407510443144525 0.54561665946640769 -0.058017251790736066 1 CAMERA 1 19
20 1 0.99999946519215388 0.00036368486191682109 0.00053527088389181338 -0.00080674271513914034 0.17814912525046128 -0.069869699408499852 0.10638782952133533 1 CAMERA 1 20
21 1 0.99999918074559802 0.00028878613275473968 0.00084921413390080054 -0.00091320647014748167 -0.051247576196260178 -0.12438874825739897 0.0085356546399205958 1 CAMERA 1 21
22 1 0.99999955782137218 0.00049965926171820652 0.00052229749928160035 -0.00060158374692290812 0.18862890702065399 0.031243428488569605 -0.027914409249300588 1 CAMERA 1 22
23 1 0.99999894318728966 0.00035355328950556866 0.0010219597607584027 -0.00097171118270575156 -0.17790128449810014 -0.075594710108605911 -0.22262479661955903 1 CAMERA 1 23
24 1 0.99999846700869521 0.00036613827016751234 0.0010759994023579159 -0.0013319715885763096 -0.21697882739134999 -0.066045860465816453 -0.19985653588417279 1 CAMERA 1 24
25 1 0.99999913543304531 0.00037947718544007885 0.00033428934504749978 -0.0012138290082854978 0.32643966117557427 -0.057812740926960843 -0.040590510041615263 1 CAMERA 1 25
26 1 0.99999890378591494 0.00029340379275842864 0.00079680976737281524 -0.0012130273605651222 -0.012731089272680482 -0.12071629691320164 -0.038196126126258369 1 CAMERA 1 26
27 1 0.99999908852417307 0.00011261990824496837 0.00054815497831441832 -0.0012287366272273963 0.16859506109810823 -0.25340533599216475 0.031840231522151138 1 CAMERA 1 27
28 1 0.99999909746295623 0.00024414566866177995 0.00090883261068736747 -0.00095890012582222281 -0.094913679646598359 -0.15658968424017716 0.10914724099310598 1 CAMERA 1 28
29 1 0.99999920358901306 -3.3721413478583713e-05 0.00063578514576341201 -0.0010897070498013175 0.10496937954822336 -0.35973513611260649 0.061162165312446296 1 CAMERA 1 29
30 1 0.99999914133025791 -4.6512619218035704e-05 0.00033478427114518727 -0.0012661338060634701 0.32534908321080069 -0.37041642936473967 0.1965400392667189 1 CAMERA 1 30
31 1 0.99999931377909124 -0.00045314090752353759 0.00041561823003515383 -0.00099717909714168765 0.26590494235954604 -0.66738220590031283 0.050835262188099854 1 CAMERA 1 31
32 1 0.99999921337067343 -1.8813350130484854e-06 0.00054917877771092907 -0.001127677775334747 0.16826572231967887 -0.33694123412239074 0.082717374145479139 1 CAMERA 1 32
33 1 0.9999979358233082 -0.00062305471943680749 0.0014913268356281611 -0.0012312985862991588 -0.52246529372603023 -0.79136242625622055 0.030902171571169708 1 CAMERA 1 33
34 1 0.99999895981006337 0.0001136014209025763 0.0010497723911509682 -0.00098257388284563193 -0.19816343949249351 -0.25141984939433504 -0.0085849405367276078 1 CAMERA 1 34
35 1 0.99999886074194966 -0.00011234981340957267 0.00050931887973836227 -0.0014165050656256538 0.19808621135042834 -0.4194191433637165 0.29632232827831928 1 CAMERA 1 35
36 1 0.99999921132628056 -1.9719778163726607e-05 0.00084062635663297979 -0.00093290153597600769 -0.044979090982608279 -0.3491181411076979 0.05045627777136491 1 CAMERA 1 36
37 1 0.99999807601432888 -0.00046490450298385653 0.0015855678156178471 -0.0010572635176363287 -0.59110107834500381 -0.67618521951344535 0.099914172701361798 1 CAMERA 1 37
38 1 0.99999883322573713 -0.00063093539882391487 0.0010507409026688608 -0.00091181754892498987 -0.19954609681061933 -0.79704354670105604 0.0128650358063379 1 CAMERA 1 38
39 1 0.99999812423883849 -0.00056132332859763474 0.00098316911860064568 -0.001571564001116031 -0.15021882194300507 -0.74692008361943085 0.025787233997484893 1 CAMERA 1 39
40 1 0.99999895068308109 -0.00055781854152077925 0.00071130566752691587 -0.0011320403962986657 0.04918727988183965 -0.74341921742128025 -0.094034150986605364 1 CAMERA 1 40
41 1 0.99999893865543055 -0.00048484826831489338 0.0010877646043010278 -0.00083927250327732038 -0.22569636739780491 -0.68961712992750002 -0.079474463596136843 1 CAMERA 1 41
42 1 0.99999871397092877 -0.00034180657923621401 0.0012190913579907476 -0.00098439880738851893 -0.32291220548922084 -0.58552710804482122 -0.011945559009553342 1 CAMERA 1 42
43 1 0.99999798180359378 -0.00033751418258510515 0.0012721711906818879 -0.0015179108595520505 -0.3615976023677715 -0.58185522911077714 -0.065572101065442173 1 CAMERA 1 43
44 1 0.99999949225059581 4.9496717394977924e-05 0.0005540626878191607 -0.00084027564731122733 0.16502263740303072 -0.29875570855765765 -0.04637804069160336 1 CAMERA 1 44
45 1 0.99999843213450479 0.00024817009608114985 0.001209839532019205 -0.0012690265728065812 -0.31520022128008968 -0.15235809074929943 -0.015305973612285957 1 CAMERA 1 45
46 1 0.9999978204431702 -0.00036242142704236456 0.0010656403252326456 -0.0017584567994547557 -0.21049249953832858 -0.60041371133651322 -0.11317214941887226 1 CAMERA 1 46
47 1 0.99999902083640513 2.8122254109016793e-06 0.00069931980559495034 -0.0012121345353991121 0.058690679572026998 -0.3332910174935953 0.054792083405257708 1 CAMERA 1 47
48 1 0.99999889556745269 0.00012925589329806494 0.00083030494804935476 -0.0012258672367357463 -0.036425278389263085 -0.24020804586749295 -0.040496551990215034 1 CAMERA 1 48
49 1 0.9999994399920874 -2.4062793973261958e-05 0.00057880899722978897 -0.00088567298613206121 0.14625301443242869 -0.35272424681941178 0.0096621206029048456 1 CAMERA 1 49
50 1 0.99999978718946081 8.1709305015060145e-06 -0.0004108376076425128 -0.0005067215501952584 0.87070907995053792 -0.32911429929125524 -0.09991217826521491 1 CAMERA 1 50
51 1 0.99999877698271367 -0.00015015280306430795 0.00088851215310382372 -0.0012782931457332649 -0.07920664769462403 -0.4457519131769872 0.16182668621583171 1 CAMERA 1 51
52 1 0.99999797035445748 0.00019842829028198262 0.0010587597676163063 -0.0017026276556518286 -0.20538013607872135 -0.18997064322003401 0.002043645221854796 1 CAMERA 1 52
53 1 0.99999879965323679 -5.3162163376730889e-05 0.0010403972615214271 -0.0011469260692281327 -0.19145711766789686 -0.37400160908209412 0.054430081508108116 1 CAMERA 1 53
54 1 0.99999901371025834 -0.00027864161170314738 0.00075262481810920183 -0.0011526028136295654 0.018841026268570479 -0.53957993713000596 0.12332390914164473 1 CAMERA 1 54
55 1 0.99999846384346947 -0.0003735406482969502 0.00070519958703052249 -0.001560599765414588 0.053800295018205824 -0.60943732400504502 0.078525284988548105 1 CAMERA 1 55
56 1 0.99999928532640003 0.00010105199526409482 0.00081692710937864813 -0.00086704399043379017 -0.027509747398983837 -0.26118379689937071 0.15282987709130982 1 CAMERA 1 56
57 1 0.99999921577876771 -0.00036579668475331708 0.00072274394299702603 -0.00095513131453867279 0.041322002997381008 -0.60406158811023303 0.20785382739709157 1 CAMERA 1 57
58 1 0.99999917399302152 -0.00026165526652550638 0.0006233512904071602 -0.0010931527637732957 0.11337563790123135 -0.52744110244929987 0.073715221300144254 1 CAMERA 1 58
59 1 0.99999909677059573 0.00017918068125496404 0.00028828683843071723 -0.0013004779794984396 0.36002661996526764 -0.20375840698632874 -0.050769243503782376 1 CAMERA 1 59
60 1 0.99999924884566493 -0.00017727924977354407 0.00078573036856144601 -0.00092385494608438661 -0.0047208544092487347 -0.46547429379520094 0.10059570506857136 1 CAMERA 1 60
61 1 0.99999852157732128 -0.00045129897943484013 0.0012548514342593453 -0.0010855967396113198 -0.34872129418090603 -0.66514093455120793 -0.026521959251029213 1 CAMERA 1 61
62 1 0.99999807692818177 -0.00014682980390140414 0.0011601412457112783 -0.0015743739190528297 -0.27843571347908047 -0.44226639127996586 0.13446443997550961 1 CAMERA 1 62
63 1 0.99999762961632832 -0.000291116243836887 0.00093386808165110897 -0.0019452258129316732 -0.11349818915672372 -0.5486060742422425 0.11771414625641917 1 CAMERA 1 63
64 1 0.99999918585433889 3.9473996587507789e-05 0.00095124643137559279 -0.00084962502898357217 -0.12633364613426121 -0.30591836714935983 -0.049831637549948585 1 CAMERA 1 64
65 1 0.99999878768858064 -0.00039071636874797713 0.00048926822693855297 -0.0014256853405619561 0.21148991728416433 -0.62196652583622325 0.1055052920134387 1 CAMERA 1 65
66 1 0.99999920065976866 -0.0001462447323855598 0.00082018648274694776 -0.0009510974900942842 -0.030248692683688901 -0.44235674672229885 0.037971525559054864 1 CAMERA 1 66
67 1 0.9999994086498486 -2.8449285302889076e-05 0.00076100441509757461 -0.00077637804673997342 0.012575693198938878 -0.35604587041334412 0.055684290117393516 1 CAMERA 1 67
68 1 0.99999887964917178 5.5959995727815519e-05 0.00085887786003140706 -0.0012247031075062699 -0.058696292333801643 -0.29403172228994645 0.044459102121073117 1 CAMERA 1 68
69 1 0.99999833212219369 -1.713651543121463e-05 0.0009861449617840645 -0.0015371978679117918 -0.15135438368758958 -0.34768734572676591 0.036381617235077851 1 CAMERA 1 69
70 1 0.99999769916884806 -0.00031282514326618746 0.0014734913396678945 -0.0015272919536254499 -0.50879402242878147 -0.56431170831954058 0.17986988310817112 1 CAMERA 1 70
71 1 0.99999871562498166 2.9420851916660588e-05 0.0011726064107387311 -0.0010921890889979014 -0.28836232404523499 -0.31298938541908949 -0.050721021296293127 1 CAMERA 1 71
72 1 0.99999846386051305 0.00021368455967213094 0.00046855610226922045 -0.0016754314973060581 0.22842033139807977 -0.17889875193809707 -0.044913286320724256 1 CAMERA 1 72
73 1 0.99999677124396569 -0.00072405344970634725 0.0014227632211480914 -0.0019771173617679455 -0.47293327751462533 -0.86495209210775714 5.7347071737201139e-05 1 CAMERA 1 73
74 1 0.99999873454726507 -0.0001227651746241885 0.0010706341868833274 -0.0011702884338712501 -0.21452161507196826 -0.4246664271219468 0.048644848570526054 1 CAMERA 1 74
75 1 0.99999865599715676 -0.00045377817864136267 0.0011095615231387877 -0.0011184643361606755 -0.24446923414275781 -0.66692727136731933 -0.096796150258049371 1 CAMERA 1 75
76 1 0.99999615972180367 -0.00069923859438428292 0.0021548786186616101 -0.0015962785383620453 -1.0088922992727209 -0.84654626697855495 -0.0095951872900331379 1 CAMERA 1 76
77 1 0.99999777228176134 -0.00072467190027595369 0.0012912036397480476 -0.0015043521238285245 -0.37545791985055582 -0.8653998953799078 -0.074208634640948318 1 CAMERA 1 77
78 1 0.99999711065889152 -0.00099236178962120326 0.0018488733289370686 -0.0011728424279195296 -0.78450296917669149 -1.0612171268150552 0.019237659862324275 1 CAMERA 1 78
79 1 0.99999509617211557 -0.0011230197159046577 0.002467851498600323 -0.0015672164559717913 -1.2385964839287498 -1.1562510103345049 -0.027266027179254623 1 CAMERA 1 79
80 1 0.99999561280907445 -0.0011731517163093552 0.0022242445043660583 -0.0015655075978858999 -1.0606426932131132 -1.1921117388045213 -0.07960033635045187 1 CAMERA 1 80
81 1 0.99999663535548355 -0.0011369409294323099 0.0019719776399319115 -0.0012441652714365098 -0.87563135602722575 -1.166669856392101 -0.047557831232205229 1 CAMERA 1 81
82 1 0.99999417313174821 -0.0012005068688402268 0.0028494545897009092 -0.0014467530370761001 -1.5177092521363849 -1.2124207855634845 -0.036915969793570771 1 CAMERA 1 82
83 1 0.99999337027767643 -0.0014330348835531886 0.0030086242064660739 -0.0014676484935854019 -1.6343906707696136 -1.3822807499321124 -0.085578808602446932 1 CAMERA 1 83
84 1 0.99999694561815644 -0.0009126283790978194 0.002052798641450622 -0.0010304763642749073 -0.93351586690065524 -1.0037905539173035 0.04170292841040437 1 CAMERA 1 84
85 1 0.99999558902142982 -0.00079688525057676322 0.0023592583406094208 -0.0016188921098165485 -1.15980135088729 -0.91773994688896876 -0.01736361865285729 1 CAMERA 1 85
86 1 0.99999289641554323 -0.0012801867092073012 0.0031519418227712618 -0.0016228071937591372 -1.7398309629248812 -1.2707605911636568 -0.025454061357993277 1 CAMERA 1 86
87 1 0.99999637783479423 -0.00020941673019549088 0.0024174431701103347 -0.0011646589388980911 -1.2003604506338661 -0.48819190272673907 0.20390069856104756 1 CAMERA 1 87
88 1 0.99999372163954703 -0.0014254143614402478 0.0026840276348588676 -0.0018223257232660396 -1.3984041942491536 -1.378465369628761 0.16405723810695708 1 CAMERA 1 88
89 1 0.99999433512419245 -0.00090893340955766166 0.0030704993923051354 -0.0010371080287096377 -1.679645662655052 -1.0000470418749434 0.010069736731544739 1 CAMERA 1 89
90 1 0.99999536944799672 -0.00035416318782939684 0.0028802506729226933 -0.0009164098768413958 -1.5400798546983423 -0.59414896701603104 -0.029043583804637181 1 CAMERA 1 90
91 1 0.99999593166785539 0.00024138906354023338 0.0024158321424889995 -0.0014973757435321124 -1.198980684448459 -0.15726190139660659 -0.10630987549649956 1 CAMERA 1 91
92 1 0.99999805981023682 0.0015662824977980584 0.00028580012722303756 -0.0011599367166369599 0.36336804027093617 0.81196934611252469 0.045356433902979859 1 CAMERA 1 92
93 1 0.99999692213314895 0.00056981899773428379 0.0022577968571095616 -0.00085637835715369603 -1.0825749934670741 0.082878380261918821 0.047864070287438415 1 CAMERA 1 93
94 1 0.99999551541391718 -0.00045443490183993523 0.0027404934574022568 -0.0011190784531002306 -1.436661415904958 -0.66651490904243638 -0.0014592451005422061 1 CAMERA 1 94
95 1 0.9999896965051851 0.00085559159757965617 0.0044465266198945716 -0.0003213214971049824 -2.6857789425055811 0.29162660748485186 0.16007479176055742 1 CAMERA 1 95
96 1 0.99999169526862708 0.001583743098953237 0.0036856810747941081 -0.0007189621608473133 -2.1283121644220904 0.82674753874780504 0.052245710717919391 1 CAMERA 1 96
97 1 0.99998980784903801 -0.0018690658913923649 0.0036081567841979574 -0.001967738640736984 -2.0750877038237583 -1.7015426623895435 0.0656714650587258 1 CAMERA 1 97
98 1 0.9999792359299372 0.001000594239870726 0.0062799037124586198 -0.0010437094943458124 -4.028719172985185 0.40161178331943159 0.015148894584334069 1 CAMERA 1 98
99 1 0.99999335930174305 -0.0019432210316821198 0.0030002380066404223 -0.0007098002118817589 -1.6269864837272108 -1.7566170733559936 0.044950217945579671 1 CAMERA 1 99
100 1 0.99999410654798493 -0.0019226552253926131 0.0026164072601764033 -0.0011156519307202284 -1.3459139148276125 -1.7426752288175777 0.0080867184597567827 1 CAMERA 1 100
101 1 0.99999674762934743 0.0012035709222183756 -0.0021568858816467368 -0.00063560290751407363 2.1531273483479461 0.54434993308242274 0.08511696117803412 1 CAMERA 1 101
102 1 0.99999339684152289 0.0013875290198975378 -0.0031985896088534277 -0.0010247248828502216 2.915120132183056 0.67844792724277048 -0.091466586525506599 1 CAMERA 1 102
103 1 0.99997247438020243 0.0042531675298979853 -0.0059997746042258528 -0.00098170901834508033 4.9689995568209477 2.7772851346333756 0.0060267655834680359 1 CAMERA 1 103
104 1 0.99999891638678906 -0.0011596816728349398 0.00047113232316750868 -0.00077485353418841891 0.22592421109992034 -1.1857218103517584 0.0048122588199485455 1 CAMERA 1 104
105 1 0.99995072018988229 0.0058285168551119662 -0.0080339674771507021 -0.00020236002945929176 6.4572298331219748 3.9350444046154878 -0.11524389956816007 1 CAMERA 1 105
107 1 0.99996343859059811 0.0051706900280963893 -0.0067226978483604224 -0.0010912288211722976 5.5000368352549671 3.4461803105003082 -0.015535484179220216 1 CAMERA 1 107
108 1 0.99994595029844524 0.0061096047956894755 -0.0084025701208878603 0.00040746330315425723 6.7256243910091662 4.1448772212315008 0.039269359772157182 1 CAMERA 1 108
109 1 0.9999486502325583 0.005541442700724342 -0.0084656128192782884 0.00056807611597662353 6.7702868358968153 3.7292325316271135 0.22131719639824923 1 CAMERA 1 109
112 1 0.99993509330916253 0.0065819304796990016 -0.0092703697626271182 0.00074000298721235008 7.3594741445651906 4.4939218962871301 0.082793912336613817 1 CAMERA 1 112
113 1 0.99991550104680404 0.0073529433389120857 -0.010645844729820846 -0.0012613407795484693 8.375788625928152 5.0421019653242736 0.16091223296844573 1 CAMERA 1 113
115 1 0.99982202915478879 0.00959622057074851 -0.016229981370278652 -0.00064052500244085619 12.462906845561823 6.6866586429078847 0.16704510696184455 1 CAMERA 1 115
116 1 0.99994588496019876 0.0053529411843977037 -0.0088042142292894619 -0.0014349159021455333 7.0256570256643558 3.5767392879617756 0.059900836937740239 1 CAMERA 1 116
117 1 0.99989074169158165 0.0087702464539974288 -0.011866292466530365 -0.00088236029693814573 9.2692548961406622 6.0818814157153103 -0.0068473559948070001 1 CAMERA 1 117
118 1 0.99990392122179261 0.0076246156769567948 -0.011463191857211419 -0.001615175998673184 8.9770695328757704 5.236671325285001 0.003486434462440863 1 CAMERA 1 118
119 1 0.99987466760225618 0.0095071672223039569 -0.0126385173530252 -0.00072851753738926062 9.8341436905585997 6.6228015472404991 0.14271962162493629 1 CAMERA 1 119
120 1 0.99986183936099005 0.0083655753857313567 -0.014342398923404375 -0.0007841755195143801 11.080425031473979 5.7843271015439912 0.30217769969790531 1 CAMERA 1 120
121 1 0.99987844416139693 0.0084695139039660545 -0.013070151097439635 -0.00073170069350134734 10.14878437459274 5.8625684169251171 0.11331574519838319 1 CAMERA 1 121
130 1 0.99993236941066299 0.004742212935591344 -0.010595335253163944 -0.00071196356940816127 8.3347265067401093 3.132582293376478 0.26416088861408471 1 CAMERA 1 130
131 1 0.99992076036559163 0.0052978159271445911 -0.011419470259873651 -4.2840202919319148e-05 8.9346673176367464 3.5455460155463618 0.20336341981999351 1 CAMERA 1 131
