# Frame list with one line of data per frame:
#   FRAME_ID, RIG_ID, RIG_FROM_WORLD[QW, QX, QY, QZ, TX, TY, TZ], NUM_DATA_IDS, DATA_IDS[] as (SENSOR_TYPE, SENSOR_ID, DATA_ID)
# Number of frames: 38
94 1 0.9984330296433549 0.019690899602967021 0.028675275775557629 0.043834716255648956 -3.5011378635392179 5.7276664466055198 -5.8804093464871405 1 CAMERA 1 94
95 1 0.99857166519156382 0.019980211943216444 0.023385142089735533 0.043687020231349155 -2.8932759711828466 5.3088472120117016 -5.2159237695645251 1 CAMERA 1 95
96 1 0.99838003432752043 0.020119419453998109 0.029093736913495535 0.044565350771889813 -2.8593138002581227 4.8791422519987355 -4.5854330034705839 1 CAMERA 1 96
97 1 0.99847133980907854 0.022040252700868502 0.026078785115342243 0.043463867840463896 -2.4617805196778502 4.7207815543063187 -4.2191697742956995 1 CAMERA 1 97
98 1 0.99865449312529386 0.018552457532595039 0.021146544857550232 0.043564128830396176 -1.9214339331272445 4.1566266390417663 -3.5717258617995173 1 CAMERA 1 98
99 1 0.9987356205167085 0.016755776053995992 0.020944080246914298 0.042517640839357017 -1.7277285332260297 3.7998205648236931 -3.2063161143510204 1 CAMERA 1 99
100 1 0.99857472695975036 0.02081983908813494 0.023069080864681117 0.043392009467909234 -1.5306561098150036 3.4743620211232025 -2.4388685692513965 1 CAMERA 1 100
101 1 0.99873790234079318 0.018332272580684733 0.017770576084132461 0.043252015393250048 -0.93797048527028015 2.8997831017176274 -1.7217937128303118 1 CAMERA 1 101
102 1 0.9986809841972033 0.021530069356561151 0.018708195628980004 0.042693691954607441 -0.78735131932527924 2.7853373819992675 -1.3382631483113081 1 CAMERA 1 102
103 1 0.9986926163496983 0.021919286677686126 0.018957997408360169 0.042109348776732065 -0.57705997528356257 2.275275825179373 -0.68957517794215306 1 CAMERA 1 103
104 1 0.9986636375025898 0.022837507131591633 0.016868241914720934 0.043183906873015092 -0.17216407085586785 1.7510507366392094 0.07299274281042091 1 CAMERA 1 104
105 1 0.99884107847151116 0.020872107059910001 0.019324846068144434 0.0388253194344991 0.20632666986222051 1.0048535199846504 1.2268575208367825 1 CAMERA 1 105
106 1 0.99874886982880084 0.021825688447341882 0.018370972566581573 0.041071178537398244 0.0021022952413595635 1.3407268620504658 0.6392107217683306 1 CAMERA 1 106
107 1 0.99878225428293543 0.020505133492346173 0.019427854167982112 0.040448813485520603 0.04460565158281047 1.2061793243130665 0.83034001860220441 1 CAMERA 1 107
108 1 0.99742354051247628 0.042500699589022299 0.02845428883899075 0.0503023340677895 0.32865200684158929 -0.083594873785633003 1.1275121700345276 1 CAMERA 1 108
109 1 0.99012404902469653 0.075000559746360634 0.081722319914202216 0.085736491697023881 -0.11312300954082882 -1.6457041286433804 0.65313197430053926 1 CAMERA 1 109
110 1 0.99575672783843627 0.058067550496891787 0.040790869585746244 0.058590131440542932 0.188061036563897 -0.40193252934346324 1.0029257052374416 1 CAMERA 1 110
111 1 0.998854645554617 0.020729514533829756 0.019045695581799936 0.038690383313655125 0.21599593251010415 1.0048515177247845 1.2306927342543295 1 CAMERA 1 111
112 1 0.99886520844715332 0.021147395726413266 0.019062933687524732 0.038179674789609798 0.2233927949664552 1.002248654920034 1.2332917455185357 1 CAMERA 1 112
113 1 0.99858984847386933 0.027261303818009983 0.019008955170661698 0.041398012783181649 0.41222351686137931 0.39710545926304308 1.1099554562160634 1 CAMERA 1 113
114 1 0.99796091664567055 0.036730462882055198 0.023941725953712172 0.046386158523426931 0.38548555072184892 0.077461828065157931 1.1566357796162265 1 CAMERA 1 114
115 1 0.99387185035793679 0.066570406901588955 0.055694220414467359 0.068449103744844947 0.019924207005798375 -0.91954989064575976 0.92867538962180907 1 CAMERA 1 115
116 1 0.99890266646082382 0.021238989007099571 0.017073019663038185 0.038090422457597847 0.38185696545519521 0.78426781046550942 1.1738335281302039 1 CAMERA 1 116
117 1 0.992650629964691 0.068103925202597157 0.067327681615846832 0.073983548785768752 -0.18871144564575792 -1.2691818779689619 0.82748770212992406 1 CAMERA 1 117
118 1 0.98860582393824803 0.068164149701000126 0.095043409267717857 0.094757184032064262 0.075602055615123551 -2.1782503171394345 0.59253907648929116 1 CAMERA 1 118
119 1 0.98716446955792281 0.067620319793985861 0.083565902528398101 0.11811241394535209 1.1872885696920694 -2.7175277311172179 0.080369435229241934 1 CAMERA 1 119
120 1 0.98709526436453499 0.071630951657339584 0.074950915398149368 0.12204223086600825 1.4479014017177385 -2.7260004561664837 -0.045049871686263829 1 CAMERA 1 120
121 1 0.98724805061097975 0.067646137119804162 0.097757618010636718 0.10587131253779553 0.55893942737276803 -2.530868537305456 0.36277458105214916 1 CAMERA 1 121
122 1 0.98603021472133401 0.078718786876265476 0.07101678924787011 0.12846938893858256 1.5034661222206245 -2.6575410046740049 -0.09763667330016082 1 CAMERA 1 122
123 1 0.98759083311712526 0.069906392843536447 0.1001935764811384 0.098684800321761454 0.15378029317691633 -2.263983697287431 0.56042908100399746 1 CAMERA 1 123
124 1 0.98622652213115525 0.079886371517659385 0.071358827597379326 0.12602909352509079 1.4978630303188667 -2.6624693946892792 -0.082051001052787217 1 CAMERA 1 124
125 1 0.98627891641314747 0.090151694342341979 0.045983500676011278 0.13043039795880421 1.712424863294651 -2.5586889638648347 -0.061460434707340354 1 CAMERA 1 125
126 1 0.98385897320447757 0.10695064376973255 0.0023819342476329892 0.14344827301682891 2.1009986432360623 -2.3638292142430974 0.050692294749025923 1 CAMERA 1 126
127 1 0.98520529702330462 0.10156533294764894 0.024852966195547003 0.13578415199035052 1.8859046800854689 -2.4278684927649921 -0.053755482882138259 1 CAMERA 1 127
128 1 0.98472088900084187 0.10333897295440533 0.010707432578466989 0.13975399214941245 2.0291635261815402 -2.4056055589993148 0.023560305262131615 1 CAMERA 1 128
129 1 0.9839663433169803 0.10620715048628321 0.0021324845371759691 0.14326803172617808 2.1053134277000685 -2.3691364778927078 0.051601752812058907 1 CAMERA 1 129
130 1 0.9862748332165191 0.083605947251978466 0.066979772277089039 0.12564119170692459 1.5302088709853838 -2.6330811407437529 -0.076404597241746711 1 CAMERA 1 130
131 1 0.98398519152621777 0.10614008075839414 0.0033423399380944517 0.14316513150014021 2.0865698026145942 -2.3647505874407226 0.026880601564825472 1 CAMERA 1 131
