# 3D point list with one line of data per point:
#   POINT3D_ID, X, Y, Z, R, G, B, ERROR, TRACK[] as (IMAGE_ID, POINT2D_IDX)
# Number of points: 498, mean track length: 7.4196787148594376
1 9.1889705820044689 2.1181738415357012 16.094167996055802 44 45 37 0.82716084760545605 106 2 113 2 114 2 116 2 107 2 111 2 112 2 105 2 108 2 104 3 103 1
2 9.4239870552607226 2.8070181311426934 14.018780648198478 40 45 35 0.67287863614942212 106 14 113 8 114 9 116 9 107 10 108 7 110 9 104 15 103 16 102 15
3 7.1928423861749797 1.7424351338544677 16.01610229659644 37 38 34 0.35692345999552333 106 24 113 13 114 13 116 22 107 12 111 17 112 16 105 10 115 9 117 11
4 7.2293632505700902 1.7645344663658868 16.176767829213407 37 38 34 0.4422337353587894 106 22 113 18 114 12 116 14 107 19 111 14 112 15 105 15 104 24 100 17 115 13
6 9.8552012912067362 1.6557100312709421 16.622921231698136 88 87 79 0.95957860877196155 106 34 113 30 114 26 116 23 107 30 111 22 112 38 105 26 108 20 110 21 104 22 103 18 102 21 101 20 100 15 115 20 117 18 109 20
7 2.0207232565266215 4.8312400626136354 12.660928987347033 138 168 225 0.51350277002921318 106 60 113 38 114 40 116 44 107 44 111 55 112 47 105 58 115 29 117 34 109 30
8 3.3787968045769188 4.5184565707631164 12.700428361467207 9 22 35 0.60668030195370759 106 33 113 39 114 41 116 56 107 34 111 26 112 54 105 30 108 32 110 42 115 40 117 32 118 32 109 31 123 30 121 25 119 19 124 27 122 28 130 29 120 31 127 43 125 28 129 43 128 35 131 40 126 36
9 -4.7602148450554793 1.5109711594647763 18.102815853945494 93 97 96 1.3287021011652511 106 44 113 42 114 44 116 54 107 54 106 63 111 49 112 50 105 56 108 46 108 43 104 50 103 48 102 35 101 27
10 -6.3583697473465781 5.7356309881875029 12.153950200180404 0 16 29 0.52281992034315294 106 58 113 48 114 39 116 49 107 52 111 48 112 45 105 51 108 47 110 47 115 46 117 58 118 44 109 51 123 41 121 52 119 31 124 25 122 26 130 25 120 29 127 37 125 30 129 39 128 40 131 35 126 42
11 1.9438224363434209 4.7263240600188894 12.398304574567701 138 168 225 0.46709648029438899 106 49 113 50 114 52 116 50 107 53 111 56 112 49 105 57 104 33
12 -6.4219607499564297 5.7876275126834349 12.257863176538081 0 16 29 0.19646314337345686 106 50 113 51 114 45 116 43 107 45 111 44 112 48 105 52 108 45 110 56 115 57 117 49 118 50 109 45 123 44
13 2.3664562318246309 4.1643107612632129 13.691994590553202 8 21 32 0.70121903333479085 106 73 113 54 114 64 116 70 107 67 111 57 112 70 105 73 108 52 110 51 104 58 103 66 102 61 117 30 118 27 109 29 123 29 121 24 119 18 124 29 122 35 130 33 120 24 127 44 125 31 129 55 128 50 131 48 126 50
14 -5.0790061654487841 6.1437469770406006 11.560532828170302 1 13 22 0.22402499258151534 106 51 113 57 116 59 107 46 112 58
15 3.0797537521805531 3.9915452746800932 12.851332788081571 98 137 195 0.49531308908541716 106 78 113 58 114 59 116 71 107 66 111 81 112 74 105 84 108 56 110 50 104 44 103 52 115 47 117 57 118 45 109 50 123 54 121 43 119 44 124 46 122 41 130 44 120 43 127 60 125 46 128 53 131 55
16 10.079834060862854 3.0668502280329832 13.344359153612887 119 117 113 0.45393477601770849 106 74 113 71 114 65 111 113 108 88 104 45 103 47 102 44
17 2.9896673236461644 3.8696474990288241 12.431150790628413 98 137 195 0.28814969601860052 106 67 113 72 114 54 116 65 107 69 111 86 112 75 105 79 108 53 110 55 115 54 117 50
18 -2.692337789507945 1.0609762802240623 15.569784530805542 22 88 146 1.105059168308401 106 54 113 75 114 71 116 78 107 64 111 59 112 63 105 71 108 121 104 29
20 10.972114251698873 1.9761096709942767 14.236747901208757 116 117 113 0.44837560934751702 106 69 113 85 114 68 116 69 107 59 111 58 112 62 105 72 108 89 110 100 104 35 103 36 129 134 131 119 126 112
21 10.516333792928075 -1.8863070599318523 14.556769741535865 127 132 132 0.9497577627972742 106 265 113 90 114 70 108 62
22 -6.9449497076675257 6.1517239474016829 11.961635515069851 19 98 154 1.4357126233409687 106 111 113 91 114 75 116 82 107 175 116 171 112 81 108 74 110 46 117 72 118 74 118 114 109 62 123 128 121 147 119 167
23 0.92205127006185206 5.415007116501644 11.605398315007745 137 162 200 0.59772531417730612 106 81 113 92 114 77 116 118 107 102 111 249 108 76 110 67 115 64 118 101 123 87
24 10.930028214078179 1.9683830032687679 14.212201522706405 116 117 113 0.72130640173800109 106 75 113 94 114 72 116 64 107 65 111 66 112 72 105 61 108 72 110 101 104 30 103 35 129 135 128 113 131 138 126 119
25 -13.068399209393339 7.9337300553250376 13.654577369336801 79 92 91 0.87091128565705556 106 179 113 96 114 76 116 117 107 99 111 109 112 105 105 110 108 99 110 114 115 63 117 73 118 99 109 78 123 85 121 96 119 58 124 56 122 71 130 62 120 50 127 69 125 63 129 61 128 67 131 73 126 56
26 -5.7371867164973489 5.9494268637552716 11.880138630136425 40 100 148 0.55579321316370645 106 90 113 105 114 107 116 120 107 77 111 112 112 106 105 112 108 101 110 98 115 101 117 86 118 85 109 83 123 98 121 97 119 73 124 77 122 70 130 69 120 71 127 95 125 64 129 77 128 90 131 75 126 79
27 -5.8158043888669724 5.3391933850302111 12.286277822251677 29 96 146 0.57788219497767612 106 116 113 112 116 169 107 172 118 113 123 126 121 118 119 112 120 103 128 120
28 -5.7304404834521137 5.9298131676725836 11.844238544155161 40 100 148 0.71766191712559091 106 82 113 114 114 103 116 113 108 105 110 115 115 103 117 99 118 100 109 79 123 86 121 95 119 71 124 67 122 58 130 65 120 59 127 94 127 96 123 97 125 65 125 69 124 76 129 78 129 80 128 82 128 91 131 76 131 84 126 70 126 75
29 -3.2990000437723683 3.8756021688437814 13.211370362698108 2 33 63 0.20349589214222377 106 136 113 124 114 180 116 183 107 139 111 183 112 180 105 174 108 126 110 165 115 144
30 -4.4977833560645379 4.6164413451745414 12.848388273831317 0 31 60 0.38862028089781525 106 137 113 125 114 151 116 184 107 140 111 184 112 181 105 175 104 104 103 111 102 72
31 7.2274338487823222 0.67155173636770893 15.36878751063337 90 83 75 0.9095048258820112 106 165 113 145 114 114 116 155 107 162 111 158 112 157 105 151 108 103 110 64 104 148 103 95 102 100 101 102 115 61 117 70 122 170 125 111 119 130 120 174 130 113
32 9.0570540908469503 1.9151972700364099 14.417461032095327 89 90 80 1.0140211690489374 106 168 113 146 114 112 116 158 107 277 118 149 125 85 128 121
33 -4.0778022415538855 3.6429217589822001 13.428421564800562 1 20 44 0.69353638906571968 106 172 113 147 114 137 116 160 107 166 111 180 112 159 105 170 108 132 110 126 104 106 103 100 115 118 117 114
34 -4.4850524814105501 3.6591123652822315 13.20506559752628 12 82 133 0.29912028065764495 106 173 113 148 114 138 116 161 111 187 105 131 108 124 110 125 104 145 103 99 101 91 115 117
36 -3.2513588347954747 3.8408956386675341 13.0786432719558 2 33 63 0.40113029826295776 106 175 113 151 114 163 116 165 107 168 111 162 112 161 105 156 108 148 110 177 104 188 103 135 102 133 101 123
37 -4.6752263153779312 4.2889018253873266 12.695059323672846 8 84 138 1.0748764327544253 106 176 113 153 114 166 116 127 107 123 108 169 110 166 104 103 103 103 102 71 117 136 115 149 118 112 123 151 121 146 127 118 125 114 130 126 128 100
38 -4.4856657608781703 4.5912721941211876 12.789248655645236 0 31 60 0.35467399947213557 106 177 113 154 114 119 116 167 107 170 111 164 112 162 105 157 104 109 103 96
39 2.5283657172893106 5.613248887469573 11.15286800114092 111 148 206 0.21248592074381611 106 181 113 159 114 118 116 172 107 176 111 172 112 168 105 129 108 150
40 6.7431213545686157 0.51722320209218298 14.43194330647095 90 83 75 1.5143071676502138 106 195 113 163 114 113 116 180 107 136 111 179 112 177 105 169 108 111 110 79 104 164 103 109 101 107 129 165 119 191 120 158 121 145 123 145 123 146 118 107 118 128 109 96 117 153 128 129 131 167
41 -4.0565712282858728 3.6507593219191379 13.445732779314495 1 20 44 0.80228314263342049 106 135 113 164 114 149 116 181 107 138 111 159 112 178 105 152 108 146 110 145 104 112 103 110 115 138 117 128 131 92 129 108 126 99
42 3.7722821731514542 5.2762971233796065 11.503987433356979 93 138 198 0.25971597821821246 106 259 113 172 114 231 111 247
43 9.0576501692195457 -3.9692811772227126 22.144833224201506 112 120 117 0.2076118425954894 106 226 107 197 111 185 112 209 105 207 104 172 103 168 101 138
44 3.467932039069344 4.8815289045613541 13.061260745185223 57 66 67 0.27724216206480085 106 178 113 255 116 200 107 184 111 191 112 183 105 176
108 1.8988070094872758 5.2163105805193393 11.710141672300159 139 174 235 1.8636875189293955 113 9 116 10 107 4 114 10 111 8 112 8 105 8 108 8 110 10 115 12 117 9 118 10 109 10 123 13 121 14 119 11 124 16 122 15 130 15 120 13 127 12 125 10 128 16 126 20 129 26 131 25
109 -6.7744679596773709 4.3736876065541406 12.881355963095647 93 101 98 1.2990574381947904 106 8 116 5 107 5 111 4 112 4 105 4 110 8 104 9 115 10 117 7 109 9
111 -12.589108067147091 -9.9210698763113605 22.775383704329734 254 255 249 0.47308579683798213 106 21 113 12 116 16 107 13 111 19 112 18 105 17 104 11 103 13 102 5
112 -13.360397752121068 -6.3392986433766145 19.467896564450946 254 255 251 0.7731533109431652 106 17 113 20 116 17 107 15 114 17 111 20 112 21 105 19 108 12 110 14 104 26 103 25 102 29 101 17 100 20 99 13
113 12.017283256177231 1.1075323070322167 16.359160116124645 70 70 64 0.49537151008767466 106 19 113 23 116 33 107 17 114 20 111 13 112 12 105 16 108 18 110 20 104 25 103 33 102 27 101 13 100 12 115 15
114 -1.8118794995707748 5.2401375862875605 13.092024682934623 32 41 41 0.73299598960575518 106 27 113 17 116 12 107 21 114 18 111 16 112 13 105 14 108 16 110 25
115 -18.955707404969004 -8.3410446630361026 23.857129284961378 207 197 181 0.80562202883712575 106 29 113 24 116 31 107 22 114 28 111 28 112 28 105 22 108 22 104 32 103 49 102 41 101 33 100 35
116 8.5727258493862326 -0.37045303992713458 16.556301087421268 72 74 66 0.58006002747245111 106 32 113 53 116 40 107 24 114 35 111 34 112 26 105 24 108 36 110 39 104 41 103 28 102 28 101 18 115 28 99 9 98 7 97 6
117 -4.2278243511739673 4.2826101718172893 13.786754110345917 0 20 38 1.3369769953082906 106 38 116 30 107 25 113 31 114 21 111 35 112 35 105 36 108 21 110 23 104 31 103 34 115 16 117 14 118 22 109 16 123 28 121 41 130 54 127 32 125 32 129 19 128 21 131 19 126 23
118 -3.0450920754720823 4.8611899142707236 13.832984131917941 28 96 149 0.69125021047710999 113 27 107 26 114 47 111 25 112 23 105 29 108 39
119 -2.7559886539404306 2.5849165013092068 15.268226039563311 5 20 38 1.2437624661654485 106 39 113 41 116 58 107 29 114 43 111 27 112 27 105 25 108 51 110 74 104 23 103 19 102 31 101 25
120 -4.3040659795740259 4.2234368160204427 13.646585153300574 0 20 38 0.44676236694045945 106 36 113 21 116 29 107 31 114 25 111 24 112 22 105 27 108 24 104 37 103 41 102 39
121 1.0570067328074571 3.8223029284010788 12.846441160351116 105 142 194 0.49298963181110245 106 35 116 24 107 32 111 23 112 24 105 28 104 28 103 20
122 8.6481304975603415 -0.36094862955182938 16.704431143973018 72 74 66 0.63525829400931599 106 45 113 47 116 51 107 35 114 50 111 36 112 36 105 35 108 40 110 37 104 34 103 22 102 23 101 22 115 38 99 11 98 8 97 4 95 4
123 -4.7602148450554793 1.5109711594647763 18.102815853945494 94 99 98 1.3287021011652511 106 47 113 49 116 55 107 42 114 51 111 43 112 55 105 55 108 48 106 31 108 31 104 52 103 45 102 38 101 31
124 -0.90513572482147009 4.307223722228243 13.10359447376074 54 110 163 0.52950767742607763 106 37 116 57 107 43 111 47 112 32 105 54
125 0.4744852180776149 6.0325864337905761 12.038040513983919 25 34 26 0.4665566093863302 106 52 113 37 116 42 107 47 114 38 111 45 112 51 105 49 108 37 110 28 115 26 117 47 118 47 123 31 121 26 119 27 122 33 120 26
126 1.7546074856073375 5.4615232434421559 11.170824895379482 167 193 245 0.50469760206686409 106 70 116 26 107 48 113 32 114 22 111 29 112 37 105 31 105 34
128 -5.1399015133521786 6.2545432990722514 11.767335084999354 2 19 27 0.60187834031169896 113 62 116 60 107 51 114 56 112 56 108 60 110 45 115 44 117 44 118 46 109 52 123 49 121 44 119 45 124 40 122 46 130 46 120 33 127 56 125 47 128 56 126 45
129 -11.028999045707408 -9.0380288945627552 22.910121541604198 252 253 247 0.99202786290272449 106 77 113 61 116 68 107 61 114 84 111 63 112 61 105 66 108 58 104 56 103 42 102 43 101 32 100 23 99 20 98 14 97 11 96 11 95 8
130 -22.578184396216631 -4.8712251594862668 24.790402421537667 64 65 62 1.5586443572680464 106 66 113 45 116 75 107 62 114 31 111 62 112 66 105 68 108 28 110 90 104 61 115 93
131 3.0185213176382488 3.8906967936978636 12.48236115366112 121 157 217 0.18609521211180993 106 72 116 67 107 70 111 87 112 60 105 80
132 0.75269789560406453 3.2802790577991963 13.565604982432003 5 17 29 0.15791432019905624 106 98 116 79 107 73 111 79 112 78 105 82 104 72 103 74 102 50 101 43
134 2.428122825014932 5.1696053254961765 11.769732891027546 162 195 251 0.092630020482584272 113 104 116 119 107 80 114 100 111 111 112 103 105 111 104 76
135 -0.30276239433660335 3.6752945413125877 13.306701917736843 2 15 19 0.39240693186507214 106 99 116 80 107 84 111 80 112 80 105 83 104 73 103 55 102 59 101 40
136 2.428122825014932 5.1696053254961765 11.769732891027546 162 195 251 0.092630020482584272 113 107 116 112 107 85 114 104 111 114 112 108 105 103 104 91
138 -13.707339482402228 -5.7442719924193861 19.923580768829027 250 255 253 1.2287169850248971 106 104 116 106 107 95 114 94 111 122 112 101 105 109 108 93 110 118 104 212 106 234 107 267 101 144 101 211
139 -4.8469484133453875 4.1012536176436925 13.466528750680867 1 23 39 0.32514592864328778 113 165 116 164 107 100 114 150 111 161 112 160 105 155 108 147 110 147 117 129 109 123
143 -17.650037487630691 -8.9134282281250581 23.389995772728444 213 202 192 0.51498688514550695 106 87 113 65 116 94 107 121 114 61 111 84 112 118 105 77
144 -4.7737343956389076 4.0606899389652069 13.338824718554545 1 23 39 0.41933951068680514 113 150 116 182 107 122 114 140 111 182 112 179 105 173 108 125 110 129 117 116 118 110 109 99 123 120 125 89 128 97 127 106 129 92 131 94 126 94
145 -12.803512023606373 7.349345021991712 13.440366889012662 85 97 94 1.1935625624308137 116 269 107 141 113 158 105 178 108 102 115 104 117 120 109 170 119 84 120 104 127 92 125 84 129 148 128 80 131 150 126 148
146 2.5263433641989868 5.6485736369461179 11.218127446556084 108 147 205 0.36044552410012887 113 128 116 133 107 143 114 144 111 168 112 165 105 161 108 130 110 132 115 122 117 121 118 115 109 103 123 111
147 -12.533990386584549 -11.195223735770005 26.974339038494641 123 116 114 0.99828309874400034 106 144 113 100 116 135 107 146 114 121 111 173 112 169 105 163 108 133 104 151 103 138 102 139 101 134 100 89 98 75 96 59 95 48 94 46
148 0.37304894661885724 3.9864146450661755 14.851482330682488 78 119 169 0.56131604877917707 116 163 107 167 111 188 112 212 105 210
149 -4.4168113783417171 4.9657265029264517 14.034792248837396 32 94 137 1.3905713852734805 106 196 116 168 107 171 113 155 114 142 111 163 112 163 105 242 106 197 107 178 108 127 110 108 104 110 103 102 102 69 115 106 117 118 118 167 109 141 123 185
151 -2.4783758727182885 5.5414698445966186 9.9269967597317859 111 139 181 0.73873462457047601 116 203 107 182 113 79 114 78 108 87
152 -5.0283548398915814 6.5155518574383722 11.287048823573528 66 117 157 2.1671569046040489 116 202 107 188 119 177 121 184
156 -10.743944816917077 -7.865663001558489 19.558416803877972 63 59 55 0.49848839550160456 106 222 113 182 116 221 107 216 114 152 111 200 112 186 105 181 108 156 104 171 103 180 102 175 101 119 100 94 99 98 98 88 96 82 97 79 95 60
157 -15.468049353440877 -7.3254734673158168 20.635180168930635 254 255 249 1.1039611195890644 106 256 113 130 116 140 107 217 114 102 112 139 105 137 108 106 104 189 103 200 101 172 104 174 106 239
159 -22.582065334719388 -5.1104267095275038 24.424249853400639 30 32 27 0.76731134269462475 106 217 113 135 116 188 107 220 106 155 111 195 112 144 105 184 104 129
160 12.461996996394781 -1.5236817229132948 15.834682989543763 42 45 39 0.6703625161857879 113 176 107 231 114 157
162 -17.677155788474433 -4.5431962515144964 20.590605283020171 231 230 226 0.88919112581707549 106 232 113 160 107 243 106 190 114 147 116 211 110 196 104 160 104 176 103 157 103 169
163 -17.677155788474433 -4.5431962515144964 20.590605283020171 231 230 226 0.88919112581707549 106 279 113 134 116 189 107 246 114 129 106 156 110 182 104 130 104 184 103 148 103 174
164 2.0129922684855002 5.2589956028690485 11.402922298661682 126 159 215 0.18703175191602908 113 194 116 251 107 251 114 179 111 248 105 237
166 -1.7171241041067031 4.0201970296487497 11.810498830761798 44 97 144 0.54755606671302681 106 118 116 123 107 273
167 10.552353049896194 3.2527981107555726 14.531020206285239 49 49 34 0.202871696553171 116 261 107 275
168 2.0757807544812805 5.9157733777011758 11.279727743429497 136 165 202 0.90153897352620505 116 109 107 283 113 73 114 97 108 77 110 69 115 65 117 75 118 76 109 58 123 90 121 80 119 69 120 79 125 71
169 8.7938486701447189 -3.3878440841804718 21.17321871965267 161 159 160 0.41659291029263673 106 96 113 87 116 102 107 81 114 85 111 103 112 98 105 90 108 100 104 67 103 67 102 73 101 50 99 56 97 25 94 21
171 8.0499821870315422 -0.034373954878014382 16.831934078011393 71 72 67 0.2741001220662127 106 124 116 125 107 161 112 123 105 114 108 122
172 13.642134853440112 -3.0305907289534417 20.949702768354978 137 143 143 0.64315428425751153 106 97 113 89 116 77 107 82 114 92 111 73 112 99 105 91 108 70 110 162 104 69 103 68 102 64 101 87 100 39 98 43 96 36
173 -21.692254494172481 -7.4254816260989616 25.780306382112045 226 216 204 0.30375297523250921 106 151 116 143 107 150 114 172 112 167 105 138 108 172 104 124 102 115 101 95
175 -10.690352072819863 -7.8522467605788382 19.480682385369491 63 59 55 0.40495985865382039 106 206 116 185 107 203 114 171 111 202 112 187 105 194 104 182 103 173 102 170 101 121 100 77 99 118 98 79 96 91 97 92 95 65
178 -3.5030741498145779 5.7913981460534574 11.589651557252417 63 111 160 0.41425507938417611 113 16 111 10 112 10 105 11 108 14 110 17
181 0.03856473418746327 6.1123039187346802 13.959815473278358 84 128 176 0.31567256688451861 113 25 116 25 111 37 112 29
182 1.7571021326448004 6.5999985529707672 11.87685263610796 3 16 24 0.79696258867763914 113 35 116 47 111 72 114 46 112 77 105 76 108 38 110 29 115 27 117 31 118 36 109 34 123 32 121 39
183 11.045630695117145 -0.23561625560875957 18.938104922091124 74 75 67 0.47919639346326276 113 113 111 76 112 124 126 111
184 -2.1232335983919066 6.9508994162895741 15.718934324777045 62 74 71 0.74684139639609648 113 78 114 74 116 81 111 99 106 101 105 87 108 73 104 84
185 0.057738457175973534 6.5596806177731537 11.964360194776681 93 128 167 0.65004217728680713 113 80 114 79 116 110 111 106 108 114 110 68 115 98 117 155
186 6.770537808390273 -2.1964397866786851 12.713480546285343 103 111 111 1.2001938448646812 113 116 111 127
187 -21.676878166550345 -2.9659066186943912 21.472868430979407 12 18 18 1.3682210901884371 113 139 114 164 116 104 111 132 107 90 112 117 105 120 108 152 110 159
188 -12.865719399777056 -11.355595668333025 27.416880850649282 118 112 110 0.63307296752156028 107 131 116 174 111 137 106 182 112 170 105 130 108 154 104 156 103 151 102 147 101 147 100 109 98 76 96 72 94 60 95 49
189 -3.6820726971885347 -0.048420980548461799 15.08447034366513 93 97 97 2.2727780252024683 114 224 111 156 108 210 107 200
190 -14.926198750287442 -4.9637193288172261 17.153820447832661 224 216 208 1.1583866471886879 114 160 116 232 111 223 107 189 106 254 112 218 108 159 104 183
191 1.4552022787084322 5.7670801924741948 11.60843019664755 125 153 197 0.16586359293058911 107 266 111 227 112 243 105 236
192 7.6770317889375415 12.502403694622597 24.164457640314474 135 171 221 1.6412024085144763 114 217 111 234 113 236 107 252 105 230 105 233
193 3.2287480751518634 4.1220841546505129 11.180060714747874 6 20 34 1.0797354095370266 113 238 111 243 104 209
194 2.0814812615848877 5.4497159197011351 11.776261953703028 122 152 206 0.1235675116173772 107 269 111 244 106 212 105 228
195 1.1420352901557431 4.5293297914410342 10.130992201210075 121 154 203 1.0597950520413491 107 270 116 260 111 250 112 224 105 238
196 3.2287480751518634 4.1220841546505129 11.180060714747874 6 20 34 1.0797354095370266 113 245 111 251 104 224
197 -22.3361626189118 -5.3619641321045899 24.832932687420112 200 200 196 0.30869120456566213 113 230 111 240 112 231 106 221
198 -22.3361626189118 -5.3619641321045899 24.832932687420112 200 200 196 0.30869120456566213 113 200 111 267 112 216 106 204
203 -7.0983657410398315 6.1786043352867965 12.021452610755217 23 100 156 0.6434188247000866 113 93 116 85 112 89 114 91 108 63 110 57 117 76 118 72 109 68
205 -2.8600707605736964 5.4822320219184855 14.698474642788618 29 91 142 0.88790767354002664 106 199 116 90 112 107 105 100
206 -2.6144759191115035 0.18428427737887954 6.6110904486806401 88 94 94 1.5810555680160938 113 252 112 122 114 177
207 -19.227428334499788 -3.9267471514614329 21.645701287863492 14 22 25 0.41748516937937924 106 274 111 213 116 190 112 205 107 240 105 188 104 179 103 165
208 -4.334264731979145 1.7108446148199019 13.960075601348198 87 91 92 0.28946348461544524 106 18 111 12 112 14 105 12
209 -4.334264731979145 1.7108446148199019 13.960075601348198 87 91 92 0.28946348461544524 106 25 111 15 112 17 105 18
210 13.715111479182715 -4.0132546585032287 19.814549687395129 114 118 117 0.71213801328331128 106 46 113 22 105 39 104 53 103 38 102 37 101 28 100 25 99 21
211 -3.2502575473504089 3.1430990279548614 13.112712721408382 16 93 148 0.40591530338910409 113 40 105 53 114 42
212 -25.000253750482845 -4.4570274469230151 27.11214149738981 120 116 106 0.77523176735539046 106 157 111 119 113 118 105 121 114 111 107 177 112 175 111 146 108 113 104 133
213 2.9833331314623446 4.8632958698274589 10.605773938212536 137 171 231 0.11000796670405326 106 110 111 167 105 160
214 -10.738448699713242 5.6375170371011922 10.478201931566337 79 86 83 0.76857103313514585 112 164 113 106 105 187 114 55 116 170 108 61 110 48 115 37 117 33 124 17
215 4.095337936795719 6.5742987056098716 12.934056460032336 137 170 224 1.0303568625258408 106 270 111 246 105 231
216 2.0262749182632094 4.1746553669546431 12.924612697618379 55 63 60 0.34425216855028828 106 260 111 252 105 241 116 249
217 -10.185902507002007 7.9841763163713368 13.126060440215484 88 100 97 1.7328279903777866 113 5 114 5 108 4 110 4 115 3 117 1 118 4 109 3 123 5 121 2 122 6 124 7 119 3 120 4 125 1 130 7
218 -7.9924403987322705 5.2663000360487136 12.421897359044632 90 100 98 1.3093649109002703 106 15 114 19 108 13 110 16 118 19 123 22
219 -3.8920635580340144 7.4616570065141987 12.629080967580778 2 18 28 0.85478603045146184 113 36 114 37 108 35 110 26 115 22 117 19 109 18 118 15 123 20 121 18
221 -16.654656212502438 -9.6897427140434775 23.621383475591351 249 255 253 0.77649659406687122 106 86 113 64 108 55
222 -7.7622827084172501 6.3896687209092216 11.401436775331405 17 91 148 0.65137010291547148 112 59 108 75 111 83 110 113 117 74 118 59 109 70 123 62 121 66
223 -3.4644832799994094 7.6915347670465772 12.383479830035323 85 91 90 0.28830552925594727 113 81 114 80 108 78 116 84 110 70 115 66 117 60 118 75 109 77 123 88
224 10.359015454183469 2.2916692226402211 13.323681609185755 52 56 51 0.56578117567301722 112 115 108 96 105 153 111 120 110 95 131 112 115 112 126 92 129 99
225 -12.896173558266009 7.3489672555082679 13.609508890357468 62 70 65 0.69136489956818392 113 127 108 107 115 100 117 130
226 10.43024395702828 2.3135173335367698 13.403461461811597 52 56 51 0.63153351583511452 112 110 108 109 105 171 111 115 110 99
228 -6.8855700309908467 5.5358183458773027 12.316231581198425 17 92 145 0.57363944490807084 113 156 114 143 108 129 110 131 115 121 119 111 121 137 124 118 120 102 127 111 128 106
230 2.4717510800463942 6.3285992394806172 10.25100271613549 115 145 194 0.32345716368066363 113 187 114 153 108 158 110 169 115 152 117 137
231 2.9506999662334716 6.9601572544436134 11.94919594560592 116 147 197 2.2426300525030833 113 247 114 181 108 171 110 190 115 199 117 191 118 163 109 142 117 154 123 176
232 6.3699664977597408 0.65830014266761794 14.690935546369566 38 39 33 1.7645907884397556 106 230 108 123 107 229 114 136 116 91 111 70 105 65
237 0.041137368696037201 7.4163386450830551 10.527304344106239 82 119 161 0.55952069559756512 108 79 110 44 114 82 115 68 117 62 118 61 109 59 123 63 121 47 119 37 124 50 122 39 130 38 120 32 125 49
239 -11.140495817823822 -4.8212595418794848 16.71876497195754 107 113 111 0.67193025512936355 108 66 113 102 114 126 110 105 115 123
240 -7.8333371411286485 -4.4093073977689032 13.364839443886817 124 129 129 2.6646478666682709 116 7 110 106
241 -0.64265270475191438 7.4238618898836419 10.852988256152365 76 105 143 1.2606900888004211 108 131 114 146 110 133 117 122 109 104 123 157 118 152 121 203 119 160 120 173
243 -3.6934762093147429 2.3358647683154325 17.090694277750284 22 85 137 0.43550767972818144 108 167 114 115 110 157
244 5.8025222705448067 9.469992769253837 18.63851083440407 144 173 224 2.0262744611561199 107 258 108 182 114 232 110 217 105 235 109 73 117 61 118 60
245 2.5133608982533504 5.5236873883972537 11.750893067543947 146 180 237 1.0998863411538331 113 240 116 205 107 180 114 230 108 181 110 223 106 258 116 256 107 268 115 193 117 185 117 202 118 173 109 156 123 205 121 185
247 -6.0788518580874422 5.4164027439390043 11.55868955302557 0 20 42 0.21549404454517931 106 59 107 50 104 42
248 2.7788924024298813 4.8069661024400361 13.516863056807725 4 25 41 0.78173018449409104 106 71 104 57 103 63
249 2.3459119560439272 4.0631042298968358 13.501842422197731 10 23 36 0.62100742421799537 106 68 107 68 111 67 104 63 105 60 103 62 102 58 101 41
250 13.505353685018619 -4.7619014812237275 20.964084370896245 152 156 156 0.26933759727943252 106 103 107 92 111 131 104 66 105 119 112 129 116 115 113 117 103 87 102 62 101 85
251 -0.28417093102123159 3.065670011127378 14.204630780348939 1 16 33 0.48337440863466657 106 121 107 164 104 71 103 73 102 52 101 53
252 -10.714385870334285 -7.6397645719128642 19.789264640404593 131 93 96 0.32565187779990568 106 92 107 76 111 97 104 83 105 88 112 91 116 95 103 54 101 61 100 33 99 42 98 41 96 23
253 -11.249853901615248 -7.3310994541642067 19.259091132667926 254 255 250 0.4799788789615253 106 117 107 107 111 139 104 100 105 135 112 137 116 138 116 116 103 88 102 79 101 77 100 47 99 60 98 36 96 37 97 31
254 0.066263802735581342 3.2624914354529895 13.543348296658698 74 118 169 0.39965847092973877 106 113 107 115 104 107 102 68 101 90 106 119 107 105 105 154 111 181 112 111 111 108
255 -12.34159305848525 -6.2744815462468448 19.569605166517306 252 255 251 0.38772682238347045 107 113 111 123 104 108 105 108 112 102 116 107 103 120 102 80 101 78 100 67 99 48 98 63 97 45
256 -10.801785485430118 -7.3952925057456538 19.855112958760618 69 75 77 0.41170392646346921 106 147 107 148 111 171 104 120 105 136 112 138 116 139 103 142 102 143 101 140 100 96 99 76 98 71 96 70 97 62 95 69
257 -11.175893568596805 -6.8070247328947646 19.66566055216423 252 255 251 0.34856810315493253 106 149 107 205 111 204 104 122 105 196 112 197 116 208 103 145 102 104 101 94 100 66 99 69 98 67 96 46 97 47
258 -19.324470780330181 -5.6327051913467825 22.640514177881801 68 71 72 0.8183632920980668 106 140 107 152 111 141 104 127 105 139 112 141 103 89 102 121 115 125
259 -21.942287932042852 -5.4680172897839316 24.34877129844649 223 223 211 0.82484013456017768 113 196 114 128 104 128 108 139 110 139 103 147
260 12.87375227173408 -4.7788285084438389 21.412289041756338 126 132 132 0.27765824998734601 106 161 107 156 111 151 104 137 105 146 112 150 116 151 113 141 105 167 106 192 107 133 103 126 102 128 101 139 101 148
261 -2.7553962671706111 3.3711333706131223 16.249476807310323 49 58 57 0.92661526371319514 111 126 104 144 103 98 102 65 101 88 100 52
262 -22.451998045093514 -4.1424791651709469 24.329438168632716 127 124 114 0.28978432288186912 106 191 111 134 104 161 105 107 112 146
263 12.718190727508151 -2.5747463751609589 19.971049068867092 48 52 46 0.97956074590325282 106 266 107 233 111 257 104 186 105 252 116 199 103 193 102 158 100 124 98 77
264 -12.0658553500427 -7.3134787349740984 18.349559460339787 139 140 139 1.214899748968469 114 234 104 190 103 181 101 167 98 153
265 11.824105498355818 -3.1612963381809114 19.855116602751636 134 138 133 2.5955107331592915 114 109 104 222 113 115 116 254 108 69 103 163 102 157 100 156 103 188 99 71
266 10.117204175802906 1.8405813118887246 17.17491096402885 93 92 81 0.56490893039057699 106 43 104 20 103 24 102 24 101 19
268 -0.82242238436619908 -6.3586885050970903 12.953637565525669 231 85 83 0.046561182529053995 111 231 104 217
270 4.2428687963657197 3.0865238357170761 14.084014469940096 147 150 153 2.0674345175100197 104 4 106 3 103 2
271 -14.065538874018232 -16.637886220495087 40.996830617293526 132 124 118 1.3543898196236077 104 6 105 5 106 7 113 6 103 5 107 6 111 5 112 5 116 6 102 6 101 2 100 3 99 1
272 -14.192356834956843 -7.339477895601406 26.074259035302504 114 118 117 1.6748296609247351 106 10 103 7 102 8 101 6 100 6 99 3 98 5 97 3 95 5 96 4
273 -13.290015121201195 -7.2278170374574655 24.818324874366272 114 118 117 2.2773923097889277 113 10 103 10 102 14 101 4 100 8 95 7 97 5 96 6
274 -4.974175779988717 2.5444107663174802 13.530799169766698 91 99 96 0.61430886978363097 105 9 103 12 111 9 112 9 116 11
275 0.065446256521452875 3.7862699226044447 14.616226930272516 40 91 133 1.2927507480663754 106 23 103 14 107 20 102 4 101 10
276 10.387577013721049 1.9857776806396039 17.696378410824089 95 93 83 0.70777610336672692 104 18 103 27 102 20 101 21 100 13
277 10.640480866025582 -4.3412376450237904 21.49716502380079 149 153 155 0.22211327533737116 113 68 103 59 114 62 116 72 101 48 99 27 98 28 97 24 96 28
278 -17.977813492424144 -4.9126448524554105 21.486559071121516 253 250 247 0.13504832085901106 104 85 103 76 102 82
279 9.4438422464853566 -3.5033551392445639 22.726469638546199 148 150 151 0.32259703633017428 104 86 103 85 101 56 110 61 115 141
280 18.535567676157218 -7.320784719678481 26.422515925783017 154 160 162 1.7997836728234027 104 134 105 193 103 91 111 215 112 206
281 15.142643082948856 -6.8164931903393127 43.135753559997433 109 114 117 1.4711819018811207 104 162 106 109 103 92 107 96 106 162 107 158 105 118 111 130 112 128 116 101 105 93 111 105 112 97
282 10.359870828914877 -3.2653492075972439 22.011704816482862 111 118 121 0.13722982151122798 105 116 106 125 103 94 107 104 112 126 111 128 101 86
283 8.8208438752985074 -4.84587596723195 25.820402312010383 109 114 117 0.79278426090073961 104 136 103 107 106 193 107 134
284 11.821614330128064 -5.616205248285504 21.034249369755052 157 163 163 0.31578402821824458 104 135 105 143 106 158 103 116 107 154 112 147 111 148 116 147 113 168 102 111 101 97 100 72 99 86 98 65 96 51 97 68
285 1.740753133722416 -2.8063531239323636 13.838571695036093 142 152 155 0.1409024979786167 104 113 103 127
286 -1.447893106773426 1.7776561748652391 13.960674062216285 22 92 145 0.98298097290012321 106 167 103 129 101 135
287 -3.3593551878369232 2.6668715819847932 14.100179426355789 12 95 152 1.106199934073115 106 203 103 130 101 103
288 -5.3296565363225445 4.1560505216977486 13.484833268660614 44 114 174 0.48417792043588104 104 146 103 137 102 132 101 126
289 -10.649457217775346 -7.3665516131597188 19.671938475566673 63 63 66 0.27962723992554267 104 159 103 153 102 148 101 145 100 79 99 73 98 70 96 75 97 61
290 -11.204528301355415 -6.7996946321142637 19.686400749866419 252 255 251 0.23661236945913647 105 183 106 185 103 155 107 218 112 190 111 201 116 196 97 56
291 14.213305580817105 -5.7101704995259057 20.930139463927294 177 181 184 0.30863594885154061 104 185 103 164 106 214 107 194 105 177 111 217 116 271 112 257 102 135 101 163 100 105
292 1.5445089257029267 3.7826552932226551 12.236221041671437 158 184 227 0.071007284869723242 113 253 103 198
294 -11.679834569820013 -7.7546474725426755 18.249962074211417 137 133 131 1.1075324641547133 104 225 103 217 102 207 101 202
295 11.298844428114712 -6.411143301881312 21.128388103163683 141 147 147 0.325688379115327 104 93 103 78 102 56 101 45 100 40 99 39 98 35 96 27 97 23
299 -13.846402131164087 -6.404740091707084 20.14924662534936 254 255 249 0.89685300058750528 103 21 102 17 99 17
300 13.659260091439061 -6.4845308364141054 21.797783780390926 157 161 162 0.9722050978767367 103 26 104 39 102 19
301 1.1468084258528983 -0.38969327667711162 11.8188366849235 246 75 67 1.3229994308699868 107 23 102 40 105 23 112 30 111 33
302 -2.7172972398492559 1.0180880286851117 15.295609882450069 13 89 145 0.20797375307016172 103 60 102 49 101 52
303 -0.65531207839158223 2.9237089059615284 12.729685799274099 50 108 161 0.33502557433669505 103 61 102 51 101 54
304 -11.71325250308484 -6.2575603202415673 20.09058059441552 118 124 122 0.35824814574970859 104 54 102 57 100 27
305 10.607844425176518 2.7698528778867662 17.738216740833899 97 97 85 1.0186743642522926 103 69 107 163 102 66 106 169 101 68
306 -11.020272667354162 -7.2809097179725768 18.969517632420406 254 255 249 0.44501334168074275 103 106 102 74 101 69 100 59 99 47 98 44 97 35 96 35
307 -12.959678745932536 -7.8259081318597739 17.975822309077245 253 255 249 0.52444812377918371 103 70 107 71 102 78 100 57
309 8.0185830134520888 -7.5764183443820627 20.001621007851703 114 117 116 1.2536427131548022 102 120 106 93 107 87 105 95 111 98 112 92 101 130 100 117 99 74 116 96 98 62 96 63 97 75 95 54 94 42
310 13.106766558203203 -2.9190676676980072 20.631638128807673 139 142 141 0.40178268554174212 116 198 102 130 100 115 104 197
311 -10.551765428473907 -7.3328560673709244 19.545619659246327 70 71 72 0.34557626827851895 103 154 102 149 101 131 100 78 99 72 98 68 96 62 97 67 95 59
312 12.92365388389555 -5.8503437752949461 21.755549710080768 128 135 139 0.19445079849658597 107 192 102 153 106 223
317 11.64896080462762 -3.9654321954685976 22.934033579812827 141 143 142 0.81468413943343521 116 258 102 187 100 154
318 -16.584525900993039 -6.0609308323342166 21.387885582881481 119 125 211 0.078306637800858211 103 216 102 197 101 192 100 142
319 -20.50442219052006 -6.7995878669521312 25.237710186701172 253 253 253 0.41478729568349904 104 215 102 198 101 185
320 -20.586265301617754 -6.8965107269448209 23.771430511068498 231 222 214 0.029493056745842895 104 219 102 199 106 237
321 -12.299202974234149 -10.51350317352437 26.239020412296387 253 254 250 0.41574823320011461 104 193 102 206 106 251 101 197
322 8.8816061852556896 -4.677096740440426 21.996993091043645 117 124 118 2.228413141685111 116 266 102 182 113 173 104 220 102 186 101 180 99 155 96 101 97 100 97 126 95 76 94 95
326 -14.670893736947939 11.625299901037032 27.76326853068921 104 114 113 0.70888762279021356 104 10 101 9
328 11.91383660927055 -5.9531785361769503 19.571303549123744 140 146 146 0.67744694361135027 103 23 101 29 100 24 99 22 98 18 96 16 97 16 95 18 94 11
329 10.323418467527089 -3.2547266232053618 21.9151899849359 113 120 122 0.082454536633794567 105 104 107 116 111 116 112 112 101 65
330 15.332824668699052 -5.9223884836009617 20.930129367093706 182 190 194 0.31919959418962734 102 114 103 159 101 98 100 104
331 0.47403184521340469 -1.3187845139361851 5.6055434247178528 0 0 0 0.50049612715617764 111 155 116 103 105 150 112 154
332 -9.1382714495918638 4.5016603852286021 15.540147578309579 99 111 108 1.2287024106035114 112 158 116 159 101 104 109 163
334 -4.3374482329551558 5.9104374560385047 16.481093232265739 51 77 97 1.0798779180089888 111 189 112 213 101 117 116 166 113 178
336 -9.9595532419127561 -7.9667860166913602 19.137595119222663 253 254 248 2.2222757383647971 103 140 101 136 100 147 99 77 99 133 98 64 98 138 96 61 96 95 97 43 97 106 95 44 95 131
337 -10.62806933733868 10.698012679786638 24.349256114431775 49 124 193 2.2768936187043107 102 155 113 239 101 149 114 229 127 133 119 166 121 168
338 13.999459644338728 -5.6717044267813534 20.571604920143709 173 179 180 0.16462472557091967 102 145 103 176 101 151 100 82
339 2.9070629713062766 9.5236588892456187 23.060655979876245 117 154 202 1.4059394239970966 103 206 101 153
340 -12.773769615017706 -8.5466339153823192 16.835660015297616 252 254 250 0.30418570687237023 113 246 101 166
341 -10.131354400465511 -7.5956414988377023 19.842808338304017 65 62 68 0.38791382567543203 103 190 101 182 100 145 99 168 98 135 96 127 97 133 95 97 94 109
343 -12.315415632955961 -7.7771771372884206 18.127420258636807 128 133 130 0.55256572049359787 114 201 101 203 108 179 100 127
344 -12.736650864581911 -8.0558517166879984 17.761621984975466 249 254 251 0.28968707575418923 103 212 113 244 101 207
345 9.7114844742789401 -4.3922984547395556 22.980939682296857 47 49 46 0.13389033962581492 105 254 101 212
346 7.7441831873621032 -5.3003917369461888 23.475212425973275 35 34 37 1.8351636488379395 102 211 114 187 101 213 108 110 100 134
347 7.976110731315825 -0.5232000909152501 17.367353280062986 120 125 125 1.5727974211585245 103 71 102 109 101 101 106 263 104 141 105 115 100 55 99 53 98 51 96 52 104 142 97 44 95 26 94 35
348 -1.0471357226732552 -4.0806593065527474 8.9525321279254921 0 0 0 2.7657777125764262 102 0 103 0
351 -2.1769774979907863 1.4848030110635817 12.456383481706595 5 27 52 0.27053537034692682 101 23 100 31 102 34
352 13.50128428041382 -5.8215378544707397 19.820617638596875 169 174 177 0.29010958648313856 101 47 102 86 100 37 98 32 99 36
357 7.3873151710211635 -4.4268810529494198 20.974982602610872 112 120 120 0.70248395879649117 101 178 102 183 100 106 99 81 98 60 96 66 94 53
358 -11.637626854480009 -8.0633395980121847 18.388153126569854 251 254 249 0.29253738575159594 101 189 102 171 100 126 99 116 98 84
359 -11.337774015490501 -7.7237623286541313 18.26746572564144 252 254 251 0.13751106745207395 101 186 100 148 97 136
360 -12.128498593512294 -10.871792442082487 27.217626775864023 138 125 121 0.32745736035658529 102 205 100 151 99 151 98 152 96 94 97 137 95 132 94 96
361 -16.628768497342744 -6.0665026940461919 21.438392458220278 123 125 198 0.068797384218339142 101 183 100 152 102 193
367 -12.433403787225782 -7.3823807258969278 17.934476594524028 247 253 250 1.2812264195404934 113 214 103 202 114 156 108 54 101 76 100 46 99 59
368 -13.27306003185479 7.5010821496990854 12.905021874987989 49 61 58 0.51637497333630045 108 44 110 27 115 41 117 42 118 51 109 42 123 43
369 1.4686538214227371 7.1577051239358482 11.454112114073036 133 159 197 0.19062609025428401 115 55 117 48 118 48 109 55 123 57 121 55
370 1.4539209827633737 7.1162623334901696 11.358958981699786 133 159 197 0.13508797947022452 115 58 123 60 118 52 121 46 119 38 122 45 120 34
371 -1.6904913761729936 7.9236170094253113 10.900723359383091 101 128 165 0.2930454565787794 110 71 115 67 117 97
372 -1.3666377574957336 8.0262094605250791 10.395972692912965 11 22 33 0.33905011781647126 110 110 115 69 117 65
373 -1.8321312252024879 8.4055564271178458 11.691510836379173 101 128 165 0.67852228351344479 110 76 115 78 117 83 123 94 121 106 119 96
374 1.8367475896659675 7.1975999095774039 9.9642911176338984 90 125 169 0.31769542197725309 108 80 110 72 115 81 117 96
375 12.03708508261791 1.6855080799004476 16.019695351991544 66 67 60 1.2591308408369524 105 81 110 78 115 87 111 78 112 67 131 126 126 109
377 1.030595259999473 6.1135039528787143 11.41600203423125 110 134 172 0.37408370492307547 110 97 115 102 117 85 118 103 123 89 121 94 119 78 124 75 122 78 130 68 120 70 127 84 125 78 128 109
378 12.051857215852504 1.6876057585414486 16.08287600002971 66 67 60 1.061624361008437 105 86 110 65 115 108 111 88 112 69 131 143
380 0.33274271306281161 7.9086588281385186 10.175432583919957 26 46 58 0.46474249772191767 110 134 115 151 117 123 118 89 109 89
381 3.2633627490424857 6.8628246996417701 11.426020485757585 146 152 160 0.35531178661172336 110 191 115 153
382 0.35412791146681255 7.6552517047217572 9.7937608193991075 26 46 58 0.23339531650163706 110 141 115 154 117 133
384 9.2399950995928286 2.8635043555672923 14.061372138238587 38 40 32 1.4581294188601226 110 12 115 11 117 8 109 6
385 -0.76475523486420682 8.6264941601107843 11.507467047145939 76 83 81 0.33892762247401814 110 73 115 70 117 69 118 104 109 60
390 -3.5970296696013784 3.6514026902853836 13.426270723039066 14 79 127 0.5713924640629986 106 174 113 149 114 139 116 162 107 179 112 184 104 105 103 101 102 67 101 92 117 115 110 127 115 119
391 17.242630247514949 8.5570235673515267 51.828723610011302 116 119 120 2.60905511451366 101 8 115 4 102 10
392 8.8529943641561761 1.6090684244139579 15.741784598325864 91 94 85 0.4568118779427372 116 157 118 111 123 121
393 2.5905088030469452 5.8043459806747419 11.656677488171242 91 130 187 0.22447665589057161 117 132 118 135 115 140 109 115 123 129 121 122 119 127 120 142
394 8.5124030211571728 1.8523780072119786 15.046968393968037 34 40 34 0.76897171042020707 116 186 118 157 123 186 127 141 130 151
400 -0.89568144397509974 8.638845376281898 11.915337887847581 8 18 22 2.3143828825040318 117 22 118 9 109 22 123 12 121 12 119 9
406 -10.087422311569627 -11.275308076928425 53.283590275743087 104 101 96 0.79259250445938434 100 0 101 0 99 0 98 0 96 0 97 0
408 13.646148956931954 -7.6391888049235916 22.829224197937439 223 229 236 0.87999021633413543 101 66 99 40 102 113 103 183 100 36 98 26 96 20 97 20 95 13 94 8
409 10.566323470642542 -6.2045682186981734 19.781653695046096 141 147 147 0.10212995415309976 101 57 99 46 100 38
411 12.180070999498524 -6.5735264003990599 19.559333878158785 161 164 171 0.25755135107617272 101 124 99 103 100 101 102 123 98 92 96 64 95 56 94 59
412 13.533433545124904 -6.0012801299658367 19.820985323435071 173 180 182 0.33676834460479227 101 150 99 105 100 116 98 95
413 -10.781109473631036 -10.763292382850745 22.868105948809422 250 235 212 0.7710799249801914 105 133 99 113 111 138 97 71
414 13.533433545124904 -6.0012801299658367 19.820985323435071 173 180 182 0.33676834460479227 101 162 99 120 100 128 98 82
415 -9.1315881881456988 -7.2267194624101494 14.772926702258266 160 159 156 1.9795585620627585 100 130 99 128
417 -4.2573980905338109 1.2276784794906415 16.900560306650398 104 113 111 0.40044702941765631 101 26 98 15
419 -11.238266522027141 -6.8112951283722163 19.73655074730118 252 255 251 0.21298091731805169 107 204 98 66 105 195 106 186 111 203 116 207 112 196 97 55
420 -12.510793345302126 -8.0225501767511549 19.532531993518543 255 255 246 2.0207451755350756 99 132 102 212 98 86
421 7.8440597650337978 1.3677931159631869 16.463622605348604 228 210 193 0.14782343556213545 99 106 98 108 97 69
422 -16.50810850271376 -49.036472651671829 94.266270937845633 218 161 139 1.0965390281602343 99 134 100 118 101 157 98 118 102 165 103 178 104 196 106 255 107 262 111 233 112 227 105 256 116 246 96 142 97 101
423 12.791913673471555 -6.7458796262734753 19.778612397212555 191 196 198 0.19482843475854739 100 137 98 119 97 114
425 -12.169661705600859 -7.138737712979724 18.345832448388691 248 252 248 0.21091126705188817 100 146 102 213 98 136 99 149
426 -9.8348746130813023 -7.8303812769294838 19.646700164139684 252 251 246 0.34201135142324052 99 139 102 202 98 137 97 134 95 96 94 108
427 -11.85888061431671 -7.4778995107802047 18.340119774391599 167 170 169 0.017213481204496603 101 60 98 21
428 10.581144266310687 -7.2536361910542411 20.171677291811154 156 158 162 0.2709806231976406 99 101 100 99 98 90 101 118 102 178 96 73 97 83 95 72 94 50
432 10.432510699943904 -7.9801193524198242 21.260024348075259 183 183 187 0.66331778101666361 98 25 96 15 99 25 97 18 95 11
435 10.781490010819624 -7.7198862297257742 19.921313325739078 213 219 221 0.30300747468864841 98 61 96 48 99 68 100 113 97 46 95 30 94 24
436 3.6764183988278325 -5.2426818883778772 26.603454851633312 0 0 0 1.5490192270970127 100 73 104 78 101 106
437 10.781490010819624 -7.7198862297257742 19.921313325739078 213 219 221 0.30300747468864841 98 69 96 55 99 82 100 119 97 58 95 31 94 27
440 13.169254011159474 -6.5666501840351037 20.164383668623728 169 176 178 0.25759168964160895 98 93 96 65 99 104 97 70
442 -11.392444953106768 -20.693492485575884 43.14141887744254 91 90 94 0.7292107952298138 100 69 101 105 96 85 102 107 97 88 95 45 94 43
443 5.9334619712189136 -5.8459395772490916 23.699861990891549 54 53 54 1.3270549247833785 98 161 96 89 97 109 98 148 95 147
444 -9.8359013516475304 -9.203338800226188 19.91495283572743 227 213 201 0.35334391630989354 98 155 96 93 95 94
445 12.548238731262165 -7.0434896531165707 19.403378201172668 198 199 204 0.43532759561476331 98 96 96 98 99 138 97 108 95 115 94 92
447 -7.545674652466821 -15.820066266092944 33.211132110354654 91 92 88 0.44446043997810836 98 99 96 106 99 111 97 86 95 109
448 11.996267857370665 -7.3350974585044497 20.47620521470315 222 222 226 0.29942904703120332 98 163 96 119 99 146
450 13.302243130238717 -9.5517856272871633 24.688792642885925 140 144 149 1.3261860978885467 98 30 96 24 99 75 97 30
451 18.083305095697792 -8.906647368290864 26.936276159962645 161 168 172 0.34359365598199776 98 31 96 26 99 70 97 36
452 24.342991485453062 -13.044489329917113 40.392151644044127 191 197 204 2.1767088361269393 100 83 96 125 101 156 98 133
457 -4.9433851329272978 17.7691519482382 147.20441069054482 252 103 104 1.4177118311884895 98 6 100 7 101 7 96 5 95 6 99 5 102 9 94 6
462 6.2148234581531332 -5.7297712388338331 23.109675461856295 62 63 58 0.70391259119558214 96 8 98 27 97 13 99 38
466 11.809249805658562 -6.6889343440328979 20.631777375472517 184 187 190 0.1925450582126654 101 146 97 64 100 81
467 11.809249805658562 -6.6889343440328979 20.631777375472517 184 187 190 0.1925450582126654 101 122 97 72 100 100
469 17.071544306018456 -7.5531677860420006 24.51004871287126 171 180 181 1.280126843666475 96 99 98 105 97 113 95 145
470 5.6926506520436897 -5.8309024514546239 22.962590626498471 54 53 49 0.53736979658409645 96 88 98 117 97 115 95 146
474 13.24494229627188 -6.7862836911930478 19.885147130133298 153 152 163 0.59764669490419953 99 160 97 124 95 116
475 11.21816905554474 -7.7262087904639758 19.236088970215715 216 218 226 0.44814040848465109 96 115 98 131 97 127 95 90 94 90
478 14.723784978214622 -7.8485758885515553 24.593214130700176 214 213 221 0.56355573982644658 96 14 97 19 95 15 94 7
479 6.0150750224325922 -5.1696205234279926 23.139459685991731 109 109 109 0.83095449531858068 96 50 99 87 95 53
482 11.602793186103916 -7.6548208842244403 19.848719248513966 187 188 192 0.36256152912432876 96 140 99 167 95 123
483 -4.0446666179513819 -8.8836577557965875 17.367449859203049 150 139 132 0.52468859644638788 97 116 95 154
484 -11.654299025639901 -10.130450011854197 25.883254255541051 252 255 249 1.1993568969256736 96 34 98 33 99 43 97 32 95 38 102 174 100 92 99 96 97 77 94 34
487 -3.7352620432862826 10.145155721302796 14.291369941025716 68 103 142 0.57952772501652317 117 10 123 11 121 16 109 11
488 -3.7352620432862826 10.145155721302796 14.291369941025716 68 103 142 0.57952772501652317 117 12 123 14 121 19 109 13
489 2.2368578770940775 4.082942543998894 12.993185106939865 6 19 34 0.46406634263891156 117 40 118 31 123 39 121 36 109 38 119 25 124 26 122 27 130 26 120 30 127 39 125 29 129 59 128 51 131 51 126 54
491 -5.7170160174982927 9.1135313720543021 15.378317713216971 27 83 128 1.6774516434765658 117 150 121 206
495 4.4662843344612115 -5.8814968961577216 20.901546851719353 122 123 128 2.9743795133036244 98 94 94 28
497 10.605904892483574 -2.9143936864678288 20.596959837344222 118 121 120 0.32664568683989181 102 63 94 30
501 8.5860642211887708 -3.4725446421678274 20.493013243771713 172 165 164 0.6114282661338889 98 124 94 89
502 11.40460841454701 -7.1787046895238467 18.807416068407125 207 206 215 0.66699374996821881 98 103 94 91 97 107
503 7.0543518518421777 -5.3763857244869993 21.846044777975866 111 112 112 0.4356990883373047 95 99 98 121 94 94
505 -9.4817107504437299 -17.96626943587399 38.757428484864718 91 91 90 0.44474557849054364 95 105 96 113 94 100
508 -8.5852136597738564 -18.466319906068879 35.089092905187258 173 166 164 0.065549782583983945 96 137 94 126 97 121
510 7.2088705230813028 4.217756744985671 15.926718995864366 111 118 115 0.93215665444008133 109 5 118 3 121 3 123 4 119 5 124 9 122 8 130 8 120 5 127 7 125 5 129 9 128 9 131 11 126 9 115 5
511 -11.447749539805869 5.5790862776665229 11.152982118604537 93 99 95 0.75526649592994766 118 13 123 16 119 6 121 21 124 15 130 16 122 14 120 8
512 2.0222046353175704 5.4109461084566997 12.773648082031661 90 133 199 1.2754249250169372 118 8 121 10 123 10 119 7 124 13 122 12 130 13 120 9 127 17 125 13 128 20 129 22 131 22 126 26
516 1.664318374207326 6.3792790281440643 11.314674551683945 3 21 30 0.75055811309463094 118 35 121 28 123 37 119 21 124 19 122 21 130 31 120 22 127 41 125 27 129 41 128 47 131 36 126 40
517 0.088419212774564354 8.2223548484972913 10.526748613604909 8 20 32 1.0861111912873123 118 28 119 22 124 23 122 30 130 30 120 19 127 42 125 20 128 45 128 49 129 54 131 44 126 52
518 -0.73623038585290757 6.5151584779843779 6.2384338488421518 68 105 146 1.3519062236789803 118 17 123 21 119 24 121 20 124 32 122 31 130 27 120 20 125 34
519 -0.74696423991993388 7.0198779664224045 7.1876890009741121 68 105 146 0.93021613034637218 121 29 119 26 124 31 122 22 120 27
520 3.3481239054516685 4.4865479951490865 12.476840306002453 0 17 33 0.37775487697218391 121 35 123 38 119 28 124 30 122 34 130 34 120 25 127 40 125 35 129 40 128 48 131 39 126 41
521 0.74345042049402355 7.6365753943414099 10.22024733323987 157 180 228 0.6177990400025084 121 48 123 58 119 35 124 38 122 38 130 37 120 42 125 45 127 52
522 -4.299785872765943 6.3750553221048483 11.540636133371198 20 81 126 1.2106093135491809 109 54 121 45 123 50 119 41 117 45 115 42 124 48 122 43 130 42 120 36 127 54 125 42 128 54 129 52 126 51 131 46
524 -11.62628510301567 -0.75897706918153429 12.861648437584211 118 126 124 0.83850969110872864 109 49 118 53 123 68 119 48 117 53 121 50
525 0.89093249816741493 3.2690665806739432 13.01586121993458 5 20 40 0.30810342386485468 118 95 121 67 123 104 119 57 124 78 122 72 130 72 120 49
529 0.73111412503389006 6.9795287494512186 10.004937603467782 111 140 195 0.36025459172089797 121 124 119 88 118 105 123 135 124 107 122 118 130 137 120 124 125 119
531 -9.9729593401905365 4.9952919122152899 15.288999617841197 37 42 38 1.1183928276127371 110 128 119 93 130 183 120 66 127 86 125 82 129 163 126 139
532 0.24631385596401228 -1.4844549241992071 2.3858780031743505 0 0 0 0.75909369941337523 106 163 107 93
533 1.5652703288659298 7.8056266438642226 10.75119852542829 154 180 228 0.26399172886453104 121 125 119 97 118 119 123 137
534 -9.9729593401905365 4.9952919122152899 15.288999617841197 37 42 38 1.1183928276127371 110 146 119 107 130 168 120 73 127 99 125 67 129 158 126 123
535 0.37675053538436826 -1.4395799776865736 3.9799616848055601 0 0 0 0.38012600263587498 105 117 107 160 111 129 112 127
536 -10.079708825573388 5.4807088895042337 13.001993740730805 88 89 85 1.2301430994613436 107 98 119 113 105 158 111 165
539 -8.6155096265574596 4.5584563269661871 12.077077833180711 86 87 81 1.4283954841907518 107 169 119 131 120 96 127 105 125 105
546 2.6343258290951175 6.7387997058860716 11.165385812484875 105 140 198 0.34797347009096058 121 132 119 144 118 151 123 158 109 134 124 115 120 121
548 2.349818435251668 7.0962554563255571 11.013963976680449 123 154 209 0.12173192322066707 121 163 119 146 123 177 118 175
552 0.9692254321051974 6.8899520308841611 10.632220972477333 134 160 212 0.34127855647468941 121 202 119 159 118 186 123 212 124 143 122 141 130 118 120 168
553 1.6601555567035464 5.8867287245747439 11.534112478355439 116 143 190 0.38838895471124946 116 201 119 165
563 -7.7542245628959741 2.3032965092507238 19.331436322426971 34 34 32 0.86280400508199062 119 10 121 8 124 11 122 10 123 15 130 11 120 11
564 0.36940839114866875 5.6015599129589972 10.433551982925799 5 16 26 0.64596744003254947 119 20 121 34 124 28 122 29 130 32 120 18 125 43
565 -5.7238198827878151 6.7253403933386133 13.503171822829364 0 9 16 0.82952743156579734 119 43 121 54 124 47 122 42 130 43 120 37 125 41 127 48 128 52 126 43
566 1.8016295863088392 4.4134288145226721 12.471895275841757 63 121 185 0.31070217212975837 119 85 121 119 124 85 120 88 128 122
571 0.68189746035916554 6.9161854819471777 7.0829332718278089 158 184 233 1.393622005957297 119 150 124 138 122 166 130 182 120 170
572 0.52809801397292255 7.3714201354276421 10.389815189238167 105 132 188 0.54868327651345827 119 145 124 174 121 162 122 102 130 88 120 133 127 155 125 96 128 150
574 4.398184755556886 2.7291191477769221 14.586729573694157 119 123 122 1.0756364636301146 119 4 121 6 124 8 118 5 123 8 109 4 122 7 130 9 120 6
575 7.1584825870275743 4.2188875810489028 15.774221658274001 107 115 115 0.8017716681019873 121 5 124 10 123 6 122 9 130 10 120 7 127 8 128 11 129 11 131 12 126 11
576 -3.265445927844961 6.8166086027236084 10.97548473360947 2 8 11 1.1451857002352788 119 15 121 15 124 22 118 18 123 18 109 25 122 17 130 22 120 17 127 19 125 11 129 23 128 18 131 24 126 18
578 5.7366848788944536 0.77314481156678538 13.060094130879627 38 41 41 1.4556155446035079 121 112 124 155 119 122 122 126 130 155 120 117 127 117 125 104 129 125 131 157 126 153
579 6.0073028854040622 0.6804687968172749 13.679108614378196 38 41 41 1.3095534969146692 121 104 124 162 119 138 122 125 130 166 120 127 127 85 129 127 131 178
582 -13.691931688572982 7.4861920661752093 13.73463285509559 87 90 89 1.4046332617982877 119 143 123 127 124 150 121 148 109 57 118 162 122 146 130 150 112 241 127 183 117 71 128 126 126 150 131 151
585 -0.72976443199688357 3.6030576132717007 17.679293508568243 132 136 131 2.2089393449254655 119 110 122 87 124 90 130 101 120 100 121 105
586 0.51496317625208266 7.368766651721474 10.357068932018771 112 140 196 0.43866929989318287 119 141 122 121 130 103 121 157 120 128
589 1.5496354746089138 2.430738123097191 11.211115199887274 126 125 120 1.2433961981121135 119 140 124 116 130 169 121 210
592 1.5496354746089138 2.430738123097191 11.211115199887274 126 125 120 1.2433961981121135 119 134 124 125 130 184 121 212
595 -1.837304452602142 3.0189113585387881 3.0926647843696573 110 117 118 1.0267582598143414 122 149 124 122 130 173 127 159
598 -0.6843786154445739 3.2570861730285641 13.613700058357317 134 138 136 1.8701754618375908 119 108 121 115 120 99 122 97 124 92 130 93
599 2.1185972998032194 9.6154317034611889 11.673822078753897 172 173 164 0.39265279394083907 121 92 120 106 118 102 123 102
601 2.3756191165166531 7.5544767583227364 10.89477615319657 151 183 239 0.98837049467755289 118 189 122 113 124 133 120 129 130 121 123 170
602 1.2450170474588627 7.0238812261116621 8.2710740017762561 132 162 215 1.6458288340649661 121 149 120 131 119 147
603 2.3484205540631726 7.554589258883631 10.834934542277226 151 183 239 1.0947713061708815 121 151 122 129 124 169 120 135
604 1.3638539674507602 6.7889620435401925 11.101219848860897 149 172 222 1.4932967689632231 119 162 121 131 120 138 118 117 123 132
606 0.21075890472607708 6.3309865394411302 11.521556970759717 105 132 172 0.6602538803396536 121 121 120 143 118 185 123 156
608 1.4562588393841807 8.2185366945425358 10.062432273992563 138 166 215 0.32114415309401184 119 149 121 195 120 175
609 1.0286447729812154 6.1297639620122464 11.457063214566341 114 139 182 0.32665779529187056 110 112 115 97 117 98 118 84 123 96 121 90 119 79 120 80 121 85 123 95 119 70 124 65 122 75 130 60 127 90 125 70
610 -11.184207090359976 10.683587304785275 13.826584370261651 85 91 93 1.7787142196786643 121 170 122 108 120 123 124 119 131 182 129 139 126 100 119 164 123 130 124 120
611 -4.0493713577774129 0.71875551827025874 10.788047499999927 0 0 0 0.68229711861270059 122 151 124 151 108 207
613 1.7308462020849062 2.4407722613195206 4.4428926160419904 36 40 31 0.90126305935721096 122 3 130 4 127 0 124 3 131 2 126 2 128 2 129 2
615 0.014312413861174919 5.221462733505847 5.6445524452959743 143 171 234 1.98931124711177 119 8 130 14 127 11 122 13 124 14 120 10 125 7
616 -2.0232394770021864 1.9458117468464935 3.5931702474834171 254 255 249 1.58262378095818 122 18 130 20 127 15 124 20 125 16 120 14
617 -0.38745017304945206 2.5025827119437825 3.6905214079848792 71 77 77 1.2637869687261105 122 25 130 24 127 27 124 35 125 25 129 31 128 34 120 28 126 29
618 -0.19599469948381287 2.2975034467322089 3.7263427072708195 67 73 73 0.52528382083610248 122 20 130 21 127 31 124 34 125 18 128 25 120 23
619 -1.422438285688415 2.3278166850430355 3.7116357793494714 235 73 73 0.7360476084357731 122 23 130 23 127 35 124 33 125 24 126 34
620 -2.1207173047777093 1.3636605637640169 4.910100985007289 109 104 100 1.4184274456312191 127 61 125 39 131 45 128 58 126 49 126 57 131 66 129 47 129 73 130 19
622 -0.68628797160291721 2.5701880595597708 3.7102789741536282 177 156 149 0.26283158145711544 122 49 130 56 127 66 124 54 125 56 129 70 128 72 120 47 131 62 126 64
623 1.754493222322939 3.8363930336746059 13.236462679347996 90 116 155 1.2988975246587511 123 46 127 67 125 66 130 91
624 -0.51836087236225403 2.7856142455963249 3.4235454204570734 75 77 76 1.4172944425125733 122 51 130 53 127 80 124 55 125 58 129 50 128 78 120 48 131 49 131 86 126 53 126 76
625 -2.447859049974952 3.6720941439547636 6.2972546629308779 0 12 24 1.0610770397888301 119 72 127 81 120 60 122 52 124 70 126 90 128 104 129 95 131 109
627 -0.045686537702726411 3.0288358874132504 5.0819006548664341 120 110 98 1.9703833168192895 122 61 127 91 120 53 124 69 130 64 128 81 126 69
628 0.14735276462424876 2.5928485642884347 1.2143802376869806 75 77 68 0.75099948692280971 130 35 127 93
630 -3.0291774959407447 2.4314648454439012 6.6303088795646969 40 43 39 1.5978973972298314 130 193 127 102 125 160 129 175 126 128
631 -0.37997618267113165 2.184237549693901 3.8770621974203614 254 241 226 0.63417882323214092 122 94 130 86 127 103 124 100 125 100 129 100 128 117 120 92 131 101 126 83
633 0.0031768075124330862 2.6805927337018995 3.5774916530341589 85 59 42 1.081511328022231 122 96 130 98 127 108 124 83 125 90 129 98 128 101 120 95 131 108 126 89
634 -0.84896040756879587 2.5583182002345115 3.697943178281685 55 47 41 0.34809578250829021 122 101 130 110 127 132 124 113 125 110 129 124 128 128 120 125 131 132 126 113
635 -2.0513924789834315 1.7350939726795185 3.1471992362906329 189 149 126 1.4290681253237945 130 129 122 106 124 129 125 131 127 138
636 1.3212293164211859 8.4224109858397682 9.1788923072632844 159 162 171 0.50358760780437639 130 194 127 147 125 149 128 136
637 -0.85073950269266119 2.5613738476359003 3.7207448735219475 55 47 41 0.14596185190801644 130 134 127 149 125 122 129 115 128 145 131 139 126 116
638 -0.84896040756879587 2.5583182002345115 3.697943178281685 55 47 41 0.34809578250829021 122 119 130 133 127 150 124 124 125 121 129 126 128 146 120 126 131 140 126 117
639 -0.22107554636976975 2.6524892423643744 3.6318023201851743 136 104 81 0.57560249227098281 122 148 130 153 127 162 124 154 125 138 129 152 128 156 120 147
640 -1.9481455740278595 3.0406551539892024 3.5322740229917708 97 106 107 0.99342208901097984 130 154 127 165 128 130 129 93 131 104 126 86
641 -0.54168438117469186 2.5774560435315199 3.7198859926727215 77 79 74 0.14915794081226258 130 156 127 167 125 140 129 173
643 -0.10126934973032824 8.7076509951855439 10.613562731085846 91 92 89 0.46064246030509409 122 164 130 123 127 177 124 95 120 137 125 120
644 -0.67150236945142483 0.73002365343586251 7.6684349562544751 53 47 41 0.72771324774526891 130 144 127 178 122 65 124 148 125 157 128 167
645 0.34293351415840306 13.489482666701734 13.447752404692425 13 40 55 1.1566136034527803 122 131 130 94 127 63 124 88 124 177 120 107 125 73 129 63 128 68 131 58 126 46
646 0.22487550021483679 9.8982980223832975 11.583233983485641 121 145 188 0.85008824875631905 130 83 127 114 122 53 124 63 125 97 128 111 131 146
648 -2.5081819550662874 6.1967394781655498 15.924354827487184 252 90 88 1.770654538330598 118 6 120 2 124 4 130 5 125 3 122 5
649 -4.026657283023237 2.1373430397457565 10.962546775952189 41 40 39 1.1429115849481326 118 11 127 4 129 7 128 6 131 9 126 7
650 -2.1548002534006536 1.963022741796254 3.8573571668967985 253 255 242 1.3289976481964121 127 14 125 21 129 18 128 22 131 18 126 22
651 -1.8738342362615243 2.1695045303998706 3.5978227866392998 69 43 28 0.9410406788088963 127 34 125 22 129 37 128 44 131 38 126 33
652 -1.5728584534166068 1.6843082897060659 5.411919159477403 226 89 84 0.26738637653920744 127 62 125 23 129 48 128 59 131 56 126 65
654 -1.4282597161402737 2.337060732269328 3.6635174650890936 238 73 70 0.11313447337234074 127 45 125 37
655 -0.8255156128058736 5.0750030391712118 3.412865391439853 133 149 184 0.86714304047163249 127 53 125 38 131 149 126 132
656 -0.43971942567385663 4.0982393862097721 3.3310910681859145 126 154 211 1.401819149056676 127 50 125 40 131 82
657 -1.9332878347058726 2.3988275292298864 2.2280602033920953 89 95 96 0.45067902493854084 127 82 125 44
658 -1.0396677091749644 4.8996767875332763 3.2454823212197899 14 63 104 0.76073331436327252 127 77 125 52 128 89 124 39 130 36
659 0.29094535746948402 1.8163168896442137 4.1507494867240267 95 98 92 1.7512403711308266 124 53 127 70 130 51 125 54 122 50 128 60 120 38 129 49 131 43 126 60
660 -0.45386481818589985 2.0217156366211273 3.7690584161078871 157 162 158 0.39076778044445315 130 50 125 55 120 45
661 -0.68236261959425393 2.5688000978032415 3.7448318756827712 179 160 151 0.2096468635497645 127 71 125 59 129 64 128 63 131 68 126 66
662 -0.70863182536236657 2.8084640816342228 3.4980481466340465 138 143 137 0.22889734593880051 127 72 125 60 129 69 128 74 131 60 126 63
664 -0.27891627224584264 2.7070984045885109 3.8354871889785498 207 194 169 0.69750596442180324 124 79 127 89 130 73 125 76 122 73 129 62 128 79 120 83 131 67 126 58
665 -2.3792901469564143 2.062421261199789 2.6523882197402724 114 117 117 1.6123629534538348 127 121 125 81 131 98
666 -0.57020786126334844 1.6145234309684471 4.3774044503082257 113 116 115 0.50804423665052645 130 163 125 86 124 180
668 -2.0379112335055041 2.2218421520976501 3.1636405711779045 254 255 217 2.7270604418949596 127 127 125 88
671 0.068685859565644353 2.3106850965585588 4.180178198628564 125 125 124 0.28881700363091972 127 168 125 102 128 160 129 157
672 -0.18513210361517379 2.6226460831907894 3.8455497655879927 127 98 74 0.49590668429998874 127 125 125 106
673 -0.3709431755457081 2.9211872380441353 3.536590138543664 120 108 101 0.38732748503796671 127 97 125 107
674 -0.041736620902190123 2.8097762145855647 3.2411855992306076 126 126 122 1.0577128239554932 127 110 125 123 128 107 131 111
676 0.32215876723915737 7.631028377509212 8.4395731697293304 134 157 199 0.28489767793969917 119 189 120 172 124 137 130 187 125 136 122 132
677 -0.37366579304732633 2.6861051651313135 3.6696629088734571 230 196 163 0.37582537369660152 127 163 125 139 129 153 128 159 131 180
678 -0.24346853842851557 2.4809730780337187 3.6964982027075077 74 77 77 0.75199135518490634 124 114 125 141 122 175 129 155 131 158 126 155
680 0.43000318427990819 8.2685342829954198 9.2307879100074874 160 178 223 0.74415657284001357 124 139 127 180 130 176 125 148 122 162 128 177 131 176
682 -0.3748212131478092 2.6885893546225534 3.6724944489102578 230 196 163 0.36630003856150356 127 174 125 151 129 166 128 165
684 0.30603069175587094 7.8283815453412648 8.9221007319115753 134 157 199 1.043840481488413 130 188 125 153 128 179 131 177
685 -0.81694170661021204 4.4201012215743472 2.9549154748247091 212 78 74 0.67429558365013731 124 175 127 139 125 158 122 138 130 127
686 -0.67898036394235683 2.9388313778733401 3.3242019547829504 137 135 128 0.25020816221073139 127 137 125 159 129 133 128 134 131 131 126 106
691 -0.95329346646335833 6.0393517623986224 5.9883072392214283 73 76 68 0.92842967418198052 124 81 130 82 125 74 120 134 122 111
694 -1.6828316192697079 2.0315488344084507 3.4688065294308355 171 156 139 2.1964061015420326 122 114 130 143 127 176 124 147 125 132 130 104 122 115 124 101 125 133 129 121 128 133 131 133 126 107 126 130 120 116
695 -1.1561674624011831 2.6461728699483182 0.74038865770891238 0 0 0 0.83999560435294884 124 93 130 162
700 0.27374215928545048 12.992080572239948 12.827197856377774 23 44 57 0.37859724937461398 127 74 130 95 125 80 129 66 128 71 131 74 126 55
701 2.0696093073008583 3.0254267657992098 8.0245844974259182 124 128 128 0.84305882689356204 125 6 129 14 126 14 128 12 131 14
702 -0.53069828212271275 9.5177343457119203 8.3195992160652192 26 40 51 0.70283099979646024 125 9 129 24 127 21 128 17 131 27 126 21
703 -4.0639726885762837 7.6692688593089571 10.737841340458967 12 77 120 0.3131232777807324 125 19 129 27 127 22 128 27 131 28
704 -0.44555782186849424 2.5018685031316368 3.319326525881638 68 76 73 0.51917482691953099 129 34 128 30 127 26 131 33 126 31
705 -0.86183349115414809 0.74304885236969775 8.1553605154582183 32 30 27 0.9526424285859808 129 36 122 19 124 21 125 14 130 17 128 24 131 32 120 15
706 -1.1883502098026033 8.71478444991385 12.416526136586908 0 8 9 0.48539368692097234 125 51 129 42 127 51 128 46 131 37 126 39
707 -2.1858537091120973 4.5860669999337986 6.0794238982833484 24 87 133 0.78631290406210641 120 58 129 53 124 66 130 61
709 -0.70863182536236646 2.8084640816342228 3.4980481466340465 129 132 125 0.22889734593880051 125 57 129 65 128 64 131 69 127 65 126 68
711 -5.3756287747003553 4.2913483502925862 5.7994593059798891 81 92 90 0.84137334754830473 119 109 129 82 128 65
713 -1.9818255012579027 2.1908876593666702 3.5414949638565099 221 163 133 0.97993585630435376 125 146 129 174 127 172 131 173 128 166 126 129
715 -5.262238562502894 2.8274463424807799 10.80215280760544 24 24 19 1.9779755997129516 120 94 129 177 119 192 125 143 122 160 130 125 124 182 128 155
716 -12.4066368759654 9.0756802032389086 16.053083895926289 86 92 90 0.87406016876774173 125 2 129 3 119 2 120 3 124 5 127 1 130 6 122 4 123 7 121 4 128 3 131 3 126 3
717 -7.0090418700496562 9.4277810572233669 17.423047373805456 13 79 124 0.74396845168809012 125 12 129 21 124 18 127 18 130 18 122 16 128 19 131 21 126 25
719 7.3194193468050734 0.31839530096433472 15.929809864857669 122 124 118 0.91814867130533429 119 175 120 148 129 154 121 155 123 114 118 133 109 120 117 151 128 141 131 156 126 140
720 -0.37275216814241136 2.9479540286737831 3.3479662364366294 124 116 108 0.076132714331443099 120 72 129 60 131 72
722 -6.126101997073345 15.422243296759367 15.366289878287404 102 104 95 2.2992108324035159 124 6 125 4 127 3 129 6 128 5 130 2 131 6 126 6 122 1
723 0.62063663608389463 1.727574648385487 5.6315660158978709 101 110 109 0.94343425646389778 127 5 129 8 128 7 131 10 126 8
724 -2.6012924622933564 2.4873332780941126 4.9372068088943486 27 27 26 0.25181095568740347 127 9 129 10 128 10 131 13 126 13
729 -0.44555782186849124 2.5018685031316359 3.3193265258816513 67 75 72 0.51917482691954475 127 25 129 32 128 33 131 31 126 30
730 -0.26821280310594747 2.69542011722876 3.3410924511499775 220 176 146 0.28317471747419914 127 47 129 45 128 37 131 42 126 38
731 -0.26821280310594747 2.69542011722876 3.3410924511499775 220 176 146 0.28317471747419914 127 46 129 44 128 38 131 41 126 37
733 -1.1176060370823071 1.4333510050690241 7.249110413195285 252 96 91 0.32028686222468028 125 33 128 43
734 -1.5585184178589135 1.7458528377761096 5.0805325701640536 222 90 85 0.26990474716129009 127 55 129 58 128 57 131 54 126 59
735 -0.70730991652624531 2.8057643123760636 3.5122026231581667 129 130 125 0.24046359771261219 127 73 128 73 131 61
736 -0.11122977406272214 1.4526950986158735 5.1722437469074061 147 152 150 0.31099629522848016 127 83 129 76 128 75 131 79 126 73
737 0.30230827598999593 1.3327617608493327 5.7560634802481196 160 169 166 0.21297648229085583 127 152 129 81 128 76 131 78 126 77
738 2.7869697723160427 7.0672225167625617 12.98953642576684 104 140 196 0.69019851122419595 125 72 127 79 128 86 130 59 131 114
739 1.5508880175821578 10.531323227068567 15.246258327081126 170 186 229 2.0279813487036518 125 75 127 78 128 88 130 191 124 171 126 133
740 -1.9547180685931309 1.9390916496093353 3.8558349089993551 254 255 249 0.57926831074328466 127 100 129 89 128 93 131 90 126 80
741 -1.9547180685931309 1.9390916496093353 3.8558349089993551 254 255 249 0.57926831074328466 127 101 129 87 128 94 131 89 126 81
742 -2.9791216993652596 3.3587438741511186 8.1734599743323155 2 28 54 1.1105814852400551 125 112 127 164 129 105 128 95 131 103 126 85
743 -13.239411784560268 7.1520126583996255 14.050466795796043 94 96 87 0.48180025739669652 119 125 128 102 120 101 130 114
745 1.7617467516080187 2.3457349258009552 13.072276042618403 0 0 0 0.46378768914788759 119 139 121 213
746 1.7331104991041073 10.172723232653277 12.24207978866133 175 200 250 0.83983398369955997 125 98 129 123 128 112 124 105 130 96 122 169 131 123 126 102
747 -0.21574484334949376 1.9615325177662384 3.8190231733530906 107 115 116 0.50601594897344293 127 116 129 101 128 116 131 100 126 82
749 -8.1838353069166576 4.2532737336984585 12.32773554624093 84 88 82 0.82139069802465747 119 123 125 103 127 104 128 127 130 111
750 -0.15920542661375306 2.8191450982929953 3.2370614041739549 96 85 79 0.21581478886111954 127 142 129 113 128 135 131 96 126 110
751 -2.4563269171636555 1.6466850187510833 4.05519104629788 173 136 113 0.9111551595491999 127 122 129 119 128 137 131 134 126 108
753 -0.67349684907344243 2.9382845778710567 3.3513920688958243 131 126 116 0.21681000032716899 127 136 129 128 128 147 131 141 126 114
754 -0.15920542661375306 2.8191450982929953 3.2370614041739549 96 85 79 0.21581478886111954 127 151 129 129 128 148 131 117 126 118
755 -0.26018896514890449 2.6297669207387186 3.441961569637618 138 104 81 0.6242911394700259 127 107 129 167 128 173 131 105 129 94 126 87
760 -3.216787288998217 2.8934338793487004 8.5003494279912513 22 92 148 2.463029663969869 125 142 127 182 128 144
763 5.2715541314135708 3.2771897980870199 16.283703720950527 121 127 129 0.65089041653718671 117 4 129 17 131 16 126 17
764 -4.6474840450465313 5.0383586184368347 11.553119996054983 11 83 137 0.66257999716728089 117 13 127 16 128 23 129 20 131 20 126 24
765 6.8685204982903558 0.98494590295526463 15.632300337732488 34 36 32 1.0745541275025261 121 40 123 40 131 53 126 44
767 -0.37088835798164665 2.9469149803055266 3.3600294366109997 126 117 111 0.14484952824436342 129 68 131 64 120 61 126 62
768 2.2642273007799578 2.0478459150795998 4.2393522896612712 116 122 119 1.3600629753336626 119 172 131 70
769 -1.9158274410730938 3.1487709565492539 3.8879759561568488 19 39 68 0.25423962257760763 125 99 131 81
770 2.3961254183648917 7.4471049030778884 13.680766562632343 10 18 35 0.93743341117605339 122 81 124 87 129 90 131 97
772 -5.0284443736707392 8.3889157626940971 6.6899868080487011 37 44 38 2.573625917410352 129 182 131 116 124 74 122 91
773 2.6044286852943297 7.7035263741359943 14.472936670737713 10 18 35 1.2253818881022378 122 127 129 88 131 118
774 -13.945017183333499 16.432780840223113 20.295999472771925 41 50 47 1.7283569706039095 124 110 129 138 131 120 119 158 126 143
775 8.0813719909064474 -0.066235243501341065 15.111527532347353 116 121 116 1.4406240014485796 117 28 129 104 131 127
777 3.6725122384941495 4.8520790852464692 13.098813303080556 0 20 41 0.26500385568688728 122 85 129 141 131 129 126 122
778 3.6725122384941495 4.8520790852464692 13.098813303080556 0 20 41 0.26500385568688728 122 89 129 171 131 144 126 120
779 -10.993823122509948 6.371005200646306 12.376575997878176 26 26 18 0.33517674347349263 122 147 129 149 131 152
780 -10.051135271613663 5.8823329985381028 11.823216190628735 28 26 15 0.18942393213620465 122 174 129 151 131 153
781 -7.8718652713822559 4.9429173440124501 10.00387344715597 9 12 9 2.0448726642272606 123 124 130 152 131 155 121 117 126 152
783 -8.606381961850099 3.5666542103578944 16.045993654795002 0 0 0 1.5277492131686041 117 196 119 121 130 157 127 131
785 -8.2396729735622465 4.9773246033999152 10.555568555658839 9 12 9 0.33882962194216115 130 174 131 168 126 141
786 -9.4919624496626014 5.6853994737165578 11.031199641237203 28 26 15 0.30966908564527296 121 209 122 173 129 168 131 169
787 -11.616962966461708 6.7989256180260647 11.434003462684418 89 93 89 0.43447019518019092 122 163 124 163 131 170 126 149
788 -13.86134012081386 7.7953530948715279 14.524583846485756 26 27 20 0.44428574261062259 117 131 129 170 131 171 126 144
789 -1.25082472221824 2.5476706892213343 1.3406018909839719 0 0 0 2.2025060473009335 120 152 130 107
793 -0.7606902589669825 3.3690548975683421 4.3707406091901246 249 87 84 1.4056640567991838 119 168 131 186
794 3.0873114012262532 8.1760739662088202 12.429167792931588 121 128 147 1.248452107276061 130 177 131 187
795 -0.45323203556209629 2.1465403909341916 3.8848225282764348 116 77 77 0.47746671866900214 120 156 129 176 131 174 124 161 127 170
797 -2.1469548990471443 2.7817574383635946 3.7522784456450444 29 93 154 1.6571036727172597 120 157 127 169 128 119 131 165
799 -12.176269451525314 7.5334279920469651 12.55536533038725 81 90 90 0.54191766197608571 128 70 129 67 130 70 131 57 126 61 122 60 124 59 123 99 118 86
802 -0.32573882541408328 2.7165088653217051 3.3295212433384518 202 174 142 1.9853333392103676 127 36 129 38 128 42 131 34 126 35 122 63 130 76 127 98 124 71 125 77 129 71 131 63 120 82
