# Frame list with one line of data per frame:
#   FRAME_ID, RIG_ID, RIG_FROM_WORLD[QW, QX, QY, QZ, TX, TY, TZ], NUM_DATA_IDS, DATA_IDS[] as (SENSOR_TYPE, SENSOR_ID, DATA_ID)
# Number of frames: 10
50 1 0.99997946288504413 0.0049505963616197435 -0.0039959350316028158 -0.00077324448020655093 -1.1494287249397088 1.8462333555694657 -0.23458516746152319 1 CAMERA 1 50
53 1 0.9999784987639958 0.0049284799576228156 -0.0042135957209451643 -0.00097862460275097716 -0.96639624322682149 1.8422551377186065 -0.60370483157939792 1 CAMERA 1 53
63 1 0.99997069505719072 0.0057113601112068341 -0.0048968756793723953 -0.0014177450757792275 -0.43317258229584155 2.4659452425576722 -0.95538081842829337 1 CAMERA 1 63
70 1 0.9999560741446557 0.0057606231194974374 -0.0067573487029539553 -0.0030005401163316777 1.0591602157460447 2.5217827068108551 -0.18318011685013988 1 CAMERA 1 70
71 1 0.99832334969313086 0.012788575331596087 -0.0086467267051160215 -0.055786879423050939 -0.27028610364967454 2.090997163689599 1.4438803820224011 1 CAMERA 1 71
72 1 0.99997299704824838 0.0049974639139274231 -0.0050312239534493026 -0.0019280337920807465 -0.30647338012922887 1.9271061166149701 -0.91822345612826406 1 CAMERA 1 72
74 1 0.99993487863036867 0.0066282872718205063 -0.0084174642185537475 -0.0039307254344987672 2.3856019976657072 3.1738841578662695 0.66243020902691241 1 CAMERA 1 74
79 1 0.99996427014561262 -0.0048614605127070372 -0.0061813208881846982 -0.0031009524203361562 0.59807643939952826 -5.7442856305860452 1.2951864698494751 1 CAMERA 1 79
82 1 0.99998437950236418 -0.0029862575637356558 -0.0043180770944439744 -0.0019176097729301975 -0.9119556991475265 -4.2568409311629676 -0.79635532244283869 1 CAMERA 1 82
84 1 0.99996572383228077 -0.0050051705151475554 -0.0056370431087160305 -0.0034239120443757508 0.17501308149526396 -5.8455867011834783 0.66329597470026258 1 CAMERA 1 84
