# Image list with two lines of data per image:
#   IMAGE_ID, QW, QX, QY, QZ, TX, TY, TZ, CAMERA_ID, NAME
#   POINTS2D[] as (X, Y, POINT3D_ID)
# Number of images: 10, mean observations per image: 0.20000000000000001
50 0.99997946288504413 0.0049505963616197435 -0.0039959350316028158 -0.00077324448020655093 -1.1494287249397088 1.8462333555694657 -0.23458516746152319 1 000051.png
130.44180297851562 117.20941925048828 -1 136.597412109375 201.10476684570312 -1 173.31167602539062 129.69744873046875 -1 200.07199096679688 74.680305480957031 -1 130.84954833984375 134.0831298828125 -1 113.00364685058594 24.654911041259766 -1 226.0450439453125 121.89972686767578 -1 226.0450439453125 121.89972686767578 -1 130.78726196289062 170.46543884277344 -1 151.70401000976562 155.66020202636719 -1 203.80072021484375 189.28218078613281 -1 203.80072021484375 189.28218078613281 -1 130.78726196289062 170.46543884277344 -1 130.78726196289062 170.46543884277344 -1 98.037162780761719 29.15580940246582 -1 118.83960723876953 177.78114318847656 -1 222.17088317871094 201.04794311523438 -1 235.69490051269531 214.31591796875 -1 181.84605407714844 155.66311645507812 -1 125.00556945800781 11.276131629943848 -1 151.63748168945312 120.76283264160156 -1 239.78366088867188 88.462547302246094 -1 224.49263000488281 104.80260467529297 -1 201.67283630371094 59.964370727539062 -1 75.534904479980469 147.52470397949219 -1 184.16470336914062 155.24858093261719 -1 132.470703125 178.88072204589844 -1 132.470703125 178.88072204589844 -1 239.78366088867188 88.462547302246094 -1 239.78366088867188 88.462547302246094 -1 135.27076721191406 34.265914916992188 -1 231.53086853027344 77.487998962402344 -1 140.405029296875 180.58708190917969 -1 135.27076721191406 34.265914916992188 -1 181.35383605957031 45.620262145996094 -1 174.50093078613281 40.193859100341797 -1 151.98213195800781 104.48567962646484 -1 164.34866333007812 102.72567749023438 -1 156.47384643554688 76.928421020507812 -1 156.47384643554688 76.928421020507812 -1 167.89912414550781 90.597923278808594 -1 121.67337799072266 26.610200881958008 -1 141.611572265625 19.331682205200195 -1 121.67337799072266 26.610200881958008 -1 109.21206665039062 34.845355987548828 -1 239.55108642578125 204.72160339355469 -1 112.92837524414062 43.738513946533203 -1 169.11312866210938 46.637100219726562 -1 169.92176818847656 63.029888153076172 -1 183.22103881835938 70.113655090332031 -1 171.91128540039062 88.11431884765625 -1 180.02398681640625 94.390731811523438 -1 168.97535705566406 95.906883239746094 -1 161.50028991699219 119.51881408691406 -1 198.11021423339844 192.59379577636719 -1 169.92176818847656 63.029888153076172 -1 169.92176818847656 63.029888153076172 -1 198.11021423339844 192.59379577636719 -1 177.61369323730469 91.024917602539062 -1 221.97235107421875 186.79002380371094 -1 115.92709350585938 45.485065460205078 -1 251.3726806640625 88.034454345703125 -1 126.24019622802734 30.615222930908203 -1 229.06387329101562 194.09664916992188 -1 229.57527160644531 74.546195983886719 -1 207.33399963378906 172.08609008789062 -1 25.750785827636719 182.0177001953125 -1 83.464225769042969 131.18647766113281 -1 93.140068054199219 123.04685974121094 -1 226.27354431152344 95.443695068359375 -1 126.24019622802734 30.615222930908203 -1 93.140068054199219 123.04685974121094 -1 83.464225769042969 131.18647766113281 -1 115.92709350585938 45.485065460205078 -1 251.3726806640625 88.034454345703125 -1 177.61369323730469 91.024917602539062 -1 151.58689880371094 75.6707763671875 -1 249.14166259765625 82.931175231933594 -1 195.9521484375 56.965206146240234 -1 214.94078063964844 179.59063720703125 -1 54.084304809570312 158.51237487792969 -1 21.870460510253906 185.01901245117188 -1 15.520726203918457 190.08964538574219 -1 241.68278503417969 200.28977966308594 -1 207.57174682617188 230.37300109863281 -1 35.613548278808594 173.68046569824219 -1 133.42753601074219 184.12226867675781 -1 82.047401428222656 135.67999267578125 -1 86.599281311035156 131.83973693847656 -1 100.06923675537109 5.9001297950744629 -1 116.95016479492188 36.615005493164062 -1 242.17898559570312 108.13626861572266 -1 154.17532348632812 102.77946472167969 -1 169.51542663574219 40.217533111572266 -1 177.97795104980469 89.964981079101562 -1 180.98789978027344 89.115386962890625 -1 108.87265777587891 4.9447031021118164 -1 166.44120788574219 88.918891906738281 -1 110.60686492919922 40.928340911865234 -1 177.97795104980469 89.964981079101562 -1 154.17532348632812 102.77946472167969 -1 168.99806213378906 44.395950317382812 -1 174.82304382324219 53.251529693603516 -1 133.42753601074219 184.12226867675781 -1 207.57174682617188 230.37300109863281 -1 246.71040344238281 84.935501098632812 -1 108.87265777587891 4.9447031021118164 -1 168.13307189941406 60.166683197021484 -1 189.63735961914062 64.298606872558594 -1 172.07290649414062 89.1534423828125 -1 243.04660034179688 82.565467834472656 -1 166.44120788574219 88.918891906738281 -1 166.44120788574219 88.918891906738281 -1 177.00157165527344 139.92098999023438 -1 195.46656799316406 159.78372192382812 -1 
53 0.9999784987639958 0.0049284799576228156 -0.0042135957209451643 -0.00097862460275097716 -0.96639624322682149 1.8422551377186065 -0.60370483157939792 1 000050.png
131.06871032714844 117.51630401611328 -1 136.63429260253906 201.08642578125 -1 172.97946166992188 129.59162902832031 -1 200.09202575683594 74.706977844238281 -1 130.85873413085938 134.39352416992188 -1 113.00441741943359 24.640554428100586 -1 130.77427673339844 170.78659057617188 -1 151.74717712402344 155.65219116210938 -1 130.77427673339844 170.78659057617188 -1 130.77427673339844 170.78659057617188 -1 97.993911743164062 28.870763778686523 -1 118.75009155273438 177.54170227050781 -1 221.53817749023438 200.05148315429688 -1 187.57525634765625 51.876216888427734 -1 124.87989044189453 11.087244987487793 -1 201.77931213378906 60.099514007568359 -1 239.93057250976562 88.488250732421875 -1 224.67864990234375 104.6077880859375 -1 151.689697265625 120.67788696289062 -1 239.93057250976562 88.488250732421875 -1 239.93057250976562 88.488250732421875 -1 135.29545593261719 34.133411407470703 -1 140.32247924804688 180.78456115722656 -1 132.63761901855469 179.54270935058594 -1 132.63761901855469 179.54270935058594 -1 135.29545593261719 34.133411407470703 -1 156.5115966796875 76.911544799804688 -1 167.9149169921875 90.575973510742188 -1 164.33834838867188 102.72946166992188 -1 151.991943359375 103.7578125 -1 141.74798583984375 19.768239974975586 -1 180.85841369628906 44.772090911865234 -1 156.5115966796875 76.911544799804688 -1 169.93087768554688 63.016304016113281 -1 236.09962463378906 82.578056335449219 -1 175.36497497558594 95.306221008300781 -1 197.90155029296875 192.06242370605469 -1 121.71288299560547 26.631080627441406 -1 174.3604736328125 39.958667755126953 -1 195.32968139648438 62.435947418212891 -1 169.93087768554688 63.016304016113281 -1 181.5009765625 77.034988403320312 -1 236.09962463378906 82.578056335449219 -1 171.92961120605469 88.132858276367188 -1 179.99678039550781 94.394760131835938 -1 175.36497497558594 95.306221008300781 -1 169.01585388183594 95.850074768066406 -1 161.51679992675781 119.57286834716797 -1 197.90155029296875 192.06242370605469 -1 251.52461242675781 217.14697265625 -1 121.71288299560547 26.631080627441406 -1 195.32968139648438 62.435947418212891 -1 169.93087768554688 63.016304016113281 -1 164.97579956054688 49.275215148925781 -1 154.06439208984375 102.70481109619141 -1 238.99787902832031 197.67501831054688 -1 119.90617370605469 34.702423095703125 -1 116.04750823974609 45.373542785644531 -1 126.29353332519531 30.627521514892578 -1 151.56935119628906 75.688835144042969 -1 177.6514892578125 90.940460205078125 -1 177.6514892578125 90.940460205078125 -1 240.54751586914062 121.85406494140625 -1 207.11317443847656 171.76242065429688 -1 222.45973205566406 187.46513366699219 -1 126.29353332519531 30.627521514892578 -1 116.04750823974609 45.373542785644531 -1 202.40133666992188 188.4761962890625 -1 238.63385009765625 203.74188232421875 -1 243.93316650390625 209.16151428222656 -1 111.02816772460938 85.346038818359375 -1 166.42184448242188 88.850517272949219 -1 172.06796264648438 89.090522766113281 -1 180.94229125976562 89.134124755859375 -1 177.95060729980469 90.090599060058594 -1 226.65577697753906 95.744941711425781 -1 252.36795043945312 109.08833312988281 108 114.51681518554688 111.10572814941406 -1 151.81315612792969 116.39641571044922 -1 92.611404418945312 123.42024230957031 -1 241.44827270507812 200.09031677246094 -1 207.50221252441406 230.69366455078125 -1 184.37928771972656 69.888717651367188 -1 108.92857360839844 5.0670065879821777 -1 100.10749816894531 6.0368361473083496 -1 117.02466583251953 36.583572387695312 -1 216.97093200683594 181.52445983886719 -1 212.11117553710938 176.68264770507812 -1 203.64138793945312 168.00096130371094 -1 194.95761108398438 159.35206604003906 -1 54.363925933837891 158.41935729980469 -1 60.793754577636719 153.15043640136719 -1 108.92857360839844 5.0670065879821777 -1 169.38145446777344 40.534408569335938 -1 111.02816772460938 85.346038818359375 -1 169.38145446777344 40.534408569335938 -1 166.42184448242188 88.850517272949219 -1 177.95060729980469 90.090599060058594 -1 133.48355102539062 184.03123474121094 -1 207.50221252441406 230.69366455078125 -1 177.02175903320312 44.16888427734375 -1 196.13449096679688 56.768360137939453 -1 83.844581604003906 134.38534545898438 -1 133.48355102539062 184.03123474121094 -1 189.58193969726562 64.309814453125 -1 158.53752136230469 80.517868041992188 -1 242.9949951171875 82.657752990722656 -1 19.998590469360352 186.50904846191406 -1 6.7379140853881836 197.16342163085938 -1 166.42184448242188 88.850517272949219 -1 200.997314453125 165.34162902832031 -1 86.279502868652344 132.11907958984375 -1 
63 0.99997069505719072 0.0057113601112068341 -0.0048968756793723953 -0.0014177450757792275 -0.43317258229584155 2.4659452425576722 -0.95538081842829337 1 000062.png
132.45510864257812 118.32328033447266 -1 136.62028503417969 201.18043518066406 -1 173.78448486328125 129.72694396972656 -1 200.07533264160156 74.644454956054688 -1 130.91078186035156 134.8272705078125 -1 113.08463287353516 24.70399284362793 -1 126.41002655029297 98.589912414550781 -1 152.17926025390625 155.45616149902344 -1 117.92740631103516 178.21124267578125 -1 98.266510009765625 29.656917572021484 -1 221.61749267578125 200.24705505371094 -1 235.55320739746094 214.29078674316406 -1 187.54425048828125 51.962562561035156 -1 239.62239074707031 88.277130126953125 -1 102.41487121582031 125.65299987792969 -1 132.459228515625 178.83784484863281 -1 239.62239074707031 88.277130126953125 -1 132.459228515625 178.83784484863281 -1 102.41487121582031 125.65299987792969 -1 201.77749633789062 59.959915161132812 -1 231.07405090332031 77.665809631347656 -1 224.67976379394531 104.89620971679688 -1 151.72412109375 120.77091217041016 -1 184.95256042480469 154.45170593261719 -1 132.74531555175781 180.23629760742188 -1 140.20463562011719 180.7454833984375 -1 132.74531555175781 180.23629760742188 -1 135.18218994140625 33.547267913818359 -1 174.69172668457031 40.310325622558594 -1 180.87950134277344 44.773975372314453 -1 156.52867126464844 76.929519653320312 -1 164.46388244628906 102.71757507324219 -1 152.00296020507812 103.77991485595703 -1 156.52867126464844 76.929519653320312 -1 135.18218994140625 33.547267913818359 -1 141.74681091308594 19.79167366027832 -1 167.96302795410156 90.654708862304688 -1 171.87290954589844 88.181770324707031 -1 169.09925842285156 91.456680297851562 -1 180.02597045898438 94.351318359375 -1 175.3350830078125 95.273284912109375 -1 168.99008178710938 95.846855163574219 -1 248.37022399902344 97.69140625 -1 239.75189208984375 100.63534545898438 -1 161.37712097167969 114.51560211181641 -1 161.53376770019531 119.48349761962891 -1 197.91438293457031 191.77622985839844 -1 121.73098754882812 26.592309951782227 -1 169.92765808105469 63.038597106933594 -1 169.92765808105469 63.038597106933594 -1 175.3350830078125 95.273284912109375 -1 248.37022399902344 97.69140625 -1 239.75189208984375 100.63534545898438 -1 197.91438293457031 191.77622985839844 -1 109.21065521240234 34.899509429931641 -1 121.73098754882812 26.592309951782227 -1 169.92765808105469 63.038597106933594 -1 226.55690002441406 95.557212829589844 -1 110.47132873535156 70.369026184082031 -1 238.43580627441406 197.10244750976562 -1 151.90528869628906 116.43283843994141 -1 89.917434692382812 125.69690704345703 -1 129.18009948730469 36.293144226074219 -1 243.39472961425781 208.51881408691406 -1 126.38373565673828 30.621309280395508 -1 115.97107696533203 45.423240661621094 -1 247.19694519042969 81.553695678710938 -1 151.55607604980469 75.751983642578125 -1 245.9166259765625 84.493858337402344 -1 115.97107696533203 45.423240661621094 -1 110.47132873535156 70.369026184082031 -1 177.42359924316406 91.036552429199219 -1 177.42359924316406 91.036552429199219 -1 218.91433715820312 183.53727722167969 -1 223.08132934570312 187.65766906738281 -1 202.418212890625 188.46109008789062 -1 166.34989929199219 88.757308959960938 -1 114.57823944091797 111.22775268554688 -1 10.599720001220703 194.39720153808594 -1 17.611551284790039 188.4677734375 -1 3.0367860794067383 200.64810180664062 -1 133.55549621582031 184.11054992675781 -1 7.00634765625 197.20538330078125 -1 229.7525634765625 74.701889038085938 -1 215.90275573730469 180.16670227050781 -1 212.85105895996094 177.1661376953125 -1 205.01519775390625 169.35696411132812 -1 201.53041076660156 165.63526916503906 -1 197.99971008300781 162.58836364746094 -1 83.553825378417969 131.03604125976562 -1 172.1343994140625 89.110885620117188 -1 108.82435607910156 5.1560673713684082 -1 83.553825378417969 131.03604125976562 -1 133.55549621582031 184.11054992675781 -1 117.01314544677734 36.560249328613281 -1 169.52217102050781 40.234664916992188 -1 195.9638671875 56.932537078857422 -1 166.34989929199219 88.757308959960938 -1 189.7862548828125 64.032112121582031 -1 207.54238891601562 172.26322937011719 -1 184.43037414550781 69.495452880859375 -1 158.53141784667969 80.51251220703125 -1 243.140869140625 82.707321166992188 -1 108.82435607910156 5.1560673713684082 -1 114.08647155761719 104.88759613037109 -1 248.85420227050781 92.528106689453125 -1 31.798261642456055 176.56173706054688 -1 
70 0.9999560741446557 0.0057606231194974374 -0.0067573487029539553 -0.0030005401163316777 1.0591602157460447 2.5217827068108551 -0.18318011685013988 1 000072.png
134.11846923828125 118.95063781738281 -1 136.79437255859375 201.16310119628906 -1 173.84469604492188 130.28215026855469 -1 199.94438171386719 74.693305969238281 -1 130.78829956054688 134.84588623046875 -1 225.5867919921875 122.63128662109375 -1 225.5867919921875 122.63128662109375 -1 113.35308074951172 25.334880828857422 -1 152.00117492675781 155.53077697753906 -1 98.157119750976562 29.496288299560547 -1 185.42068481445312 51.376560211181641 -1 118.37103271484375 177.6016845703125 -1 221.46885681152344 201.32453918457031 -1 235.05227661132812 214.24742126464844 -1 191.27473449707031 169.30693054199219 -1 201.83988952636719 60.032852172851562 -1 224.67361450195312 105.54716491699219 -1 151.50825500488281 121.12846374511719 -1 76.501739501953125 148.1903076171875 -1 132.34359741210938 178.58273315429688 -1 132.34359741210938 178.58273315429688 -1 135.21316528320312 34.259960174560547 -1 140.47782897949219 180.34407043457031 -1 135.21316528320312 34.259960174560547 -1 141.77484130859375 19.796926498413086 -1 180.91058349609375 44.811473846435547 -1 164.34733581542969 48.132408142089844 -1 156.41177368164062 77.072769165039062 -1 167.80757141113281 90.591819763183594 -1 164.34461975097656 102.76119995117188 -1 151.99972534179688 104.14011383056641 -1 202.95445251464844 197.43856811523438 -1 202.95445251464844 197.43856811523438 -1 156.41177368164062 77.072769165039062 -1 104.34845733642578 13.687991142272949 -1 104.34845733642578 13.687991142272949 -1 175.29908752441406 95.277305603027344 -1 121.60385894775391 26.550622940063477 -1 175.29908752441406 95.277305603027344 -1 121.60385894775391 26.550622940063477 -1 169.896240234375 63.055465698242188 -1 247.96012878417969 98.459266662597656 -1 198.24505615234375 193.21469116210938 -1 109.20710754394531 34.770778656005859 -1 161.16995239257812 119.81735992431641 -1 174.149169921875 39.753559112548828 -1 112.91460418701172 43.813869476318359 -1 169.896240234375 63.055465698242188 -1 171.86930847167969 88.184425354003906 -1 179.98583984375 94.461944580078125 -1 168.97203063964844 95.869873046875 -1 247.96012878417969 98.459266662597656 -1 198.24505615234375 193.21469116210938 -1 229.26133728027344 195.23780822753906 -1 242.53572082519531 202.74935913085938 -1 250.70597839355469 217.16726684570312 -1 109.20710754394531 34.770778656005859 -1 169.896240234375 63.055465698242188 -1 243.85800170898438 209.69282531738281 -1 247.18171691894531 213.15052795410156 -1 107.03940582275391 112.09619903564453 -1 126.19060516357422 30.6705322265625 -1 222.2158203125 187.67399597167969 -1 202.42054748535156 189.21159362792969 -1 239.28398132324219 205.06333923339844 -1 203.4693603515625 168.73728942871094 -1 116.00823211669922 45.279716491699219 -1 110.43608093261719 70.539398193359375 -1 151.57176208496094 75.657333374023438 -1 223.83078002929688 103.87277984619141 -1 208.80879211425781 164.31523132324219 -1 110.43608093261719 70.539398193359375 -1 126.19060516357422 30.6705322265625 -1 39.443737030029297 164.68260192871094 -1 116.00823211669922 45.279716491699219 -1 223.83078002929688 103.87277984619141 -1 44.224834442138672 168.59597778320312 -1 206.73251342773438 172.05018615722656 -1 166.29411315917969 88.814659118652344 -1 172.13377380371094 89.275657653808594 -1 226.61830139160156 96.105598449707031 -1 154.07969665527344 102.48036193847656 -1 252.09648132324219 107.29711151123047 -1 117.11959075927734 119.51451110839844 -1 44.970535278320312 167.16781616210938 -1 225.09539794921875 180.56956481933594 -1 133.45535278320312 184.56727600097656 -1 2.705524206161499 202.54949951171875 -1 207.50848388671875 231.594482421875 -1 42.560489654541016 162.38153076171875 -1 215.17637634277344 171.09529113769531 -1 108.83644866943359 5.1693439483642578 -1 99.749038696289062 6.3576693534851074 -1 101.91912078857422 14.026527404785156 -1 117.01966857910156 36.589839935302734 -1 213.02745056152344 178.19476318359375 -1 57.282798767089844 157.13999938964844 -1 49.594333648681641 156.97978210449219 -1 60.603660583496094 154.61541748046875 -1 59.018115997314453 149.31199645996094 -1 175.89405822753906 131.00765991210938 -1 171.96331787109375 127.01881408691406 -1 108.83644866943359 5.1693439483642578 -1 122.77082824707031 39.790203094482422 -1 122.77082824707031 39.790203094482422 -1 169.51658630371094 39.971054077148438 -1 236.62458801269531 98.540428161621094 -1 133.45535278320312 184.56727600097656 -1 207.50848388671875 231.594482421875 -1 174.78620910644531 53.204029083251953 -1 189.54803466796875 64.382278442382812 -1 148.56851196289062 77.408905029296875 -1 166.29411315917969 88.814659118652344 -1 235.85932922363281 77.889053344726562 -1 90.114662170410156 126.54514312744141 -1 236.62458801269531 98.540428161621094 -1 246.95912170410156 84.977516174316406 -1 92.845466613769531 124.202392578125 -1 110.97666168212891 85.333671569824219 -1 110.97666168212891 85.333671569824219 -1 
71 0.99832334969313086 0.012788575331596087 -0.0086467267051160215 -0.055786879423050939 -0.27028610364967454 2.090997163689599 1.4438803820224011 1 000070.png
132.28872680664062 118.15129852294922 -1 136.69549560546875 201.15089416503906 -1 173.4393310546875 129.62712097167969 -1 200.04042053222656 74.65264892578125 -1 130.91572570800781 134.7301025390625 -1 126.54377746582031 98.003219604492188 -1 113.12530517578125 24.742282867431641 -1 152.17787170410156 155.95574951171875 -1 98.078804016113281 29.326799392700195 -1 185.54789733886719 51.286834716796875 -1 118.75752258300781 177.5477294921875 -1 221.64537048339844 200.38824462890625 -1 235.55059814453125 214.15608215332031 -1 124.88538360595703 11.075494766235352 -1 224.51225280761719 104.68399810791016 -1 201.74189758300781 60.006309509277344 -1 240.40890502929688 88.652374267578125 -1 151.68482971191406 120.67134857177734 -1 183.95353698730469 155.40995788574219 -1 240.40890502929688 88.652374267578125 -1 240.40890502929688 88.652374267578125 -1 181.48095703125 45.649284362792969 -1 231.49317932128906 77.584564208984375 -1 140.19140625 180.93626403808594 -1 134.93891906738281 33.626537322998047 -1 141.75759887695312 19.773700714111328 -1 156.52154541015625 76.923851013183594 -1 167.94692993164062 90.625694274902344 -1 164.3223876953125 102.70551300048828 -1 151.91792297363281 104.20685577392578 -1 156.52154541015625 76.923851013183594 -1 134.93891906738281 33.626537322998047 -1 243.04144287109375 202.5089111328125 -1 121.69695281982422 26.637014389038086 -1 174.28558349609375 39.847652435302734 -1 112.9637451171875 43.789077758789062 -1 169.92903137207031 63.023765563964844 -1 195.02670288085938 62.746719360351562 -1 183.41792297363281 69.932334899902344 -1 179.96907043457031 94.373039245605469 -1 175.46614074707031 95.360984802246094 -1 168.87643432617188 96.042831420898438 -1 248.31597900390625 97.740936279296875 -1 239.58602905273438 100.29450225830078 -1 161.53033447265625 119.51729583740234 -1 198.04226684570312 192.31515502929688 -1 203.4913330078125 195.83009338378906 -1 121.69695281982422 26.637014389038086 -1 169.92903137207031 63.023765563964844 -1 169.92903137207031 63.023765563964844 -1 195.02670288085938 62.746719360351562 -1 175.46614074707031 95.360984802246094 -1 248.31597900390625 97.740936279296875 -1 203.4913330078125 195.83009338378906 -1 171.83349609375 88.052726745605469 -1 109.17062377929688 34.943065643310547 -1 164.98521423339844 49.255859375 -1 234.12379455566406 77.217819213867188 -1 229.20671081542969 194.22142028808594 -1 229.3985595703125 74.437461853027344 -1 126.38111114501953 30.62598991394043 -1 151.5439453125 75.747062683105469 -1 223.93089294433594 103.23698425292969 -1 145.61892700195312 124.53586578369141 -1 100.09932708740234 117.02838134765625 -1 207.62185668945312 172.22489929199219 -1 219.82220458984375 184.03826904296875 -1 145.61892700195312 124.53586578369141 -1 222.80778503417969 187.58306884765625 -1 202.44322204589844 188.43617248535156 -1 239.10977172851562 204.18074035644531 -1 245.84085083007812 210.79972839355469 -1 166.36955261230469 88.841102600097656 -1 172.08673095703125 89.212196350097656 -1 226.7509765625 95.466964721679688 -1 116.10652923583984 102.14807891845703 -1 154.068115234375 102.71947479248047 -1 242.10116577148438 107.80653381347656 -1 151.84027099609375 116.77976226806641 -1 103.55632781982422 253.53114318847656 -1 119.72039031982422 34.804889678955078 -1 35.837203979492188 173.30711364746094 -1 54.045398712158203 158.66267395019531 -1 108.83656311035156 5.3070154190063477 -1 15.286355972290039 190.50473022460938 -1 198.025634765625 162.59065246582031 -1 115.90100860595703 45.694801330566406 -1 99.828079223632812 6.277644157409668 -1 57.460987091064453 155.65711975097656 -1 74.687713623046875 141.59443664550781 -1 180.98452758789062 89.12359619140625 -1 116.9998779296875 36.582237243652344 -1 166.36955261230469 88.841102600097656 -1 207.57754516601562 230.59065246582031 -1 115.90100860595703 45.694801330566406 -1 128.20742797851562 36.571010589599609 -1 108.83656311035156 5.3070154190063477 -1 169.54541015625 40.142314910888672 -1 189.60768127441406 64.294563293457031 -1 158.50936889648438 80.509773254394531 -1 246.96826171875 85.015533447265625 -1 207.57754516601562 230.59065246582031 -1 251.04351806640625 111.21830749511719 108 108.21047973632812 83.166419982910156 -1 184.39115905761719 72.817298889160156 -1 60.810150146484375 152.97026062011719 -1 114.10717010498047 104.90631866455078 -1 8.2654399871826172 195.79774475097656 -1 108.21047973632812 83.166419982910156 -1 
72 0.99997299704824838 0.0049974639139274231 -0.0050312239534493026 -0.0019280337920807465 -0.30647338012922887 1.9271061166149701 -0.91822345612826406 1 000069.png
132.34417724609375 118.2255859375 -1 136.71636962890625 201.21537780761719 -1 173.94505310058594 129.75141906738281 -1 200.02499389648438 74.645065307617188 -1 130.924560546875 135.16297912597656 -1 113.11400604248047 24.740947723388672 -1 226.10592651367188 121.79974365234375 -1 226.10592651367188 121.79974365234375 -1 152.11167907714844 156.3577880859375 -1 98.182907104492188 29.398731231689453 -1 185.45791625976562 51.303836822509766 -1 118.55905151367188 177.57542419433594 -1 221.79437255859375 200.77867126464844 -1 235.48359680175781 214.09135437011719 -1 125.01094055175781 11.298957824707031 -1 224.59219360351562 104.47126007080078 -1 201.8997802734375 60.122371673583984 -1 231.10505676269531 77.550621032714844 -1 151.62712097167969 120.98632049560547 -1 102.42130279541016 125.41472625732422 -1 75.587211608886719 147.64421081542969 -1 102.42130279541016 125.41472625732422 -1 156.595947265625 76.883995056152344 -1 140.38754272460938 180.6556396484375 -1 132.92448425292969 179.97027587890625 -1 156.595947265625 76.883995056152344 -1 132.92448425292969 179.97027587890625 -1 151.92753601074219 104.22583770751953 -1 241.1005859375 116.40318298339844 -1 202.517578125 196.31289672851562 -1 135.17304992675781 33.535533905029297 -1 180.97665405273438 44.756969451904297 -1 135.17304992675781 33.535533905029297 -1 167.86962890625 90.558609008789062 -1 164.34721374511719 102.79564666748047 -1 141.84538269042969 19.831586837768555 -1 202.517578125 196.31289672851562 -1 202.517578125 196.31289672851562 -1 175.30616760253906 95.256744384765625 -1 175.30616760253906 95.256744384765625 -1 169.92173767089844 63.035129547119141 -1 171.84635925292969 88.12115478515625 -1 180.02024841308594 94.332748413085938 -1 168.89860534667969 95.969085693359375 -1 248.4720458984375 97.859992980957031 -1 239.56071472167969 100.34889984130859 -1 161.55345153808594 119.5433349609375 -1 198.01448059082031 192.10350036621094 -1 250.04617309570312 215.523193359375 -1 121.70254516601562 26.582197189331055 -1 169.92173767089844 63.035129547119141 -1 169.92173767089844 63.035129547119141 -1 248.4720458984375 97.859992980957031 -1 198.01448059082031 192.10350036621094 -1 109.15525817871094 35.054187774658203 -1 121.70254516601562 26.582197189331055 -1 174.28562927246094 39.736259460449219 -1 112.96109008789062 43.677825927734375 -1 248.576416015625 82.379104614257812 -1 240.90542602539062 121.82500457763672 -1 238.388427734375 203.30203247070312 -1 119.86290740966797 34.726234436035156 -1 126.27659606933594 30.625165939331055 -1 230.26683044433594 74.958709716796875 -1 241.60205078125 107.89167022705078 -1 151.549560546875 75.747039794921875 -1 184.08543395996094 69.912246704101562 -1 99.861648559570312 5.5513448715209961 -1 110.46616363525391 70.521186828613281 -1 226.52397155761719 95.412399291992188 -1 207.28915405273438 171.91714477539062 -1 110.46616363525391 70.521186828613281 -1 126.27659606933594 30.625165939331055 -1 216.82518005371094 181.11769104003906 -1 218.84779357910156 183.2078857421875 -1 222.52629089355469 187.42898559570312 -1 202.41220092773438 188.46595764160156 -1 172.06584167480469 89.36602783203125 -1 153.96466064453125 102.88947296142578 -1 115.81616973876953 45.526569366455078 -1 195.76856994628906 61.170673370361328 -1 14.720704078674316 190.96903991699219 -1 158.51484680175781 80.424613952636719 -1 166.39012145996094 88.824615478515625 -1 17.939931869506836 188.22135925292969 -1 133.52207946777344 184.07966613769531 -1 29.481147766113281 178.55961608886719 -1 213.3040771484375 177.54173278808594 -1 48.086460113525391 163.42042541503906 -1 64.086929321289062 147.04367065429688 -1 108.91590881347656 5.1043643951416016 -1 117.10122680664062 36.529552459716797 -1 166.39012145996094 88.824615478515625 -1 64.086929321289062 147.04367065429688 -1 133.52207946777344 184.07966613769531 -1 169.48431396484375 40.134616851806641 -1 115.81616973876953 45.526569366455078 -1 166.39012145996094 88.824615478515625 -1 195.91334533691406 56.879875183105469 -1 189.66526794433594 64.204254150390625 -1 243.24678039550781 82.629562377929688 -1 114.03229522705078 105.05828094482422 -1 249.86820983886719 86.927513122558594 -1 108.91590881347656 5.1043643951416016 -1 195.66014099121094 159.86979675292969 -1 102.06993103027344 35.43084716796875 -1 
74 0.99993487863036867 0.0066282872718205063 -0.0084174642185537475 -0.0039307254344987672 2.3856019976657072 3.1738841578662695 0.66243020902691241 1 000073.png
135.54530334472656 119.74845886230469 -1 136.6126708984375 200.49955749511719 -1 199.97648620605469 75.266586303710938 -1 130.59814453125 136.67822265625 -1 225.17823791503906 124.38359069824219 -1 225.17823791503906 124.38359069824219 -1 113.16481781005859 24.82386589050293 -1 151.70860290527344 156.38232421875 -1 98.224655151367188 29.606170654296875 -1 241.08930969238281 91.972404479980469 -1 119.35945129394531 177.72883605957031 -1 220.69804382324219 202.64361572265625 -1 234.51181030273438 216.02120971679688 -1 241.08930969238281 91.972404479980469 -1 187.31651306152344 51.944004058837891 -1 78.893913269042969 150.27137756347656 -1 151.38255310058594 121.10188293457031 -1 223.88421630859375 107.31027221679688 -1 201.80355834960938 59.905620574951172 -1 132.8021240234375 179.98054504394531 -1 135.24797058105469 34.247535705566406 -1 132.8021240234375 179.98054504394531 -1 135.24797058105469 34.247535705566406 -1 201.65255737304688 198.43638610839844 -1 167.80570983886719 90.626541137695312 -1 164.32670593261719 48.113578796386719 -1 180.94679260253906 44.827499389648438 -1 174.5189208984375 40.306545257568359 -1 164.38441467285156 102.76157379150391 -1 151.82241821289062 104.06502532958984 -1 201.65255737304688 198.43638610839844 -1 201.65255737304688 198.43638610839844 -1 156.42561340332031 77.00213623046875 -1 104.49001312255859 13.65914249420166 -1 141.56256103515625 19.443700790405273 -1 104.49001312255859 13.65914249420166 -1 156.42561340332031 77.00213623046875 -1 121.57022094726562 26.495693206787109 -1 121.57022094726562 26.495693206787109 -1 160.42283630371094 121.12569427490234 -1 197.52793884277344 194.27122497558594 -1 241.56611633300781 204.1702880859375 -1 100.20403289794922 4.2296676635742188 -1 169.89576721191406 63.049736022949219 -1 169.89576721191406 63.049736022949219 -1 175.32832336425781 95.314773559570312 -1 247.230224609375 100.58851623535156 -1 197.52793884277344 194.27122497558594 -1 109.15061950683594 34.985828399658203 -1 100.20403289794922 4.2296676635742188 -1 112.94115447998047 43.801517486572266 -1 169.19868469238281 46.038181304931641 -1 103.53670501708984 50.931652069091797 -1 169.89576721191406 63.049736022949219 -1 171.83161926269531 88.214447021484375 -1 179.90460205078125 94.457527160644531 -1 175.32832336425781 95.314773559570312 -1 168.99612426757812 95.825904846191406 -1 247.230224609375 100.58851623535156 -1 247.32025146484375 215.48794555664062 -1 126.17976379394531 30.657749176025391 -1 129.74969482421875 35.882125854492188 -1 221.83413696289062 189.66806030273438 -1 201.59561157226562 190.79052734375 -1 116.00754547119141 45.416053771972656 -1 4.1634645462036133 204.87103271484375 -1 238.04447937011719 205.86251831054688 -1 151.57443237304688 75.651626586914062 -1 235.90231323242188 100.52655792236328 -1 55.348987579345703 157.83543395996094 -1 39.499355316162109 166.771728515625 -1 45.057254791259766 170.57595825195312 -1 116.00754547119141 45.416053771972656 -1 201.59561157226562 190.79052734375 -1 126.17976379394531 30.657749176025391 -1 235.90231323242188 100.52655792236328 -1 55.348987579345703 157.83543395996094 -1 217.55253601074219 184.99386596679688 -1 11.745323181152344 190.30387878417969 -1 239.19189453125 196.89772033691406 -1 7.7969498634338379 201.64698791503906 -1 166.32112121582031 88.814323425292969 -1 172.07907104492188 89.289138793945312 -1 240.38406372070312 96.939178466796875 -1 154.128662109375 102.90058898925781 -1 223.04960632324219 105.59173583984375 -1 151.79489135742188 115.92854309082031 -1 114.56026458740234 119.15857696533203 -1 114.50675964355469 122.09468841552734 -1 169.984619140625 126.83341979980469 -1 172.04641723632812 128.94990539550781 -1 33.594505310058594 179.58985900878906 -1 50.707511901855469 165.19332885742188 -1 230.54881286621094 188.40150451660156 -1 227.0872802734375 193.05027770996094 -1 195.02296447753906 197.25416564941406 -1 184.53349304199219 69.657455444335938 -1 203.94012451171875 170.88937377929688 -1 108.67312622070312 5.1095371246337891 -1 141.01934814453125 18.040552139282227 -1 117.01792144775391 36.571186065673828 -1 110.5576171875 41.019172668457031 -1 166.89675903320312 42.908313751220703 -1 65.205711364746094 153.010498046875 -1 59.953136444091797 150.582763671875 -1 191.38723754882812 149.525390625 -1 65.588615417480469 146.09999084472656 -1 75.609550476074219 144.45976257324219 -1 67.869819641113281 143.89859008789062 -1 75.014205932617188 141.45391845703125 -1 79.491851806640625 137.63858032226562 -1 108.67312622070312 5.1095371246337891 -1 240.62338256835938 83.997055053710938 -1 251.55059814453125 88.21112060546875 -1 174.95066833496094 53.536235809326172 -1 154.128662109375 102.90058898925781 -1 247.50588989257812 105.90388488769531 -1 151.79489135742188 115.92854309082031 -1 79.491851806640625 137.63858032226562 -1 75.014205932617188 141.45391845703125 -1 196.25450134277344 56.724246978759766 -1 195.02296447753906 197.25416564941406 -1 172.36897277832031 60.320709228515625 -1 166.32112121582031 88.814323425292969 -1 158.50401306152344 80.570831298828125 -1 230.68807983398438 82.614723205566406 -1 237.16036987304688 82.281631469726562 -1 89.284225463867188 132.60845947265625 -1 197.44842529296875 164.82382202148438 -1 240.62338256835938 83.997055053710938 -1 246.85670471191406 84.952239990234375 -1 251.55059814453125 88.21112060546875 -1 247.50588989257812 105.90388488769531 -1 248.25335693359375 95.625869750976562 -1 
79 0.99996427014561262 -0.0048614605127070372 -0.0061813208881846982 -0.0031009524203361562 0.59807643939952826 -5.7442856305860452 1.2951864698494751 1 000080.png
75.456626892089844 51.586261749267578 -1 170.89886474609375 142.12796020507812 -1 137.42176818847656 201.94798278808594 -1 198.40567016601562 73.484138488769531 -1 234.23184204101562 111.85915374755859 -1 234.23184204101562 111.85915374755859 -1 234.23184204101562 111.85915374755859 -1 113.02143859863281 24.840875625610352 -1 147.68000793457031 172.75677490234375 -1 147.68000793457031 172.75677490234375 -1 97.957504272460938 30.073160171508789 -1 13.306916236877441 14.356322288513184 -1 128.24520874023438 16.025241851806641 -1 13.306916236877441 14.356322288513184 -1 209.08213806152344 213.02487182617188 -1 220.79188537597656 224.48086547851562 -1 242.73777770996094 246.39007568359375 -1 110.84685516357422 93.282371520996094 -1 125.23676300048828 11.730670928955078 -1 172.2379150390625 51.70989990234375 -1 241.17350769042969 127.27219390869141 -1 189.0938720703125 52.339950561523438 -1 151.47415161132812 121.98903656005859 -1 112.61376190185547 157.25563049316406 -1 201.01811218261719 59.027046203613281 -1 156.68101501464844 77.161186218261719 -1 158.61053466796875 124.52066040039062 -1 140.22499084472656 182.07199096679688 -1 156.68101501464844 77.161186218261719 -1 156.68101501464844 77.161186218261719 -1 167.62127685546875 90.958786010742188 -1 135.0994873046875 33.502815246582031 -1 174.6339111328125 95.158355712890625 -1 164.42596435546875 102.88914489746094 -1 151.88833618164062 103.84186553955078 -1 247.14637756347656 105.70411682128906 -1 167.64968872070312 54.746437072753906 -1 174.6339111328125 95.158355712890625 -1 167.64968872070312 54.746437072753906 -1 164.32086181640625 48.030403137207031 -1 135.0994873046875 33.502815246582031 -1 104.38531494140625 13.589856147766113 -1 104.38531494140625 13.589856147766113 -1 141.44877624511719 19.500621795654297 -1 166.39346313476562 35.836009979248047 -1 164.32086181640625 48.030403137207031 -1 118.31155395507812 163.409912109375 -1 118.31155395507812 163.409912109375 -1 121.7845458984375 6.9583368301391602 -1 121.7845458984375 6.9583368301391602 -1 180.72572326660156 44.530292510986328 -1 169.90480041503906 63.105018615722656 -1 169.90480041503906 63.105018615722656 -1 189.40699768066406 206.6400146484375 -1 109.0955810546875 34.946174621582031 -1 121.65053558349609 26.239719390869141 -1 112.89890289306641 43.896553039550781 -1 103.41446685791016 51.002326965332031 -1 169.90480041503906 63.105018615722656 -1 171.78480529785156 88.143959045410156 -1 179.92912292480469 94.508552551269531 -1 250.07374572753906 101.02285766601562 -1 189.40699768066406 206.6400146484375 -1 193.76632690429688 210.76571655273438 -1 121.65053558349609 26.239719390869141 -1 177.70915222167969 54.157020568847656 -1 252.61860656738281 90.242744445800781 -1 151.57272338867188 75.677879333496094 -1 141.44488525390625 151.03550720214844 -1 248.99177551269531 238.46626281738281 -1 162.8990478515625 145.95822143554688 -1 162.8990478515625 145.95822143554688 -1 171.95401000976562 156.08132934570312 -1 126.23935699462891 30.636468887329102 -1 241.23880004882812 83.218551635742188 -1 171.95401000976562 156.08132934570312 -1 115.93247222900391 45.648586273193359 -1 126.23935699462891 30.636468887329102 -1 115.93247222900391 45.648586273193359 -1 169.21023559570312 95.720199584960938 -1 116.86325073242188 36.658290863037109 -1 179.9107666015625 42.981761932373047 -1 195.83883666992188 57.163185119628906 -1 189.28630065917969 64.944412231445312 -1 111.04141235351562 85.761123657226562 -1 249.48674011230469 88.110099792480469 -1 166.11538696289062 89.221549987792969 -1 172.12632751464844 89.512992858886719 -1 178.28219604492188 89.494529724121094 -1 249.63021850585938 91.332267761230469 -1 225.12265014648438 92.178176879882812 -1 242.14639282226562 235.36834716796875 -1 4.592890739440918 246.365478515625 -1 226.50697326660156 214.52206420898438 -1 196.07270812988281 203.34646606445312 -1 224.61155700683594 216.42625427246094 -1 210.87164306640625 201.63412475585938 -1 232.45364379882812 221.03109741210938 -1 234.79505920410156 223.39739990234375 -1 237.81155395507812 226.53196716308594 -1 16.731744766235352 227.02713012695312 -1 235.75936889648438 228.19490051269531 -1 14.449851036071777 229.1600341796875 -1 214.32794189453125 201.50215148925781 -1 200.96266174316406 187.56903076171875 -1 133.48530578613281 184.54852294921875 -1 196.19342041015625 182.60072326660156 -1 190.19938659667969 176.57492065429688 -1 186.83761596679688 172.64439392089844 -1 178.94891357421875 163.86296081542969 -1 141.41244506835938 133.10614013671875 -1 114.47640991210938 131.066162109375 -1 151.62348937988281 116.04416656494141 -1 108.84317016601562 5.231226921081543 -1 111.04141235351562 85.761123657226562 -1 251.231689453125 244.95460510253906 -1 166.11538696289062 89.221549987792969 -1 178.28219604492188 89.494529724121094 -1 225.12265014648438 92.178176879882812 -1 133.48530578613281 184.54852294921875 -1 14.742156982421875 232.42471313476562 -1 108.84317016601562 5.231226921081543 -1 140.93998718261719 17.938240051269531 -1 119.62039947509766 34.841987609863281 -1 245.4625244140625 231.430419921875 -1 14.742156982421875 232.42471313476562 -1 166.11538696289062 89.221549987792969 -1 5.9694790840148926 241.34205627441406 -1 227.55799865722656 219.49209594726562 -1 219.45619201660156 206.8751220703125 -1 5.9694790840148926 241.34205627441406 -1 240.01423645019531 228.88885498046875 -1 181.06893920898438 89.093658447265625 -1 23.249643325805664 226.99794006347656 -1 181.06893920898438 89.093658447265625 -1 
82 0.99998437950236418 -0.0029862575637356558 -0.0043180770944439744 -0.0019176097729301975 -0.9119556991475265 -4.2568409311629676 -0.79635532244283869 1 000078.png
130.71208190917969 114.58932495117188 -1 137.33990478515625 201.47576904296875 -1 170.80970764160156 139.094970703125 -1 197.83985900878906 73.472282409667969 -1 236.63789367675781 105.6025390625 -1 160.81851196289062 137.76692199707031 -1 236.63789367675781 105.6025390625 -1 160.81851196289062 137.76692199707031 -1 113.07060241699219 24.817239761352539 -1 157.929931640625 36.972480773925781 -1 195.15351867675781 203.46554565429688 -1 195.15351867675781 203.46554565429688 -1 98.04364013671875 30.055418014526367 -1 202.912841796875 63.433040618896484 -1 222.37693786621094 76.346847534179688 -1 188.24775695800781 52.256313323974609 -1 206.53701782226562 101.07880401611328 -1 170.13334655761719 103.51898956298828 -1 120.59439849853516 176.84326171875 -1 212.13322448730469 210.90303039550781 -1 224.0672607421875 222.69157409667969 -1 245.28446960449219 243.38984680175781 -1 120.59439849853516 176.84326171875 -1 120.59439849853516 176.84326171875 -1 124.91374969482422 11.383699417114258 -1 172.42819213867188 51.725276947021484 -1 151.48568725585938 122.61371612548828 -1 249.10031127929688 91.660072326660156 -1 8.1006221771240234 239.96905517578125 -1 134.96873474121094 33.686000823974609 -1 134.96873474121094 33.686000823974609 -1 156.71452331542969 76.993507385253906 -1 245.60719299316406 121.72639465332031 -1 156.71452331542969 76.993507385253906 -1 156.71452331542969 76.993507385253906 -1 166.31710815429688 35.791278839111328 -1 174.77067565917969 95.249198913574219 -1 196.293212890625 208.60383605957031 -1 104.28575897216797 13.758904457092285 -1 158.132568359375 123.61618041992188 -1 138.8948974609375 183.12167358398438 -1 151.85417175292969 103.86922454833984 -1 164.22914123535156 103.03746795654297 -1 104.28575897216797 13.758904457092285 -1 174.77067565917969 95.249198913574219 -1 167.68318176269531 90.923820495605469 -1 200.72512817382812 57.613086700439453 -1 164.58180236816406 48.323020935058594 -1 121.60169982910156 26.633783340454102 -1 121.60169982910156 26.633783340454102 -1 169.88697814941406 63.088512420654297 -1 191.40879821777344 204.25440979003906 -1 140.03121948242188 139.43569946289062 -1 141.64654541015625 19.159931182861328 -1 180.76458740234375 44.417984008789062 -1 169.04780578613281 46.716983795166016 -1 169.88697814941406 63.088512420654297 -1 171.71566772460938 88.034126281738281 -1 179.89340209960938 94.496589660644531 -1 61.683372497558594 184.37374877929688 -1 191.40879821777344 204.25440979003906 -1 169.88697814941406 63.088512420654297 -1 119.62040710449219 34.832653045654297 -1 169.30349731445312 95.61492919921875 -1 183.44987487792969 163.59281921386719 -1 201.02259826660156 181.98141479492188 -1 195.4744873046875 201.05506896972656 -1 141.11796569824219 133.71864318847656 -1 110.38465881347656 70.299331665039062 -1 115.94477844238281 45.643623352050781 -1 191.86659240722656 172.98686218261719 -1 177.99520874023438 53.548915863037109 -1 230.24235534667969 212.74847412109375 -1 110.38465881347656 70.299331665039062 -1 151.62739562988281 75.615226745605469 -1 247.92713928222656 113.15672302246094 -1 246.35235595703125 229.88792419433594 -1 250.00582885742188 233.56282043457031 -1 126.22760772705078 30.639999389648438 -1 183.44987487792969 163.59281921386719 -1 195.4744873046875 201.05506896972656 -1 126.22760772705078 30.639999389648438 -1 115.94477844238281 45.643623352050781 -1 110.55023956298828 41.012584686279297 -1 176.82609558105469 40.877696990966797 -1 195.71388244628906 57.528575897216797 -1 189.40666198730469 64.624610900878906 -1 244.27659606933594 84.428680419921875 -1 110.90704345703125 85.207229614257812 -1 180.61260986328125 160.25579833984375 -1 166.12217712402344 89.074806213378906 -1 181.02047729492188 89.134658813476562 -1 172.09832763671875 89.427406311035156 -1 177.9468994140625 89.947158813476562 -1 254.21205139160156 94.179397583007812 -1 153.994873046875 102.81749725341797 -1 247.85931396484375 116.99925994873047 -1 114.38796234130859 126.47341918945312 -1 171.90025329589844 65.705062866210938 -1 144.33279418945312 129.02503967285156 -1 228.55667114257812 215.15669250488281 -1 232.09196472167969 218.91380310058594 -1 29.870859146118164 210.01376342773438 -1 23.61039924621582 219.87713623046875 -1 12.218276977539062 223.64299011230469 -1 34.196414947509766 205.90110778808594 -1 222.65567016601562 204.54000854492188 -1 9.0129852294921875 227.06513977050781 -1 241.29867553710938 228.75250244140625 -1 3.1878752708435059 236.37347412109375 -1 251.24447631835938 239.08827209472656 -1 143.20339965820312 252.86328125 -1 35.968326568603516 204.13063049316406 -1 41.201946258544922 202.20060729980469 -1 220.5592041015625 202.1614990234375 -1 213.53096008300781 199.22811889648438 -1 41.613849639892578 198.49856567382812 -1 203.88906860351562 184.96559143066406 -1 51.881000518798828 185.24501037597656 -1 133.47494506835938 184.61636352539062 -1 125.80603790283203 37.896007537841797 -1 110.90704345703125 85.207229614257812 -1 166.12217712402344 89.074806213378906 -1 166.12217712402344 89.074806213378906 -1 181.02047729492188 89.134658813476562 -1 177.9468994140625 89.947158813476562 -1 254.21205139160156 94.179397583007812 -1 153.994873046875 102.81749725341797 -1 138.41156005859375 152.25868225097656 -1 133.47494506835938 184.61636352539062 -1 41.613849639892578 198.49856567382812 -1 35.968326568603516 204.13063049316406 -1 34.196414947509766 205.90110778808594 -1 29.870859146118164 210.01376342773438 -1 116.80107116699219 36.682826995849609 -1 125.80603790283203 37.896007537841797 -1 173.05119323730469 38.469707489013672 -1 169.41438293457031 40.143348693847656 -1 63.209419250488281 177.53265380859375 -1 50.554187774658203 189.68756103515625 -1 24.639753341674805 215.24752807617188 -1 24.639753341674805 215.24752807617188 -1 71.774085998535156 168.95498657226562 -1 228.75297546386719 85.817802429199219 -1 54.968482971191406 185.28115844726562 -1 50.554187774658203 189.68756103515625 -1 63.209419250488281 177.53265380859375 -1 228.75297546386719 85.817802429199219 -1 54.968482971191406 185.28115844726562 -1 71.774085998535156 168.95498657226562 -1 
84 0.99996572383228077 -0.0050051705151475554 -0.0056370431087160305 -0.0034239120443757508 0.17501308149526396 -5.8455867011834783 0.66329597470026258 1 000082.png
74.215835571289062 48.85137939453125 -1 171.84347534179688 142.25004577636719 -1 137.65681457519531 202.18252563476562 -1 198.41207885742188 73.605674743652344 -1 112.99417877197266 24.816713333129883 -1 17.175741195678711 27.118303298950195 -1 97.774307250976562 30.165817260742188 -1 233.07386779785156 94.485145568847656 -1 206.52235412597656 214.62905883789062 -1 217.67115783691406 225.86953735351562 -1 239.78199768066406 246.70513916015625 -1 120.28157043457031 161.96229553222656 -1 151.52528381347656 121.92633819580078 -1 251.28480529785156 92.392074584960938 -1 172.10995483398438 51.640663146972656 -1 123.96167755126953 10.104109764099121 -1 141.0052490234375 181.71272277832031 -1 158.83609008789062 124.80222320556641 -1 189.30718994140625 52.574501037597656 -1 239.78199768066406 246.70513916015625 -1 251.28480529785156 92.392074584960938 -1 156.73092651367188 77.155227661132812 -1 249.72789001464844 102.89339447021484 -1 239.72386169433594 104.68656921386719 -1 236.61419677734375 131.82841491699219 -1 123.02375030517578 8.8023910522460938 -1 118.87904357910156 162.17893981933594 -1 118.87904357910156 162.17893981933594 -1 156.73092651367188 77.155227661132812 -1 123.02375030517578 8.8023910522460938 -1 239.72386169433594 104.68656921386719 -1 249.72789001464844 102.89339447021484 -1 156.73092651367188 77.155227661132812 -1 104.27584838867188 13.697696685791016 -1 164.40682983398438 102.88560485839844 -1 167.56977844238281 90.919937133789062 -1 233.70533752441406 79.76318359375 -1 167.91734313964844 54.565731048583984 -1 135.02870178222656 33.680393218994141 -1 151.84147644042969 103.85860443115234 -1 167.91734313964844 54.565731048583984 -1 166.54226684570312 35.883773803710938 -1 135.02870178222656 33.680393218994141 -1 174.63081359863281 95.221237182617188 -1 174.63081359863281 95.221237182617188 -1 164.70022583007812 48.605831146240234 -1 164.70022583007812 48.605831146240234 -1 121.67333221435547 26.287746429443359 -1 112.94873809814453 43.748874664306641 -1 180.6907958984375 44.484806060791016 -1 169.33522033691406 46.337203979492188 -1 178.34674072265625 53.278358459472656 -1 200.6552734375 57.238044738769531 -1 169.90925598144531 63.100395202636719 -1 249.22476196289062 88.563545227050781 -1 179.95069885253906 94.424972534179688 -1 251.27371215820312 123.23118591308594 -1 118.40590667724609 170.46302795410156 -1 187.43698120117188 208.55320739746094 -1 101.64203643798828 8.4315032958984375 -1 121.67333221435547 26.287746429443359 -1 178.34674072265625 53.278358459472656 -1 169.90925598144531 63.100395202636719 -1 169.90925598144531 63.100395202636719 -1 249.22476196289062 88.563545227050781 -1 251.27371215820312 123.23118591308594 -1 187.43698120117188 208.55320739746094 -1 101.64203643798828 8.4315032958984375 -1 138.49325561523438 151.95925903320312 -1 244.92636108398438 106.19132232666016 -1 164.92877197265625 153.04342651367188 -1 119.55667114257812 34.876735687255859 -1 151.63359069824219 75.593093872070312 -1 142.15130615234375 124.71388244628906 -1 7.2281732559204102 21.312856674194336 -1 195.73516845703125 57.213489532470703 -1 143.57878112792969 138.5703125 -1 6.1265015602111816 25.183694839477539 -1 126.17720794677734 30.633203506469727 -1 164.92877197265625 153.04342651367188 -1 126.17720794677734 30.633203506469727 -1 140.05421447753906 139.94013977050781 -1 42.459991455078125 214.48257446289062 -1 244.65170288085938 239.04656982421875 -1 189.44291687011719 64.439170837402344 -1 168.06855773925781 69.368583679199219 -1 232.06459045410156 76.959129333496094 -1 241.74838256835938 83.068893432617188 -1 245.56599426269531 85.543899536132812 -1 166.12423706054688 89.133857727050781 -1 181.06025695800781 89.100448608398438 -1 172.13449096679688 89.540054321289062 -1 169.11288452148438 95.594429016113281 -1 244.98466491699219 97.322715759277344 -1 11.413885116577148 242.59684753417969 -1 8.1744327545166016 245.94869995117188 -1 207.89299011230469 203.40763854980469 -1 115.85062408447266 45.446144104003906 -1 158.63468933105469 80.568519592285156 -1 207.00587463378906 198.60054016113281 -1 199.13410949707031 190.55718994140625 -1 195.58247375488281 190.61851501464844 -1 133.52342224121094 184.50910949707031 -1 179.59085083007812 169.52485656738281 -1 137.10098266601562 161.26478576660156 -1 137.67034912109375 157.34510803222656 -1 160.50688171386719 148.07752990722656 -1 114.71955108642578 134.92625427246094 -1 151.38504028320312 116.03766632080078 -1 108.80471038818359 4.8954386711120605 -1 166.12423706054688 89.133857727050781 -1 166.12423706054688 89.133857727050781 -1 177.83355712890625 90.106552124023438 -1 151.38504028320312 116.03766632080078 -1 133.52342224121094 184.50910949707031 -1 11.413885116577148 242.59684753417969 -1 8.1744327545166016 245.94869995117188 -1 108.80471038818359 4.8954386711120605 -1 115.85062408447266 45.446144104003906 -1 177.83355712890625 90.106552124023438 -1 116.86559295654297 36.625011444091797 -1 243.47451782226562 111.30867767333984 -1 211.6168212890625 203.48280334472656 -1 169.4222412109375 40.215339660644531 -1 174.97370910644531 53.240970611572266 -1 223.38735961914062 216.32626342773438 -1 241.47908020019531 235.68525695800781 -1 160.50688171386719 148.07752990722656 -1 16.178287506103516 14.005821228027344 -1 15.91438102722168 237.84487915039062 -1 15.91438102722168 237.84487915039062 -1 47.260044097900391 2.181380033493042 -1 
