# Frame list with one line of data per frame:
#   FRAME_ID, RIG_ID, RIG_FROM_WORLD[QW, QX, QY, QZ, TX, TY, TZ], NUM_DATA_IDS, DATA_IDS[] as (SENSOR_TYPE, SENSOR_ID, DATA_ID)
# Number of frames: 85
7 1 0.99241732717398679 0.089874166306379247 -0.081748788195926861 -0.018644532283513138 4.7350871413595801 2.6334065066759247 7.6850914893069273 1 CAMERA 1 7
9 1 0.99146289653990816 0.097553298244642164 -0.084565428875178608 -0.018258341256657384 4.9443925255694037 2.8625585929528863 7.83132192328726 1 CAMERA 1 9
14 1 0.9931542183818971 0.085263878746675084 -0.07816674650510981 -0.01627050190133766 4.4532381005453088 2.4133680684949002 7.0642782470798249 1 CAMERA 1 14
15 1 0.99306979669843398 0.085476745265553961 -0.079080431010793137 -0.015886797515104276 4.5203520574309053 2.4411530757732045 7.1988098866114667 1 CAMERA 1 15
16 1 0.9924916994831593 0.088503484920812003 -0.082463545856671455 -0.018086548002493232 4.7531530131565738 2.5920574495360111 7.6204417598966776 1 CAMERA 1 16
17 1 0.99339528187844628 0.084281285276184212 -0.076057440864538334 -0.016665670792798806 4.3345234820959808 2.3597419342636972 6.8855738571454284 1 CAMERA 1 17
18 1 0.99348775198893102 0.08416265430735223 -0.074453621888795118 -0.018851855493872131 4.237015198922883 2.2744776207143351 6.6486548728307406 1 CAMERA 1 18
19 1 0.99345822347005097 0.084246289610091188 -0.074983487273395905 -0.017910821951638959 4.2706308326641169 2.3160391954450583 6.7800585077055437 1 CAMERA 1 19
20 1 0.99295771673604238 0.086227624026208621 -0.079586969983944614 -0.016299810977891939 4.5566131792094682 2.4921758392397209 7.3459241087566216 1 CAMERA 1 20
21 1 0.99361119342806381 0.084404042640729357 -0.072151130992107515 -0.020173452280670683 4.1863543293934562 2.2356406965995506 6.3881934985886186 1 CAMERA 1 21
22 1 0.99382351577089478 0.082926729652677972 -0.071213312429503642 -0.019147875670886202 4.1240027211807915 2.1657824528190526 6.2391538935452768 1 CAMERA 1 22
23 1 0.9948636292146984 0.076403297345044724 -0.065089537642235282 -0.013124309889812153 3.7481666231592512 1.8831403292486886 5.5898397276964271 1 CAMERA 1 23
24 1 0.99438469976126487 0.079363226129593401 -0.068014947795258712 -0.016568466899822457 3.8868529095829119 2.020379676560303 5.9779205605250718 1 CAMERA 1 24
25 1 0.99683052443051645 0.060019880665628841 -0.052081125035254798 -0.0037517867113395732 3.0094582305781494 1.2185287847523854 4.5296762788119125 1 CAMERA 1 25
26 1 0.99552934129023019 0.071084540656426318 -0.061538201210992551 -0.0090204490808697274 3.484240773573001 1.6782425671618018 5.2854810027747838 1 CAMERA 1 26
27 1 0.99616379494138796 0.06526892340705133 -0.057853127420083902 -0.0071187732772132117 3.2826588126375054 1.4268555096422773 4.9706597700262591 1 CAMERA 1 27
28 1 0.99724653019297449 0.057387472232109119 -0.04692537862583198 -0.0020111911157149449 2.7339969025582063 1.1035925611963349 4.2346181824793971 1 CAMERA 1 28
29 1 0.99756609493025483 0.054070671911145909 -0.044009599875068008 0.0011848221450538091 2.6227433388013068 0.92699017271243178 3.9336262093689451 1 CAMERA 1 29
30 1 0.99810199126798804 0.047022659399752469 -0.039660034303383419 0.0028924399573184573 2.4190033755809299 0.57714167604035493 3.6417289354083429 1 CAMERA 1 30
31 1 0.99890231931929763 0.046588530553290312 -0.0031103618443044166 0.0037404449749634701 0.65740454458463338 0.38684366967239131 1.6097334388810258 1 CAMERA 1 31
32 1 0.99839437107924944 0.052071848939857251 -0.022263359760220574 0.0012430436202489515 1.5812289447040402 0.72173347134998156 2.7294331060040542 1 CAMERA 1 32
33 1 0.99828861666067814 0.04624953060074171 -0.035339568892240221 0.0056509853504743187 2.1848745635567934 0.56927415512218338 3.374906304905124 1 CAMERA 1 33
34 1 0.9989217701062717 0.042485479079514159 0.01674361131836824 0.0083625806517217682 -0.12941475563169591 0.086350941080773944 0.35132084915566486 1 CAMERA 1 34
35 1 0.9990420623955989 0.042771850925626909 0.0059915879434797748 0.007044658022902571 0.33090104507625212 0.18341549631167839 0.91874398650434475 1 CAMERA 1 35
36 1 0.99885165427247757 0.033386388569896057 0.032494305840242883 0.011173267353637635 -0.77173727180846541 -0.33477109311809028 -0.35849444988253804 1 CAMERA 1 36
37 1 0.99850825196157544 0.052952643451123528 -0.013313863545677644 0.00017132911105624906 1.1917527188034529 0.67812618340210473 2.179496915706534 1 CAMERA 1 37
38 1 0.99872773118972535 0.027542542693852042 0.040230353877981573 0.012878117930562188 -1.0736267326001927 -0.57927264880212637 -0.65021499001131955 1 CAMERA 1 38
39 1 0.99905178308795484 0.032878995254548134 0.025711172541435751 0.012387170232700237 -0.58798404914878732 -0.33235713193246397 -0.0029135428167146346 1 CAMERA 1 39
40 1 0.99874719610083862 0.027386135540779684 0.039973183097848933 0.012497299463526155 -1.0717822830832124 -0.57798349999672827 -0.63165901081249576 1 CAMERA 1 40
41 1 0.99875124545098959 0.027755115336110844 0.03988757793968277 0.011601052059279882 -1.0681092115485491 -0.56379743001402172 -0.71740343574806631 1 CAMERA 1 41
42 1 0.99877584801208463 0.027608773273680855 0.039981376994811461 0.0092763440892717156 -1.0698605655325839 -0.55340607941512265 -0.74327558984382625 1 CAMERA 1 42
43 1 0.99877748103892261 0.028358123665865379 0.03994757731428035 0.0065993377255424606 -1.0751650906925585 -0.54235358871491346 -0.78587980599825724 1 CAMERA 1 43
44 1 0.99881222710293183 0.029076176132885368 0.038843215100550152 0.0044626910965638701 -1.0768287827304053 -0.53600689191396422 -0.80491776155311634 1 CAMERA 1 44
45 1 0.99880678373871734 0.028862564187172625 0.039359648625385137 0.001667095122285392 -1.0864651840633626 -0.5294816364439171 -0.84177901878689942 1 CAMERA 1 45
46 1 0.99869063264426738 0.027446813511234777 0.041483837482187529 0.011949222753966442 -1.0741679232225698 -0.57408195893949154 -0.65034130366244036 1 CAMERA 1 46
47 1 0.9987785520983552 0.029680702365422144 0.039470819200947284 0.0015856251179586127 -1.0940148387513606 -0.52727160548003471 -0.89016343100312445 1 CAMERA 1 47
48 1 0.99883516638443237 0.030023475432196679 0.037740147116669599 0.0016070508292879929 -1.0897744772575315 -0.52530043619750455 -0.92220699694469366 1 CAMERA 1 48
49 1 0.99885754427144369 0.02981096661271353 0.036889982916642451 0.0058345250060741439 -1.0874127631110899 -0.52766366221151939 -0.98066242310712337 1 CAMERA 1 49
50 1 0.99883731743085047 0.03009308608265146 0.037535753197149947 0.0030800502410336275 -1.0900108967947169 -0.52718622185120723 -0.95433990355580434 1 CAMERA 1 50
51 1 0.9989011801657075 0.030921272862791317 0.034255912799515044 0.0081755480778815514 -1.0871981532184443 -0.52630614853031399 -1.0573570993496171 1 CAMERA 1 51
52 1 0.99888542203287822 0.030597842246717476 0.035194669497826216 0.0072815478425114185 -1.0877545794629526 -0.52548705568030507 -1.0295182483950722 1 CAMERA 1 52
53 1 0.99888486301049306 0.029761847296583013 0.036126957346458891 0.0061729933493139206 -1.0892866018275853 -0.52711044574436028 -1.0043556236922435 1 CAMERA 1 53
54 1 0.99883892651906481 0.032194813772749332 0.034720611955752011 0.0088753558688271506 -1.088939321363886 -0.52714044697285067 -1.1279745999023876 1 CAMERA 1 54
55 1 0.9988518417612321 0.030981669509498173 0.035513608658193384 0.0085975557382152491 -1.0931165878726929 -0.52874156160889241 -1.0864593476968059 1 CAMERA 1 55
56 1 0.99877245810104831 0.032003613258568417 0.035828666214848065 0.012068651724642249 -1.0755580069239041 -0.54025547845178168 -1.1885210529453056 1 CAMERA 1 56
57 1 0.99877767910888937 0.031577529228731846 0.036024518234519957 0.012175444453480844 -1.0822694571821623 -0.54152828755578697 -1.1621019077978292 1 CAMERA 1 57
58 1 0.99872266869418602 0.032604751106067163 0.036604552223366019 0.012250224414326421 -1.0725454645278731 -0.53793312890709499 -1.1951853240982711 1 CAMERA 1 58
59 1 0.99879914189270347 0.031342243559054836 0.035532575759722504 0.01246491006641816 -1.08472370572234 -0.53985839184206752 -1.1525659140061493 1 CAMERA 1 59
60 1 0.99866554273130081 0.032935948485833748 0.037743577554567809 0.012561027502453801 -1.0694767699537027 -0.5355634956163472 -1.2021438732655298 1 CAMERA 1 60
61 1 0.998601550967948 0.033468504846850045 0.038612502510127586 0.013560097257413731 -1.0615710023653357 -0.53328924753064777 -1.2229858054670428 1 CAMERA 1 61
62 1 0.99860464472454935 0.033573443288341838 0.038464985033967648 0.013491937098054607 -1.0534583911806534 -0.53240867684096216 -1.2294179903517164 1 CAMERA 1 62
63 1 0.9986591310904831 0.033190169509520556 0.037614400199829055 0.012787080790294952 -1.0631142065446986 -0.53295090471949225 -1.2149866697929543 1 CAMERA 1 63
64 1 0.99850249231131849 0.034293323567750958 0.040343375125938018 0.013753286523994547 -1.0485846905564051 -0.52843926994590507 -1.245146935917496 1 CAMERA 1 64
65 1 0.99854675861483022 0.033931430231648053 0.039448009670400887 0.014031515787499796 -1.0509590424402024 -0.53110736628963873 -1.2377023051353249 1 CAMERA 1 65
66 1 0.99849852350611334 0.034806382057494305 0.04072546921349831 0.011430244158357885 -1.0463705421486953 -0.51855963097341529 -1.2638098396116795 1 CAMERA 1 66
67 1 0.9982840544023952 0.034375763671859953 0.045914669160113428 0.011793928684259913 -1.0583315313749324 -0.51717671353368833 -1.2783162260949217 1 CAMERA 1 67
68 1 0.99829148814082469 0.034667401877468348 0.04584473046244765 0.01051364073331963 -1.0587220428269695 -0.51103587428399222 -1.2816654951040083 1 CAMERA 1 68
69 1 0.99830256552603025 0.034961850734860633 0.04486042203039485 0.012537910216396837 -1.0571554633514122 -0.51972856897167818 -1.268469644923621 1 CAMERA 1 69
70 1 0.9983016813788812 0.033115806243277431 0.046079319806128935 0.01318304286426575 -1.0568096363676351 -0.51856071335587628 -1.2934684541150716 1 CAMERA 1 70
71 1 0.99830841445331253 0.033828908641646102 0.045715752040930827 0.01208240816892414 -1.0565291660326652 -0.51273160368525572 -1.3039808142306952 1 CAMERA 1 71
72 1 0.99831246921944483 0.033673398649979487 0.045790838277989909 0.011896014212056322 -1.0565871864894847 -0.51491641667894927 -1.2881195169402364 1 CAMERA 1 72
73 1 0.99827661535563617 0.034489088136369125 0.045794590467773941 0.01253624814312768 -1.0598549831585593 -0.51948093249833915 -1.2721023803294624 1 CAMERA 1 73
74 1 0.99830366404476834 0.033301496425496756 0.045747746505881801 0.013709426692854843 -1.0534874470948079 -0.51759140848584051 -1.3067762448144815 1 CAMERA 1 74
75 1 0.99832036492882748 0.033266958217240551 0.045192670367084187 0.014400729302272645 -1.0518472753395622 -0.51898990309701643 -1.3113207679725682 1 CAMERA 1 75
76 1 0.99827006044442834 0.033581966341503323 0.04601499170440216 0.01455192411192888 -1.0580553594888382 -0.51821753375088797 -1.3077688256584517 1 CAMERA 1 76
77 1 0.9981942028594406 0.033964701728272269 0.04736099795640724 0.014548824244199971 -1.0686078692593224 -0.51801172850428401 -1.3156283887562086 1 CAMERA 1 77
78 1 0.99825987280874762 0.033790868342601123 0.046340475052400791 0.013709993743030162 -1.0664819529173672 -0.51653830804909595 -1.3183269665864608 1 CAMERA 1 78
79 1 0.99820202811352332 0.03398374090913607 0.047291843535146649 0.014187951188134377 -1.0687745514996769 -0.51717967000201603 -1.3164561973406477 1 CAMERA 1 79
80 1 0.99824777608298609 0.033897872469852514 0.04643306700367892 0.014010070521669948 -1.0664930678911253 -0.51696553092900233 -1.318543471049509 1 CAMERA 1 80
81 1 0.99821309223984656 0.034091561997843925 0.046808302642406381 0.014743496371203649 -1.0666851131666288 -0.51795401106879291 -1.3153303216929715 1 CAMERA 1 81
82 1 0.9982082465607941 0.034089395721954519 0.046970098558860071 0.014560887291233213 -1.0673227664096459 -0.51797572932656732 -1.3152192968850442 1 CAMERA 1 82
83 1 0.99822957132465062 0.033748028959908444 0.046652881813357791 0.014909798551095902 -1.0657871376278201 -0.51967430101700696 -1.3156663433061502 1 CAMERA 1 83
84 1 0.9982096107130688 0.034009965793617487 0.047035179462073702 0.014442548242995373 -1.0677995586713835 -0.51785938273881649 -1.3148103637136019 1 CAMERA 1 84
85 1 0.99824449847876606 0.032840042856546674 0.047378792974403623 0.013590541503031295 -1.0696502192312292 -0.52013588219443663 -1.3134965753254522 1 CAMERA 1 85
86 1 0.99825710059006645 0.033296147824298593 0.046785158374567787 0.01361163536990166 -1.0675030454481387 -0.51857153676893875 -1.3141062289550869 1 CAMERA 1 86
87 1 0.99825869524596778 0.031760960037741801 0.047481549393500404 0.01470786355972754 -1.0685005302246198 -0.52629353000746526 -1.3120152577957396 1 CAMERA 1 87
88 1 0.99848311076962826 0.025392995095461918 0.044895281655648572 0.019263618376311194 -1.0533738527495455 -0.5567543446916059 -1.3085914538988141 1 CAMERA 1 88
89 1 0.99840902791168973 0.025753471113372822 0.046413450507581923 0.019025333690314353 -1.0586682372022838 -0.55533687237476037 -1.3074234215237839 1 CAMERA 1 89
90 1 0.99829585855951797 0.030775648095382132 0.047254647190693805 0.015007884131587717 -1.0673405060646755 -0.53029946521946325 -1.3109820053852463 1 CAMERA 1 90
91 1 0.99840002330565636 0.027480145415824376 0.046302125647440184 0.017272759817668407 -1.0605619036123335 -0.54580933493791273 -1.307102039242741 1 CAMERA 1 91
92 1 0.99840671914022072 0.029555345748825155 0.045836032747280722 0.01447628458266746 -1.0629125268674344 -0.53266438773600755 -1.3121521984678386 1 CAMERA 1 92
93 1 0.99835152395501192 0.030267944573985805 0.046714179687320341 0.013995412252309408 -1.0664763022262098 -0.52942173055488018 -1.3109381447896691 1 CAMERA 1 93
94 1 0.9985095903689718 0.023423507297619432 0.044559083484189126 0.021081397631932664 -1.0499128908556921 -0.5666980056021288 -1.3058810048076623 1 CAMERA 1 94
95 1 0.99858185094500984 0.021413831743966927 0.043832988599765331 0.021316751246198473 -1.0469447876547744 -0.57340879566088654 -1.3021977993605036 1 CAMERA 1 95
96 1 0.99861590349404372 0.019769439715937923 0.044161670173140828 0.020620218951584796 -1.0486731575133585 -0.57748893779185517 -1.2987587322756811 1 CAMERA 1 96
