# Frame list with one line of data per frame:
#   FRAME_ID, RIG_ID, RIG_FROM_WORLD[QW, QX, QY, QZ, TX, TY, TZ], NUM_DATA_IDS, DATA_IDS[] as (SENSOR_TYPE, SENSOR_ID, DATA_ID)
# Number of frames: 96
1 1 0.96793798543620113 0.11522767504595387 0.21101724769762892 0.072734863905351513 -4.1688460643088252 5.1175557334561699 4.694390229177996 1 CAMERA 1 1
2 1 0.96743470969401246 0.11418389604307236 0.2136373626618909 0.073424775372885262 -4.2476951318907403 5.0792417129039968 4.7051651765469638 1 CAMERA 1 2
3 1 0.96761784009930363 0.11452082464356202 0.21277963432714431 0.072976184198160418 -4.2190579456097659 5.0911860603271455 4.7088939920247546 1 CAMERA 1 3
4 1 0.96740620620667639 0.11479264723023061 0.21339432355091015 0.073557752894789996 -4.2474978057667929 5.0946874490223406 4.7086246362601996 1 CAMERA 1 4
5 1 0.969882187495957 0.10494640630215064 0.20868076287564047 0.069044430535429538 -4.0837141731102848 4.8616482666311738 4.5937670659623766 1 CAMERA 1 5
6 1 0.97054366006041748 0.10110094528067531 0.20806546396591719 0.067322845190397052 -4.0660185962474413 4.7641013534812249 4.5881182007787702 1 CAMERA 1 6
7 1 0.96822547118849367 0.11362154271115049 0.21070430199761914 0.072341406493471899 -4.1655429649762565 5.0773415743942953 4.6918471324654494 1 CAMERA 1 7
8 1 0.96738754283833051 0.11410823392802927 0.21399937513346567 0.073108962197048974 -4.2606926534966449 5.0742179982235323 4.7104341689229594 1 CAMERA 1 8
9 1 0.97144654150760401 0.096312492866044527 0.207044077649335 0.064407069652168622 -4.0165472797691475 4.6479530641163862 4.5068002951014385 1 CAMERA 1 9
10 1 0.9738157029658201 0.083087201252116896 0.20218506036240755 0.062455544281717339 -3.8606234233010328 4.2850906162453919 4.2364487770054993 1 CAMERA 1 10
11 1 0.96925324938490354 0.10865940339708981 0.20932369967660475 0.070177356489775355 -4.1070849859342102 4.9569588413131598 4.6393478560766646 1 CAMERA 1 11
12 1 0.97240921160229032 0.09182369842399131 0.20492194865295313 0.063211775477584969 -3.9450860062340536 4.5326344604512343 4.4200014246873236 1 CAMERA 1 12
13 1 0.9711100108766153 0.09786960533110535 0.20725032331330104 0.066439375479348459 -4.0357140217255276 4.6828373453801158 4.5411675216067779 1 CAMERA 1 13
14 1 0.9749629647489505 0.076460830934063043 0.19955198946041541 0.061481397212489221 -3.7770084001549105 4.0922632558038048 4.116873319763414 1 CAMERA 1 14
15 1 0.97246485225285806 0.088580561241718217 0.20587905431487127 0.063870261447277338 -3.9718092944159662 4.4436317634147597 4.3846164593347403 1 CAMERA 1 15
16 1 0.97607490632888494 0.072552058528316102 0.19595446483555529 0.060131719993474581 -3.6674806709223939 3.9811650197382322 3.9958146428548411 1 CAMERA 1 16
17 1 0.980371400136125 0.056506478785746293 0.1823680746499392 0.049201839384763336 -3.2136398552855239 3.506119033695184 3.511772255648558 1 CAMERA 1 17
18 1 0.97912524123327027 0.059649359214944207 0.18719279380210563 0.052101572660519062 -3.3688975990148355 3.600592791085826 3.6436675923696189 1 CAMERA 1 18
19 1 0.97833518754548165 0.062692396094426422 0.18965409089207322 0.054417369379530033 -3.45199929656266 3.69141519947545 3.7316577284556556 1 CAMERA 1 19
20 1 0.9769957605431453 0.068451921917944969 0.19346846973524306 0.057996288543011927 -3.5823982352755621 3.8599180845938155 3.8771607249070805 1 CAMERA 1 20
21 1 0.98114031393000822 0.052917005641803412 0.18002937739368177 0.046399333728768345 -3.1191670926327508 3.3922950727428622 3.3538343015642345 1 CAMERA 1 21
22 1 0.98620552337332057 0.024012022311117775 0.15714632351187868 0.046120727001917119 -2.4347016100038368 2.5367461600626804 2.5993104798898936 1 CAMERA 1 22
23 1 0.98260919146883352 0.045951610087013026 0.17393565463038815 0.045978412539740873 -2.9395302334108888 3.1929212206496791 3.217061966395117 1 CAMERA 1 23
24 1 0.9885689943358299 -0.00033709295567662349 0.14367490051386167 0.045702874838649252 -2.0448997520663079 1.8164780989297895 2.1262631853565188 1 CAMERA 1 24
25 1 0.98952215767771767 -0.026556036839755871 0.13603316421880926 0.04044322693379248 -1.7884301214556002 1.0229015745545311 1.7512238343665001 1 CAMERA 1 25
26 1 0.98855326360564333 0.010575542729646272 0.14296447620773006 0.047029367986976808 -2.0300643990768532 2.149582560161079 2.3031881319797551 1 CAMERA 1 26
27 1 0.99021347502893553 -0.047676619407505685 0.1258669907691167 0.036901415524591266 -1.4567573407940131 0.35672469320679445 1.3424212199357946 1 CAMERA 1 27
28 1 0.99000014374508505 -0.037622125414430108 0.13095558165140175 0.036536648701747054 -1.6141547051259606 0.66743289844480347 1.5728985252645302 1 CAMERA 1 28
29 1 0.98955706892894379 -0.014435166935896511 0.13664261365159944 0.043557197140660336 -1.8202472603785278 1.3929365060030139 1.9018521357276383 1 CAMERA 1 29
30 1 0.98518293430571524 0.036366203616418312 0.16086775143114906 0.047049460536718851 -2.5559562656455417 2.9137133342862049 2.8783509866044801 1 CAMERA 1 30
31 1 0.98967898030986279 -0.062050166035889386 0.12473376372919659 0.0335675589475588 -1.4153191252171089 -0.090447071902222245 1.2519038133795377 1 CAMERA 1 31
32 1 0.99314947380556184 -0.073457711960398284 0.086755501001747573 0.027047555882454732 -0.2734984814837515 -0.45092035741037412 0.67103651248808305 1 CAMERA 1 32
33 1 0.99165148882329424 -0.076207922682638499 0.10107251847290019 0.024576884352705428 -0.68818539178825167 -0.53714074165312131 0.90306968545543531 1 CAMERA 1 33
34 1 0.99090332451108598 -0.07175759358372058 0.11063707164593013 0.026849350337846797 -0.97856787147710467 -0.39420026316411522 1.0570673040315255 1 CAMERA 1 34
35 1 0.99178115815155898 -0.09002519001490826 0.087962165948881094 0.022983839103022093 -0.29087808703793633 -0.9774308099504383 0.50518005504399144 1 CAMERA 1 35
36 1 0.99158840605520182 -0.10523460390495595 0.073128380725781303 0.018175561897684309 0.16325798278671305 -1.4526618785343273 0.32870796039998279 1 CAMERA 1 36
37 1 0.99337540807570568 -0.11131595659630222 0.026795563177797157 0.0098007260679994507 1.5479492924338292 -1.6402850490575336 0.0029858587712322756 1 CAMERA 1 37
38 1 0.99344644151953398 -0.11067189918902301 0.026613687851831439 0.01037353271528981 1.5447444192278654 -1.6188403865189267 0.023385349064919448 1 CAMERA 1 38
39 1 0.99320554269966788 -0.11275312630085894 0.027191103098334293 0.009493491051063823 1.5396831985315855 -1.6860869226067299 -0.018988761296740472 1 CAMERA 1 39
40 1 0.99339948819274715 -0.11106923497228341 0.026329894399378943 0.011305687151932097 1.5561839429175928 -1.6242358285020531 0.028073636764651369 1 CAMERA 1 40
41 1 0.9934617720800426 -0.11061025571470333 0.026297760562704098 0.010368535851140488 1.5568337988173471 -1.6106729415785228 -0.04749652830809286 1 CAMERA 1 41
42 1 0.99349811691707279 -0.11041190732870396 0.026819073934652042 0.007172145812511758 1.5401755325986124 -1.6096755739408761 0.0023435199548387463 1 CAMERA 1 42
43 1 0.99372598573840376 -0.10835390275365429 0.027624902036667738 -0.0022275129077152784 1.4936297533113134 -1.6123585964408071 -0.21853936203148897 1 CAMERA 1 43
44 1 0.99359025808760104 -0.10964545841372711 0.027232812047794517 0.0038270655373939125 1.52785879174102 -1.6064190789886545 -0.040758153433125631 1 CAMERA 1 44
45 1 0.9936643861340817 -0.10890490093951651 0.027688541468403226 -0.0020383698107128041 1.5008516701616776 -1.6164720712616965 -0.12727315205254378 1 CAMERA 1 45
46 1 0.99338886498257783 -0.11118409945084907 0.02723937655567342 0.0086414884590438942 1.5481215722529396 -1.6327090266810169 -0.044434234292085366 1 CAMERA 1 46
47 1 0.9937006048060274 -0.10843191105678859 0.028107657908105693 -0.0034041503534644425 1.4908241192031295 -1.6172651980408095 -0.14357984007768709 1 CAMERA 1 47
48 1 0.99379843935438317 -0.10789534101057839 0.026743298243432096 0.0028378379210511799 1.5029924263932 -1.5886083870799934 -0.40347407518563688 1 CAMERA 1 48
49 1 0.99380290323430842 -0.10734950441461132 0.026340399886106383 0.011749755692657925 1.5186511826224094 -1.5582221205473639 -0.44753348911677465 1 CAMERA 1 49
50 1 0.99373145760908099 -0.10833523299627908 0.027564479106489674 -0.0012111735470776955 1.4948337811645571 -1.6099855402321341 -0.25126199273157268 1 CAMERA 1 50
51 1 0.99377281991352473 -0.10757285942546863 0.026430452654922332 0.012045475856338795 1.5207085177782458 -1.5602837223835604 -0.44333182101850022 1 CAMERA 1 51
52 1 0.99383195056949969 -0.10764390168330726 0.026445100839880161 0.0033913270539139865 1.5046980076837437 -1.5845245313728138 -0.43837112316085258 1 CAMERA 1 52
53 1 0.99379736653572215 -0.1071837157827682 0.026003171870929358 0.014222531079715705 1.5323176823116182 -1.5498138986843728 -0.45179102825392375 1 CAMERA 1 53
54 1 0.99362741644310182 -0.10936086944591572 0.027203692621871858 0.0021717813828027546 1.5182636286904201 -1.6087148735930215 -0.062115275320642066 1 CAMERA 1 54
55 1 0.99380597468847387 -0.10695786298656164 0.026030393368751265 0.015235446823393693 1.5385776715409718 -1.5458547041230084 -0.50231122704353126 1 CAMERA 1 55
56 1 0.99375261811597582 -0.10823022219339266 0.027233338958106992 0.00054611427862780518 1.5006091885918016 -1.5993566099604668 -0.29009024739578715 1 CAMERA 1 56
57 1 0.99374058683378219 -0.10838751147681507 0.026944693319311746 0.0024035259603189733 1.5030258317892731 -1.5916220071012899 -0.33518336505024904 1 CAMERA 1 57
58 1 0.99377072174401881 -0.10700119447432511 0.026480413799573495 0.016409895503714723 1.5466964986861604 -1.5423069794458926 -0.52727822593448381 1 CAMERA 1 58
59 1 0.99384089746473181 -0.10743876576723269 0.026792548778397238 0.0043978934579521805 1.5049423520649881 -1.584186938527498 -0.51080783171772204 1 CAMERA 1 59
60 1 0.99386165748293975 -0.10715907855425254 0.026644610280086325 0.0067825077729157836 1.5105769076548394 -1.5767843824063978 -0.53715986734826437 1 CAMERA 1 60
61 1 0.99373678464970772 -0.10709765647471224 0.026556156058060748 0.017665372543625969 1.5413436188487113 -1.5404877334903857 -0.48494878764238669 1 CAMERA 1 61
62 1 0.99374103878690923 -0.10691574399957751 0.026812957604797474 0.018133858392923866 1.542737324361567 -1.5382537724378864 -0.4928460735533467 1 CAMERA 1 62
63 1 0.99369971659021616 -0.1071188781047331 0.026631713564419353 0.019420891707906465 1.5486221514673835 -1.5362446798193883 -0.48650327170967522 1 CAMERA 1 63
64 1 0.99354036249660527 -0.10760145961167061 0.02837306284707531 0.022236080684963699 1.5593038271544213 -1.5266669405603792 -0.51750926075161086 1 CAMERA 1 64
65 1 0.99350346019475633 -0.10803147451908285 0.028779266749134783 0.021256267303113797 1.5565593145264607 -1.5301566794996422 -0.52207187644810016 1 CAMERA 1 65
66 1 0.99358899295100755 -0.10720840609173676 0.026693401769104751 0.02397359071698275 1.5740927414163368 -1.5174578323256518 -0.5058932738610501 1 CAMERA 1 66
67 1 0.99366243263118859 -0.10707833105848864 0.026882123037624776 0.021131787813320712 1.5572212492374442 -1.5308547345827273 -0.49006644025546331 1 CAMERA 1 67
68 1 0.993678943899309 -0.10721217179248219 0.026681148184764511 0.019895301008931384 1.5528487766927199 -1.5341298056423254 -0.48905914021495106 1 CAMERA 1 68
69 1 0.99368930535043987 -0.1068965515282147 0.027164291627130986 0.020415507927363213 1.5554888480537121 -1.5292279297187807 -0.47891999767851395 1 CAMERA 1 69
70 1 0.99359119762761128 -0.10766770316683819 0.028995020572596841 0.018533388079391408 1.5467635007950422 -1.5355391923755042 -0.5404808043801651 1 CAMERA 1 70
71 1 0.99355349243237268 -0.10766441556610561 0.028567768072662023 0.021064518119121248 1.554768494052251 -1.5270863940861141 -0.54310473734276254 1 CAMERA 1 71
72 1 0.99375150140896051 -0.106581870680088 0.029598725783691979 0.01490549300598345 1.5330384366446776 -1.5388874775725665 -0.56409279714024974 1 CAMERA 1 72
73 1 0.99352358946592223 -0.10769032843973032 0.028442677461349975 0.022465182708409071 1.5616747946964251 -1.5248306443422113 -0.53975702440984497 1 CAMERA 1 73
74 1 0.99383669000401331 -0.10548589678944154 0.030090119913572484 0.015998245653225076 1.5317686669100166 -1.5186138425268458 -0.6793294738532949 1 CAMERA 1 74
75 1 0.9939180922073213 -0.10497954249925491 0.030325223486989159 0.013656590353026007 1.524507302758187 -1.5252265333168271 -0.67967531525466929 1 CAMERA 1 75
76 1 0.99412637605604193 -0.10355337425888628 0.03124433827530447 0.0036384660254962205 1.4892286283450167 -1.5540751381127846 -0.63086498245190359 1 CAMERA 1 76
77 1 0.99322016559661308 -0.11060873787492131 0.029489706455408795 0.020242701675599478 1.5421792583960752 -1.5109412384801575 -0.6213182944130603 1 CAMERA 1 77
78 1 0.99389122047637479 -0.10559007715916487 0.030411332668093094 0.010301859582356934 1.5159011137802196 -1.5500734106541718 -0.55560665954863431 1 CAMERA 1 78
79 1 0.99388941771093664 -0.10523949747417116 0.029946618338302717 0.01454900627875526 1.5278160234249518 -1.5227865111775729 -0.6784310918742944 1 CAMERA 1 79
80 1 0.99361793798233422 -0.10682912780602542 0.02909189933559712 0.021554400130498235 1.554586225374196 -1.510065317559782 -0.63206903519528423 1 CAMERA 1 80
81 1 0.99385721952378092 -0.10548602382731649 0.030075635732188404 0.014696329911464599 1.5280843821075034 -1.5225810278203911 -0.67925324584439595 1 CAMERA 1 81
82 1 0.99384878437436319 -0.10563412403756238 0.030164783351956097 0.014003980924977713 1.5259346090505495 -1.5248753693478556 -0.67847181202478657 1 CAMERA 1 82
83 1 0.99388296753363725 -0.10536283129373404 0.030194214738055017 0.013551015631732371 1.5245462005664818 -1.5259448544690362 -0.67920501358465668 1 CAMERA 1 83
84 1 0.99367491932340113 -0.10702809635045389 0.030397482689039808 0.0152031031503414 1.5293793368326607 -1.5231287547646024 -0.66708717762220682 1 CAMERA 1 84
85 1 0.99388528199224879 -0.10531959269278289 0.030134272157705169 0.013847572918740144 1.5255064279517323 -1.5249274360227185 -0.67965264561249183 1 CAMERA 1 85
86 1 0.99359116540784198 -0.10773124918259679 0.029974994333822037 0.016494656338674987 1.5342242676336431 -1.5215503847314991 -0.65768772766293071 1 CAMERA 1 86
87 1 0.99346958002755836 -0.10849360843924878 0.029675727183288838 0.019148934796506898 1.5426067900747147 -1.5152125976516106 -0.65028605961448005 1 CAMERA 1 87
88 1 0.99379735514951673 -0.10611404155932659 0.030489894612476136 0.013303886961760096 1.5233279998823845 -1.527787721298423 -0.67664100301944441 1 CAMERA 1 88
89 1 0.99375243121483303 -0.10647557761604352 0.030306491091424918 0.014162394700887556 1.5262082177825242 -1.5255887664429082 -0.67582329835058141 1 CAMERA 1 89
90 1 0.99389615478127491 -0.10537563662505693 0.030686704622258299 0.011168476900910376 1.5160772761843755 -1.5320774783007951 -0.67629602820910928 1 CAMERA 1 90
91 1 0.99305828305714483 -0.11093499052493394 0.028285781059878674 0.026992386309125475 1.568339835250536 -1.4947062595418035 -0.63150810493722587 1 CAMERA 1 91
92 1 0.99357018664191254 -0.10801196624287793 0.029637785941622936 0.016531818084561944 1.5394377996816824 -1.5177654721486158 -0.60902958555990649 1 CAMERA 1 92
93 1 0.99329831956178904 -0.10978635031286892 0.02923532476786362 0.021229729777449836 1.5489004397191937 -1.5117797244295625 -0.63876746087696545 1 CAMERA 1 93
94 1 0.99307327050626581 -0.11100343047833039 0.028509722272076928 0.025901999227874044 1.5637281363681328 -1.4979578801208884 -0.60908194662530601 1 CAMERA 1 94
95 1 0.99256383159432993 -0.11395625721998688 0.027329492313324082 0.032925833339354289 1.5869160624804719 -1.4820568118195119 -0.58058079422248299 1 CAMERA 1 95
96 1 0.99398191373298561 -0.10461621395834392 0.030550290990441951 0.011049102639271145 1.5190273566817163 -1.5323431753392955 -0.63295253789864914 1 CAMERA 1 96
