# Frame list with one line of data per frame:
#   FRAME_ID, RIG_ID, RIG_FROM_WORLD[QW, QX, QY, QZ, TX, TY, TZ], NUM_DATA_IDS, DATA_IDS[] as (SENSOR_TYPE, SENSOR_ID, DATA_ID)
# Number of frames: 32
96 1 0.99751733380748098 -0.023577253700098864 -0.063985202723679122 0.01758339256188788 -0.9532179442789499 5.8873451830667287 -5.5985553563884682 1 CAMERA 1 96
97 1 0.9973315925820917 -0.016165922121905898 -0.061416752359600021 0.036004720929578717 -1.3829407947953545 6.6601444761163338 -6.2811113167831865 1 CAMERA 1 97
98 1 0.99784347234832604 -0.025830727206862615 -0.05934223108200079 0.010939736468977423 -1.1181768993163119 5.4793653484844835 -4.9387202213678325 1 CAMERA 1 98
99 1 0.99800998121867657 -0.035618736771353847 -0.051736305010332627 -0.0055441611257057441 -0.58657035865935392 3.7344069713801415 -3.7152144270440024 1 CAMERA 1 99
100 1 0.99825955966475732 -0.027718323063407289 -0.052032785638404182 -0.0014612745071980544 -0.84009867154761708 4.8469389003849637 -4.3602736509227569 1 CAMERA 1 100
101 1 0.99794895449635135 -0.032488007857037267 -0.054384682198372607 -0.0092043417636723229 -0.023749002536507052 3.1858951967473259 -2.829063618411304 1 CAMERA 1 101
102 1 0.99795183782358787 -0.031766984071669474 -0.054754729235671151 -0.0092145392637025692 0.089717121957053808 2.8667398727685223 -2.4456394570971187 1 CAMERA 1 102
103 1 0.99805064147801936 -0.028859475245227296 -0.053856687141951749 -0.01270846111762244 0.37662181186644994 2.1615042548076588 -1.5264597132486395 1 CAMERA 1 103
104 1 0.99811016451600443 -0.02789956802835087 -0.053286319163005677 -0.012581008851615812 0.43394114730555278 1.8470506562443021 -1.1257162222359229 1 CAMERA 1 104
105 1 0.99808471572072754 -0.027865976027198931 -0.052905969857753372 -0.015853894730844458 0.63391985308303211 1.1835808952208553 -0.36396031233436421 1 CAMERA 1 105
106 1 0.99807475069975538 -0.030499999079441193 -0.049901255209779061 -0.020649619857612184 0.85013912249152546 0.30184680297970784 0.68222434285876477 1 CAMERA 1 106
107 1 0.99807798264502534 -0.030553932283682202 -0.05065682162370478 -0.018457632682036013 0.70820783320532299 0.68084159780286424 0.15075788697235867 1 CAMERA 1 107
108 1 0.99810071724202309 -0.03248352037812257 -0.048107103540724817 -0.020627305537206805 0.67314293569806816 0.41158094129987793 0.34956831611802419 1 CAMERA 1 108
109 1 0.99805211482297207 -0.030440331146394856 -0.050065966994556968 -0.021418713453207516 0.84775561532807997 0.2580486496440409 0.66757756512997657 1 CAMERA 1 109
110 1 0.998071213521314 -0.030844976928761782 -0.049651938877718696 -0.020907537015137513 0.83471678947141426 0.28401400935698046 0.66516047406546563 1 CAMERA 1 110
111 1 0.99803289698866782 -0.025426677765777134 -0.05342609727625032 -0.020723723507883162 0.91343144413174815 -0.21919625694754791 0.7678306270041334 1 CAMERA 1 111
112 1 0.99790581656974153 -0.028931171288026504 -0.053794017383903346 -0.021287843429538138 0.96238825838596143 -0.004782489013586703 0.68747841451625891 1 CAMERA 1 112
113 1 0.99849704687239238 -0.020888670092905841 -0.048084850218081648 -0.015973666716376123 0.70250162374401037 -0.56080809859794378 1.076273392681427 1 CAMERA 1 113
114 1 0.99913437589844323 -0.015485095733768793 -0.03816314481186394 -0.0058553468055562346 0.30887466996333834 -1.3931912847831629 1.3924245769578325 1 CAMERA 1 114
115 1 0.99823627113702995 -0.022728997630563959 -0.051537084787250179 -0.018752827647580517 0.82340748094779947 -0.25331107364835748 0.91504313132162607 1 CAMERA 1 115
116 1 0.99878338690654311 -0.0171538670566166 -0.044642103422137147 -0.012023871528988834 0.56087810487071443 -0.80031508086328662 1.2869191749416142 1 CAMERA 1 116
117 1 0.9989104530755416 -0.017337004180217108 -0.042221202924752198 -0.0097316517641324544 0.44521205185777279 -1.0231532226305189 1.3114577259040829 1 CAMERA 1 117
118 1 0.99942391106440354 -0.0097924658773325662 -0.032457680321407431 -0.0015660756449964505 0.091904237081636309 -1.6653399328473721 1.4418127449900406 1 CAMERA 1 118
119 1 0.99950192109560287 0.02111153112318423 -0.018958244669845855 0.013812962711607547 -0.62455788286470859 -3.283841447561207 0.65030143336840762 1 CAMERA 1 119
120 1 0.99969155474622917 -0.0062057089771870803 -0.023946531102334502 0.0022018613313508797 -0.22662882070216173 -2.3898357733832971 1.2612620148904099 1 CAMERA 1 120
121 1 0.99984745112242035 -0.0047516159735135465 -0.015348209940480358 0.0068504803672891227 -0.63186131872449403 -3.159996976498459 0.98045273956389178 1 CAMERA 1 121
122 1 0.99980807733929089 -0.011448753627496892 -0.015325001915755738 0.0042283381806026664 -0.64796301848507964 -3.1537107055057292 1.0228701015516379 1 CAMERA 1 122
123 1 0.99958891357010249 -0.0076329086977055642 -0.027597470919266912 -0.0014567674540523949 -0.10974851609846201 -1.8578709894139682 1.3934137785233542 1 CAMERA 1 123
124 1 0.99928493192749612 0.02873671698699733 -0.020360202476950556 0.01375820026625697 -0.62231720758633413 -3.2539212474977406 0.60920905611846443 1 CAMERA 1 124
125 1 0.99977410115848853 0.0060892340825093516 -0.01662478785393481 0.01175943492845003 -0.64505023263683114 -3.3402169759807747 0.74413254983869015 1 CAMERA 1 125
126 1 0.99867283945598784 0.046209837831219944 -0.022037635320515253 0.0056172279646869621 -0.65510931510241177 -3.1555163754868096 0.5072972076349801 1 CAMERA 1 126
127 1 0.99789795251579128 0.060984084446416342 -0.02158288591826318 0.0038466666691000691 -0.66047732610590915 -3.0964440410822909 0.47320810565969856 1 CAMERA 1 127
