# 3D point list with one line of data per point:
#   POINT3D_ID, X, Y, Z, R, G, B, ERROR, TRACK[] as (IMAGE_ID, POINT2D_IDX)
# Number of points: 386, mean track length: 7.909326424870466
1 11.371090805686345 1.7871741657986868 21.620053622244086 80 81 72 0.94595207809413817 114 2 117 2 113 1 116 2 111 0 115 0 112 0 109 0 107 0 106 0 108 0 110 0 105 0 124 1 119 0
3 9.942273389022958 4.2714839232818012 25.303525566249569 113 116 116 1.6487062406676065 114 6 122 6 123 5 120 14 121 7 117 6 113 5 116 6 111 4 115 4 112 4 109 4 106 4 108 1 110 4
4 4.6709839200825511 6.2474225528258396 18.031837945745433 116 145 194 1.1551643230059803 114 18 122 12 123 18 118 16 120 16 121 9 125 7 124 11 119 10 126 10 127 7
6 16.12591612621133 1.2721235668146618 23.975733543867257 69 70 63 0.58927576564642414 114 28 122 22 123 35 118 27 120 32 121 28 117 30 113 20 116 20 111 22 115 26 112 31 109 15 107 16 106 27 108 18 110 18 105 14 104 18 103 23 101 6
7 12.804828374215008 -0.88678455238327525 24.998300128094762 66 67 61 0.4405717320871827 114 43 122 24 123 46 118 42 120 36 121 23 117 35 113 39 116 35 111 34 115 32 112 41 109 39 107 32 106 35 108 28 110 36 105 29 104 26 103 22 101 11 102 11 99 13 100 12
8 2.8959441123440541 6.4231081207618468 17.510498137263319 3 12 14 0.56539777407442637 114 36 122 28 123 39 118 34 120 48 121 19 117 41 113 47 116 48 111 35 115 38 125 40
9 6.4548282744067729 5.6745636688903769 18.298376384008911 0 13 25 0.85091009325629008 114 38 122 29 123 41 118 35 120 46 121 33 117 32 113 25 116 24 111 25 115 30 112 27 109 23 106 25 108 30 110 30 125 26 124 29 119 32 126 25 127 20
10 5.7125462742250237 4.9142160800096262 19.613771637470254 4 18 32 0.99055823612588201 114 42 122 30 123 43 118 41 120 39 121 31 117 38 113 40 116 38 111 40 115 33 112 56 109 46 107 48 106 47 108 60 110 48 105 43 125 25 124 28 119 31 126 24 127 32
12 3.9258341269757673 7.3252053219918345 17.127600063106289 3 15 20 0.6457930793512483 114 37 122 37 123 40 118 33 120 40 121 21 117 42 113 57 116 33 125 27 124 30 119 33 126 26 127 21
13 6.1744490815977162 4.9302657381834711 18.0878317167878 79 121 180 0.69483798793623575 114 56 122 39 123 58 118 59 120 62 121 42 117 66 113 60 116 60 111 47 115 56 112 57 109 44 107 53 106 48 108 59 110 47 125 36 124 38 119 46 126 39 127 50
14 6.0933128435507662 4.8918046901981684 17.924415611668188 79 121 180 0.42619234384417509 114 53 122 44 123 55 118 56 120 53 121 45 117 52 113 56 116 59 111 49 115 50 112 59 109 48 107 49 106 50 108 55 110 45 125 45
18 4.2816294724244086 3.564715347015837 19.478476189438215 7 19 31 0.21582782255087785 114 64 122 70 123 69 118 70 120 67 121 60 117 86 113 77 116 74 111 77 115 63 112 75 109 55 107 75 106 65 108 72 110 59 105 70 104 64 103 66
21 11.315504618234657 0.247032963621725 24.135268882612387 82 81 71 1.1570839866996558 114 120 122 79 123 109 118 97 120 103 117 111 116 115 111 151 115 154 112 167 109 150 107 137 106 147 108 141 110 118 104 93 103 123 102 95
23 4.3790166178448686 6.8821450699753584 16.625071999088703 137 160 198 0.69736922920954103 114 91 122 87 123 75 118 69 120 73 121 92 117 110 113 99 116 102 115 249 125 69 124 68 119 81 126 67 127 54
26 12.029243825154239 1.9157210225025063 20.940060081324344 87 88 79 0.63006068676006144 114 176 122 104 118 135 117 196 112 168 107 169
33 2.3460897574444863 6.6794788378949912 17.103809484826055 97 123 158 0.69512064847898347 114 125 122 125 123 117 118 106 120 111 117 129 113 82 116 103 111 81 115 81 115 85 125 156
34 4.8450817449535961 6.7347724189011062 16.40872729914609 100 134 187 0.346912065299322 114 150 122 126 123 144 118 144 120 132 121 109 117 174 113 159 116 163 111 165 115 169 125 131
35 4.5357385082596613 6.2979739824291512 17.014173034703411 114 144 195 0.23757668615291302 114 237 122 130 123 162 118 157 120 178 117 266 116 234
39 11.81809876846777 -0.45637194553157967 25.748756121884512 112 115 108 1.0304875385452335 114 190 122 151 123 172 118 219 120 169 121 97 125 103 119 107 124 96
43 3.245684319039996 6.0344845638183449 17.619727683131401 136 157 187 0.81493505695926394 114 184 122 165 123 142 118 156 120 165 121 108 113 253 116 174 125 161 119 172
51 10.789942869891036 1.3250362354508221 24.21363797081635 29 35 27 0.29967556852485167 114 21 123 15 118 14 120 19 117 17 113 14 116 13 111 11 115 13 112 12 109 11 106 11 110 13 102 8
52 12.308243588991543 3.0295115748581027 20.72060497174035 35 39 31 0.87052746891573518 114 16 123 16 118 15 117 14 113 12 116 11 111 9 115 10 112 11 109 10 107 14 106 10 108 11 110 10 105 10 104 6 103 7 102 5
54 10.793442287567037 1.3369589376078188 24.340058394354951 29 35 27 0.67123700542513354 114 15 123 20 118 17 117 12 113 13 116 12 111 10 115 12 112 10 109 9 106 17 108 20 110 19 105 9 104 5 103 6 101 13 102 6 99 12 100 14
56 2.7635170382622714 5.6555442230642923 18.279552971968904 119 145 186 0.44143693077472912 114 31 123 30 118 29 120 42 117 24 113 32 116 25 115 27
59 4.7049962674511123 5.4478597453792403 17.818658421507038 126 156 209 0.63414394463347257 114 39 123 42 118 36 120 49 113 50 116 45
60 13.814165025768494 1.539175128983479 24.759177379276299 84 85 75 0.91750084696446688 114 29 123 47 118 48 120 37 117 25 113 26 116 21 111 24 115 29 112 24 109 21 107 33 106 30 108 32 110 27 105 20 104 19 103 14 101 17 102 17 99 8 119 35
61 12.73018065440745 -0.89012870478778994 24.845489890139181 66 67 60 0.41747971388562455 114 40 123 49 118 38 120 44 117 45 113 43 116 42 111 41 115 37 112 39 109 34 107 30 106 39 108 29 110 41 105 25 104 24 103 12 101 15 102 9 99 11 100 9 96 9
66 13.976731765498824 2.2025089764252552 22.707273501012679 81 82 73 1.073801686922518 114 67 122 68 123 86 118 87 116 57 125 88
69 3.5895411955057059 2.9657622599020561 20.442329597005454 9 20 35 0.42522831047467302 114 90 123 105 118 114 120 129 117 100 113 70 116 65 111 60 115 87 112 74 109 78 107 91 106 82 108 79 110 81
70 13.360164624170785 2.7743006160952595 19.780094463936575 42 48 40 1.6017756418205507 114 143 123 107 118 88 121 93 117 84 117 164 116 151 111 106 115 124 106 62 110 71 125 165 106 42
71 4.9354520788955769 4.4059969828283627 18.545976204224928 94 131 181 0.91734350846428026 122 80 123 108 118 105 120 105 121 89 117 116 113 248 125 91 124 93 119 78 126 78 127 60
80 7.2700309415332747 5.2530723551450231 18.347508740307742 82 125 176 1.0844294669737011 122 134 123 161 118 201 120 177 121 156 113 250 125 163 124 175 119 130 126 109 127 108
81 14.364400134540151 2.3728637766903953 21.073134923165508 109 111 104 0.73557894843610483 114 141 122 118 123 171 118 191 120 182 117 163 113 72 116 114 111 86 115 88 112 46 109 49 107 55 106 51 108 61 110 44 105 31 124 128
82 5.3834643209601944 7.1420175892689102 15.359150923942606 116 148 197 1.6123723684026927 122 178 123 173 120 166 118 187 125 147
86 3.899737793085956 8.3140139461544997 15.087503139829064 116 150 188 0.29501005617223086 122 129 123 185 120 171 121 143 125 145 119 103
87 14.711620356104422 2.4212770930605645 21.547042345621023 109 111 104 0.32561655745187423 114 161 123 186 118 179 120 209 117 135 113 76 116 110 111 74 115 74 112 53 109 47 107 46 106 44 108 47 110 50 105 36
88 10.636228232053224 -0.17961709850399576 24.190284398683968 42 46 41 1.0996025431390453 122 152 123 210 118 217 120 126 121 99 121 163 117 279 125 155 119 72 124 83
90 4.2764622048718497 7.2159275750531435 16.478281062395514 3 29 57 0.067513620624681914 122 193 123 219
91 4.2764622048718497 7.2159275750531435 16.478281062395514 3 29 57 0.067513620624681914 122 195 123 223
92 4.9858806659505746 7.5016600049094233 15.482427271742823 116 151 196 0.63321643801343896 122 177 123 224 120 175 118 204 121 157 124 132
94 4.4216646244516946 7.5984498272524377 15.339245388005537 105 134 183 0.42737508305722482 122 131 123 231 120 176 121 141 125 143 124 134 119 140
100 11.094088387156161 0.1048897725188136 25.222204481990286 29 34 28 1.2110052270976988 122 54 123 66 118 86 120 69 123 110 117 83 113 171 116 206 111 150 115 126 112 166 109 149 107 165 108 199
104 2.5232752734260777 7.7258184471469757 15.273361363020063 78 118 160 0.46424705114497594 122 128 118 118 120 133 121 110 125 71 124 116 119 133
118 11.315678241733059 1.4771927793584803 22.053303710179062 36 39 30 1.7471593935172729 114 238 122 199 118 194 117 109 124 104 127 177
121 4.7937080408839501 6.4246436298655398 16.934745834506518 137 170 225 0.52028390570774263 122 147 118 202 117 265
138 4.815456875350753 4.370341900088202 18.275550220743884 89 126 179 0.453247297504216 118 116 123 102 120 92 121 76 117 125 113 238 125 77
139 7.2437135996042255 6.0203261029953294 18.997243276032357 81 125 175 1.9129385133308738 118 142 120 135 121 81 125 93 119 126 121 107 122 197
146 3.9784162384496264 3.5373476571572029 21.736825864123844 89 122 166 0.41947979469781832 114 22 118 18 117 19
148 -0.74873441216305647 3.3655607363848752 20.3996730297551 0 9 20 1.0570403927084748 114 30 118 28 120 45 122 32 117 31 121 24 123 28 113 17 116 17 111 15 115 19 112 16 109 14 107 17 106 12 108 21 110 20 105 12 125 22 124 27 119 30 126 33 127 48
151 19.831040572013741 -3.8597008816587905 30.912367531543168 137 140 139 0.56020664294148492 114 121 118 185 117 78 113 68 116 93 111 71 115 73 112 61 109 62 107 61 106 78 108 69 110 69 105 50 104 54 103 50 101 38 102 74 99 34 100 39 96 39
152 -1.0649594736124892 7.0547115881968345 18.800051208496097 83 86 84 0.27428555185184 114 70 118 75 120 72 122 73 117 89 121 80 123 70 113 83 116 77 115 83
158 14.424049607538851 -0.69568112957691708 25.591875228570728 70 72 63 0.30315915122299264 120 106 117 107 113 115 111 108 115 114 109 102 110 104 108 100
159 3.5909711818720864 3.3777228087337088 19.530688902512775 91 123 168 0.26630262222300694 114 117 118 112 117 108 113 113 116 117 111 104 115 106 112 110 109 95 107 74 106 99 108 71 110 92 105 104
162 -1.3015117954686048 3.0553127549711894 19.807250333992094 0 22 48 0.28949509817050983 114 145 118 137 120 130 122 119 117 137 121 103 123 136 113 125 116 154 111 124 115 179 112 142 109 105 108 102 125 114 124 107 119 109 126 104
168 12.741645654594185 -0.63189121044699692 26.597790354337064 64 66 60 0.78681339648503146 114 126 120 110 117 159 113 114 116 116 111 149 115 152 112 178 120 124 121 98 109 147 107 103 124 95
172 19.694735917067398 -3.4942246105299732 31.508550174714724 44 49 47 0.15344436607704603 118 186 117 195 113 187 111 173
173 -1.3862574709743374 3.3602614120548324 19.366363350162317 16 82 129 0.48743559579762635 114 146 118 162 120 180 122 196 117 198 121 104 123 146 116 182 111 183 115 262 112 182 125 138 124 142 119 136 126 142 127 150
174 4.9449356514483833 4.8220447402727249 18.324877726424901 29 43 63 1.6095017336642561 118 153 117 217 123 141 113 249 111 250 112 221 112 281 123 213 106 194 110 219 105 176
183 15.151431886302602 -5.7197874274005231 33.111325327352702 94 100 100 0.77670883246958844 114 225 118 180 117 191 113 183 116 179 111 181 115 243 112 212 109 182 107 190 106 152 110 161 110 187 109 201 101 118 102 161
184 -2.1956271108371177 5.9722235318479093 17.703344344901595 76 115 155 0.14907323398569003 117 49 121 35 113 44 116 46 117 39
188 -2.7993304478536043 4.1375241624777583 18.538881695376677 35 93 137 0.59502224011396232 118 141 122 163 113 155 114 149 123 140 116 160 111 170 115 165 112 124 107 148 124 112 126 108
189 15.851096837552916 -0.11160032123134189 25.663577124755506 77 78 68 0.56643207140829899 117 160 113 172 114 139 116 207 111 182 115 153 109 148 106 174 108 140 110 177 125 132
190 10.259214951881646 1.3585936378733046 20.938746944105588 35 37 31 0.84154238092422529 122 85 111 107
194 1.2478851464074268 6.0315917282723328 21.130561858847383 81 87 85 0.6105984184559321 117 88 118 74 113 62 116 70 114 69 111 50 115 55 112 58 109 43 107 50 106 49 108 58 110 46
195 5.139246839628826 6.9527597020002769 24.898832564623376 127 154 204 1.2748126721466222 113 9 114 12 117 10 116 9 111 7 115 7 112 8 109 7 106 7 108 8 107 8 110 8 105 5
196 2.5707238303422693 4.6612233842049076 20.930567977975585 96 129 175 1.0824899159804242 113 31 117 44 123 52 116 43 118 71
197 13.198210834153885 3.6143914185850958 20.082819361624477 113 113 109 0.64680358778026492 113 75 123 50 116 58 111 46 112 55 109 66 107 47 108 44 105 42 103 37
198 3.1473084739793808 3.7811718335693314 19.432008545408891 6 15 24 0.25028711289561145 113 71 114 65 117 87 116 75 118 111 111 78 115 77 112 68 109 67 107 76 106 66 108 73 110 73 105 72 104 60 103 57
200 3.105053401991861 3.299391236805076 19.928026560005645 87 121 166 0.68604284057309095 113 97 123 68 116 118 120 101 111 105 115 107 112 111 107 106 106 100 108 98 110 101 105 63 104 47 103 67
201 13.078715778468585 2.6788350929397664 19.213445098475727 52 56 47 0.64490611315645963 114 162 117 136 116 124 111 98 115 122 106 83 110 82
203 1.4638956424537954 5.2264692259673202 20.298194694585888 18 30 35 0.67925714479793387 113 18 117 20 111 12 114 25 116 18 115 16 112 14 109 13 107 18 106 18 108 22 110 11 105 24
206 -7.1321361992603265 -6.6582980781294747 22.602865966444867 105 112 106 1.0708656394934486 113 34 111 18 116 29 114 34 123 62 118 51 115 36 112 21 109 20 107 29 106 28 110 24
207 2.6801562193268222 5.5757483762920756 17.936216822196851 162 184 230 0.23033983038579864 113 30 117 27 111 20 116 27 115 21 112 23 109 24 106 29 110 31
209 0.92822105267036759 4.8767875068740496 24.024600000345522 55 104 151 1.6959889228580907 113 22 111 27 116 36 115 28 112 25
212 -3.4251656140092255 4.5004713662365701 18.799054323144475 0 13 24 0.36993291508335552 113 33 117 37 120 52 111 36 118 49 122 45 123 57 114 49 116 49 115 34 112 37 109 37 106 36 108 37 107 35 110 37
217 -2.8666153844962352 4.7426973604948701 17.776937430846839 56 100 141 0.73845867805619392 117 115 111 59 114 102 116 107 118 103 120 97 122 92 121 87 121 82 122 81 123 93 115 86 112 73 109 71 106 81 110 80 125 81 125 92 124 74 124 82 119 79 119 98 126 79 126 93 118 102 127 75 127 84
218 -2.8862282323826851 4.7593903541216287 17.88171122470429 56 100 141 0.65081365282892478 117 114 120 91 111 79 118 108 121 86 122 93 123 97 114 113 116 104 115 79 112 78 109 68 106 55 108 77 107 79 110 74 105 46 125 82 124 75 119 99 126 85 127 76
221 -7.9557633458838737 -8.6786296262352227 26.657127275061281 249 255 254 1.117912631705547 117 130 111 92 118 124 114 156 123 120 106 88 108 93 107 97 110 86 101 50
222 2.963524439619079 4.8913680611569843 17.792635607792331 118 151 195 0.17512882370295205 113 103 117 120 111 101 116 105 115 102 112 108 109 92 107 78 106 98 108 74 110 105 105 76
223 -10.017408876792658 4.7632936944407964 21.263951022296894 80 88 85 0.93046748558652548 117 123 120 99 111 102 118 72 121 90 122 72 123 101 113 112 114 114 116 106 115 78 112 77 109 94 107 108 106 128 108 95 110 103 105 75 125 50 124 91 119 59 126 77 127 83
224 2.6934318319471839 4.0211936330574396 18.335293496438002 132 158 205 0.121409413531764 113 102 111 103 116 112 115 104 112 109 107 89
226 3.5658807385368894 3.355945399762529 19.413529695791155 111 141 187 0.2670602479563407 113 106 117 127 111 110 116 108 115 110 112 106 109 104 107 90 106 94 108 78 110 96 105 97
229 -0.50534685864759799 2.776770959466031 19.922871436231308 2 19 41 0.56084568909650356 113 146 117 113 111 118 114 128 116 152 118 136 123 135 115 95 112 169 109 153 107 104 106 122 108 143 110 130 105 99 104 84
231 -1.2911077229189609 3.7726355751816145 19.409885394285514 1 22 48 0.4251171011307292 113 151 117 168 111 126 114 147 116 156 118 120 115 128 112 144 109 120 107 116 106 141 108 163 110 121 105 106 104 82
232 -0.35972038290718267 3.7076987486985677 18.087090945414449 43 54 55 0.5892917950442369 113 127 117 140 111 128 114 178 116 128 115 129 109 121 110 173 108 208
236 3.3931779074094761 1.4782542136299648 5.6698711243377335 0 0 0 1.9445979768256241 117 188 122 76 121 175
239 -0.94989847481003042 2.840672651860384 20.254753625828254 21 83 128 0.36521070971060193 113 147 117 165 111 152 114 144 116 153 118 192 120 160 121 138 122 159 123 159 115 157 112 170 107 142 108 124 105 119 125 134 124 177 119 139 103 125 102 96
240 -1.3103637118002838 3.0376541174092582 19.608966675035187 1 17 35 0.22190814571611372 113 149 117 166 111 153 114 163 116 125 118 147 115 159 112 172 109 97 108 97 103 96
241 0.094982049949005026 3.2036575145542212 19.262051801253751 0 25 50 0.23176950865490351 113 150 111 154 116 155 117 167 115 160 112 143 109 119 107 107 106 140 108 96 110 113 105 109
242 0.018192112350813777 3.6719216180290681 19.771320585181787 42 90 130 0.38984005911220815 113 191 111 155 116 173 115 161 112 174 106 124 108 145 107 143
243 -1.2909718178744338 3.7955062200861365 19.541050331350178 1 22 48 0.46662698166993938 113 126 117 138 111 156 114 164 116 126 118 148 115 162 112 122 109 158 107 115 106 126 108 147 110 142 105 101 104 83 103 101
244 -0.84357798841706344 3.8242518934647647 19.142666384613303 40 80 113 0.45093596716227291 113 152 117 170 111 157 114 148 116 157 118 138 120 162 122 103 123 137 121 137 115 163 109 159 107 145 106 130 108 148 110 143 105 122 125 139 124 148 119 131 126 144 127 174
245 -0.35624160951038053 3.7344295392516225 18.313289881329084 43 54 55 0.69887559689173973 113 153 117 171 111 158 114 189 116 158 115 164 112 175 109 160 110 167 108 228
246 3.2340318136700237 4.4653614580150371 18.218105856392228 149 178 229 0.12741391727442614 113 129 111 161 116 129 115 166 112 123 109 188 107 149 106 159 108 150 110 179 105 105
247 -9.9626695664960945 4.0145405699458339 20.265802118535074 80 87 77 1.0149509342822973 117 172 120 100 111 162 118 110 121 72 122 121 123 103 114 116 116 159 113 79 122 55 114 62 115 103 112 125 107 147 108 205 125 89 105 142 124 109 119 77 126 89 127 107
248 3.5426576520485291 5.2928414408431887 17.793754329427156 128 161 214 0.42654788841406371 113 158 111 163 116 186 117 202 114 153 115 167 112 105 109 186 107 163 106 170 108 168 110 174
251 -3.7820737085618559 4.6691141758456487 17.991837808623298 41 96 142 0.96126367514969657 113 157 120 163 111 174 118 154 121 129 122 180 123 160 116 162 114 183 115 207 107 150 125 164 126 155 127 149
252 6.0428960650273087 5.8092132894339077 16.993685393283471 3 31 54 0.35979622091844587 113 202 111 175 116 248 117 267 115 208 112 127 109 162 106 129 108 152 110 115
253 5.3965438438960138 0.72752621527119543 11.339629592967677 86 84 74 1.3047380817537151 113 167 111 187 115 156
267 -9.5015411194382438 3.882102187120462 20.592275555724655 51 51 46 0.77369547099547253 113 193 111 236 117 199 114 244 118 151 120 161 122 161 112 224 124 147 119 122 126 106 127 106
270 -3.6135851679448265 4.0207675281354627 17.938102169285504 51 98 136 0.58736366459842748 113 195 111 243 116 184 117 201 118 152 121 105 122 123 114 182 120 131 123 139 115 206 112 222 125 116 124 111 119 125 126 107 127 147
271 -9.6684276324116052 4.2388855767938924 20.682115165382992 47 50 42 0.91878863270705158 117 200 111 244 113 194 114 167 118 140 122 122 121 95 123 138 115 204 112 184 106 127 125 115 124 110 119 124 127 130
272 6.3365764660443888 5.8897031883107891 18.172699309927033 62 71 71 0.25708914407832656 117 268 111 248 112 186 109 190 107 118 106 169 108 151 110 144
273 2.7656338118262389 4.3334657936524117 17.867694690974115 110 142 194 0.37965192318022839 113 169 111 254 116 246 115 190 112 183 107 168 105 143
278 -13.516732636066079 -14.213279403383021 38.068660770370769 191 181 167 1.0940934137499307 111 23 113 28 114 33 116 22 115 22 117 28 123 60 118 61 112 32 109 28 107 27 106 20 120 96 108 26 110 23 105 28 104 21 103 27 101 23 102 26
281 -2.5012659182470802 5.2497190367303297 17.986439918434723 1 11 15 0.9157180292190471 113 61 114 54 116 61 115 48 117 69 123 59 118 57 120 51 121 43 122 48 112 42 109 38 108 56 107 51 125 37 124 39 119 47 126 40 127 51
288 -4.703938632836512 4.7610393995162426 16.999053139753471 21 88 137 0.85432819598990384 111 80 114 68 115 80 118 68 120 77 121 67 112 79 109 69 106 52 108 46 110 75 125 52 119 60
289 15.592681056158336 -4.4690814118879647 31.314974824881119 105 113 112 0.27122277786441185 111 111 113 117 114 107 116 100 115 96 117 105 109 99 108 115
291 -6.7214269999385889 -8.8011257220484751 25.626831318147975 252 255 251 0.83935601304773366 111 91 113 94 114 78 116 95 115 119 117 98 112 91 109 89 107 96 106 87 108 110 110 84 105 164 115 228 111 198 113 170 109 221 104 63 103 75
292 -10.638060590707655 -12.319093401853225 33.060704920407652 255 255 248 0.69486729582912465 111 89 114 94 116 94 115 120 117 101 118 62 112 90 109 90 107 122 106 86 108 111 110 83 105 127 104 105 103 106 102 101
294 -15.203680377749125 -13.086718975514639 39.069679059377286 204 195 183 0.26141758439947665 111 133 113 133 114 174 115 135 118 164 117 214 112 132 109 128 106 108 108 127 110 116
297 -1.4308150987757693 -0.93920458475944368 21.048368905262919 91 94 92 1.3973695321767472 116 180 115 151 112 165
298 -1.8340739861703028 0.058325614359953315 11.536872456131169 89 92 87 2.6628996493643466 116 208 115 155
299 -6.8319527664311757 2.5279752724971276 19.830841574324268 83 92 85 1.2821826223426309 122 156 115 158 123 158 125 121 105 120
306 -8.4862011868554088 3.1713195721957357 20.988046397485128 84 88 81 0.98672384783877887 116 198 115 203 113 236 118 193
307 1.9588864388970841 6.275927973895195 15.332492298080911 94 126 167 0.40680259590643131 113 254 116 253 115 211 117 262
308 -5.7729784412818148 -2.0161639527339115 9.3770552787787143 74 77 73 1.7572940798038845 111 257 114 129 115 217
312 -7.2317450100544107 2.2047872793641998 24.195369993679734 35 39 37 0.86144129735432584 113 233 114 227 116 176 122 100 115 239 117 205 120 146 121 112 123 134 125 110 126 125 127 119
314 -7.2317450100544107 2.2047872793641998 24.195369993679734 35 39 37 0.86144129735432584 113 245 114 240 116 185 122 117 115 255 117 197 120 128 121 124 123 154 125 129 126 101 127 104
340 -15.164933143072769 -8.9985493722867922 34.590760934399675 112 110 99 1.2957339167710025 111 200 113 111 116 139 115 192 114 166 118 165 112 206 106 148 109 246 108 181 110 156 110 192 110 203 108 193 109 244
346 0.75937794581932738 1.9505490913049537 18.267645770704977 0 0 0 0.035222294906274709 113 11 120 10
347 2.3801952217553186 4.2774387220920813 18.743569688079287 111 144 188 0.4552626329640036 113 23 116 37 117 36 112 26 109 22 107 31 106 21 108 31 110 29 105 23
348 14.703857795867092 -4.9694216645394222 32.196940380267606 132 134 133 0.36514165444511631 111 57 113 90 115 71 117 95 112 87 114 124 109 61 107 88 106 77 108 68 116 99 110 68 105 80 101 57 102 73 99 40 100 55
349 -6.3869166893334537 -7.1840169691315623 22.686656735823028 107 112 116 0.42188278757010989 114 95 123 121 112 92
351 7.4316993990542501 7.4699128018097198 25.5909651657959 128 164 218 1.0953932764543526 113 81 117 80 112 126
353 -12.342772320513864 -9.5680208574386096 31.019354129990262 66 70 70 0.79930377939395691 111 134 116 135 117 146 118 125 123 122 112 151 109 131 106 110 120 112 122 145 108 130 110 123 105 111 102 81 99 95
354 -11.361961893018133 -7.9936148185831266 28.160233968745729 226 212 205 1.0131004397677854 113 137 115 189 116 136 117 147 118 213 112 155 113 177 106 158
357 -5.9136684774427044 -11.117240893634593 29.716422709538346 48 52 56 0.18009542147896818 113 199 117 185 112 197 116 168 118 169 109 177 108 187 105 134
358 -11.956944911391679 -10.754641435281803 32.967632784577958 254 255 249 0.29268318063392984 114 207 117 255 118 196 112 200 123 165 109 223 107 194 106 187 120 149 108 221 110 196 105 181
359 -7.8419670244138029 -7.9813137656949342 25.843284514348202 104 111 129 0.74722408732949008 117 256 112 204 105 148
360 21.970933022281486 -2.8274165629502868 31.372169806933499 120 126 119 0.72929760177365999 113 206 114 137 116 209 117 157 112 213 103 98
361 2.4461149693345945 5.8491485709395592 16.988689095701119 141 160 191 0.59136684993003252 111 251 123 143 112 218
362 -6.3315692601887203 2.5759054803758517 13.115675550083024 0 0 0 3.2291322535929012 111 204 116 247
363 5.8906832505896567 4.2193094148332593 18.792454118408788 92 132 182 0.13134844999926151 118 198 120 179 123 211 112 225 107 234
365 -8.6128258483766267 3.3206276978568949 22.436216171487487 49 50 45 0.24415626744608637 114 180 112 227
366 -7.5328446322418259 2.5236004037790103 23.303279156997831 41 42 38 0.5992814763607025 111 208 117 251 113 244 116 231 112 229
367 -7.3572712979227735 2.159566283599867 23.127453727223255 83 86 77 0.61937072295261053 114 241 117 221 118 203 120 159 112 230 124 146 125 109
369 -8.6128258483766267 3.3206276978568949 22.436216171487487 49 50 45 0.24415626744608637 114 185 112 254
370 -10.736480569416402 4.364434925662585 25.60130494479186 48 50 43 1.6907760119754391 114 188 112 255
371 5.8906832505896567 4.2193094148332593 18.792454118408788 92 132 182 0.13134844999926151 118 227 120 203 123 218 112 256 107 236
373 -7.5328446322418259 2.5236004037790103 23.303279156997831 41 42 38 0.5992814763607025 111 234 117 220 113 234 116 200 112 267
375 11.382639479091337 2.8431908846308298 23.581317616014818 46 48 42 1.2324608733349873 113 203 112 283 107 216
376 -1.91999543779857 -1.5165874135787023 25.427084891082515 0 0 0 0.27178608427482204 120 199 122 185 123 228
386 -5.4458491873269557 1.5815564671996858 20.792889225679652 84 91 90 0.30303462838314515 122 200 109 152 107 140 106 121 108 142
393 15.800947442638003 -4.5931822244131606 29.838648047940133 38 42 38 1.1416641425948229 118 182 109 240 123 191
395 -15.916658494387638 -10.15821017849926 36.239225175879263 42 45 38 1.876597891480847 111 30 113 35 116 63 115 40 117 61 109 40 111 137 113 136 116 137 115 136 117 148 118 127 114 96 123 123 112 154 109 133 107 43 107 185 106 40 108 52 108 180 110 42 110 155 105 40 105 112 120 33 104 75 104 169 103 47 103 114 103 186
396 14.533175481153116 1.7265067343825453 27.37138853732154 50 54 45 2.0862375436413974 114 231 116 204 112 180 109 235 114 239 122 116 118 210 120 102 116 258 113 204 111 210 107 167 125 112
399 3.5336844842228463 5.2644665834185851 17.699951078108054 125 158 212 0.40496438768698356 111 130 109 189 112 107 115 130 107 151 106 163 108 175 110 157
400 2.5198565985570389 4.9221689340379946 17.451976193606829 149 177 218 0.14684522969441335 111 172 112 279 109 228 107 171 108 235 110 210
402 2.7670933966011524 4.1334512050150796 18.8101242904747 145 171 216 0.29420299984718656 112 104 107 77 105 73 104 61
403 15.792340911595055 1.6936451536637984 22.054063507084582 114 115 113 1.1751908659109274 109 172 112 112 107 83 115 53 106 61 105 66
405 -0.03294251797048417 2.9819002225136462 20.243703801173723 27 90 141 0.25401974145881906 109 154 112 171 107 105 115 108 113 148 108 120 105 98
406 -0.52911763827315539 2.5833837843786345 18.899420416183485 1 19 41 0.3014691390495125 109 118 112 141 107 113 106 139 108 162 110 141 105 107 104 77 103 97
414 -0.82991763310499145 -2.2438394062278926 13.300447059377836 102 97 91 2.7641135108474115 112 99 107 102
420 -5.7116924394401556 -11.894100818813284 27.491204862567638 252 253 247 1.0589242651121782 106 13 107 22 112 19 116 14 108 15 115 15 117 21 109 19 111 16 110 15 105 16 104 16 103 19 102 4
421 -5.0196548863120798 -12.725257556757855 32.718286461487487 247 237 233 1.0672045865856972 106 53 107 41 112 50 116 79 108 53 113 64 114 83 115 65 117 99 109 42 111 64 117 141 110 43 105 47 104 35 114 173 103 30 101 19 102 23 99 14 100 19 96 12 98 15 97 17
423 -9.9093667122114617 -11.791894548554311 29.64802741726313 208 193 186 0.47734696954432199 106 59 107 60 116 92 108 85 115 93 109 83 110 76 105 52 104 65 103 72 101 61 99 52 100 84 96 86 98 76 97 95
424 -10.478570516685165 -12.472534032529669 31.392273825854037 208 193 186 0.27207872154311075 106 79 107 73 112 49 116 91 108 86 113 85 115 64 109 77 111 51 110 79 105 58 104 44
426 6.074745385723646 5.8471655588767346 17.089998968512326 4 31 54 0.12916289519717397 116 233 108 154 113 196 117 253
428 -5.8522715481433467 -11.482827479754183 28.918600045193699 58 54 54 0.61331229430309653 106 161 107 183 112 192 116 190 108 169 113 175 114 171 115 199 117 209 109 199 111 171 110 149 105 158 104 133 103 135 101 128 102 146 99 116 100 103 98 87 97 58
430 -5.865571795336832 -11.490183422296415 28.930888875389492 58 54 54 0.68915842674366357 106 165 107 177 112 196 116 177 108 186 113 198 114 186 115 182 117 182 109 176 111 188 111 258 110 182 105 160 104 141 103 174 101 136 102 139 99 127 100 91 98 100 97 60
431 2.6824446700521962 4.8923516579040953 16.474536857760047 136 164 208 0.24300244274577679 106 197 112 220 108 201
432 21.806370497649649 4.3478118923019622 35.847380942500962 86 88 79 2.7290103710054101 122 187 108 211
434 -1.8320012509708201 -7.2470096476074328 27.188520296770903 104 105 101 0.80113177407845693 106 26 107 28 108 27 109 25 111 31 112 34 110 25 113 53 115 43 105 15
435 0.1070623774046779 3.2574220084056478 19.587296221184157 0 24 49 0.20383631306345967 106 123 108 101 109 155 111 125 112 173 110 111 115 127 105 103 104 86 103 95
436 -12.829172097087451 -7.9437925313628837 30.616447777538706 15 21 20 1.416614679917557 107 225 109 135 111 199 112 205 110 125 115 191 116 187 105 163 104 119 103 180 101 60 102 66
437 -5.9288954388612085 -11.14574544891197 29.804432967358153 51 61 60 0.13983143784427304 106 143 107 119 108 171 109 195 111 196 112 193 117 213 110 151 116 133 113 176 115 134 105 128
438 14.930511458962023 1.0100103265005391 30.486686512844528 81 82 70 1.0012627874243922 106 157 109 237 112 234 117 161 110 166
439 -9.1978126862435392 -10.481579151136685 27.090362720853875 188 178 167 1.1941767678399431 117 211 110 150 116 76 104 193
440 -3.4727330604445288 4.4769025763144068 18.767268058017287 0 19 30 0.16763243078305998 107 37 108 39 105 32
442 16.939812082993125 1.9349623713158948 23.630956335880935 110 116 112 0.20772897146482536 107 92 115 49 105 62
443 -16.034327063093503 -9.0098770837045006 33.052381643486235 84 87 81 0.27218257045589483 106 90 107 99 112 113 115 117 105 95 111 100 109 75 110 53
444 -0.89412004322846006 4.0273347857457251 21.420771508585759 61 72 70 0.14887899280166841 106 125 107 144 108 146 105 121 110 135 109 157
445 22.103090760674689 -1.864633245497783 30.168606625726792 108 112 107 0.95903560606904892 115 256 105 174 106 176 111 213 110 186
446 -8.2559280750178186 -11.624271707196927 25.328896506780826 252 255 251 0.35340032325503618 115 94 105 86 111 87 104 68 103 100 101 97
447 -13.129619418987055 -9.1556851898352924 32.468150564420014 230 222 219 0.39200662623442345 107 228 112 274 115 235 105 177 106 150 113 200 104 120 101 130 102 172
449 3.73795615625599 4.9203663845423495 18.770860541399077 147 179 233 0.32443359984667541 107 9 105 6
450 -10.81538576253352 -5.8119205378219787 24.259940222374926 116 123 122 0.74747259446054892 106 34 108 36 105 49 110 35
451 -8.5598003466997099 -11.710312005406974 27.541683846365313 252 255 251 0.99599334206861434 112 66 115 62 105 53 113 65 116 80 117 75 104 67 103 73 102 77 101 70 99 78 100 99
452 -17.849659592365455 -8.6366267014570397 36.682766610720861 11 18 17 0.74065210469181086 112 100 115 141 105 54 106 91 111 114 113 178 107 56 108 118 109 86 110 90
454 -5.7979272757741978 -11.236951551065008 29.207462434726054 135 96 101 0.46087429831461491 106 70 107 72 108 87 112 65 105 60 109 50 110 61 111 82 104 55 103 71 101 30 102 35 99 47 100 49 98 45 97 24
455 -18.488544651445856 -8.9617816006913529 38.277799265605665 11 18 17 0.58063122467399142 107 82 108 106 112 114 105 81 109 108
456 -6.4781725491994768 -10.953168535003947 28.44509286253604 254 255 249 0.90833876096377886 106 96 107 114 108 112 112 89 115 121 105 87 111 88 113 119 109 84 110 98 104 69 103 76 101 54 102 53 99 60 100 54 96 44 98 44 97 35
457 -15.388787004141744 -8.9355002212188435 34.639716861842288 120 117 103 1.1637919876334459 106 168 105 90 109 111 110 89 112 96 115 105 113 95 109 137 118 173 104 118 103 118
458 -6.2413177641009154 -10.405252928841879 29.427089172194915 254 254 253 1.1468645141262657 106 166 107 154 108 189 112 199 115 230 105 129 111 189 109 178 110 184 104 70 103 77 101 52 102 60 99 48 100 44 96 30 98 33 97 21
459 -0.4996293817289722 2.8503064629543218 17.409390999424463 48 58 60 1.4791606121846956 107 215 105 140 104 59 103 56
460 -13.54474157604049 -9.0299303699255855 34.912523938314962 226 217 215 1.7396769645115577 112 276 105 165 104 116 103 117 101 82 102 89 99 57
461 -19.31488920828339 -9.9995217524505993 40.928010992049323 104 102 88 0.2579674281978715 106 183 107 224 108 216 112 277 115 220 105 168 111 220 109 207 110 191
462 -15.368895155594348 -10.366088663096479 36.015073708383042 204 200 197 0.37486399097319534 107 233 112 273 105 178 113 219 116 178 104 170 103 147 102 180
463 -11.849712405163537 -11.506594196903984 35.070138573355912 254 254 252 1.6549624317747191 112 265 105 195 116 255 113 223 117 273 111 226 112 194
464 -15.500188843982381 -10.454471348880695 36.310560451092812 204 200 197 0.43929759094899223 107 235 112 247 105 202 113 229 116 189 104 175 103 136 102 142 102 175
465 -15.161808925140749 -8.5367784959752342 33.382434442644524 125 123 111 1.2474547039533666 107 187 108 194 112 201 105 149 109 184 110 171 104 121 103 183
466 -19.231035809940568 -9.9449102196438695 40.68759799803351 104 102 88 0.31233515183797023 106 199 112 280 105 190 111 230 115 236
467 -8.0020196860748118 5.8068607727577444 22.752868741320558 95 103 101 0.91616640863050181 121 4 122 5 123 8 125 3 118 10 120 6 124 5 119 5 126 5 127 4
468 -7.8381362916878334 5.7539757450713127 22.368888122338983 95 103 101 0.90328044138980246 116 3 121 3 122 4 123 7 125 4 114 7 118 7 120 8 113 2 117 3 124 7 119 6 126 3 127 3
469 -1.0546359520094688 7.8068930865157409 16.382824512296839 77 112 150 0.90217282471111082 121 11 122 14 125 8 120 18 124 12 119 11 126 11 127 9
470 0.9213417041255203 9.1212572211604428 19.38939980112632 24 30 28 1.0709538010756592 121 14 122 16 123 32 125 10 118 30 120 27 124 13 119 12 126 12 127 11
471 -1.0276870407236842 7.8075055538273368 16.415193998572768 77 112 150 1.025356390185888 121 10 122 13 123 17 125 12 114 19 120 17 124 16 119 14 126 14 127 13
473 -1.3800829578176783 6.7359466738781997 19.245180599409036 3 14 17 0.33834519048881262 121 13 122 23 125 16 120 26 123 31 114 35 118 25 116 47 117 40 113 48 124 19 119 18
474 0.31428216533034198 8.0998965847652471 13.709034293459025 90 118 150 1.674789151234868 121 26 125 32 122 26 120 28 124 57
475 -3.2744572301716861 4.3616945892415062 17.950107091778079 0 15 29 0.70746537633370044 116 44 121 48 122 56 123 53 125 35 114 48 118 50 120 61 113 45 117 50 124 36 119 45 126 38 127 49
477 -1.705878722496263 5.4835776560311897 16.894748935311927 41 87 132 1.1198150610451476 121 46 122 47 125 46 120 55 124 40 119 40 126 41 127 36
478 -1.1752003310444685 7.7412029150930302 13.924776995633533 97 123 152 1.2786193927053335 121 52 122 84 125 49 120 85 124 51 119 84 126 83
479 3.2947322482088706 6.7500254333049288 16.863932360066862 125 148 182 0.20633754187984418 121 65 123 91 125 53
481 0.085591190048973836 7.3771169768344258 14.812585496602535 60 93 129 1.3380581389050836 121 71 122 91 125 56 120 90 124 50 119 61 126 61 127 55
482 0.08424683882851404 7.4609122778574637 15.13234245755798 60 93 129 1.3327871848982744 121 66 122 86 123 76 125 58 120 82 124 55 119 48 126 69 127 56
486 1.1922195586598554 8.8100122012187931 17.641216911608993 43 49 44 1.3344981527327533 122 137 123 183 125 72 118 161 124 69 119 95
487 1.7637300665556324 8.1471250299732443 14.409520341240087 3 23 36 0.86408168410980535 121 96 122 97 125 74 120 134 123 177 124 56 119 86 126 49
489 1.1663657285568612 3.0418292534965206 1.5561006838624234 96 88 82 0.85446155488783848 119 73 126 37 124 92 127 47 125 95
490 -5.4882647218756002 0.91834397740979301 24.066362559659076 99 99 93 1.4483890504252481 116 203 121 101 122 153 123 155 125 106 114 232 118 212 120 127 117 225 117 224 124 103 119 118 126 98 127 98
493 -14.105536668000612 3.1182398387590364 25.220810106073976 91 98 99 0.040810630119504435 123 106 125 135
494 -0.38308829350473572 4.1743209555939824 2.2669649377567751 91 99 98 1.5772996110555824 122 173 125 144 121 159 124 156 126 86
496 10.823630469744161 -0.24367277971855272 24.624622825619525 33 36 35 1.3105975973423256 122 140 123 217 125 151 120 145 121 165 119 91 124 79
497 1.8439313675593212 8.0810513187490045 16.4744726185593 76 109 145 0.34870011693305397 121 49 122 61 125 57 120 74
499 1.9407585648018877 8.4876032007870652 14.281934073220999 73 106 141 0.56909192490565441 122 83 125 90 120 86
504 13.450255080044686 2.5668550069236487 20.334482245046768 77 78 71 1.1986442089049849 122 157 125 136 120 181 121 134 124 106 119 137
505 -1.9355478739399108 -2.1194491534720918 30.473491134269381 57 57 53 1.7596896179890917 121 139 125 150 120 157 118 231
507 -1.7058787224962595 5.4835776560311862 16.894748935311899 41 87 132 1.1198150610451476 121 44 122 40 125 38 120 56 124 44 119 37 126 47 127 40
508 9.9252450747719561 0.10481141101744518 21.35863638349824 98 98 88 1.5822735983465885 114 224 122 135 123 179 118 225 120 158 121 122 125 128 117 119 111 123 114 104 116 111 115 178 112 140 109 117 110 140 104 99 119 116
509 0.66461163523430711 2.8289612889171849 3.7089367530168209 250 101 98 0.16802810646340094 125 2 124 3 119 4 126 4
510 1.0941742363779834 2.165820626459884 3.1022130152284606 101 102 96 1.4604419976335388 125 1 124 8 119 3
511 0.025492752363382831 1.828459212606526 4.0291440690490328 101 104 98 1.9544574449333154 125 20 124 10 119 9 126 8 127 16
512 2.0137615225349821 5.7384174677548208 7.9651585867474193 127 148 187 1.2917813995300089 125 9 124 14 119 13 126 13 127 10
514 0.62097117115989209 2.4423124572393906 1.8888886782377297 251 246 181 0.7063336106100675 125 19 124 20 119 19 126 18 127 23
515 1.4254659030596892 2.8074644883948903 1.8699843415659041 82 82 82 0.26887177117457223 125 28 124 23 119 27 126 22 127 26
516 1.309126489058563 2.9034512772320848 1.8769166470720291 93 82 80 0.13956689049576765 125 21 124 24 119 29 127 28
517 1.8814852822205381 2.4866026116378253 3.031077283709855 195 209 209 0.31919087607562036 125 33 124 31 119 26
522 1.2743249425909897 2.5151156238267705 1.8776572158486313 109 116 113 0.42557613028133334 125 73 124 47 119 70 126 52 127 52
524 0.73993554916417115 2.2893735577996353 2.0107906547319017 107 108 103 1.0447735893180872 125 17 124 49 119 25 126 34 127 22
525 1.1447747492889073 2.998591447095567 1.965504356394522 158 130 120 0.25416029857275657 125 48 124 52 119 58 126 66 127 68
527 1.170714900493933 2.8904026796693492 1.9365529668518988 187 163 149 0.20886523713092914 125 51 124 63 119 56 126 63 127 64
528 1.6481908192630814 2.6679109740572677 1.8700013811997576 84 89 87 0.2310296138878285 125 63 124 64 119 54 126 51 127 65
529 1.3249734351754845 2.6593545405633439 1.8699810396240282 179 182 178 0.17672725396676592 125 64 124 65 119 53 126 54 127 66
530 1.4026861851870156 3.0447464543248994 1.8514648384403867 238 225 214 0.27631821715711624 125 83 124 77 119 88 126 90 127 78
531 1.3221678575311584 3.0098798117575516 1.8734797916028136 238 237 215 0.29811690284502063 125 84 124 78 119 89 126 91 127 79
532 0.53058671614311459 2.3852984363480578 2.0525417056470001 192 154 131 0.72607298933020581 125 123 124 80 119 110 127 94
533 1.3221678575311584 3.0098798117575516 1.8734797916028136 238 237 215 0.29811690284502063 125 85 124 84 119 74 126 75 127 74
534 1.4026861851870156 3.0447464543248994 1.8514648384403867 238 225 214 0.27631821715711624 125 86 124 86 119 75 126 76 127 80
536 1.1121265577174864 3.1183019227548252 1.9355080667352009 155 124 116 0.22210145327234534 125 55 124 90 127 69
537 1.4244363369069841 2.5702587764668303 1.8519197443609914 184 192 187 0.16904950573968519 125 126 124 97 119 111 126 117
538 1.5983708519598552 2.7443755849837954 1.8534296683105638 95 98 98 0.29224950021136242 125 99 124 99 119 113 126 120 127 96
539 1.3396159546639788 2.7502636492642054 1.8980679849191437 254 239 219 0.17869451123031477 125 101 124 100 119 114 126 121 127 97
540 -4.9484895259494799 0.12983995171327711 28.707595866489356 51 51 44 0.25412600384889966 114 236 124 102 118 215
541 1.4716170087994724 3.030000507173785 1.8508111039998956 80 64 48 0.34006675494062633 125 107 124 105 119 120 126 102 127 105
542 0.74505469880643738 3.9700167993467552 2.8829158343446077 28 83 128 1.0498099978927908 125 96 124 117
543 -4.9484895259494799 0.12983995171327711 28.707595866489356 51 51 44 0.25412600384889966 114 234 124 127 118 226
544 1.1793993903589679 7.4227066941510582 15.500402941726552 31 76 112 0.74567251831995396 114 216 124 131 117 257 118 149 123 175 120 174 122 155 119 141
545 0.58136513766425235 2.2340189463570184 1.9144156975707645 190 154 130 0.74164989367238954 125 149 124 138 119 104 126 149 127 140
547 1.113774561947418 2.9142669933562022 2.2636773451008381 62 31 21 1.5512137642291051 125 137 124 141 126 136 127 171
548 -0.32823569142621056 4.6855165473108968 4.676147849237454 73 81 80 2.4950717098119597 124 144 119 108 126 129 121 164 125 157
549 1.6199631546061357 2.712549570573743 1.9478531095400866 100 101 103 0.12301572971273915 125 168 124 152 119 155
550 1.6180127933891484 2.6496568296577117 1.8327554917678281 86 93 95 0.23035030848315202 125 177 124 154 119 164 126 173 127 157
552 1.3719844733554543 2.9874433730345098 1.8869071380363232 138 112 90 0.27867323943126088 125 167 124 178 119 168 126 163 127 170
560 1.4163766109274789 2.7727551727772779 1.9019113589353496 82 85 86 0.031543018890676525 125 62 119 55
568 0.45540533131205951 2.6241748180964395 2.5960182384813253 251 105 104 1.0444643526820974 124 34 126 35 127 25 119 21
571 0.89056055308672721 2.9711314891441498 0.11570763493917935 91 83 79 0.29587148674629743 121 34 122 36 127 31
573 0.6110320167472949 2.2938813924475392 1.9630463660831565 248 204 156 0.50600076707619701 119 65 124 72 126 53 127 67
574 0.6110320167472949 2.2938813924475392 1.9630463660831565 248 204 156 0.50600076707619701 119 51 124 66 126 55 127 62
575 0.6110320167472949 2.2938813924475392 1.9630463660831565 248 204 156 0.50600076707619701 119 66 124 60 126 59 127 63
576 -7.2527090805274677 1.7257885682153338 25.182086352258935 96 100 93 1.8052664826455709 118 209 121 102 123 156 116 202 126 100 127 101
578 0.21034665553872883 4.593816519160594 3.1495880843272981 96 98 95 1.61128883462874 121 174 122 203 126 134 119 162 127 129
579 0.21034665553872883 4.593816519160594 3.1495880843272981 96 98 95 1.61128883462874 121 173 122 205 126 146 119 160 127 155
580 0.76026216916039835 3.083610612820137 -0.24782650585945309 143 131 123 0.33563816804529562 121 177 122 202 126 162
581 0.98883819001826356 2.9036036581601339 0.053532049929537195 81 83 84 1.4948338128700491 121 149 122 170 127 178
582 0.76026216916039835 3.083610612820137 -0.24782650585945309 143 131 123 0.33563816804529562 121 178 122 192 126 175
583 1.5541219430554061 4.3475543290879042 2.5721987088335827 157 153 143 0.66097807659315599 124 0 126 0 127 0
584 -0.2034070313107546 5.5571261798992193 4.8497771654889181 121 124 117 1.1501335818398584 119 1 124 2 126 2 127 1
585 0.96045388419121003 3.7993047157889004 2.0650033833771992 224 66 56 0.34775964513793406 124 62 126 60
586 2.6836378851963958 2.6095203258484192 3.3707730098922553 64 71 63 1.8158720534012645 119 20 126 62
587 1.0898761108044248 2.3444323315524489 2.1482877158511764 63 64 58 1.5859610926960208 119 149 126 72 124 158
588 1.293401675247706 3.1025677589361091 1.9547790864345591 116 109 100 0.48851676494337343 119 100 124 87 126 97
589 1.590887020968704 2.6546726547880111 1.9183615946478991 236 251 250 0.16730168501210557 124 124 126 118 119 112 127 73
591 1.5901358754344752 2.7476744321224773 1.827352983063657 99 98 93 0.2666262733946505 119 106 124 125 126 124 127 118
592 1.6113382707667534 2.6530666584789344 1.8116993797926493 88 94 98 0.21988798793994216 124 167 126 177 127 179
595 2.1981584662698821 2.7478265093276084 3.53159017611656 120 123 122 0.87994910497618617 124 22 126 23 127 27
596 2.1981584662698821 2.7478265093276084 3.53159017611656 120 123 122 0.87994910497618617 124 21 126 29 127 30
599 0.98092334947107773 2.1512080089336045 3.4850616362146734 59 58 50 1.8871097229965095 124 155 126 140 127 136
602 3.3903762244529645 3.5113825010867696 6.0877342420695122 108 113 112 1.8707311589797335 119 8 124 9 126 7 127 5
603 0.53001518956952287 3.8576753543145168 0.886302360498882 139 138 129 1.860159914022012 119 49 121 64 126 94
607 1.1742404833320803 3.0376016983541243 1.5932234855725929 92 82 78 0.86089215010506814 124 88 125 79 127 42 119 90
608 1.8383362928037985 2.728563963638746 1.9563715250336577 27 35 32 0.47056137288469213 126 57 127 45
613 0.38475118955554544 2.2274034640037144 2.1488107486745229 158 134 117 0.42226175161025614 124 119 127 92
614 34.123257309506442 4.7851555533591226 59.938566711863707 0 0 0 2.0216021141366314 112 278 122 194
615 0.38475118955554544 2.2274034640037144 2.1488107486745229 158 134 117 0.42226175161025614 124 123 127 117
618 -0.47934224293385341 4.7503380394046779 5.2031585651323145 67 76 75 1.3265857967331935 125 173 126 113 127 124 119 82
620 -5.8466403565320668 1.2021084838926754 26.619735680294827 47 48 40 1.3796999087000998 112 233 127 134
622 -5.8466403565320668 1.2021084838926754 26.619735680294827 47 48 40 1.3796999087000998 112 251 127 138
624 1.5988775768775008 2.6549481891573823 1.9275811676303345 233 247 247 0.50569457281616248 124 98 126 123 127 90 125 175 124 181 119 105 126 166
629 -9.8336191795233141 3.9586677066726521 22.894454098983946 47 50 46 2.9134074916927708 112 226 127 135
635 18.741883769674121 -4.7481485753474262 27.158232090650177 115 119 119 2.0445245442036479 107 24 110 17 112 22 104 32 106 16 109 17 111 21 108 17 115 25 103 28 102 19
637 1.7244506452870967 2.706274993034361 23.976320136949258 77 83 84 0.27037467638481233 105 67 104 46 103 51 101 58 102 54
638 3.0860637020293193 3.4136921327968972 20.395305259947236 137 166 211 0.23351444948818587 105 69 104 57 103 53
639 4.3123419325908898 3.5747992847052537 19.553535120943192 4 17 32 0.1813786583208343 105 64 104 58 103 55
641 19.053244787326957 -5.912855306590016 31.072988319458126 119 125 126 0.25354672223963715 107 134 110 131 104 92 106 115 108 136 109 142 105 118
642 -16.337226977037123 -9.4649106361377751 37.163167378903452 115 112 98 0.65581241642792909 105 100 110 97 104 97 102 135
643 -5.3273745388639391 -14.887872655893551 36.166817109318274 108 103 100 1.0038266643232896 105 125 107 153 110 146 111 166 112 130 104 103 106 105 108 155 109 123 113 164 115 170 116 167 117 186 103 104
646 3.7679758921603934 4.106678546789059 18.859886739528054 136 169 222 0.15133694360996547 105 139 104 147
647 -10.932992425281967 -11.731992167703964 33.137763815928459 224 216 205 1.462194697261564 110 152 112 181 104 172 106 145 115 229 101 153 102 190 99 117
648 -6.9516511306645361 1.9756009640426739 26.07980999947177 52 56 54 0.38496635168206522 112 253 104 186
649 -7.012209852146448 2.0591952742449564 26.736247604089577 52 56 54 0.90560473001309383 112 231 104 194 103 167 102 167
651 -7.5926329111725082 -9.0635934218857503 25.883730347528051 253 254 251 0.19665989709065526 104 9 105 19 103 10
653 3.5269916257037965 3.1952229507141894 24.072910994637542 116 149 198 1.9054626941383959 108 45 103 29 106 45 110 49 102 20 101 22
654 -10.3297039304333 -9.2449618154148752 31.447164984645415 72 78 106 0.6453870555993908 104 111 103 79 105 179 101 75 102 83 99 73 100 78 98 54 96 54
655 -13.29012475557988 -9.3823566964182916 34.277399172209847 113 110 105 0.80844991851044279 112 269 103 153 111 221 113 218
656 -0.6666208695471505 -2.7926552812203056 35.397573990821549 60 55 51 1.3321525744646534 112 287 103 159
657 -0.6666208695471505 -2.7926552812203056 35.397573990821549 60 55 51 1.3321525744646534 112 286 103 160
658 -0.66662086954715127 -2.7926552812203047 35.397573990821542 60 55 51 1.3321525744646516 112 285 103 161
660 -14.366156469263233 -11.9996916040215 35.601252830758312 220 212 200 0.69041697808525082 112 242 103 192 101 186 102 187 99 136 100 149
661 3.5524215595284296 2.9481358630135404 20.262442082433409 7 19 33 0.36891110181811237 107 63 105 55 104 56 103 65 114 122 123 94 118 115 120 147 117 85 113 73 116 73 111 76 115 76 112 71 109 65 107 87 106 64 108 70 110 72 102 44
662 -4.2900268572027445 -23.087609222543019 56.863139775473925 123 115 111 1.1713471673662226 103 4 104 4 105 7 106 9 107 10 110 9 112 9 101 3 108 9 109 8 115 8 102 3 97 1 113 10 111 8 99 5
663 14.03574630849379 -0.031427322853478934 24.140433829772441 65 69 60 0.45105125250412464 106 22 101 12 110 26 102 12
664 14.077492198203908 1.6922091863275222 25.477129896152736 89 88 81 0.51793149047054621 103 15 104 11 101 14 102 16 99 7 100 11
665 14.314671021097421 1.7568099716930254 25.836130526698621 89 88 81 0.56714797163755681 103 13 104 10 101 16 102 10
666 -1.0467258125993206 -10.57862539792332 39.956333592451237 97 97 91 2.1799543253193248 103 43 104 40 101 21 105 110 108 121 102 18 111 93 110 107
667 19.340172739870152 -7.569767926845385 30.476075859452461 130 137 137 1.1593814755226961 103 11 101 27 104 23 102 27 99 24 100 32 96 24 98 34 97 22
668 17.524860909565685 -5.997095263260837 33.36690549210131 140 144 145 0.21725965654850557 105 41 101 37 102 40 99 25 100 31 96 25
669 19.378583317811501 -7.41440066949243 32.922431489992682 147 152 152 0.36538682579193077 103 90 105 115 107 130 101 67 108 135 109 140 110 128 106 113 112 159 111 253 102 91
670 2.2717624096172386 1.9629956915778453 20.843412087150554 47 61 62 0.54721092306366892 103 70 104 43 101 68 102 86
671 -0.81383093478045476 -0.1895909323933167 7.264505535775152 0 0 0 0.41600008033350527 111 212 114 106
672 -16.757153476255596 -8.3131864422159687 38.72899170552131 113 117 117 1.7678727904821696 103 121 105 44 101 78 102 69
673 -13.346301393928838 -8.9293102160192106 34.710217374185461 254 252 248 0.68123084977000481 103 132 101 84 102 92
674 -5.9656855773135655 -16.730863500358058 40.615138345221723 111 106 99 1.4891024589641813 106 133 107 121 110 136 111 132 112 147 101 90 108 126 109 163 113 132 115 133 116 127 117 208 102 97 99 30 99 108 96 27 98 29
676 -15.593012061029263 -10.664507598378266 36.371171321001256 228 220 216 0.19101336110149364 103 112 104 110 101 104 102 115
677 -9.8944035963722108 -9.6443755702829712 31.947201208718152 252 255 254 0.32674405343064222 103 145 104 137 101 105 102 116 99 123 100 134
678 -11.342294385344893 -9.1879597071851133 32.345124162481177 71 75 93 0.23784920508168678 103 148 101 109 104 114 102 119 99 84
679 18.307197059168498 -4.4180976325611363 31.036272502823795 125 130 130 0.35311367743824079 105 92 114 181 101 115
680 -8.3433599441081494 -12.00461963958524 27.027215732606297 120 123 122 1.1194929990347584 103 140 105 196 101 129 104 187 102 107 100 130
681 -3.1913372718735196 -0.59866401956883653 22.177691992956117 58 62 55 1.0839926746323774 103 164 104 151 101 150 102 166
682 -15.356105737863475 -13.833892470288287 39.706057406763222 194 182 166 0.75519806972516723 103 196 104 198 107 198 101 154 102 188
683 -7.7872447281416752 -10.909050440297937 26.826705634921158 243 248 241 0.13915919382229167 103 189 101 160 104 132 102 145
684 -7.7315031848532501 -11.281665421243487 27.31613544503811 131 137 131 0.33190224409288849 103 190 101 161 102 193
685 -3.0914424397683335 -0.68375815590946099 21.537553837392554 58 62 55 1.1898535971913939 103 170 101 177 102 186
688 -13.454604572035397 -9.4194750615710365 33.425931690343923 236 225 221 0.75691631985937158 112 135 104 113 103 116 101 123 115 247 105 188 104 143 102 118 102 170 99 77
689 -7.6873273197575926 -11.254446161701049 26.572698553826232 130 136 131 0.70211941431348934 105 204 103 191 101 163 99 139 100 176 96 131
691 19.513651156318797 -8.6097664464379662 34.000170515597652 134 139 140 0.19973612583673431 101 44 103 62 102 39 104 50
692 11.907558996283557 1.6326400475979368 21.691377717793767 90 88 80 0.48684922420428123 101 65 107 138 102 42
693 21.080082113393104 -7.1675809124463319 30.502369221645747 161 163 168 0.48507008157185866 101 36 103 68 102 70 99 33
694 1.0466265986952255 1.7905719834681422 21.604653906969439 2 23 39 0.67664082286594762 101 76 102 71 99 76
695 12.922588734175822 -1.0128382458744318 27.748193034800924 118 121 122 1.2392295454239199 104 87 102 90 99 36 100 87 96 61 97 48
696 -5.4588868015085277 -13.399928947254688 29.96462304473814 254 255 248 0.53786895142024027 104 130 102 106 99 112
697 -6.482389071845331 -15.335313107680873 36.968102870081289 251 252 242 1.491390903000495 104 102 102 108 105 197
698 -4.6018310797016806 -12.240746103256518 32.101727149049317 252 255 252 1.8299137550925035 101 138 109 169 112 149 102 112 116 191 117 212 111 131 115 212 113 168 99 92
702 -7.5961104160839206 -10.920922730170073 28.223463816500715 136 137 133 0.31709157085168854 101 191 103 200 102 191
703 -7.7580041676942191 -9.1935479391683153 26.240590000023648 253 254 251 0.58569125668287936 104 17 105 17 103 20 102 13 113 16 117 23 111 13 116 16 114 26 123 25 118 24 115 18 112 18 109 16 107 23 106 15 108 16 110 16
704 15.111460451313741 -6.7644670435666567 33.677915899015467 121 127 128 0.58436444633853013 104 156 102 130 116 244 114 199 117 234 99 105 100 141 96 93 97 129
705 -6.8759206705064555 -17.539746357709685 42.950059066502412 111 106 99 1.2433502299048829 103 128 104 96 101 98 102 109 99 88 100 96 96 32 96 80 98 37 98 81 97 67
706 13.782008249844642 -26.030865546425552 78.716289672458046 215 73 73 1.7169896676027436 101 0 117 4 99 0 114 3 116 4 113 3
707 -6.0866872822817584 -9.1792810747150764 28.210896473966258 104 107 107 1.4449441484010677 101 25 102 29 99 16 100 22 96 22 98 25
709 14.208823894769157 1.2749414600864661 21.230783219056462 57 58 52 0.35944643591546593 101 64 102 41 99 64
710 -5.3817854476002598 -11.777709725122339 29.270689569923348 253 254 246 0.50890611665580132 101 71 102 110 99 71 100 85 96 72
713 11.858141162460733 1.8050057952954093 19.774216795293984 190 168 159 0.51765668317638647 101 151 99 106
715 -4.5899425056709191 -13.393017959748157 34.65343882570351 46 60 115 0.55825130654432198 101 159 102 178 99 124 100 123 96 103 98 86 97 90
716 -4.5899425056709191 -13.393017959748157 34.65343882570351 46 60 115 0.55825130654432198 101 189 102 192 99 126 100 131 96 87 98 99 97 77
717 -7.4270144419716866 -11.102912762239635 25.229774032222 150 155 150 0.23475221861645076 102 195 99 142 101 171
718 -1.686520909132569 -1.6395793835439783 33.927017729161868 60 56 49 0.78266414272244744 102 185 99 166
719 -7.5759174389672221 -9.30153733501818 28.023662043683643 250 255 251 1.4258524430391819 101 20 99 20 100 27 96 21 98 27
720 -11.105483999036968 -9.0727669065849348 31.866157024924469 70 75 93 0.40321080351112065 101 94 99 81 100 79
721 19.855658644967097 -8.3258054703453919 30.588921432536971 146 151 156 0.25458290312143278 101 110 102 120 99 101 100 111
722 10.027905759711064 -6.6469143637346368 25.431416322204072 110 113 113 1.4319975397706195 101 127 97 82 99 104
723 -6.3845761207936995 -17.207669700276558 43.252967036849256 131 122 120 0.65684084175565483 101 179 102 194 99 122 97 94
724 0.66803230100322031 -3.3920530619549236 24.07762846657808 0 0 0 1.0227259198867511 101 148 116 5 117 5
725 0.35742485764236559 -3.4151349363204497 15.565684840757012 0 0 0 1.6892379238346344 101 175 108 7 106 5 110 5 109 5
726 2.1832331885875407 1.1232506870646366 25.632470000294454 55 106 157 1.0708816992968413 99 18 100 10
727 -7.8987184784406725 -7.9870505466469091 28.378840243755366 107 113 113 1.3911076810270915 99 9 100 16 97 46
728 -8.1443243850324194 -11.073564350549288 27.090878139750256 252 255 248 0.47681225588898152 99 58 101 62 102 50 100 83 96 70 98 74
729 -3.810975856315705 -13.259280521602157 34.681111295823683 254 255 251 1.0296906517111655 99 119 100 101 101 158 96 50 98 75 97 37
730 18.499987431597717 -9.6445134444707268 32.431409466785752 147 151 153 0.28999866360156845 99 79 101 107 100 107 102 117 96 64
731 20.483400668010258 -8.14873750417709 30.409109997743716 160 167 170 0.28361988802880644 99 102 101 112 100 112 102 102
732 -8.6158830187511164 -11.940802539508525 26.425369439575135 246 250 242 0.62609188408859451 99 120 100 128 98 104
733 -8.8984325086561746 -9.1692398189951501 29.346214658001315 248 249 252 0.42095360721952596 99 128 100 139 98 137
734 -5.5745533805937457 -11.483682402504753 30.076355112604361 55 53 58 0.33285294024552081 101 192 100 151 96 123 98 120 97 100
735 -6.8180632008853488 -11.421283369288449 26.609982355776332 250 249 245 1.1087049362460994 103 141 100 155 104 131 96 84 98 84 113 173
736 -5.5745533805937457 -11.483682402504753 30.076355112604361 55 53 58 0.33285294024552081 101 190 100 159 96 148 98 143 97 103
737 -7.5427512362803899 -10.888383752295557 27.081402150476343 106 110 107 0.27578173139069073 101 157 100 177 96 142 98 121 99 138
738 5.0304824142807867 -7.4417093546354174 19.377192777042485 144 138 139 0.7181722245222617 99 134 100 185
743 -0.028518700579510614 -15.72810758254211 40.146716049710193 90 90 86 1.5998455497098285 100 42 96 19 98 40 97 30
745 -8.9120705494252856 -9.2079817690728785 31.492806562662963 250 255 253 0.7313099018924798 100 175 96 89 98 91
749 -6.6284287691514336 -11.086666555760978 26.527418830845953 253 251 242 0.18255553469315197 100 153 96 112 98 118
751 -5.2193247046772333 -13.147257091399691 29.751373023914724 227 204 196 0.40186581873123278 100 156 96 134 98 113
753 -6.3962406191973171 -9.0221405875938974 26.554020159860148 252 255 251 1.0810828180579597 96 53 99 53 100 68 98 70 97 28
754 -14.14939228097462 -11.476747763222182 38.786507612192111 133 128 165 2.2860055669409296 100 181 98 152 97 111
775 14.410118593850155 -4.9513913136955123 31.73664554860072 149 148 143 1.1441613700087565 98 117 104 155 97 114 103 201
777 9.1638157025658433 -6.5574736822787196 20.904103534526822 118 121 121 1.6679707355397912 98 94 97 130
784 -12.943203393824799 -10.714875039242914 32.677106604729694 188 178 166 2.4410599842392853 111 168 113 165 114 187 115 171 118 170 117 184 112 138 109 166 106 135 120 205 108 156 110 134 107 192 102 179 108 219 110 194 111 225 115 248 105 146 113 222 109 194 112 244
785 3.167580146466396 -10.058261990309346 27.903621870403011 0 0 0 1.3270698733229809 97 0 98 0 96 0
792 18.054492721825277 -8.9327820545604855 26.872560822518846 0 0 0 0.12078797046852768 96 56 97 47
