# Frame list with one line of data per frame:
#   FRAME_ID, RIG_ID, RIG_FROM_WORLD[QW, QX, QY, QZ, TX, TY, TZ], NUM_DATA_IDS, DATA_IDS[] as (SENSOR_TYPE, SENSOR_ID, DATA_ID)
# Number of frames: 40
120 1 0.99495453639228881 -0.058775755192208255 -0.013592553511181554 -0.080163106246183682 -0.21195790953515184 7.0711316714280557 1.7629885118931352 1 CAMERA 1 120
122 1 0.99643628601390744 -0.042109307001286449 -0.025052656532594503 -0.068657836984146833 0.10963729216640708 5.8807205986147144 1.3743832904698288 1 CAMERA 1 122
124 1 0.99629926261656643 -0.043027554967030063 -0.024107174543284961 -0.07039355765114419 0.19365621074557271 5.6199634228897484 1.3962491111990285 1 CAMERA 1 124
125 1 0.99630675291098869 -0.028256398405548427 -0.04435066686173026 -0.067878187969545367 -0.31219014945833246 4.7883047494194821 1.4409016166631987 1 CAMERA 1 125
126 1 0.99487345512284497 -0.019865504322811596 -0.080579340571581795 -0.057785291406913498 -0.74740943533709303 3.0746086293855672 1.3266802332894974 1 CAMERA 1 126
127 1 0.99558502080989297 -0.021150950816078436 -0.067284531038021664 -0.061934606655199717 -0.56279847113696979 3.5365003172971985 1.37079275351326 1 CAMERA 1 127
128 1 0.99631444079808906 -0.037174238478815638 -0.027709799847899907 -0.072164936382571307 0.15774698514507424 5.5252384869190516 1.4042266173306766 1 CAMERA 1 128
129 1 0.99446888369984843 -0.013605314695456968 -0.089387297802876381 -0.053445727203538587 -0.94911112822672616 2.803482316236698 1.4108685498673048 1 CAMERA 1 129
130 1 0.99446471840469219 -0.016286558510355063 -0.088375466014637472 -0.054446752583242379 -0.90990994871036801 2.7757392297886767 1.3184524909400579 1 CAMERA 1 130
131 1 0.9943812673881377 -0.015896424659491915 -0.089378230896612662 -0.054449339687438078 -0.91152491522877943 2.7179703074030699 1.3951920853157431 1 CAMERA 1 131
132 1 0.99415645481453807 -0.022588646566475867 -0.088300511001787763 -0.057842165880153951 -0.64811971650442735 2.5727220925397316 1.0151337810232535 1 CAMERA 1 132
133 1 0.99405803453531483 -0.021942888961514945 -0.088492135165635394 -0.059466592416553415 -0.16114332107457713 2.1812277387710188 0.6322730594845134 1 CAMERA 1 133
134 1 0.9939849762393751 -0.022186438918892562 -0.089712908459758725 -0.058764130166270148 -0.045461106344313773 2.088630404130368 0.6543773543560828 1 CAMERA 1 134
135 1 0.9939779396750692 -0.020774843200205825 -0.089963180376125301 -0.059015993645148236 -0.271736076328016 1.8833151640021135 0.62591098291509395 1 CAMERA 1 135
136 1 0.99341856776269966 -0.010957981695080232 -0.09848125935601959 -0.057453576190949304 -0.80759570145601856 -0.1167508902613974 0.34893298324650801 1 CAMERA 1 136
137 1 0.99337270205139772 -0.014015723273148562 -0.097696590277352752 -0.0589034003128397 -0.55153591905470523 0.68845710424967099 0.33192533547466746 1 CAMERA 1 137
138 1 0.99377680597989237 -0.018117636551864064 -0.093106555332770638 -0.058400175481275553 -0.43225908386426748 1.1416545882427833 0.41676322828185997 1 CAMERA 1 138
139 1 0.99338569147842759 -0.014549990921376684 -0.093450575363845698 -0.06511647790137487 -0.032336128094609035 -0.022402422840562805 -0.084852503815371225 1 CAMERA 1 139
140 1 0.99353621945567805 -0.014911744178897667 -0.093137027977078762 -0.063157854102708091 -0.17362845124791221 -0.045216212553450055 -0.047901680375158941 1 CAMERA 1 140
141 1 0.99332851094407371 -0.010891886867023101 -0.098877445782185713 -0.058335982563904654 -0.70363117291230104 -0.034356052331013971 0.28300100110987791 1 CAMERA 1 141
142 1 0.99362806856541697 -0.012079393358218993 -0.094174125112740939 -0.060733712008295103 -0.58735091783370819 0.11305923759403314 0.06547768907796829 1 CAMERA 1 142
143 1 0.99460576958795055 -0.016889935358377003 -0.086844740869558623 -0.05414872269269104 -0.026612829069093808 -0.52464164993527085 -0.15888008644628371 1 CAMERA 1 143
144 1 0.99384491079063031 -0.018772677214334049 -0.090892346580869546 -0.060485214877634398 -0.040115559177213614 -0.24881295737410306 -0.14181014004301615 1 CAMERA 1 144
145 1 0.99680873391857427 0.0021918021120969754 -0.07743839752419987 -0.01925716947099165 0.66054628419939854 -0.92350357038076458 -0.58481689392743996 1 CAMERA 1 145
146 1 0.99686272678939192 0.00079304778994989961 -0.076423707701679416 -0.02057891917350026 0.57107498391763456 -0.98743722976189052 -0.60797357546751218 1 CAMERA 1 146
147 1 0.99696977007522525 0.00014515398330013061 -0.075283558224122749 -0.0195867901298034 0.7864674116390955 -2.2107679792584993 -1.1730507019430916 1 CAMERA 1 147
148 1 0.99669552279143536 0.0020312178948743314 -0.078352009456677751 -0.021327719415631108 0.9100963763992711 -2.2816440102139164 -1.2510918162246485 1 CAMERA 1 148
149 1 0.99698109535239665 0.0032469993128472889 -0.074562426251438191 -0.021414880268088573 0.62684034626448171 -0.96258628736258967 -0.69807802452714929 1 CAMERA 1 149
150 1 0.99675101420250156 0.0028241709026658882 -0.077560525813970493 -0.021536122688579625 0.91791078776534618 -2.2111023748233123 -1.2091814398712104 1 CAMERA 1 150
151 1 0.99715480920381161 -0.0012178958080210106 -0.07191489699718244 -0.02256215418340269 0.68694495702272929 -2.5392489401967548 -1.1896999180810626 1 CAMERA 1 151
152 1 0.99675463319479762 0.00098827433522397892 -0.07743049922483547 -0.021994142591509638 0.87717411991120731 -2.3466760453623321 -1.2097363882521286 1 CAMERA 1 152
153 1 0.99691312782661756 -0.00080748827988786861 -0.076315772671196921 -0.01842461319068539 0.79007557632181691 -1.9008447500523553 -0.99840686924406286 1 CAMERA 1 153
154 1 0.99783855831671975 0.014729348986239203 -0.046595328987450814 -0.043933280453467081 0.58531678129049436 -3.8861717133772373 -1.6005384029075516 1 CAMERA 1 154
155 1 0.99760311068994012 0.0085792710872506939 -0.053580364648718043 -0.042936862641288209 0.83831022971202507 -3.7485780035195169 -1.3444601489365755 1 CAMERA 1 155
156 1 0.99775980405624054 0.014025216595838899 -0.046788204376069689 -0.045711384143949672 0.59324157431535762 -4.2305628488246914 -1.6600772421566483 1 CAMERA 1 156
157 1 0.99782707144978933 0.0079656796416654862 -0.05663529762623238 -0.032712787905825214 0.61013252709709753 -3.2553837863750288 -1.3914694239141581 1 CAMERA 1 157
158 1 0.99728195252030438 0.0060902328185847626 -0.068937214489027107 -0.025283921768563443 0.7221004125143542 -2.5353214754671547 -1.1647992247761934 1 CAMERA 1 158
159 1 0.99744536228096259 0.014690031285572886 -0.052416401430011771 -0.046254438772468084 0.74032527832285999 -4.6288254348802571 -1.914705903232597 1 CAMERA 1 159
160 1 0.99789324747472841 0.014786519811607014 -0.045924374453765252 -0.043374846480786218 0.55064399751825188 -4.3884190198025035 -1.8784466722467366 1 CAMERA 1 160
161 1 0.99768319425319463 0.014278415002664654 -0.048611230318797258 -0.045401751691393204 0.63427327910138898 -3.7141160012363921 -1.4415057748180635 1 CAMERA 1 161
