# 3D point list with one line of data per point:
#   POINT3D_ID, X, Y, Z, R, G, B, ERROR, TRACK[] as (IMAGE_ID, POINT2D_IDX)
# Number of points: 308, mean track length: 9.8701298701298708
15 9.1977811126798255 4.9072472958411399 12.258396398482283 0 16 35 0.59337275965093572 156 33 159 19 161 22 160 24 155 19 154 25 157 25 158 31 158 32 151 35 151 36 147 31 147 35 153 30 153 31 152 29 152 32 150 28 150 31 149 28 148 31 148 33 146 25 145 27 140 32 140 36 143 33 143 35 142 30 142 36 138 26 138 32 136 45 136 53 141 45 141 49 137 34 137 36 130 36 135 33 132 41 131 41 133 33 126 47 127 41 134 31 144 31 144 33 139 29 139 32 125 27 129 40 128 31 124 19 122 21 120 21
23 22.820102982792676 -9.3038542905486104 19.758024125039423 0 16 26 0.75474250063504034 156 36 159 29 161 26 160 28 155 29 154 29 157 38
25 17.189355042324472 -0.76565144519317985 12.631884152945389 0 15 35 0.7336636186901051 156 37 159 32 161 27 160 36 155 30 154 35 157 32 158 37 151 41 147 40 153 37 152 38 150 35 149 34 148 37 146 32 145 33 140 43 143 41 142 44 138 35 136 52 141 43 137 42 130 39 135 38 132 43 131 40 133 39 126 48 127 40 134 39 144 39 139 41 125 35 129 41 128 34 124 30 122 34 120 28
26 -0.84345413335044406 6.2204512748463863 9.7690699078775562 188 67 68 1.4174523291194732 156 46 159 33 161 55 157 151
27 -0.05433218002947493 16.84288868968331 7.9313494450786184 125 126 117 1.1531354319294078 156 40 159 34 161 29 160 35 155 31 154 34 157 31
141 0.087562380044597488 4.3616954727778934 2.2075889907297639 145 145 139 0.64984818357792451 159 72 155 45 154 37
157 -1.1574930641287353 15.428071259458465 8.9654579832590002 18 48 64 1.2682528000301398 155 7 156 9 159 5 160 3 161 7 154 7 157 7 158 14 151 22 147 14 153 15 152 22 150 23 149 12 148 22 146 13 145 13 140 20 143 30 142 24 136 23 137 24 130 27 135 20 132 19 131 24 133 24 126 17 127 21 134 22 144 21 139 24 129 21 125 9
205 17.875965846685315 -3.6770109732118796 13.531326370433224 64 133 219 0.78162996430933773 159 31 157 40 160 30 158 45 151 54 147 46 153 49 152 49 150 41 149 43 148 53 146 41 145 43 140 48 143 56 142 52 138 45 136 62 141 59 137 57 130 55 135 53 132 48 133 54 126 53 127 60 134 52 144 44 139 44 125 46 128 44 124 46 122 41 120 44
207 9.8731472704355561 3.5786455348769128 11.276929500724808 71 123 192 0.26175535011042028 159 53 157 55
210 -2.754990235885197 -2.4202543328216173 13.208905895861893 18 83 125 0.99551993316567211 159 47 161 58 157 79 158 106 147 84 153 78 152 86 150 90 149 147 146 105 143 60
211 15.899234094522248 -1.1961831909470511 10.433325619033406 73 138 219 0.34979988807793483 159 93 157 80 158 130 153 121
224 9.624231897854294 -28.154435872167141 70.928729798442333 242 89 86 0.66472701479745833 155 6 157 6 159 6 156 8 160 7 154 8 158 6 151 9 147 8 153 8 152 7 150 8 149 6 148 8
225 -4.0605914070803788 -0.056404034554512865 15.426591503797454 1 20 33 0.65934139110659984 155 8 157 11 159 9 156 12 160 10 161 8 154 11 158 13 151 15 147 13 153 14 152 13 150 15 149 11 148 15 146 12 145 12 140 13 143 11 142 14 138 13 136 15 141 15 137 16 130 24 135 13 132 15 131 23 133 14 126 18 127 19 134 13 144 13 139 14 125 11 129 18 128 22 124 22 122 17 120 15
230 -2.5076699794335706 -16.308492268474808 19.054431594653227 17 36 60 1.7222649944916244 155 16 157 18 161 20 160 101 156 104 158 30 151 26 147 23 153 22 149 29 140 26 143 25 142 34 138 17 136 40 141 36 137 35 130 19 135 22 132 21 131 19 133 19 126 21 127 32 134 17 144 23 139 19 125 32 129 23 128 54 124 70 122 52 120 72
234 -11.595950829573583 -12.223623845569218 18.446533472746594 1 16 39 0.48144788413107187 155 26 157 33 159 38 156 38 160 32 161 30 154 27 158 42
236 -8.2437048144142722 -6.6813808636569219 16.485650647478835 2 17 37 0.43757698469450534 155 32 157 34 159 30 156 35 160 29 161 25 154 30 158 41 151 46 147 39 153 39 152 36 150 40 149 37 148 39 146 31 145 36 143 45 142 49 138 38 136 48 141 50 137 46 132 44 126 56 127 56 125 47 129 45 128 46 124 40 122 46 120 45
237 -11.435146167282204 -11.699634826256137 17.949199852115097 1 16 39 0.40353338406596506 155 33 157 28 159 36 156 44 160 40 161 31 154 31 158 40 151 38 147 37 153 35 152 40 150 37 149 32 148 41 146 27 145 31 140 40 143 38 142 41 138 33 136 43 141 39 137 39 130 35 135 46 132 38 131 39 133 36 126 40 127 37 134 37 144 41 139 42 125 30 129 42 128 25 124 25 122 26 120 31
239 -8.2490292823213114 -6.6943075971670165 16.503592554055853 2 17 37 0.39918996132357853 155 35 157 30 159 40 156 43 160 39 161 32 154 32 158 39 151 37 147 38 153 36 152 39 150 36 149 33 148 40 146 33 145 32 140 41 143 40 142 42 138 34 136 46 141 41 137 40 135 37 132 35 133 38 126 52 127 48 134 38 144 40 139 39 125 41 129 43 128 43 124 47 122 42 120 43
246 9.4709324823091023 1.9644373972654574 12.429572614066894 0 0 0 0.6713827419691456 155 44 157 42 154 38
253 7.7538032979865088 2.8248785340204723 12.342765645391847 72 120 177 0.87330339117294409 155 61 157 78 161 53 158 71 151 80 147 69 153 70 152 71 150 62 149 75 148 72 146 67 145 68 142 137 135 72 138 125 133 82 126 109 160 45 127 84 134 79
256 -10.045996367085634 -9.2860700932960096 17.408024079693398 33 93 142 0.40383516925484947 155 66 157 69 156 58 160 58 158 56 151 61 147 58 153 59 152 63 150 70 149 54 148 63 146 55 145 87 140 53 143 49 142 59 138 54 136 66 141 68 137 60 130 75 135 67 132 76 131 77 133 78 126 90 127 95 134 61 144 50 139 56 125 64 129 79 128 69 124 77 122 70 120 73
259 -10.025448133606979 -9.2796388334214193 17.390897076317348 33 93 142 0.42745068028083605 155 73 157 72 159 56 156 64 160 64 161 67 158 57 151 69 147 55 153 53 152 51 150 58 149 66 148 57 146 57 145 63 140 49 143 55 142 66 138 48 136 74 141 75 137 70 130 84 135 64 132 80 131 80 133 79 126 82 127 94 134 56 144 46 139 54 125 69 129 75 128 65 124 67 122 58 120 71
270 -1.7958623179993847 4.1708046561216872 12.891103704574094 0 0 0 0.59780076346067679 155 87 157 77 156 55 161 77 154 63 160 57
273 -3.4438736430447521 -13.351871971882884 16.89204613181338 0 16 38 0.49102704477336517 155 92 157 88 161 85 158 81 151 93 150 71 153 74
281 -4.7519542115848346 -22.069915733567253 21.81661191506694 0 0 0 0.44346827636932545 155 110 157 132 156 122 161 98 154 97 160 92
291 -8.5762669616531504 6.1181523494820125 7.1202768866805766 41 51 42 1.4451274267069367 155 123 157 54 161 71 159 105 154 109 156 86 152 145 153 97 147 103 150 72 147 70 148 100
293 2.9637865341141358 11.158869281649734 10.743515353727989 118 141 188 0.85468370082077372 155 129 157 102 161 139 154 106 158 127 147 104 153 114 152 104 143 136 138 151 135 170 132 146 133 163 134 152 144 145
304 -8.9002977925870628 -1.9122108553352906 15.505279128896724 27 84 130 0.50458578597781967 156 11 157 10 159 8 160 14 158 12 151 14 147 12 153 13 152 12 150 14 149 15 148 14 145 17 143 14 142 17 138 23 136 25 141 20 137 31 135 26 133 27 134 26 144 15 139 16
305 16.141724324779034 2.6565880120452725 13.995029321158327 0 0 0 1.1748280908255302 156 13 161 9 154 12 155 9 159 13 160 11
306 -8.7739493614203479 -1.8622608691008538 15.300231777637794 27 84 130 0.53400028453026771 156 17 157 12 159 12 160 9 158 17 151 17 147 16 153 17 152 16 150 16 149 17 148 18 145 18 143 10 142 16 138 21 136 36 141 30 137 22 130 21 135 18 132 23 131 21 133 22 126 19 127 18 134 20 144 12 139 13 125 12 129 25 128 18 124 18 122 16
307 16.14172432477902 2.6565880120452734 13.995029321158313 0 0 0 1.1748280908255369 156 18 161 12 154 14 155 11 159 10 160 15
312 10.198022439536928 34.09993814474268 22.247407120800933 182 173 163 1.8657356692579055 156 133 157 124 161 115 159 70 160 87 147 107 153 99 152 76 148 79
322 -12.895814753891269 -7.3476620675858637 17.847881318691126 31 96 148 0.52120208238497867 159 15 158 18 160 17 151 29 147 22 153 24 152 24 150 21 149 24 148 24 146 22 145 25 140 17 143 27 142 22 138 19 136 28 141 27 137 20 130 29 135 24 131 35 126 26 144 25 139 18 125 17 129 28
323 23.870883688758013 -1.7926663339987399 12.731838945745743 58 142 243 1.3425060273534279 154 19 155 17 157 21 158 23 161 15 156 20 151 19 147 20 153 19 150 26 149 20 148 30 159 26 146 15 145 16 140 24 143 17 141 18 136 21 144 16 139 26
324 4.2078233424213893 3.4665243080705039 9.5241654928358201 107 115 167 1.2296079908200312 155 23 158 36 152 37
325 -6.2083254948030691 -4.5510061639077666 15.992124469820572 30 90 138 0.818561234914572 154 41 155 42 159 43 158 38 156 47 160 43 161 36 146 40 149 38 145 34 140 42 143 43 138 40 136 59 141 52 137 41 130 46 135 54 132 47 131 52 133 55 126 54 127 54 134 53 125 42 129 51 128 42 124 48 122 43 120 41
326 17.07086454867758 -4.8174261405968375 15.527868471112185 0 15 31 1.1313956076989227 157 39 158 44 151 53 147 47 153 48 152 48 150 49 149 42 148 52 146 39 145 42 140 47 143 46 142 69 138 44 136 63 136 112 141 58 141 102 137 56 130 51 135 36 132 45 131 59 133 37 126 51 127 39 144 43 139 43 125 29 129 54 128 26 124 26 122 27 120 25
329 6.9450942964061486 19.177801931815331 12.566309120352532 193 185 176 0.73006030978762726 155 47 158 53 160 33 161 38 156 41 151 55 147 57 153 56 152 57 150 53 149 79 148 59 146 79 145 72 141 84
334 -6.2725625762034403 6.2052131714985288 13.250745722531736 14 74 113 0.96271691572097728 159 69 158 72 151 85 147 101 150 92 149 77 145 70 140 67 136 129
335 -4.8268083324285991 8.0473755356841714 12.156950439807641 15 71 109 1.2748411786177394 159 90 158 74 149 57
336 4.2054087910077378 21.400023853598952 14.409415983009129 172 190 238 1.702750767278904 155 89 157 94 158 75 151 86 147 71 152 73 150 63 149 130 148 74 146 78 145 104 140 149 143 96 142 150 138 145 137 179 132 140 144 130 127 113 141 155 126 98 132 183 142 131
337 0.48377468152133302 2.5632223650741253 2.6882053402115709 72 120 177 2.4061641701824255 155 52 158 78 151 89
338 -9.0846653145570375 2.1774571591920928 14.64504883891073 28 80 118 0.84848229581930623 159 64 158 83 154 71 156 63 161 102 151 81 152 77 153 77 149 97 146 68 145 67 141 98 142 97 135 108 133 92
339 -7.730661708323443 -6.1020770794604724 17.604236972457009 29 87 136 0.21384191075006917 159 148 153 176
343 4.2162580220711803 17.294733959233245 12.18349448208024 174 197 248 1.1010363452401095 159 107 158 119 156 95 151 130
345 6.5565188660338967 21.088253195783437 20.85766832518739 124 145 193 1.4529828304932872 154 72 155 128 158 138 161 106 151 149 153 165 149 121 120 156 122 134 124 135 128 178
349 17.354959147271746 0.66913673826494113 13.036920706744974 70 131 211 0.85492729919704191 159 145 158 144 145 108 140 132 143 117 142 121 141 120 130 144 131 171 133 138 129 120 122 89
350 12.595724930372658 -4.9052431875002007 11.104108235090528 75 133 201 0.30353229409730054 157 104 158 146
362 3.9951671105740134 6.8744708076790593 7.5768935549352427 0 0 0 0.95913585549095171 161 10 154 13 156 14 160 12
363 12.258944548647296 -1.1968205120042417 12.020901713168508 69 131 209 0.05071367199839627 157 53 151 77
370 4.205844194690961 10.302104646804949 12.566062331206872 60 14 37 0.75197382510472721 159 123 161 137 151 140 154 105 155 130 156 142 160 139
379 19.692630117188454 -7.3685971472417977 16.953534346162499 6 24 47 0.98297223941228462 151 98 147 52 158 89 153 62 152 59 150 54 149 104 148 61 146 155 145 126
380 19.692630117188454 -7.3685971472417977 16.953534346162499 6 24 47 0.98297223941228462 151 109 147 56 158 101 153 55 152 55 150 52 149 96 148 58 146 150 145 125
381 7.6206636034910575 20.734553211268189 12.779484676646483 0 0 0 1.6939182360243554 155 2 158 3 157 2
399 -8.0458890575949074 -4.6593689732928132 15.860691590352184 28 86 133 0.57795042749678582 159 94 153 91 149 156 143 90 138 78 137 146 120 124
409 -28.135142854203718 1.832792515680123 20.276413049752392 87 94 94 1.0000734742816271 155 131 153 145 160 143 156 144 152 140 148 127
419 8.4394038091208614 8.3125513235488153 9.3508065855069553 97 141 212 2.0589944421183577 147 90 153 96 152 87 151 113 158 73 150 94 148 98 140 94 142 100 138 107 130 147 135 134 133 139 144 113
420 8.0375455537292773 7.9587363736751069 9.1946098870608708 97 141 212 0.40221389366180238 147 92 153 107 152 94 151 99 158 77 150 81 148 85
421 -9.0938063667342721 -7.9532459118816714 16.070944169388643 31 89 135 1.7332909427709486 147 136 153 167 151 157
430 1.1295015484122768 19.21266315455512 22.630295773247752 7 46 88 1.3905494218822494 151 23 153 27 158 19 152 27 157 14 147 29 150 18 149 23 148 27 145 26 146 26 143 15 130 15 131 15 129 15
434 -22.171482241735806 18.074133246490447 18.215280770218577 90 97 89 1.6574164830735352 155 97 159 55 160 55 152 56 161 49
435 -4.9127844461846868 -21.079960906790067 22.100760818850603 6 35 65 0.97083539902692884 151 91 153 76 158 76 160 88 147 72 152 79 150 65 149 71 148 64 148 89 146 51 146 90 145 61
443 6.0080875546503254 23.906149419521999 18.132822116319609 136 161 215 1.8911856336391131 151 131 161 91 147 122 155 99 157 126 158 126 156 94 160 116 159 91 153 98 150 127 149 143 148 102 146 115 143 80
445 44.279715186174485 -11.326890029739996 15.56325279577306 35 40 33 1.4958518931376341 147 7 152 8 153 7 158 8 150 7 151 8 149 8 148 7 146 5 145 7 140 4 143 4 142 4 124 3 139 4 144 4 128 4 122 3
446 14.661166211571901 0.81145738594172057 15.109193407145147 61 124 200 1.0911002921306159 147 27 152 25 153 26 158 20 150 19 151 27 157 13 149 26 148 25 146 20 145 20 134 27
447 27.776184291161282 -2.0866674220562009 14.590020614966841 58 140 236 0.55738090608133517 147 26 152 20 153 25 158 22 150 20 151 24 149 25 148 20 146 11 145 11 140 18 143 23 136 35 141 28 144 26 139 22
449 15.88873993460291 0.73893162232119447 16.164142886135121 61 124 200 0.97460452943058873 147 19 152 17 153 18 158 25 150 25 151 32 157 15 149 18 148 29 146 17 145 21
450 17.875524487902911 -0.70884938221626215 13.179494844753725 0 16 39 0.44959761035485363 147 42 152 35 153 38 150 39 151 43 149 36 148 38 146 28 145 35 140 44 143 42 142 48 138 37 136 47 141 46 137 47 130 40 135 41 132 34 131 43 133 43 126 35 127 43 134 41 144 38 139 38 125 28 129 36 128 29 124 27 122 28 120 19
451 15.955704532806021 -4.1843036501818176 14.517404970798564 0 16 40 0.40651325976833391 147 44 152 42 153 44 158 49 150 42 151 47 149 44 148 46
452 12.109841710531123 1.3401906631011791 19.32746288577799 8 24 50 0.53438463081994736 147 68 152 70 153 69 150 61 158 107 151 79 149 82 148 71 146 76 145 66
453 7.495525023632621 2.6881813595297257 12.009527871855433 73 117 175 0.32077612654121324 147 67 153 72 150 67 149 89 146 83 145 82 133 77 134 75
454 -6.6535145806487961 -8.0204120695203294 16.856815503515783 29 89 138 1.0171312487418456 152 118 154 67 151 107 150 76 145 138 140 111 138 95 136 107 131 145 134 158 125 93 127 143 120 100
456 -5.6740737206116547 3.5559793099534125 4.9633117138200795 84 92 83 1.1586180289668699 158 54 150 93 148 138 152 98
457 5.8603551138721865 -0.80762658664166009 12.353995247421869 0 0 0 1.6288740528468033 154 86 159 110 156 96 155 121 156 110 161 108
458 4.187610278680963 14.771793407090239 14.484942756091121 113 138 186 1.3065484248070249 152 149 153 143 150 111 151 142 158 137 149 115 148 118 148 140 146 140 145 122
459 1.5350666843243617 11.094964051298621 8.2852717723847586 125 150 202 1.0981755487500591 152 132 153 113 150 128 152 103 149 118 146 124 142 154 136 131 141 137 144 95 139 129
460 -7.1408707715993414 24.988384718570284 28.150124129269368 10 57 92 1.2146741454327321 147 2 153 2 149 2 151 3 158 2 150 2 152 2 148 2 146 3 145 3 140 3 143 3 142 3 157 1 144 3 139 3
462 17.491873374084598 -4.7531695056758068 16.017016384868736 0 14 27 0.87108333623082745 153 40 149 45 148 47 146 44 145 37 142 58 136 67 141 65 137 53 130 48 132 46 131 55 126 50 127 44 125 31 129 50 128 33 124 29 122 35 120 18
463 -10.155890805961507 -9.3680762515131377 17.565249274247432 27 88 137 0.33329958249373054 147 51 149 53 150 69 151 64 152 58 158 58 148 62 146 50 145 86 140 54 143 50 142 60 138 55 136 65 141 69 137 61 130 76 135 68 132 77 131 78 133 76 126 91 127 96 134 62 144 51 139 57 125 65 129 70 124 76
464 -3.8185666017799345 -15.01889123234267 18.58887469692187 0 15 31 0.25706348311931143 147 63 153 65 149 72 150 57 152 66 151 73 158 65 148 67 146 60 145 51
465 -3.1259368956467273 2.8740987201711854 12.623007782733531 16 77 125 0.78377038941107191 153 120 149 76 146 95 145 101 158 94 151 82 143 59 138 68 136 115 137 68
466 -4.0075409487938147 -16.923775858822534 18.313035321863271 12 38 67 0.37642671604058731 147 73 153 75 149 86 150 66 151 87 152 60 158 80 148 60 146 52 145 58
467 -3.1259368956467273 2.8740987201711854 12.623007782733531 16 77 125 0.78377038941107191 153 135 149 87 146 112 151 88 158 109 145 93 143 69 138 70 136 99 137 59
468 -4.0075409487938121 -16.92377585882252 18.313035321863261 12 38 67 0.37642671604058781 147 62 153 64 149 88 150 56 152 50 151 72 158 64 148 54 146 56 145 75
469 3.854950286597183 12.691857481246929 9.4349028950513354 201 217 252 0.68850540063759658 153 110 149 101 146 97 151 115 145 94 143 122 142 101 141 111 137 115 130 123 132 120 131 123 133 144 126 112 139 67 125 98 129 102 128 96 124 105
470 1.3736647093176895 11.241497417486565 9.9986348231672704 110 136 183 0.52713384203798386 153 116 149 117 146 114 145 111 140 97 143 103 138 136 130 149 130 146 138 111 135 80 135 86 132 117 133 126 133 141 126 111 127 114 134 110 134 129 144 114 139 92 125 97 129 132 128 83 124 63 122 53
471 15.904004152612217 -4.3291618700609522 13.115422532192861 68 129 200 0.8338542600415233 147 66 153 92 149 135 151 112 148 70 156 78 146 93 142 112
472 -11.31379251347148 14.973621055846511 23.906239218926132 5 37 66 1.4133808380275834 159 125 149 145 146 152
479 -25.43497824861365 17.177053307000673 19.754444629220213 38 50 44 2.10103667474193 147 112 152 142 161 141 148 73 133 161 130 116 131 182 124 74 122 91 120 173 136 82
480 -0.11391073056132846 11.308863502790985 8.7693047055231919 73 107 145 0.54862925317646427 149 78 151 116 152 72 148 78 146 113 145 89 140 69 143 95 138 85 135 88 144 61
484 -18.096638707142112 1.1580309608725439 12.974757007632476 53 64 60 2.1635817640146175 151 134 153 146 158 141 160 112 148 96 161 135 155 132 154 110 156 113
485 -0.11391073056132835 11.308863502790995 8.7693047055232007 73 107 145 0.54862925317646027 149 84 151 101 152 74 148 97 146 98 145 90 140 77 143 79 138 96 135 81 144 57
491 -21.835955762977076 -25.0775795599091 23.757402250985606 98 102 94 1.9404872240816773 158 140 159 131 161 126 148 134
492 14.375399980911604 13.132862207063654 14.809742245032281 103 107 119 1.8878521865728348 159 77 148 81 149 122 150 137 152 151 156 139 145 102
493 17.466634550054071 15.81838528070981 17.652537076987482 103 107 119 1.9728388072774552 149 126 150 133 152 147 159 71 151 102 148 87
495 -36.384975052439195 -11.186972049363114 29.058822234849366 92 101 96 1.1049383796648569 147 4 149 5 150 4 151 6 152 4 153 4 154 5 155 4 156 5 157 4 158 4 160 5 161 5 148 4 146 4 145 4 140 5 143 5 142 5 138 4 136 5 141 5 137 4 130 3 135 6 132 3 131 3 133 5 126 3 127 1 134 5 144 5 139 5 125 2 129 3 128 6 124 5 122 4 120 2
502 6.1787617575290215 -1.6664766274154794 10.689629772831807 0 0 0 0.45392075113745611 155 64 157 52
504 0.75291075622861126 12.438705709410668 7.2259516097333307 102 124 155 0.67616119635268557 147 123 149 50 151 120 146 71 152 96 153 86 150 77 145 74 138 84 133 90
505 0.75297436135212015 12.449828793218389 7.2380784206533697 102 124 155 0.68142947321285896 147 108 148 137 149 59 151 118 146 80 152 89 153 100 150 74 145 78 138 94 133 113
506 7.6793015811789598 9.2919130746746035 9.1541809896999329 107 108 117 0.18792779705361248 149 125 151 121 146 104
508 -35.178375592627454 -3.463104369830762 24.278247521460429 92 98 98 1.3027085778266703 148 95 149 141 151 153 159 100 146 135 155 148 157 90 160 110 161 134 130 130
511 18.409325188653487 -2.597018612594479 9.0530773292353182 101 111 112 2.0321252868428621 159 152 145 55 155 143 139 50 144 47
512 60.329824433696317 -44.749925631613316 46.150460083698675 140 139 139 1.6008991296388155 146 66 150 86 153 87 145 62 152 95 158 66 136 151 138 181 141 166 135 145 130 158 131 155 144 141 129 155
513 -0.91243661656129282 -0.83109361593774511 11.132439291150662 213 85 93 0.41682757300345602 148 128 150 130 145 113
514 2.1049423085766823 0.023520665169156331 6.9230369846275561 246 81 79 0.26309382935002806 159 134 145 153
517 -7.0685588515168094 2.2795981175763589 14.655899206925234 12 79 128 0.68823281719655405 147 28 148 26 151 25 152 26 140 19 143 29 137 23 130 28 132 22 131 27 126 27 127 22 144 20 139 23 125 19
518 -6.2912961535479122 2.2029253864524461 13.155069037009536 12 79 128 0.40897418648784978 147 18 148 28 151 21 152 18 140 23 143 19 144 19 139 25
519 -18.307514950886567 -22.809099031742495 24.987953028770551 96 107 106 0.39527506160386378 158 27 140 28 136 39 139 34
520 14.248437943836436 -4.4134813655158647 16.801254110028541 137 119 107 1.2550825654571063 154 26 155 24 156 30 159 21 160 25 140 35 161 23 142 45 144 30 139 37
521 -25.044275590352253 -19.313464469440891 22.112652593890083 86 97 96 1.7866418319053028 151 136 152 81 154 113 140 65 147 126 152 148 153 162 153 160 142 72 138 61 131 82 133 73 126 65
523 2.7517219280864755 12.724780183472362 8.7586863790325804 167 194 253 0.42209944762144413 147 120 140 112 142 153 138 168 141 139 137 161 132 182
524 2.896384405598325 11.234732947111223 9.6555082335766649 147 173 242 0.28032363075799777 147 137 151 132 140 115 144 138
525 9.4034049043497863 6.6151875185717444 12.458907264416206 3 20 47 0.87112332211370469 150 129 152 135 140 118 148 77 136 123 130 97 131 90 133 93 124 87 122 81
526 -13.639300228391948 0.44996038698176943 9.6063077910720374 87 95 93 1.9181453014347825 155 151 154 121 161 103 140 120 142 135 143 104 138 153 142 136 140 119 152 113 136 140 136 152 141 142 137 145 135 169 134 82 139 114 128 145 124 104 120 86
527 17.559699084763384 0.73167464907791402 13.105608881684365 2 20 55 0.53691043333558564 145 96 140 122 143 119 142 115 141 125 130 129 131 141 133 146 129 122 122 85
528 36.455655459677253 0.80780879514677439 12.990314472514592 46 49 46 1.2374871029104426 153 154 140 123 138 80 136 143 141 96 132 122 149 136
529 17.725059824102225 -2.3834696442768317 12.62517816791949 62 128 206 0.78067980603457066 151 161 155 133 140 125 135 115 133 167 139 115 125 156 122 171
530 9.1725981590060837 6.486955645318897 12.140997073040198 3 20 47 0.68859307036900874 150 135 152 146 140 134 148 76 136 130 130 118 131 88 133 114 122 127
535 18.732116661161221 -7.3017344850177883 11.955038359853843 144 143 145 1.1891628278198372 146 6 143 7 145 8 149 7
536 1.042853610869285 18.960299729497109 9.2294623585027065 171 170 160 1.2288695586291301 140 37 143 16 138 29 142 25 141 31 137 25 130 30 135 35 132 27 131 29 126 29 127 24 144 32 129 32
538 6.1027132576078484 18.884653679580058 13.966669147156052 185 212 254 1.6768606377323763 145 103 143 123 149 99 142 85 141 130 137 162 138 147 132 113
540 -1.394718643328769 -19.263112117213453 18.936637341175402 6 28 59 0.67768048887690291 140 76 143 128 142 91 138 101 136 118 141 101 137 90 130 103 135 92 132 106 131 105 133 101 126 95 127 164 134 105 144 77 139 72 125 112 129 85 127 159
541 -2.4542848513373103 -0.55182678884031156 3.0813554211868519 23 88 131 1.7127281973255113 153 138 143 129
543 2.0701171024816136 10.907143734208647 7.8402153787093312 136 164 220 0.75914172900995502 149 144 153 136 154 73 156 73 157 93 161 84 155 88 143 126 140 98 146 142 142 130 138 113 141 159 137 124 130 124 135 171 132 121 131 183 133 159 126 154 127 148 134 113 139 93 129 103
545 -7.0375624685623581 -12.431377919422296 18.902090001388597 10 91 149 0.24250042574591474 140 15 143 26 142 20 136 32 141 26 137 27 144 24 139 20
546 11.578078199630925 0.049345013778246676 12.765132189348487 67 127 201 0.70150244631080849 143 18 142 23 138 20 136 27 141 29 137 21 130 25 135 28 132 25 131 26 133 29 126 16 127 12 134 25 144 27 125 10 129 20 128 15 124 16 122 15 120 11
547 14.248437943836436 -4.4134813655158647 16.801254110028541 132 117 103 1.2550825654571063 140 31 155 22 142 47 154 23 161 17 156 26 160 20 159 25 144 34 139 36
548 -4.4054677064121348 -18.577564183993537 19.173336087811126 8 34 66 0.52518212187392488 140 81 143 84 142 86 138 102 136 102 141 88 137 99 130 94 135 93 132 108 131 92 133 102 126 97 127 106 134 86 144 80 139 86 125 89 129 94
550 -3.9586886834686497 -14.883561307967566 18.560666738814618 0 15 35 0.41263162050937258 140 83 143 85 142 92 138 103 136 121 141 83 137 86 130 107 135 95 132 112 131 97 133 105 126 103 127 109 134 94 144 81 139 63 125 92 129 88
552 10.764322747983696 6.7679248003300163 12.242951636390815 90 133 196 0.68563910069806167 142 98 138 81 137 77 130 114 135 103 126 86 127 79 125 72 128 59
553 -1.4650500787959524 -19.563612201755301 19.242355073465838 6 27 55 0.40873281400196948 140 71 143 116 142 103 138 87 136 110 141 87 137 117 130 92 135 84 132 96 131 108 133 118 134 93 144 66 139 85 129 99
554 -3.9687068044224421 -14.824659344820896 18.484438529540462 0 15 35 0.31166355095444953 140 72 143 99 142 104 138 89 136 119 141 82 137 100 130 93 135 85 132 97 131 109 133 87 126 115 127 126 134 106 144 68 139 66 129 95
556 4.64891089562843 8.9065437026627698 7.5694340955509176 143 174 236 1.4450423535938928 140 135 142 167 138 166 137 173 132 144 142 158
557 4.6489108956284273 8.9065437026627645 7.5694340955509123 143 174 236 1.4450423535938937 140 117 142 170 138 150 137 166 132 179 142 156
558 -16.286392625593791 5.6826792146336595 22.526806101756097 0 0 0 0.52637199203437457 140 90 154 54
559 -8.3508903260243912 5.0522900566098157 15.47064514692806 20 77 116 2.7081624555313986 145 69 153 119 155 60 157 92 160 68 156 82 158 82 151 83 150 114 147 130 140 91 157 108 159 101 158 95 161 54 156 67 151 84 151 141 143 92 138 82 136 128 133 120
564 -6.6993283992943065 -11.957903028472852 18.181894791405377 10 87 142 0.28147340233422491 140 22 142 29 138 18 136 30 141 17 137 32 130 20 135 23 132 24 131 20 133 20 126 23 127 16 134 18 144 28 139 27 129 24
568 -1.3526090527673031 -13.375221787137464 18.091746403490859 0 12 26 0.40732838041600972 140 84 142 93 138 75 136 122 141 89 137 105 130 109 135 98 132 89 131 95 133 107 126 104 127 81 134 87 144 82 143 110 139 75 129 90
569 -4.4274956939090133 -18.51156281291556 19.101195153896626 2 30 63 0.28961433324547714 143 98 138 88 137 85 134 101
570 -17.077933916292547 -42.407799444668939 33.863265872522874 29 32 29 1.1440072770319036 148 107 152 114 138 127 158 122 126 158 129 125 137 126
571 36.30161730485257 -14.47949041571859 24.694647376474698 136 137 145 0.94715416924690832 140 131 138 128 135 128 133 137
572 -17.386690187553324 -42.527502168837145 33.870111508019768 29 32 29 0.60181275763747011 148 121 152 122 138 130 158 125 126 163 129 137
573 26.994743630074037 -11.197239789816098 18.452993738154216 136 137 145 1.2888357152218695 140 129 138 137 135 119 133 121 130 111 132 90 126 107 127 110 134 133
579 27.605177543824283 -0.43580915836959067 13.74291042491814 64 130 212 0.33204416583196134 138 14 136 17 137 15
580 27.605177543824283 -0.43580915836959067 13.74291042491814 64 130 212 0.33204416583196134 138 16 136 18 137 19
582 -0.4348967861459741 7.7038446120763195 13.464494262788506 3 12 20 1.6316611535908221 140 59 142 56 136 57 141 54 137 58 130 37 135 39 131 42 126 46 127 51 134 40 125 51 129 39
583 33.05967546169029 -22.500161759462738 43.723442408096581 126 125 117 1.0579973936784546 138 56 148 44 158 46 145 39 150 45 151 49 146 42 149 39 153 43 130 59 135 66 126 61 134 71
585 2.3423018258433195 14.724543277651469 8.4269577036236605 179 172 165 0.40203313991291367 145 79 136 87 146 81 149 81 141 66
586 2.3423018258433195 14.724543277651469 8.4269577036236605 179 172 165 0.40203313991291367 145 73 136 94 146 77 149 80 141 71
587 4.6435490695985671 13.392975460653798 8.9129659053687575 182 177 173 0.57037314933743422 145 80 136 100 146 82 149 83 141 100
588 -2.8297383264263534 -19.301146731663476 18.936217573116714 14 96 160 0.51702374074363533 138 91 136 108 137 98 126 118 127 134
590 -1.3671604271250313 -12.995492154907229 17.57343196365326 0 11 30 0.29242324735230552 140 73 142 105 136 120 141 103 137 88 144 69 143 125 139 87
593 -2.8102421171923053 0.7163646771146992 2.1451135667556422 82 90 89 0.28076611677940011 140 92 136 98
594 4.0906132388531447 13.750266368256959 9.1039689461705944 0 0 0 2.204400417419786 136 4 148 3 149 3 145 2 146 2 147 3 153 3 150 3 152 3 151 2
595 13.766643350240548 -2.6899191969540048 60.185718008650973 238 87 87 1.7625469116527022 136 6 142 6 159 4 141 6 156 6 160 6 137 5 130 4 131 4 129 4
596 -20.764019306102966 -7.2504631516044951 20.544137959316579 89 98 92 0.55797665379880201 142 70 149 68 141 60 135 71 134 66 131 75 127 75
597 37.95936969381269 -10.099696712329733 18.170676411220551 36 41 34 1.2360464382735241 149 92 141 92
599 -30.553198107464144 5.5896074751864493 22.563196385589585 74 83 79 2.2980274014684663 155 77 159 103 158 110 161 104 153 117 142 133 141 133 159 108 153 137 155 124 160 122 154 82 160 115 161 80 147 83 156 92 153 95 152 139 150 91 149 98 147 148 148 126 144 100
600 12.614943346163772 0.46150469897213886 13.709100733555619 62 124 202 1.7702133594105278 142 26 143 28 138 22 136 26 141 19 147 25 152 19 153 28 158 24 150 24 151 20 149 19 148 21 146 18 145 22 137 26 130 22 135 25 132 16 131 22 133 21 126 20 127 17 134 19 125 13 129 26 128 13 124 13 144 17 122 12 120 7
605 6.4665606691360775 -14.736112698511572 21.242367172982121 252 91 92 0.47443668167334785 136 10 141 7 137 8 142 8
606 6.4665606691360775 -14.736112698511572 21.242367172982121 252 91 92 0.47443668167334785 136 8 141 9 137 10 142 9
610 -0.62251867450791787 -37.335757292372939 47.395712665890485 49 93 130 1.0720202649599009 136 78 140 82 141 77 137 79 142 78 130 81 139 74 125 99
611 3.9023599073227144 12.825460850318958 9.5290256589127758 185 208 255 0.40047150003781667 140 68 141 131 137 92 142 106 143 124 133 142 144 94 139 81
612 -25.228428127921863 -16.46034304273498 19.503837550609418 81 89 88 1.3038148456285525 138 60 146 170 137 103 145 145 135 78
614 8.7824519911377177 10.713282506273424 10.511161062945821 109 123 147 0.33994884090469951 140 142 137 140 142 128 130 187 135 160 132 177 144 139
615 8.7824519911377159 10.713282506273419 10.511161062945817 109 123 147 0.33994884090469951 140 147 137 147 142 119 130 189 135 132 132 149 144 144
616 8.2312041901566815 18.845854187967756 14.947691476921753 154 178 241 1.5149242384205301 138 177 137 164 132 143
617 8.2312041901566815 18.845854187967756 14.947691476921753 154 178 241 1.5149242384205301 138 148 137 178 132 180
618 33.741875432239766 2.3842657348392979 16.543666176300267 115 121 123 2.0094723233058613 140 7 138 7 141 10 137 11 147 6 152 6 153 6 150 6 151 7 148 6 146 7 145 6 130 11 136 9 132 9 131 9 126 9 127 7 134 12 139 8 125 5 129 9 128 8 124 9 135 9 122 8 120 5
619 34.377992834572403 2.4621118600750069 16.822643593923576 118 125 125 2.0561289113007613 140 8 138 8 136 7 141 8 137 9 157 5 158 5 151 5 147 5 153 5 152 5 150 5 148 5 146 8 145 5 130 12 132 11 131 11 126 11 127 8 134 16 139 9 129 11 128 10 124 10 135 10 122 9
620 7.2228157101895389 35.123092518467743 25.971405029230848 188 206 254 1.7849693854563564 138 5 140 6 141 4 142 7 143 6 137 6 130 5 135 7 130 122 141 112 132 4 131 5 131 114 133 6 126 4 134 6 144 6 139 6 129 5
622 45.243495492324477 -9.8167107209211419 28.302423163481027 121 127 129 1.3720438332952802 140 16 142 21 130 14 132 12 131 14 126 12 125 6 129 14 128 9 124 8 122 7 120 4
623 34.339649296954626 -7.4583798178914655 21.087888003660439 121 127 129 0.97568873535907641 142 28 130 16 131 17 129 17
624 35.379329027152167 -7.8001767921712108 21.838646259463459 121 127 129 0.8811051813250691 142 27 130 17 132 14 131 16 126 14 129 16
626 0.1523726323002324 -17.900204831587104 17.932062967879162 72 103 124 0.62732937080704987 142 73 130 104 136 71 140 64 141 64 132 107 131 93 126 130 127 165 144 79 139 73 129 86
627 -1.5620921649210417 -1.2345232716109473 14.819454374058923 31 88 133 0.2731550458945603 141 97 143 91 130 113 133 91
630 -0.56372072107884963 -20.710178557113103 15.173095154942393 29 93 154 1.4854510507881546 138 176 130 165 135 123 133 132 126 119 127 169 134 122 125 150
631 -15.799318659026282 -29.229964733918237 24.14940973811629 25 27 22 1.9497728341589355 141 138 130 166 129 156 135 154
632 3.214599858009326 14.604446441376822 12.607517848781709 149 169 222 1.6497562630397911 140 143 130 176 132 141 126 177 132 142 127 180 144 147 125 148 128 176 124 139 122 162
633 -25.68761419809794 0.012304826555230693 18.425286784429531 84 91 89 1.746232249595971 138 124 146 94 137 110 135 102 130 182 132 114 131 139 129 100 122 108 120 164
634 0.25643452834180125 -3.1745031852369658 15.703745887180213 32 86 138 1.2130968873609724 142 114 130 184 132 153 131 142 131 143 129 147
635 3.2392521135179733 5.3453466248865737 4.5087941963044962 0 0 0 1.1194090261596306 142 165 143 150
636 3.2392521135179675 5.3453466248865658 4.5087941963044873 0 0 0 1.1194090261596181 142 169 143 157
637 2.9988612850101743 13.08963819619307 12.136091357638556 158 178 232 1.6783343491696541 138 42 141 108 137 67 142 57 130 177 140 116 143 151 142 160 133 162 132 181 126 179 134 151 139 110 140 148 125 153
642 39.400057893363957 -8.0368569217590693 12.43063254239811 38 42 34 1.0591210840055278 130 2 137 2 141 2 136 2 135 2 132 2 138 2 131 2 133 2 126 2 127 0 134 2 129 2
643 -0.53788128574480865 4.8817911474344911 16.437039671301822 178 71 77 1.3876138472770527 130 26 135 19 132 20 131 30 133 23 127 20 134 21 129 27
644 56.822397819952783 -21.369198032956426 14.591510842051417 76 76 70 1.8445004041646209 137 55 140 52 141 51 135 44 136 58 142 51 138 43 143 53 130 127 131 104 133 30 134 29 144 49
645 -0.56853356714392533 13.130881792280515 7.2617891782773398 13 38 60 0.77924812338588856 130 58 135 49 132 49 131 63 133 58 126 68 127 63 134 45 125 73 129 46 128 94 124 88
646 -0.62738489592951663 13.968837265790183 7.7246233536237341 13 38 60 0.67171579059148068 130 74 135 57 132 57 131 66 133 57 126 71 127 74 134 55 125 80 129 55 128 95
648 6.9228746718638812 5.4983387783932161 11.477713042649247 109 149 217 1.6544240238293122 130 82 135 61 132 74 133 56 126 85 127 50 134 44 139 51 159 54 120 38 122 45
651 2.2102572932832878 13.767101768381622 9.0580630430992457 160 185 238 0.69804499664285269 130 125 137 116 138 144 135 82 136 101 142 102 132 123 131 116 133 147 134 89 139 82 129 104
660 3.8345115199299089 16.467207725017929 10.969070837648262 147 148 159 0.54536846583342513 142 152 132 139 126 114
661 4.1340629751976756 12.02774699478473 12.4816194181955 181 199 244 1.533288820518204 138 152 132 148 142 151 141 135 137 114 126 88 127 78 125 75
663 -2.2969436935115279 -46.735027948340544 30.077782153422095 26 24 19 0.70032681320219092 140 130 142 147 132 166 136 145 141 161 143 113 135 174 131 161 133 153 134 162 129 134
665 -2.2036837904111666 -42.274756341137611 27.141443046352265 26 24 19 1.0474163129296095 140 137 142 143 132 185 136 158 141 148 143 106 135 167 131 175 133 148 134 141 125 160 127 102 129 128 128 193
666 0.26352216141308876 0.43178399865223638 0.54555267369611848 63 66 59 0.34584596141448515 142 81 132 191 126 123
667 33.019089280162198 -15.792667570799106 20.936411488245028 134 131 126 0.70737179210962664 138 6 132 8 135 11 133 10 126 8 127 6 134 9
668 -17.197465311591852 -7.9864536650268922 17.749050341605987 8 43 68 1.4281783281182721 159 99 161 122 154 112 155 135 156 117 153 168 152 102 150 134 146 156 135 137 145 128 136 113 132 119 131 144 127 157
672 -15.486388145559845 20.249581291020853 16.487695473325509 104 106 100 1.3349584604717335 130 6 138 3 140 2 142 2 132 5 136 3 141 3 135 5 143 2 137 3 131 6 126 5 127 3 144 2 139 2 125 4 129 6 128 2 124 6 122 1
673 59.552177374736736 -36.00323441721595 81.073274608600798 0 0 0 1.3939516120595954 141 55 157 51 155 38 161 33 136 68 139 49
677 20.705860323299888 -0.12611733946005635 9.8146559940478628 113 116 117 2.0980956767267633 130 8 136 19 131 13 137 18 138 12 129 10
681 -14.838542706082928 -51.470386726316555 38.233373748501691 24 24 19 2.048617683436301 132 188 136 157 131 177 138 171 126 155 125 143 120 192
682 -8.9757319555435764 -32.787525057477374 23.771556100359618 24 24 19 1.6961506767852255 132 167 136 146 131 185 138 161
683 -2.7694086127268096 -3.2109035428391017 14.972708253239139 21 83 128 1.66741889850199 138 41 147 91 152 93 153 79 158 93 150 80 146 103 140 88 143 61 138 79 159 46 137 109 135 101 131 111 136 51 131 53 142 46 133 111 144 90 139 79 141 42
689 7.0368037495651681 10.630009033935481 13.657564271858272 134 168 236 1.1413259350090283 132 13 135 14 148 9 133 15 151 10 126 13 127 11 134 14 144 7 139 7
690 2.1253622686921889 -14.297138442470459 18.061310529561094 250 92 92 1.1595299876456715 132 32 133 31 126 41 127 68 134 35
691 -1.0510025810332642 -30.110123877890647 23.442258768780878 22 95 160 0.39917371643683253 132 98 135 122 133 125 131 107 134 118
694 6.5585195116843691 -7.3155745252238962 1.5923352867839577 101 110 109 1.3229268931355367 130 10 132 40 131 8 126 7 129 8
696 4.1141684541604597 12.179450509912677 14.286283026321868 4 26 51 0.23894437514265898 132 92 133 69 126 110 134 57
699 17.973643157951784 0.51609036878055892 11.72726250918989 59 119 187 0.12847455889153506 138 62 126 84 137 74 127 87
700 31.797899993673553 -8.4500149943426379 9.2999329011769003 89 89 78 0.13604370900221602 140 144 126 105
701 -12.861279904215259 -13.940866996725486 18.432769367176903 15 81 127 0.59940103841511916 138 106 126 106 135 99 127 111 134 107 124 118 120 111
702 -9.7604816426037146 -13.144672775551049 18.284590394796474 16 80 124 0.42576343232209313 143 86 126 120 144 135 120 112
704 -29.125505092354974 -38.37167000367274 33.890854177739307 84 88 82 0.70315090269796376 138 142 126 127 137 128 127 104 125 103 128 111 120 123
705 -2.7299921548763955 -13.339905891020294 17.77528646881807 15 78 126 0.44962142798115184 138 74 126 132 137 130 127 119
707 -10.53415192332359 16.057099749247975 24.796508665844698 33 70 102 2.5706604769326802 143 93 126 181
711 -3.5602181470141274 2.1126510363489519 11.452324796391808 25 78 121 1.7825650568144042 140 89 127 88 132 87 143 75
712 6.2939966376943746 12.590754367340327 17.492801718941568 116 146 201 0.68686741292570008 126 150 127 155 122 102 124 174 128 88 125 96 120 145
714 1.8560367664664965 17.052238180959279 17.277748076575694 91 92 89 0.64025355131645389 130 179 127 177 125 120 128 123 124 95 122 164
715 -1.6295460385224632 -0.29085176718093547 18.470951534001589 25 83 127 1.8026521596281548 160 123 126 178 127 181 156 145 161 133
723 10.250659118497824 -0.10095855641648979 11.105661589700123 0 0 0 0.33476441185966649 133 28 135 27 136 29
725 31.420623096520863 -22.117496209306207 32.78221976695994 68 69 66 0.94566983436159879 130 52 131 57 132 55 133 50 135 50 138 64 134 49 129 48
727 13.926044735602003 -10.973699020793342 17.161835042038074 123 123 116 1.7525024899890509 135 62 140 50 134 67 136 73 141 62 142 67 143 54 130 71 126 66 137 66 144 55 139 53
730 -24.534984495582435 -29.774873136669836 27.713713012431679 28 29 21 1.4743896120812001 131 163 134 145 125 82 127 86 129 139 135 155 128 183 120 93 155 113
731 -11.815215902601112 -7.6057996454873864 19.539453689193206 22 79 125 0.0043796378154088555 138 184 134 157
733 -24.534984495582435 -29.774873136669836 27.713713012431679 28 29 21 1.4743896120812001 131 158 134 168 125 67 127 99 129 123 135 149 128 168 120 107 155 111
735 0.074797293278904831 -4.9809305743280108 2.0485607361615168 102 112 111 1.8991108901707625 138 167 134 123
738 -1.6263489487936083 -36.696565180642295 23.165062618551577 67 70 72 1.2097334602144678 130 9 131 7 132 6 133 8 135 15 134 7 125 8 126 6 127 4 129 7
739 13.174232910077386 -0.15981444264607836 14.757572085878095 67 128 204 0.57866425405379029 141 22 143 22 136 34 144 18
740 -0.14219642495077067 -2.38948395173961 9.0772817313629517 19 90 146 0.087657023307174009 143 149 144 88
741 -14.256157947309461 -4.0618653736408028 17.321412387801072 27 85 128 1.4561798465858995 127 184 144 91 126 171
742 -21.370236676109371 3.0326112719048739 16.060379370071256 0 0 0 0.54117425260808838 135 110 146 136 149 152
746 3.9631447589893893 -17.99453016882067 10.411473744869431 220 80 75 0.87454835321273738 141 115 144 96 142 113 139 91
751 -14.074157607588907 5.4574634508501241 10.766804804896152 39 53 45 1.0602914422427898 145 151 139 97
752 3.8339414941589034 -17.106175142649256 9.9022658437770374 220 81 79 0.80873959179436883 142 123 139 99 141 123
753 38.423472023527829 38.834195150853972 42.024268696901409 114 123 139 1.3417866118028199 130 145 139 106 129 145 124 166
754 0.11554648576333969 -2.3437653688990676 1.1474425359970559 255 252 230 0.44259819462913552 134 88 139 133
755 6.7303438961716253 -6.3964008541677293 28.812054652093828 0 0 0 1.5694300936716301 127 2 134 3 133 3 135 3
758 0.19559590990672704 8.5314743162582225 9.5299859214056628 133 149 184 1.2727027020897022 126 89 125 38 127 77
759 5.8895955136554328 12.698025936550918 15.263517478456043 175 192 246 0.54539445403286402 127 52 125 45 128 37 124 38 122 38 120 35
763 -35.688633489105236 -15.088620326727753 21.28926889884783 83 91 88 1.4183075362811328 127 69 125 63 126 67 128 62 124 56 129 56 131 61 130 73 132 63 133 59 134 58 135 58 146 35 155 53 161 42 122 71 120 58 157 66 159 62 154 47 156 49 160 47 145 53 138 50 137 52 143 47 149 52 153 46 158 51 147 45
764 12.914783041751097 -6.4504312749918995 12.174852337721099 56 116 183 1.1688065191100037 127 67 125 66 128 91 135 63 137 108 138 63
765 10.125406326177023 4.6230366016834008 16.416879971355726 119 148 198 0.17019657391484477 127 90 125 70 128 60 124 65 122 75 120 70
768 -33.215952577865714 -16.89102630425349 20.145916724002934 59 61 55 1.2275295848126342 127 92 125 84 126 80 130 150 131 148 129 148 120 84
773 -4.8616852735831602 -17.922923502121762 20.763282161161275 12 79 131 0.66854034717780231 126 100 127 118 125 114
776 -0.457243790955076 -16.63186777429511 11.214871263201044 28 89 135 1.4732786875226911 127 182 125 142 126 144
778 26.003980061532751 -52.905229866058576 20.670691351264161 49 44 42 1.6300704890655253 126 167 127 178 125 157 128 144 124 148 133 172 134 140 135 163 122 65
787 5.0756828559291973 12.275067136344989 13.060130027671043 146 167 219 0.44375305221246641 133 164 129 133 135 173 128 191 124 171
791 -19.725079915653836 -8.2756245342431782 15.144542508621825 85 92 88 0.20522179758897607 125 1 128 7 124 7 122 6 120 3
792 9.8445153481104395 4.3102001701783728 15.863546565150568 124 152 205 0.1832577034608123 125 78 128 68 124 75 122 78 120 78
796 -9.1888607774935203 9.7461047198479243 15.7273297189623 88 90 84 0.58023353934561395 125 129 128 97 124 130 122 83
798 -1.3794652816016024 10.289116945093857 15.932093212690408 6 18 28 0.27428251879216337 125 134 128 120 124 168 122 82
800 -1.3794652816016024 10.289116945093857 15.932093212690408 6 18 28 0.27428251879216337 125 135 128 138 124 178 122 88
801 -13.020555830578319 3.8078763972709813 18.442092898009758 16 38 59 0.041592129321662077 125 118 128 148
802 -15.160941095845393 5.9900770412095561 11.539559840455031 94 98 92 1.4998451783491769 129 138 128 149
803 -39.635932192360031 -33.523977461794153 36.256037695530402 24 27 21 1.287769531115837 130 155 128 152 129 152 132 163
804 -39.635932192360031 -33.523977461794153 36.256037695530402 24 27 21 1.287769531115837 130 168 128 174 129 141 132 173
808 2.7199120947696138 -5.9653492188237935 32.934621325258384 254 91 88 1.0315385745213328 125 3 128 5 124 4 122 5
812 -17.260928434307889 4.8302072190916334 12.936353970977484 86 94 91 1.695529179664004 130 120 124 110 129 143 131 138 134 99
815 16.320541283855952 13.474023844762106 16.215853734253649 114 125 138 1.4350072158331406 130 142 124 179 129 146 141 110 142 79
816 31.988975443077855 -14.254247381840372 9.9754130490320794 100 102 96 1.4329782769645265 130 178 137 121 138 140 141 146 135 156 132 171 131 127 133 154 124 162 138 134 142 107 136 132 140 139 143 83 141 114 137 120 135 146 130 156 132 164 131 154 133 174 126 141 144 76 144 148 140 95 139 111 129 140 127 85 128 166 122 125 120 138
817 15.77551132812285 -3.4309068356578312 15.983774447919368 105 123 148 1.1314696986332629 132 155 126 122 124 85 153 122 142 96 136 144 141 162 120 85
821 5.4051450201650244 6.9613505159490847 11.390286428701057 67 112 168 1.0001139617006982 156 99 159 102 161 105 160 114 155 96 154 83 157 101 158 139 151 124 147 102 153 112 152 109 150 113 149 108 148 119 146 137 145 124 143 108 142 120 144 112 135 135 144 146 134 154 139 113
823 4.4814896013378895 11.790023051433653 10.066618388349044 157 188 251 1.6164363758146876 145 155 143 135 149 116 142 161 140 152 141 154 141 165 135 175 132 145 140 151 141 140 154 107 155 127 157 123 158 133 161 140 145 141
824 32.18418843279715 -14.301489004345298 10.032729776454829 95 97 91 1.3687828252516203 130 157 137 118 138 138 141 164 135 147 132 165 131 125 133 175 124 155 138 116 136 124 141 124 137 129 135 157 130 167 132 196 131 165 133 155 126 129 125 104 129 153 127 117 128 155 122 126 120 122
825 24.777066310337396 -55.246180255256967 23.038820671113459 36 36 32 1.9566745899361209 128 17 130 32 122 19 126 24 131 36 125 14 138 92 137 95 136 133 141 157 140 113 142 159 126 138 139 90 144 122 124 21
827 17.142486015546499 -12.204668427986112 18.269840483789579 2 21 41 1.945483417455496 124 69 127 91 128 64 122 61 125 91
828 16.046795747278964 -11.717830721171364 16.968612798546889 2 21 41 1.64908880291133 124 78 127 97 128 72 122 72 125 107 120 57
831 -32.84865237648367 -16.722726990578426 18.359654659533284 87 90 89 1.4080769942400277 124 150 127 183 128 150 122 146 126 126 120 143 129 150 130 151 132 186 161 110
832 -36.748781247217984 -22.386289968245467 26.11290435567734 27 28 20 0.32277792045792209 130 152 122 147 131 149 134 160
833 -5.9522512757326647 -28.596527698768973 18.397510374741366 24 23 21 0.50782238926469714 124 181 128 130 157 145 122 152
834 -37.102334095312422 -25.250842472221137 28.746651034353825 28 29 20 0.46645515674966015 130 169 122 173 131 168
835 -37.102334095312422 -25.250842472221137 28.746651034353825 28 29 20 0.46645515674966015 130 153 122 174 131 151
836 4.6485624746622793 31.900824548154088 33.464938027691126 14 19 22 1.7456230743652679 133 40 135 34 134 32 141 34 142 54 137 48 125 20 126 49 136 41 128 30 124 23 122 30 140 58 153 142 143 94 142 53 136 42 141 35 137 43 130 44 135 30 132 31 131 54 133 41 126 45 127 42 134 33 139 80 129 52 146 46 120 22
839 1.5449833996657556 -1.2137399060878049 1.1769480433706294 134 160 206 0.25613889966798853 124 138 122 166 128 182
841 0.62596085607800467 -5.228940922981975 -1.6946567750616277 0 0 0 0.0260751401791855 124 133 128 121
843 -14.250652419248567 -10.6044313843034 29.151387035760131 12 72 114 0.26666647817259193 122 0 124 1 128 1 120 1
844 -42.308968447831731 -29.243469675371216 24.024057740076682 93 99 95 0.31685709887734453 122 14 124 15 128 16 120 6
845 -3.8815806074965922 -29.59049944839467 18.295253587531707 41 48 47 0.37444685581223008 122 10 128 11 120 10 124 11
846 -42.308968447831731 -29.243469675371216 24.024057740076682 93 99 95 0.31685709887734453 122 11 124 12 128 12 120 12
847 10.130645941633349 3.4215565619394628 19.583668895950812 6 15 19 0.64589505126215929 122 29 124 28 125 43 128 32 120 20
848 0.19960119464705561 4.6600133546052138 7.2128982013712371 68 105 146 0.74048929576239353 122 31 128 27 120 24 124 32
849 0.20588592773235831 4.1824277893233477 6.8283519280404974 68 105 146 0.7725193896172694 122 22 120 26 124 31
850 8.9015681576054444 2.3138445452148528 17.116698564192259 6 15 19 0.10135864821758711 122 33 120 27
852 5.2539362429322116 13.707278215532709 20.383223189666367 136 159 194 0.59152718462537546 122 39 124 50 128 38 120 37 125 49
855 8.0393883794150049 9.7459184004191872 11.436287480187209 126 155 207 0.58561409648037688 124 64 120 66 122 76 128 71
856 -8.2073953792505581 -3.0818152416799136 4.8236914155530393 86 94 91 0.62520641745988437 124 119 120 67
857 13.035759340962811 5.203716877357266 15.077170368179695 112 145 198 0.15734661902161046 125 71 120 69
858 8.9821510427762448 4.3267706663223606 17.440239697571467 7 17 22 0.24078457289039734 122 59 124 86 128 90 120 81
859 45.422514166090586 -8.91659432444626 14.6936923239038 29 36 32 0.57461801763544962 128 92 120 82
860 8.9821510427762448 4.3267706663223606 17.440239697571467 7 17 22 0.24078457289039734 122 69 124 91 128 102 120 83
861 7.2223829536418327 10.728284636569919 16.152916121888691 111 140 195 0.56333757240946514 122 118 124 107 128 137 120 88 125 119
865 0.88923527090362209 -5.7960498520963055 -1.134306470816997 0 0 0 0.32914443312784369 124 92 125 146 127 172
866 -65.502052021202289 -40.729010478328178 50.219880598066588 88 92 87 0.63161844119016874 135 141 120 109 138 159
867 -21.886404054040788 -46.013912781863397 36.247614145540034 91 89 85 1.3723851321461329 127 131 138 120 120 121
868 -31.889786964354911 -18.33350842616554 19.668444620011272 95 96 90 0.53245744193311839 126 102 128 114 120 125
870 -28.609840372675237 -32.741900163773352 29.478312348009638 86 87 81 0.87185760188230266 125 105 127 105 120 131
871 36.046714113431634 -11.418475353593591 10.923321472667327 81 82 76 1.0088753289661576 132 124 120 133
872 52.54671411530682 -26.840226937927152 44.305425995293341 110 118 122 1.9425610484338915 124 125 125 124 128 184 120 134
874 52.54671411530682 -26.840226937927152 44.305425995293341 110 118 122 1.9425610484338915 124 116 125 115 128 169 120 140
875 5.5077881117599654 10.093491682111678 14.881764911908039 95 127 179 0.62719126904395994 122 121 128 103 120 141
876 12.181528708080343 8.68515645985436 13.138094100790338 105 140 198 0.58992577700540638 124 115 120 144
878 7.4802236647149698 7.732369897965679 14.138769684465327 134 160 212 0.40609367318311795 122 141 124 143 128 118 120 159
879 6.0550340436074475 5.9746309587308275 14.067087691169213 117 145 194 0.40700269017191459 122 143 124 145 128 146 120 161
880 4.0706139319046866 3.6005246455243713 11.826952807997289 92 124 171 1.3962923946089763 124 146 128 147 120 163 122 144 124 103
881 -6.9061201217105372 -5.4941111824333495 11.433245194801026 18 79 129 0.58901987412477674 127 133 120 166
886 37.049250857738961 -13.657302443213901 11.751681151317431 33 39 35 1.2933020354364204 122 170 125 111 128 113 132 162 120 130 140 140 134 165 144 124
890 13.397180821196104 -31.998507315089956 15.100843540070565 0 0 0 0.008500717906027043 125 33 126 43
