# Frame list with one line of data per frame:
#   FRAME_ID, RIG_ID, RIG_FROM_WORLD[QW, QX, QY, QZ, TX, TY, TZ], NUM_DATA_IDS, DATA_IDS[] as (SENSOR_TYPE, SENSOR_ID, DATA_ID)
# Number of frames: 66
22 1 0.99258501690424927 -0.05989592865795635 -0.10577007203957564 0.00039218380274883295 0.16173536451394788 1.0543942582459453 -0.37978204532368087 1 CAMERA 1 22
25 1 0.99003259458326986 -0.089556186067520346 -0.10130277445807136 0.039406840609918947 -0.40597719256286463 -1.4103897999304429 -0.58972555717754849 1 CAMERA 1 25
26 1 0.99299180840505441 -0.085744469131619469 -0.07507676765890231 0.031283117039188728 -1.3374373617667619 -0.98440073332344802 0.41158886257417393 1 CAMERA 1 26
27 1 0.99009193942660167 -0.092667530044104884 -0.09876141975681578 0.037106095531780077 -0.51242822095482921 -1.4026299948361916 -0.55223125464633471 1 CAMERA 1 27
28 1 0.9897705820984477 -0.089698323676557959 -0.10307198553198212 0.04104352982639959 -0.28340389254294157 -1.4581862775103775 -0.75666338748026529 1 CAMERA 1 28
29 1 0.99061066277595355 -0.086921734091021038 -0.0984835691644384 0.037896088740517433 -0.53759544713226193 -1.352265278425228 -0.46200074786618023 1 CAMERA 1 29
30 1 0.98994747064473232 -0.10093049715403467 -0.090688993758129388 0.039906722735328172 -0.89503957310485882 -1.8281993930807068 -0.3389979599295399 1 CAMERA 1 30
31 1 0.99020438774459107 -0.087021923522605529 -0.099851315738769056 0.044183368624652199 -0.31055915232267356 -1.4593985778311276 -0.53268402269022286 1 CAMERA 1 31
32 1 0.98955845662572239 -0.093543777729766242 -0.10175343514254466 0.040863932816780441 -0.34167716076782606 -1.4682366891959784 -0.64688418756218979 1 CAMERA 1 32
33 1 0.9905640496995719 -0.089799155122099364 -0.093096710022822576 0.045298761186898816 -0.40576805415755635 -1.3855700518970722 -0.46913082270374457 1 CAMERA 1 33
34 1 0.99034521402755915 -0.095310833758420352 -0.093884772537207409 0.036302224540924792 -0.32404755234784027 -1.5050638302581814 -0.57217211512960697 1 CAMERA 1 34
35 1 0.99101902710811351 -0.089751081286605763 -0.088021826702672834 0.045587162025047631 -0.63920590491374607 -1.3671112864265211 -0.33480572782676654 1 CAMERA 1 35
36 1 0.99007572511147612 -0.091289165722252846 -0.096912379655805653 0.044992637577375455 -0.33173558698520378 -1.4482775138281667 -0.52143724154095084 1 CAMERA 1 36
37 1 0.99003670698706236 -0.093403068160552744 -0.094085843434494706 0.04744512347574497 -0.53878083150798661 -1.3303233868723352 -0.46978309886064823 1 CAMERA 1 37
38 1 0.98845958256255795 -0.10086515126604968 -0.10255094591912567 0.0475097715362129 -0.11792925538551882 -1.5824136949876559 -0.71539995381500698 1 CAMERA 1 38
39 1 0.9899675384512826 -0.09303283464250893 -0.094863890444181587 0.048062529905138721 -0.46453127717832338 -1.3485599215875805 -0.39842799131070245 1 CAMERA 1 39
40 1 0.98958283023790516 -0.095057803349497469 -0.096947778645071828 0.047864019226262156 -0.36031528747994573 -1.4302310844011537 -0.4320911300810753 1 CAMERA 1 40
41 1 0.98964491988303704 -0.095294277662262047 -0.09633100191302299 0.047352626801034178 -0.43348392317810236 -1.3644213829974363 -0.47944214552580144 1 CAMERA 1 41
42 1 0.9892265646170203 -0.092813327451138128 -0.10309762373326589 0.046769328453699771 -0.021460747750733342 -1.2872589037460589 -0.5353951203429641 1 CAMERA 1 42
43 1 0.98940179639979331 -0.096151680222374206 -0.097104826125475052 0.049087599395545987 -0.31838818382646328 -1.4679209210033597 -0.43543825414521492 1 CAMERA 1 43
44 1 0.98843032284583399 -0.084832531759225449 -0.11912083640677854 0.040238846503720026 0.98301426052661334 -0.86101440651409367 -0.53229491827547182 1 CAMERA 1 44
45 1 0.98936976527728604 -0.096314116431255745 -0.098021430067348245 0.047569504714537268 -0.30172016294348319 -1.4696606946570276 -0.48872992311407842 1 CAMERA 1 45
46 1 0.98818618256052637 -0.10184171800922154 -0.10436340018736584 0.04716581146037787 0.014283096606827837 -1.6868380257744973 -0.72490761851293839 1 CAMERA 1 46
47 1 0.98941542288120532 -0.096406952944507962 -0.097667694010456968 0.047157628602814507 -0.31121401938211246 -1.4785900320644356 -0.45630032934207382 1 CAMERA 1 47
48 1 0.98956130819988308 -0.095859461749376706 -0.097524776056349627 0.045478554968410675 -0.38238333541009933 -1.4076626071587568 -0.50536373303865734 1 CAMERA 1 48
49 1 0.98988358996835413 -0.09371925062676234 -0.094721184010475273 0.048734768625442078 -0.41479000008416828 -1.4012438471468343 -0.36052463186956263 1 CAMERA 1 49
50 1 0.98948567412911126 -0.095881851965299456 -0.097592409119207968 0.046909410988330034 -0.35053989853156831 -1.4332736739366474 -0.49662110930627074 1 CAMERA 1 50
51 1 0.98940979254525663 -0.096368562565109159 -0.097529434405693005 0.047637925953935116 -0.31614879476033997 -1.4632985363863642 -0.51316782908768133 1 CAMERA 1 51
52 1 0.98936605343002948 -0.097697088181728398 -0.097435867382000524 0.046003728420821684 -0.32284040305701045 -1.4602454359996846 -0.53642053480256058 1 CAMERA 1 52
53 1 0.98911189288791712 -0.097879332654959017 -0.099332936459305202 0.047013480205930075 -0.25170893160120994 -1.5067176106901208 -0.56206945761869342 1 CAMERA 1 53
54 1 0.99040969999941153 -0.091064532558730538 -0.092114964862617943 0.048069848192960174 -0.57845459348307848 -1.2752489676066983 -0.30961014824679017 1 CAMERA 1 54
55 1 0.98955233379832241 -0.095791444441613763 -0.096838757516771193 0.047248628431848523 -0.35724130859981279 -1.4199196424204032 -0.54043128988883893 1 CAMERA 1 55
56 1 0.98951895603018825 -0.095785787590652663 -0.097180788521840394 0.047256881983875912 -0.34000774589979221 -1.4429846384605192 -0.5026367433414578 1 CAMERA 1 56
57 1 0.98978410460023847 -0.094536366077462811 -0.09595551908246068 0.046720874640654941 -0.41460207536220717 -1.3858414853590988 -0.46430147129937444 1 CAMERA 1 57
58 1 0.98929276082026241 -0.091569837719811295 -0.10460525018020514 0.044413284536579119 0.14257048303821701 -1.1678319412749747 -0.57030349269702652 1 CAMERA 1 58
59 1 0.98963033332690664 -0.092472087954263121 -0.10080637460410935 0.043804008353466491 -0.17413067954058165 -1.2334888119806082 -0.51016543797256264 1 CAMERA 1 59
60 1 0.98932548962681066 -0.096222064925367265 -0.098508017244541446 0.047671378569524234 -0.27392580546620054 -1.4862493093519336 -0.53692445903757136 1 CAMERA 1 60
61 1 0.9889870676856759 -0.099132420793388548 -0.099568006001771792 0.046514033140141797 -0.22847099968394785 -1.5253051069890762 -0.58657808006798506 1 CAMERA 1 61
62 1 0.99008500082281548 -0.090241487660320502 -0.097092140756926334 0.04648958220693053 -0.34838195074695932 -1.2116055044822478 -0.38942760102735452 1 CAMERA 1 62
63 1 0.98941052942599772 -0.095633068255910517 -0.098324239777748623 0.047470668723488416 -0.3140091027041248 -1.4398879085669911 -0.5855317222971318 1 CAMERA 1 63
64 1 0.98941886862896755 -0.096895628631365721 -0.097302328853279801 0.046837979811629377 -0.32707340800937801 -1.4520374510748746 -0.53975520002233446 1 CAMERA 1 64
65 1 0.98963379436659049 -0.095184010932799143 -0.096996579230511026 0.046439430744883055 -0.36280802970384451 -1.4289655877684957 -0.46874908385185532 1 CAMERA 1 65
66 1 0.98943639114671322 -0.09330917778962218 -0.10106150394774556 0.045777698004737778 -0.15605139611947047 -1.2931163518702973 -0.5816862059918283 1 CAMERA 1 66
67 1 0.98977199470969124 -0.094977112977094644 -0.095927501815162936 0.046137413174527762 -0.42231525576687318 -1.3893861383246993 -0.44308162772378168 1 CAMERA 1 67
68 1 0.99024637062480958 -0.085934369201262559 -0.09410214837692063 0.056322245385118673 -0.61399283512022862 -0.90294151570438996 -0.82970357375274384 1 CAMERA 1 68
69 1 0.98923277725784375 -0.072505725661085901 -0.11712892737046941 0.049419090624331162 0.41634059605574059 0.43770970264463349 -1.3476145793781691 1 CAMERA 1 69
70 1 0.99035339296358726 -0.069689112416408266 -0.10846915521821704 0.050774275202804232 0.33650684551068955 0.84084148630248512 -0.65697534974311167 1 CAMERA 1 70
71 1 0.99031399370944928 -0.073404021890962567 -0.09966955928775624 0.062896918723069253 -0.19345598849230497 0.81398837504307719 -0.3531882698758565 1 CAMERA 1 71
72 1 0.98908872509950485 -0.066705715365886778 -0.11335152611959688 0.066372230224092499 0.3425669926728841 1.4406541560809762 -0.36014961341321144 1 CAMERA 1 72
73 1 0.98856490652264706 -0.069602207772177613 -0.1153389872133302 0.067763384609331762 0.71620349914025261 2.654678673290809 0.95005448449145558 1 CAMERA 1 73
74 1 0.98798053742623448 -0.062141520115889297 -0.11933951443569045 0.076098419424513064 0.58840019099351137 2.0536422708099575 0.19527039490070502 1 CAMERA 1 74
75 1 0.98956712685796877 -0.061850653350713096 -0.11235703132836575 0.065629990349166098 0.43407869476161548 1.9673704136989025 0.13204576450408734 1 CAMERA 1 75
76 1 0.98634723196514795 -0.078146395524812035 -0.12077604492636339 0.080158753939388927 1.0557629814042471 2.6617546194228745 1.6014448037619011 1 CAMERA 1 76
77 1 0.98891124617166304 -0.067684409553952413 -0.11515220657158239 0.064910224312021633 0.79394338985300628 4.3381176729242155 2.5505213608896122 1 CAMERA 1 77
78 1 0.98914474735919977 -0.069262821994084262 -0.1118164303454165 0.065516533531081944 0.3083035609354926 3.8932993432811189 1.9915003539174656 1 CAMERA 1 78
79 1 0.98966475866618431 -0.0575770771670936 -0.11689800426612534 0.059861525520945695 0.99778538482272328 5.3674071959014027 3.0238778853469155 1 CAMERA 1 79
80 1 0.99113354868046832 -0.057110869728199364 -0.10820103653813215 0.051818654276467001 0.5124053222370557 6.3969718852756436 4.0472114779607029 1 CAMERA 1 80
81 1 0.9904780342102576 -0.063067555845794016 -0.10960310149864017 0.054432593990186691 0.53412832231348817 6.8524190189009353 4.6601641084363656 1 CAMERA 1 81
82 1 0.98688027006168899 -0.056819760959239761 -0.1337219316998052 0.070408041514982742 1.3425675262026293 3.2686234520169317 0.59693816331753147 1 CAMERA 1 82
83 1 0.9903049383877166 -0.067657415001031965 -0.10751037541858363 0.056214965779890609 0.44502423707396421 7.2147877321900644 5.3127631427100175 1 CAMERA 1 83
84 1 0.9903248623378007 -0.068172304451149301 -0.10757830825700297 0.055100921353434883 0.58806317416962983 7.5388585514783211 5.588229317602134 1 CAMERA 1 84
85 1 0.99127607387139183 -0.051486681491478226 -0.11040629926922144 0.05031218620562098 0.63094904058295853 6.2974393379888394 3.740090839787253 1 CAMERA 1 85
86 1 0.9896714720063674 -0.06706944187614676 -0.11335941315618996 0.056583662943082196 1.0159599160845707 8.9015792733125849 6.8591312120930104 1 CAMERA 1 86
87 1 0.98976689617606295 -0.065671409143841689 -0.11350232095770817 0.056267045348750558 0.95131829934369994 8.4287775909361198 6.3335132349632683 1 CAMERA 1 87
89 1 0.98907923359245498 -0.068613367566856945 -0.11533151187261297 0.060935357851370719 0.95221002401355681 10.733547939668371 8.8514782683491706 1 CAMERA 1 89
90 1 0.9894197462535117 -0.069736692926066407 -0.11385139133348499 0.056773409927551151 0.99379588404937713 9.0296381070359857 7.2309253246171554 1 CAMERA 1 90
