# 3D point list with one line of data per point:
#   POINT3D_ID, X, Y, Z, R, G, B, ERROR, TRACK[] as (IMAGE_ID, POINT2D_IDX)
# Number of points: 112, mean track length: 14.5
6 18.423944010680362 -6.8651175709740775 18.424301725458864 118 125 125 1.255760005332857 75 9 71 9 72 12 74 10 69 8 70 9 84 25
8 18.175515887418904 -4.32042950903086 15.697017335773003 177 172 175 0.67081900805824246 75 13 71 12 72 17 74 11 73 10 76 14 82 12 78 12 70 12 61 9 68 6 67 10 64 12 53 10 47 9 39 8 38 9 65 9 55 11 42 11 32 8 44 11 52 16 45 12 33 8 40 8 62 10 58 10 49 11 63 12 54 9 50 12 79 10 48 11 57 12 56 11 60 13 41 10 28 8 51 12 36 12 35 8 22 8 31 9 43 11 66 10 46 9 34 9 37 10 59 10 30 7 26 11 27 9 25 9 29 12 83 14
20 16.899107439457854 -8.5317122387229034 17.529718720855737 119 121 123 0.51476961648032338 75 29 71 32 72 39 74 32 73 19 76 48 78 42 69 24 70 31 61 29 67 28 64 31 53 23 47 26 39 27 38 21 65 32 55 36 42 28 32 23 44 24 52 29 45 27 33 29 40 20 62 25 58 31 49 29 63 26 54 24 50 27 77 34 79 50 48 14 45 15 57 32 56 25 60 25 41 27 28 12 51 27 36 27 35 33 22 22 31 21 43 22 66 31 46 25 34 30 37 26 59 24 30 31 26 27 27 31 25 26 29 29
26 18.744100301601524 -7.5705539725243618 15.261918454790372 141 147 148 0.41448517423832415 75 48 71 40 72 33 74 51 73 46 76 59 82 40 78 54 69 25 70 32 61 38 68 34 67 36 64 37 53 30 47 34 39 37 38 39 42 53 32 38 44 49 52 30 45 50 33 53 63 35 54 51 77 54 79 58 48 28 57 46 60 26 41 37 28 52 51 26 36 45 35 38 31 37 43 51 66 49 46 26 34 27 37 48 59 30 26 34 25 34 86 112
27 19.220216975887215 -6.2859169238726862 14.222256963389896 161 166 168 0.46004124441096189 75 49 71 41 72 50 74 39 76 60 69 40 68 33 67 40 64 55 53 63 47 62 39 63 38 49 65 57 55 40 42 54 32 39 44 36 52 59 45 32 33 54 40 50 62 36 58 42 49 38 63 53 54 44 50 59 85 63 79 74 48 59 57 47 56 51 60 55 41 38 28 59 51 50 36 44 35 52 31 38 43 52 66 37 46 41 34 40 37 49 59 31 30 61 26 35 27 48 25 35 29 61 84 98 86 89
40 18.301489617149286 -7.7494953171911938 16.957664062341347 90 98 100 1.5466208377117574 75 85 72 83 74 67 69 46 69 67 70 61 61 75 68 85 67 77 64 71 64 81 53 72 53 79 39 68 39 70 38 69 38 83 65 58 65 69 55 77 42 74 42 82 32 63 55 75 52 71 45 63 45 75 40 56 40 67 62 64 62 78 58 57 58 73 49 59 49 70 54 74 63 65 50 68 50 70 79 99 48 65 48 75 57 62 57 76 56 58 56 74 60 68 60 70 41 70 28 66 36 62 35 82 22 51 22 57 31 59 31 60 43 66 43 69 66 62 66 69 46 74 34 81 59 56 59 64 26 67 26 68 27 71 35 62 25 65 25 66 71 72
41 16.668221177947366 -10.574300657962262 18.731448130560235 83 90 91 0.94711043746410406 75 99 71 75 72 86 74 106 78 72 70 66 85 77 77 91
42 18.408998824670398 -12.197042970981641 21.206873675570463 77 87 88 1.0385186573561287 75 69 71 76 72 88 69 59 70 68 61 63 68 63 38 78 65 89 55 86 42 77 32 58 44 69 44 70 45 60 33 84 40 65 62 61 58 63 49 56 63 63 54 66 54 65 38 77 50 64 48 67 57 58 56 70 60 62 41 83 28 64 51 66 35 70 31 80 43 72 66 60 66 61 46 60 37 73 26 81 27 68 29 76 65 87 22 71 84 91 81 114
50 19.280098290660334 -3.2436562868446122 14.089090853594882 131 136 134 0.5129763190852118 75 11 72 15 74 13 73 8 76 12 82 11 78 11
51 15.14729363761642 6.8095754304235392 11.736101041672191 131 135 134 0.98969643393792039 71 15 75 12 72 16 74 22 73 22 76 25 82 19 78 19 69 9 70 14 85 19 77 14 79 20 80 20 81 19 83 37 84 34 87 33 90 38 28 16 86 41 89 47 30 13
63 18.241010611089454 -4.1235880620162826 16.407048369983396 119 124 126 0.5147366883864225 75 57 72 56 74 52 73 54 78 70 69 45 61 58 68 71 64 51 53 51 39 54 32 51 52 51 62 55 49 50 63 61 54 62 85 68 77 66 28 53 22 49 31 50 34 59 37 54 59 44 30 66 26 60 27 62 25 51 29 67 80 76 81 90 83 88 84 95 90 133 89 131
64 18.277286180330147 -4.1157352332406933 16.42195957810609 119 124 126 0.45317319279472196 75 59 72 57 74 58 73 55 78 89 69 52 61 60 64 58 53 57 39 60 32 52 52 64 62 50 49 52 63 58 54 61 85 60 77 64 31 51 59 45 29 70 80 85 81 110 83 106 84 116 90 128 89 137
80 17.647371197835454 -9.6790927080828233 17.102853175385285 120 126 123 0.5715900205047566 75 61 72 85 76 69 82 70 68 89 73 79
94 19.125701555555949 -5.7399175086634422 15.290248166544211 97 104 105 0.74786978162152906 72 54 74 53 73 67 82 52 70 38 53 55 47 35 32 40 44 37 52 52 85 80 31 52 34 41 30 40 27 57 84 119
99 19.701631120291346 -4.7312770201160417 14.394047260724967 87 98 97 1.4128050809548602 72 55 74 73 73 53 82 53 76 74 78 69 53 49 47 67 55 65 32 53 40 52 74 56 78 68 58 72 49 49 63 56 85 81 77 86 77 89 79 75 48 60 65 88 28 82 51 52 36 55 22 45 31 49 46 51 59 63 30 90 26 82 27 60 25 61 29 74 80 75 26 72
108 -3.2577993026204544 -2.278679488045642 21.798425218698505 41 38 35 1.4861230290815297 71 92 74 103 76 94 82 62 72 81
110 18.677480169894643 -4.5412994531581781 16.266808388106323 197 192 188 0.36419189507527178 75 82 74 108 76 73 69 49
113 -2.0132956557594408 -2.6695646328717104 24.281650464709475 100 106 104 1.8183260952825453 74 25 73 24 72 25 79 24 42 70 43 77 58 76 62 68 32 69 53 80 56 72 60 81 61 70 66 66 45 76 46 65 25 78 38 62 39 81 41 74 50 72 65 80 30 80 33 73 67 75 38 63 50 69 38 84 82 24 76 28 61 86 52 70 53 64
117 14.999319603533447 -13.09443976090594 18.944448256292386 108 110 106 1.4820661780158846 73 64 78 75 39 61 38 46 49 45 54 55 31 58 34 56 30 67 26 61 29 66 25 60 71 79 76 79
135 -3.3258533998310811 -2.2770779577882228 21.76940734008851 48 42 42 1.2180794669159283 71 85 76 101 82 78 72 95
140 14.171875056783303 7.3954355091096069 10.801875329546023 75 83 83 1.5542833677493508 71 25 72 30 73 37 76 43 82 36 71 42 74 40 77 38 79 52 80 67 83 83 90 95 90 99 86 86 86 93 89 122 69 18 75 50 72 43
141 14.233876497734778 7.4504221178021606 10.90577723224804 75 83 83 1.6455320654459726 71 26 72 31 73 36 76 41 82 27 71 47 75 41 72 44 74 42 77 36 79 41 80 65 83 79 90 96 90 98 86 88 86 111 77 46 89 126 69 19
146 20.625804950406931 -1.933897423337277 13.305931141598132 126 133 132 0.8745659135053705 76 13 78 14 77 10 85 18 79 14 80 19
147 20.250270955480438 6.7818049374930505 12.010454026549287 133 137 133 0.34376268419139883 74 83 76 77 78 56
161 17.661760428201038 -6.6739852536734325 18.128650290792308 120 123 124 0.29390442743554601 71 10 70 6 32 6 34 6
170 18.634892821444318 -6.8796763516184596 14.73773066416932 142 145 144 0.25212069974305873 74 69 70 76 32 64
195 2.0637420893761274 -3.8460198349718375 7.9759945260955698 0 0 0 0.70943836443309716 70 44 75 105 72 53
197 19.309337372018494 -6.6786913024938848 16.491777817085339 92 100 103 2.5239908031149474 75 53 72 79 74 71 73 76 78 64 69 61 70 48 61 73 68 69 74 70 73 77 82 61 78 66 69 48 70 62 67 57 67 60 64 63 64 80 68 68 53 56 53 62 47 57 47 66 39 77 39 79 65 22 65 56 65 61 61 23 64 26 67 17 47 18 55 25 55 58 55 73 53 25 42 18 42 58 42 72 32 48 44 25 52 25 52 55 52 60 45 23 45 74 33 20 33 63 33 82 40 21 40 70 40 71 62 20 58 23 58 50 58 64 49 25 49 48 49 53 63 22 63 47 63 70 54 22 54 71 54 77 50 22 50 54 50 55 85 79 77 84 77 85 79 73 48 23 48 54 48 66 57 25 57 49 57 63 56 12 56 50 56 52 60 21 60 48 60 56 41 51 41 54 28 60 51 23 51 49 51 51 36 51 36 54 35 19 35 51 35 53 22 53 31 54 43 15 43 57 66 27 66 57 66 72 46 14 46 50 34 57 37 50 37 52 59 20 30 69 26 63 27 58 25 75 25 76 29 73 22 66 34 74 31 62 30 89 26 80 27 84 29 72 32 66 75 83 28 58 22 20 76 71
204 -1.035672921943859 -12.973556211299975 11.652598276284539 138 125 119 0.77505334335564613 68 51 71 87 64 56 35 54 70 36
220 19.29532061365958 -4.441469956758703 13.930904842840501 90 98 99 0.47976207886731814 61 57 67 69 68 70 64 50 47 54 39 53 38 51 65 64 69 44 70 47 71 58 42 59 44 51 52 50 45 55 33 58 40 55 62 53 54 59 50 51 48 58 57 50 56 43 60 57 41 52 51 56 35 80 43 58 66 50 34 58 37 53 59 62
223 18.305661613192214 -6.9631628434284085 18.168556358938222 121 124 125 0.5462019151301013 39 11 53 9 55 10 61 8 67 9 68 11 42 12 44 10 45 8 33 12 58 9 50 7 79 19 77 15 60 9 41 9 28 9 36 13 22 9 31 10 66 9 30 10 26 14 27 7 25 10
224 13.831627020835324 -11.767569364671164 19.597472374138544 98 101 102 0.96213618292910374 39 22 64 25 65 19 68 29 74 21 42 17 35 11
230 18.284441588560885 -3.6626047091693539 15.689201978025016 122 122 126 0.42515147543578719 68 72 32 45 85 65 75 56 79 77 83 75
231 18.364014130716814 -3.6783473625824872 15.76150523347239 122 122 126 0.52798337387994276 68 65 32 49 85 69 79 94 80 64 83 71 87 79
234 17.861226144689052 -8.5631726556208374 17.509641880462443 89 98 99 1.6612200679631044 69 69 70 79 61 66 68 86 82 69 53 77 47 65 39 86 38 59 55 78 32 59 32 61 55 87 69 85 44 60 52 72 45 62 40 66 62 72 62 85 48 63 57 60 57 68 41 71 41 81 51 59 36 63 36 64 35 61 22 56 31 82 43 63 66 71 46 69 34 65 37 61 59 71 27 70 22 77 30 93 29 92 29 77 74 66 72 84
243 17.093968807576058 -9.3646070810153592 17.850471039712996 92 99 101 0.61565935139614225 32 87 71 74 62 81 73 91
244 -8.5572704479283601 3.5812834525924391 33.249710301300034 95 99 98 1.5701579572412905 55 91 73 25 32 81 52 79 65 95 67 85 57 73 54 72 69 84
258 -19.317879602437614 16.007786950009994 37.809421041571163 106 118 117 0.94369373679531765 50 62 39 74 47 80 49 69 62 77 45 56 52 54 85 34 55 68 48 52 65 76 57 59 56 45 60 65 32 74 51 71 36 79 31 69 37 69 59 58 35 81 84 70 79 42 78 46 68 57 46 76 38 85
259 -0.056137063666184261 1.5947921298056729 2.4743423309511061 92 100 99 0.69378381516388654 50 85 54 83 48 77 55 90 53 66 52 82 63 67 57 71 56 75 60 77 47 72 53 65 41 62 28 69 51 74 36 73 31 67 26 69 65 74 25 55 29 68 27 63 34 64 32 68 34 72 64 83 33 67 26 77 67 71
262 2.9390599794864167 -4.6524979007265044 34.99240908804255 93 94 90 1.3424024088480639 32 26 85 35 60 28 63 28 65 29 28 27 22 27 30 37
276 -0.78695311155573244 2.2415482474795372 3.447177324960343 98 105 104 0.76336468496000609 28 74 53 67 36 78 40 68 47 83 50 90 60 79 31 81 39 85 65 75 43 82 40 79 46 67 27 87 38 67 29 69 41 64 61 88 33 71 32 50 45 70 45 68 35 79 49 63 67 91
279 15.951908367412523 -16.088297763571425 22.934189162706598 17 21 16 0.68591057803816224 45 38 55 45 61 43 77 82 46 38 41 41 47 40 54 39 56 36 58 38 64 40 65 46 68 54 78 88
286 -0.34627292021108086 1.6015608741286909 3.7508252395729578 0 0 0 1.0971975461723069 27 80 34 87 33 85 36 71 67 72 29 79 28 68
289 -10.661255146435851 -22.242122114634771 13.272793024612762 104 107 107 0.70500682242221391 85 20 80 28 81 26 83 30 89 54
291 -14.238648283777867 -21.648662133876133 14.122531296405308 254 255 251 0.59716583440802429 85 70 80 49 81 62 83 40 85 37
292 -16.323602312931275 -21.356393020341237 14.711253892603047 49 61 68 0.64305582920977533 85 89 80 50 81 46 83 44 84 54 87 42 90 61 86 47
297 -13.901836901410773 10.432641927836571 33.760039108887923 119 126 126 0.94478081972533479 79 27 80 24 77 25 81 42 63 77 67 86 49 62 40 69 44 50 51 70 62 76 33 70 64 68 56 61 60 78 35 69 47 69 54 80 45 67
299 34.590278257976969 -21.990522694106055 20.827090449610466 195 195 202 1.0535448130869542 81 12 79 67 86 10 90 6 83 11 84 8 87 11 77 51
300 21.585680761901259 -3.1054403902164873 15.96629748181892 130 130 132 0.4248999885442547 80 17 85 17 81 21 79 21 83 23 84 26 87 26 90 29 89 34
301 -17.073243777817929 -22.855645069011402 14.509111772014618 62 67 67 0.30073742755341554 80 29 81 25 85 21 83 29 84 37 87 37 90 63 86 37 89 42
302 -17.073243777817929 -22.855645069011402 14.509111772014618 62 67 67 0.30073742755341554 80 26 81 31 85 28 83 39 84 31 87 38 90 64 86 38 89 57
303 -11.180269011936268 -25.184148442309549 14.692256545780955 253 245 249 1.1199250989945153 80 44 85 40 81 47 83 28 84 38 87 40 86 61
305 -12.847454195382518 -24.40826325176285 15.641706724149282 245 249 248 0.79360107350501163 85 92 81 60 84 51 87 41
309 -17.248668964481492 -23.63358270459441 17.054982065430547 228 171 170 0.33258891351676761 80 87 81 83 83 94 84 96 87 107 90 108 86 97
310 19.257863618030616 -4.2197421418687631 11.965919563962879 133 140 139 2.5332230470749217 77 88 85 49 81 91 83 74 84 109
314 31.72836320937456 -20.722463884854427 18.70682645267993 189 191 201 0.65954972113058263 79 72 83 12 84 10 90 11
315 14.569320150471665 4.008205280460297 6.6410555652961154 132 132 126 0.63340926670516406 80 8 81 13 85 8 83 15 84 13 87 18 90 27 86 15 89 87
318 -18.410136415296225 -42.602132161306571 30.634773896774092 110 103 93 0.74277544464342093 81 38 83 51 84 47 87 45 90 58 86 51 81 105 89 70
323 22.809429072128648 -3.0740373086686308 13.899461863453283 50 54 51 0.41030243550482048 80 66 83 100 84 111 87 99 90 101
325 17.0847471476708 -14.284845451549728 22.525248111270074 33 33 34 1.7018537410942984 79 96 83 111 72 100 59 73 67 79 42 68 40 77 74 65 32 89 64 75 42 83 36 66
326 -16.345179324750685 -23.591869106630707 16.711748327028015 186 188 186 1.6002923298182148 85 64 80 59 83 69 85 90 81 75 84 72 87 70 90 89 86 82 89 98 81 55
328 -14.580098939822786 -17.63502552802877 10.930176569383086 252 255 252 0.38336059070491857 83 25 84 20 87 21 86 33
330 -15.078127532273061 -18.174969313597938 11.756405851976954 252 255 252 0.84134647081041203 83 17 84 29 87 24 90 18 86 28 89 15
338 -7.6582031200240914 -24.488207373690457 14.924279542086188 93 93 87 1.3182870657696819 83 3 84 3 87 1 90 1 86 1 89 2
339 -7.6582031200240914 -24.488207373690457 14.924279542086188 93 93 87 1.3182870657696819 83 1 84 1 87 3 90 3 86 3 89 1
340 -13.833127489458457 -24.048314835305426 14.680128601455658 252 255 250 1.4759811966043057 83 5 87 5 86 5 90 5 89 8
343 20.218128799628605 -18.7069007452452 14.76977206030308 118 119 118 0.70976704711424832 83 24 87 31 84 21 90 34 86 40 89 36
344 -16.084386937855594 -23.458015506417794 14.597305368353272 252 255 249 0.23032226651693413 83 38 87 35 86 36
347 -8.4417736902411402 -21.863101742532194 8.3553917932930197 127 120 112 2.1250092323734293 83 97 87 114 84 105 86 79
348 -16.700303039096205 -22.973058710241574 16.090591459013392 226 168 169 0.12513843274263289 84 114 87 119 90 124 86 107
349 -20.78680866009238 -37.216276289415951 25.180010094067153 229 215 223 0.26305385044534096 83 95 84 100 87 126 90 120 89 115
353 -16.675838278100585 -22.311407736702968 14.884178011917379 171 134 130 0.39825579725320476 87 14 90 17 86 17 89 14
360 -15.554546674903964 -16.277721370641572 10.98605934204115 248 251 247 0.65136254356335499 87 87 90 111 86 73 89 92
362 -13.971562294163672 -17.002836921561645 11.099568193503334 125 128 128 1.1632534307503155 83 80 90 76 80 68 81 71 84 63
363 17.619055884870352 -12.909128433243906 21.461114446605368 32 34 34 1.4390461747719849 85 76 83 85 90 132 87 91 73 65 75 68 71 78 44 81 49 55 32 57 33 75 48 72 52 80 62 60 47 82 60 61 34 63 46 59 25 64 51 67 82 72
368 -5.7650112003872547 1.1872897308420547 29.200844613303463 117 119 120 1.5930546428566517 71 18 73 20 82 64 64 82 77 23 79 26 65 97 81 29 85 26 84 33 80 22
393 -13.090911099120252 7.7061547997512436 17.601481791230466 120 124 121 0.53402574804353953 81 39 84 53 90 45 86 59 87 32 80 37 89 46
399 -14.777912426091158 -29.294095949252799 22.11316608640313 43 65 145 0.3731393513664461 87 109 90 68 86 74 89 72
402 -15.831590968868193 -42.344878188390773 30.643659485442722 0 0 0 1.2781810326127889 81 115 84 85 90 112
403 -14.160286466626925 -30.731115553880095 22.722786373610361 64 66 93 0.39577299698304114 87 111 90 87 86 81 89 74
406 16.618104059518124 9.6098223307759714 13.235415016975802 0 0 0 1.7529106686233646 71 48 77 55 74 102
407 -16.604609588944353 -23.569386104634702 16.908185342989427 49 52 60 0.15910119497670494 87 62 90 93 86 87 89 107
413 -16.762995452139116 -16.990275323153043 12.909387773528049 166 171 171 1.259542519224722 83 91 84 80 87 89 86 69 87 78 90 125 89 85
415 17.632781600255996 -2.9562190558950765 10.521451018562853 89 99 102 2.2765513820470469 78 71 85 82 77 68 80 84 83 108 84 117 81 20 90 30 83 22 87 27 84 27 86 26
417 0.47228947229560531 -4.5352754455921076 6.1760255891133147 0 0 0 0.413451592286394 84 14 87 50 90 94
418 0.47228947229560531 -4.5352754455921076 6.1760255891133147 0 0 0 0.413451592286394 84 15 87 46 90 97
421 24.88446135646641 -59.441733047178502 51.659670852504703 0 0 0 1.7017776612979809 77 44 84 104 86 121 79 23
424 -2.1244457170201851 -24.51310676565009 21.11312127591253 0 0 0 2.0018287527517717 84 17 86 6 87 7 85 67
425 0.16878681351771907 -17.757948454894738 26.260585639424015 0 0 0 1.8593911032913724 75 6 82 5 42 14 39 14 58 13 70 10 72 10 74 8 74 4 69 11 72 8 71 8
429 -17.179497006958883 -22.872949198806459 15.84767531077874 151 121 121 0.2090862958601859 86 23 90 22 89 22
435 -18.403792980305756 -21.685072340566368 14.937511576719453 252 255 251 0.067795105283886256 86 25 90 16 89 29
439 -12.724073266382883 -94.986368309113033 98.034401250902206 91 88 82 2.1744239114742556 81 8 89 40 80 5 85 4 79 4 73 4 77 6 78 7 35 7 49 8 33 10 40 11 42 9 48 8 50 9 51 7 52 8 53 8 61 10 62 7 67 8 34 7 36 10 37 9 38 8 43 10 66 8 59 8 76 7 63 8 58 8 64 8 41 8 57 8 60 8 65 8 68 10 47 8 56 8 54 8 55 9 30 5 39 10 31 7 45 7 26 9
442 22.213213802489463 -14.826316809219021 10.526139953839753 151 152 156 0.5843306834077131 86 56 90 47 89 45
467 -8.3368559508754245 -23.713719801117108 11.237746597449471 151 138 128 1.1083004716937492 86 50 90 44 89 86
472 -14.972179157264984 -17.483318528417549 11.466443006567433 252 255 251 0.13306036876411578 86 62 89 91
474 -15.445401898619467 -31.696168325825759 23.779093216974719 252 248 246 0.28793158952292741 86 80 90 86 89 96
480 -15.093280783254503 -17.374451447234549 11.6292854224954 252 255 249 0.12122277079454917 86 95 90 83 89 110
488 -20.838012419235806 -37.359304271917551 25.293181744172557 226 208 215 0.19359330492122273 90 122 89 120
495 6.966418952577496 -5.8265636738541566 2.6113977958230863 0 0 0 2.0115846480788351 81 89 86 27
498 29.772411931875737 -32.978593093943694 90.383675758337901 247 72 59 1.8220609254124587 86 120 90 138 89 138 73 80 74 91 75 54 73 52 62 66 89 135 90 102
499 -15.007068765005981 -17.411495200287753 11.504372354732002 252 255 251 0.63963578350975792 86 64 89 78 90 92 89 117
500 -18.269244345963624 -42.212900932433243 30.289090654129517 108 100 92 0.83952606550991271 81 102 86 103 89 81 81 48 83 58 84 58 87 55 90 43 86 48
512 17.942918716550139 -8.6482142070127885 16.135950258940369 108 110 107 1.5287354030526989 75 28 71 54 72 49 74 50 73 45 76 58 82 51 69 21 70 45 68 37 67 31 77 53 80 63 81 69 84 93 90 129 86 108 81 68 83 87 84 92 80 62 87 95 90 131
535 16.114728941233565 8.9228789727868651 12.458666306820398 0 0 0 1.5339767619553548 30 70 27 75 25 56 69 82 34 86 70 59 28 54 30 84 72 74 75 104
574 -1.3232350032263009 -28.433026367254325 49.359334596883876 0 0 0 1.1012375082157648 38 19 85 43 37 24 65 31 35 36 77 33 60 23 82 30 78 53 79 66 75 32
591 16.652040671936543 -16.647713508503283 23.72346094942856 0 0 0 1.0608467252787559 59 27 64 46 63 44 32 31 60 35 78 87 77 70 46 43 28 47 42 47 47 49 51 41 53 47 56 40 58 44 61 51 62 46 68 50 25 48 26 51 27 35 29 48 30 56 31 32 33 49 34 49 35 42 36 43 37 43 38 34 39 47 40 45 41 46 43 46 44 45 45 41 48 47 49 41 50 34 52 47 54 46 55 52 57 41 65 36 66 45 67 50 69 47
665 -14.684146487827087 9.542509863911917 36.917073323682011 0 0 0 0.73543518783047701 44 57 47 64 61 61 82 79 48 61 50 60 42 64 51 55 53 58 56 54 64 59 45 54 65 63 35 58 36 58 37 56 38 53 40 59 52 65 54 58 55 61 58 60 60 52 63 74 66 53 74 94 31 56
680 20.622377226538973 -12.596851787742848 13.943652323931294 0 0 0 0.69298833522055459 76 11 78 6 77 8 79 9
704 -17.289481221353903 11.164001263592933 46.060611365348045 0 0 0 1.4283941377313976 44 52 78 73 74 75 73 70 43 78 40 73 39 69 49 61 62 70
762 -0.76978586663846393 -5.2892303878996163 26.410708451512871 0 0 0 1.634740658801757 42 55 72 78 29 82 33 64 37 62 39 73 40 72 41 68 43 76 51 60 58 51 60 80 66 67 36 80 46 64 47 68 39 71 41 60 44 78 47 55 82 85 61 72 31 63 38 61 67 84 55 59 25 69 30 83 27 81 29 81 63 54 59 67 64 79 60 76 62 63 67 66
792 1.3285630852124102 -8.042832735655292 26.859210519516111 0 0 0 0.78150027675285583 66 56 81 88 53 50 58 56 65 71 43 65 36 41 37 51 39 62 40 54 41 44 45 59 46 57 49 47 51 54 52 66 44 63 47 61 42 57 50 73 60 54 61 56 59 42 54 57 55 63 56 49 62 65 68 64 48 55 67 59 63 52 38 48 28 83 57 48 64 62 69 68 75 102 29 84 25 54 27 56
841 -0.32319173775269278 -12.524413618786346 23.162507185901372 0 0 0 0.69969553368900694 53 33 71 35 58 28 49 27 33 41 40 33 51 32 52 27 55 27 39 25 41 24 45 25 68 42 46 31 44 28 47 24 59 22 62 23 67 34 61 27 34 25 56 22 64 29 63 24 50 25 42 25 57 29 74 29
