# Frame list with one line of data per frame:
#   FRAME_ID, RIG_ID, RIG_FROM_WORLD[QW, QX, QY, QZ, TX, TY, TZ], NUM_DATA_IDS, DATA_IDS[] as (SENSOR_TYPE, SENSOR_ID, DATA_ID)
# Number of frames: 10
2 1 0.99759097965843768 -0.036261964219458091 0.054973095194143222 -0.02180059769458418 -3.0296816024744126 2.0864810807696168 0.28757831820955765 1 CAMERA 1 2
3 1 0.9986408128140204 -0.036215326126480527 0.03009092947897573 -0.022349789681262611 -0.26392439786435096 2.0314356539817715 0.20055898637471264 1 CAMERA 1 3
4 1 0.99813817114429582 -0.03641062465548673 0.043717849643367585 -0.021981977606160368 -1.7846946224313729 2.042744080825075 0.22936181712903095 1 CAMERA 1 4
5 1 0.99777326409946832 -0.036378652031582637 0.051492948767771746 -0.02176197031192947 -2.650641318669229 2.0651347636728858 0.27006995847768145 1 CAMERA 1 5
6 1 0.99673207235251782 -0.075947926340471775 0.007596875299473684 -0.02644571636620198 2.1310578511053562 -2.4575421678630653 0.18343254034787268 1 CAMERA 1 6
7 1 0.9961287931100824 -0.083054859900918418 -0.0053148781987829236 -0.028303177447450395 3.5494121582589799 -3.2921838240410457 0.20816913041544968 1 CAMERA 1 7
9 1 0.9982100753004618 -0.051501907512497981 0.018443996810227976 -0.024166465874949573 0.99580324583176827 0.29838309414048325 0.22385721000844655 1 CAMERA 1 9
10 1 0.99679847046258341 -0.040294132262940326 0.065578182115514527 -0.021649346850546449 -4.2283288729943633 1.6643595479830351 0.31444236391700747 1 CAMERA 1 10
11 1 0.9979090284313894 -0.058387239019512864 0.012103861611405481 -0.024939884299868625 1.6814208262275556 -0.48608785026889872 0.17282186028209889 1 CAMERA 1 11
13 1 0.99554285553074739 -0.089576313984200198 -0.0058156085558377976 -0.028925515929968906 3.5859268252314451 -4.0217519663998464 0.14996054053363503 1 CAMERA 1 13
