# 3D point list with one line of data per point:
#   POINT3D_ID, X, Y, Z, R, G, B, ERROR, TRACK[] as (IMAGE_ID, POINT2D_IDX)
# Number of points: 247, mean track length: 7.5303643724696352
9 -1.8939829365995475 -5.9778588851365795 55.271995151605097 230 230 226 0.36772134901386827 2 14 7 24 5 16 9 28 6 32 10 22 11 34 13 21 4 18 3 17
10 -3.9980988867098879 -6.0387092782010958 55.05986869427538 65 30 35 0.21930888713654126 2 20 7 25 5 25 9 34 6 29 10 29 11 33 13 23 4 26 3 24
33 -4.2476856980969995 -6.0604908125586157 55.025009667663042 145 95 106 0.2650538977677146 2 68 7 65 5 93 9 88 6 77 10 84 11 95 13 89 4 93 3 75
38 -4.1806677501013167 -6.0096821389025878 55.043219442475014 24 17 16 0.33409183793611591 2 82 7 70 5 106 9 98 6 68 10 88 11 103 13 94 4 90 3 95
41 -3.9807412633993091 -6.0713591029397165 55.050774535761825 158 161 164 0.27369967257372119 2 67 7 74 5 92 9 58 6 59 10 117 11 76 13 88 4 76 3 81
46 -3.9807412633993091 -6.0713591029397165 55.050774535761825 158 161 164 0.27369967257372119 2 75 7 79 5 99 9 69 6 58 10 83 11 81 13 103 4 78 3 78
59 -2.040404101706117 -5.9207773631664784 55.219573992658901 221 220 214 0.31553889001866592 2 119 5 127 9 137 6 106 10 136 7 107 11 126 13 113 4 126 3 123
61 -2.3454459212005871 -5.8785514295110612 55.20258990463882 130 123 119 0.43468860874497495 2 74 5 114 9 119 6 109 10 173 7 100 13 101 3 80
70 -2.040404101706117 -5.9207773631664784 55.219573992658901 221 220 214 0.31553889001866592 2 102 5 150 9 114 6 122 10 168 7 123 11 147 13 128 4 109 3 116
71 -2.2396915337429055 -5.8977631806550805 55.230421857785075 155 151 149 0.33704008976476574 2 122 7 127 5 130 9 141 6 124 10 141 11 130 4 128 3 126
75 -2.3454459212005871 -5.8785514295110612 55.20258990463882 130 123 119 0.43468860874497495 2 56 5 112 9 146 6 129 10 148 7 99 13 71 3 68
114 -2.3255744747643097 -5.9001077806273337 55.239275444610975 68 64 62 0.24406941733018905 2 214 7 199 9 189 10 177
126 -1.3370031118005874 -6.3576782490920287 55.201691626705596 255 255 255 0.76127229952613962 2 0 7 0 5 0 9 0 6 0 10 0 11 0 13 0 4 0 3 0
132 -2.0609724017916968 -5.951834681760479 55.230042346114274 86 24 31 0.22814461656011575 2 21 7 26 5 26 9 35 6 30 10 36 11 32 13 30 4 27 3 23
139 -1.7182863323147595 -5.847030335960679 55.276495785917945 57 55 54 0.38744916418868719 7 89 5 73 9 99 6 92 10 90 11 116 13 72 4 96
143 -1.9589111319339874 -5.9135711759939698 55.231936211921195 34 28 24 0.28867237228514236 2 120 7 124 5 128 9 138 6 95 10 138 11 127 13 129 4 92 3 97
144 -2.085251134747653 -5.8833821519463108 55.227309199484637 97 93 91 0.40051717513981405 2 126 7 128 5 133 9 142 6 125 10 144 11 131 4 131 3 131
146 -3.9421622685556357 -5.962357731322304 55.031029562000903 71 70 64 0.53350114195623588 2 123 7 170 5 165 9 140 10 176 11 183 13 178 4 165 3 127
163 -3.4868011980776745 -5.7641592329861275 55.090942189175173 230 223 222 0.43162843925232552 5 86 7 58 9 64 2 48 6 83 10 103 11 74 13 64 4 46 3 57
169 -2.2405630198750779 -5.898231775280335 55.233473259944603 160 156 154 0.34184292973946523 7 110 9 118 6 108 10 171 11 149 4 110
172 -3.6104691683218113 -5.8376907347154159 55.064976815601092 126 122 120 0.55923180880112822 5 141 7 82 9 157 2 91 6 90 10 157 11 139 13 56 4 119 3 142
176 -2.0866982764030406 -5.9019581131576109 55.228579836966098 40 38 33 0.27997245437278784 5 197 7 202 9 215 2 190 10 247 11 215
251 -1.7898739063910472 -5.9200597580720453 55.256811172423738 29 31 29 0.32895793408603169 5 105 7 69 9 97 10 86 4 89 2 77 6 86 11 99 13 127 3 94
255 -3.7703475352965503 -5.8791670312539202 55.081379716484136 31 29 26 0.5289195781777789 7 86 10 99 13 92 3 103
261 -3.5927168541024712 -5.7874946468375201 55.078714005506214 37 30 29 0.56538262869090727 4 187 5 194 7 150 11 157 13 235 3 169
263 -1.551402346744603 -5.9165908251267822 55.195723130441195 213 213 209 0.88992774940732333 4 205 7 93 10 238 3 199 9 218 13 68
280 -3.7166828041352038 -5.987301826985421 55.221240779521011 0 0 0 0.94017946053404999 5 22 9 19 3 20 2 17 4 20 11 31
307 -1.6014854419028359 -5.6859257196426638 55.314257601730276 0 0 0 0.19927118379967101 5 59 9 60 3 49 2 45 4 48 11 83
308 -1.6009222963697713 -5.6856649935367436 55.312003761676856 0 0 0 0.20458913187262384 5 60 9 74 2 54 4 63 11 68
340 -4.7367473331269556 -6.1195218050773974 55.083849038295625 0 0 0 0.44378089884318839 5 115 9 244 3 104 4 101 7 185 13 230 11 227 6 176
342 -2.4260004142577305 -5.8249420594939769 55.377718216082705 0 0 0 0.21304373034276924 5 117 9 123 3 113 2 88 4 106
343 -2.4260004142577305 -5.8249420594939769 55.377718216082705 0 0 0 0.21304373034276924 5 118 9 122 3 138 2 87 4 103
365 -2.4688513492890101 -5.878184493028769 55.40463824669115 0 0 0 0.55588791439843921 5 153 9 149 3 115 2 104 4 111 11 135
380 -4.082861391335979 -5.9734524227005421 55.062524223368705 0 0 0 0.37898740158480282 5 173 9 187 3 196 2 213 10 142
384 -2.6215220644501134 -5.8633217121230334 55.328077681672148 0 0 0 0.1303940883169678 5 178 9 192 11 178
389 -3.7803679747944279 -5.8515656730086754 55.166364067693848 0 0 0 0.29893797135602646 5 183 9 167 3 144 2 145 4 169 11 187
400 -3.3158341922185808 -6.0448087241378641 55.262556495636808 0 0 0 1.2284584901593296 5 203 9 247 3 229 13 209 11 219 10 243
406 -2.7575726016099478 -6.0952382697763143 55.303177740029966 0 0 0 0.26318795498485692 5 209 9 237 3 172 4 164 10 197
408 -3.8428290269656578 -6.0785948569233206 55.120437414259897 0 0 0 0.13159871770849912 5 213 9 225 3 205 4 211 11 218
410 -5.1903229715829395 -5.9414857732025066 55.049338589442172 0 0 0 0.32744208918317519 5 216 9 230 3 210 4 215 7 194 13 195 11 222
417 -2.3079164722352878 -5.8649781427395276 55.158127812894506 0 0 0 0.24406996927913988 5 228 9 255 4 195 11 236
423 -3.6864893914666421 -6.1099220181083709 55.181260243666472 0 0 0 1.1764898892839666 5 237 9 254 3 230 4 237 7 233 13 240
442 -2.2591552575986134 -5.7763814266319153 55.363966243233378 0 0 0 0.074282425884797179 2 29 6 39 10 44
445 -2.5277618509397235 -5.7883120231179808 55.296578344374353 0 0 0 0.52290493647758118 2 32 6 52 10 41 11 59 3 38 13 35 9 43
468 -3.362137547432873 -6.1163869278071896 55.176038490577668 0 0 0 0.1393938538882962 2 65 6 84 13 86
479 -4.9606590440554799 -5.9934184202583696 55.043399741182078 0 0 0 0.32220166050670718 2 103 6 110 7 111 13 115
502 -4.9032780072087636 -5.8583345906275666 55.105244254438929 0 0 0 0.23938025049271253 2 148 6 102 7 102 3 120 13 108 11 145 9 163
504 -4.4286724897430858 -5.8721032499876102 55.113606344150924 0 0 0 0.20828150412380475 2 150 6 158 7 155 13 152
517 -4.5985413610849539 -6.1027751883354373 55.107909464333709 0 0 0 0.18942415986463701 2 170 6 121
519 -0.91226161998854305 -5.6611989853683369 55.418285739173896 0 0 0 0.47394826889334168 2 172 6 225 10 217
522 -5.1868049072331255 -5.9283089996671876 55.052707928168623 0 0 0 0.32096772201445589 2 181 6 218 10 245 7 193 13 226
523 -2.5921973607282012 -5.8279090444096076 55.28322477934794 0 0 0 0.65086314005130907 2 182 6 153 7 234 5 236 4 235 13 60
525 -5.1222750471621792 -5.9564449380316642 55.055422771036717 0 0 0 0.76382620493881648 2 186 6 190 10 226 11 204 9 101
532 -4.3448520503376091 -6.1267606498415903 55.120685456973312 0 0 0 0.48626923349112089 2 200 6 186 10 212 7 176 11 232 4 222 13 225 9 238
534 -5.0794898905742585 -6.1159642336064683 55.021051312684783 0 0 0 0.19764691974128898 2 207 6 178 10 244 7 224 11 220 13 210 9 245
539 -3.6031921618161524 -5.9267464389275011 55.270121436111744 0 0 0 1.6882996930044207 2 2 10 3 11 3
541 -3.6364176014386884 -5.9805491492210425 55.214587248292148 0 0 0 0.42334678453468633 2 11 10 16 7 10 11 16 5 11 4 13
565 -3.0783236019613143 -5.821057945791142 55.290653513570518 0 0 0 0.10771559455735069 2 147 10 183 3 164 13 153 4 181
575 -4.094109495006494 -5.971975999543095 55.19119395789334 0 0 0 1.7871029040792596 2 211 10 231 7 78
581 -4.086953805237612 -5.9773616474647122 55.083743251729729 0 0 0 0.32690108061485074 3 16 5 20 13 11 6 22
582 -4.086953805237612 -5.9773616474647122 55.083743251729729 0 0 0 0.32690108061485074 3 21 5 21 13 17 6 15
583 -0.80904988315652215 -6.4302572564437765 55.960817225279797 0 0 0 0.37770521617255787 3 22 5 43 2 28
584 -4.8209667455198266 -6.2118054777470082 55.605221656127682 0 0 0 0.40134424047636436 3 29 5 23 10 21 4 22
588 -3.8411022809305257 -5.9364885177915898 54.992561318902148 0 0 0 0.099719740084314945 3 61 5 69 2 46
596 -3.1488058072595169 -5.8087560780218421 55.253487067593305 0 0 0 0.21970206554693461 3 100 5 95 2 70
599 -0.80770980668452264 -5.656630504452953 55.420548985951157 0 0 0 1.595006832316791 3 118 5 158 13 154 10 126 4 118 6 212
601 -3.7491441209283507 -5.8964425772229241 54.911981931121261 0 0 0 0.81466547743800755 3 136 5 138 10 150
607 -3.5829933485026686 -5.854725216306317 54.945010058869578 0 0 0 0.086699173545069438 3 180 5 188 2 161
611 -3.7596808352091151 -5.9920466617584092 54.829121442389315 0 0 0 0.20955399181065512 3 198 5 198 2 210
622 -2.8421723338711873 -5.7965177242493864 55.295255417906304 0 0 0 0.4523410426868818 2 79 7 145
629 -4.4219487856984454 -6.1335375394992644 55.071951943737382 0 0 0 0.258968928728741 10 1 11 1 13 1 9 1 6 1
630 -4.4219487856984454 -6.1335375394992644 55.071951943737382 0 0 0 0.258968928728741 10 4 11 5 13 3 9 5 6 3
631 -2.5307057492558753 -6.2496748977761127 55.274376678284852 0 0 0 1.1029365224896246 10 7 11 8 13 4 4 5 6 5
635 -3.4697557831109274 -5.8336717830412113 55.171226987663189 0 0 0 0.57397725027336277 10 39 11 56 9 41
636 -3.4725689896296257 -5.8464711569782022 55.316040010912893 0 0 0 0.91784491825334036 10 46 11 50 13 78 9 52 6 88
637 -4.1536917932439037 -6.1757108924570119 55.241528312197659 0 0 0 0.44843941061412085 10 49 11 27
645 -2.67763302364204 -5.7994321122059196 55.290090548461798 0 0 0 0.20315238418137457 10 101 11 111 9 107
646 -4.4205674981309553 -5.8363107521401751 55.092932675441617 0 0 0 0.34635680258897938 10 107 11 108 3 130
648 -4.7635291333620415 -6.0526997283025317 55.049070594617511 0 0 0 0.087955504026408116 10 135 11 125 9 136
649 -1.870759475453363 -5.9107688685610125 55.249102778233144 0 0 0 0.23858856118210112 10 139 11 85 13 106
651 -3.2503100351476046 -5.8121868520290043 55.25872844558662 0 0 0 0.19154909385380145 10 163 11 194 9 132
653 -2.5952097547460156 -6.1753904669654878 55.233983447120153 0 0 0 0.18739847776325583 10 184 11 153 9 184 4 161
654 -3.3031218385541274 -5.8361391977429227 55.264455198852907 0 0 0 0.27011013278317492 10 200 11 158 13 150 6 184
655 -4.7499824092451828 -6.1801718591604029 55.048570615780768 0 0 0 0.17702501822671871 10 207 11 234 9 232
657 -4.3302413497913639 -5.9497364937293673 55.143003947973305 0 0 0 0.33510418512544782 10 229 11 211 3 190 9 211 4 194
660 -3.6032127597688959 -5.8344850689133327 55.00618869379965 0 0 0 0.076697314255457505 2 106 3 146
661 -3.9813269865202163 -5.9788134744529406 55.122850956507172 0 0 0 2.0377620430816767 2 121 3 124 13 168 11 175 9 117
668 -2.7862764108965599 -5.7762191420005227 55.295853308219932 0 0 0 0.40396775036588373 4 35 7 46
671 -3.560750688115998 -5.8551636457599612 55.177570284218923 0 0 0 0.69172479434166645 4 177 7 222 10 194
672 -2.7484350267283513 -5.8100120796660866 55.229328499266323 0 0 0 0.092234561307327712 3 101 13 142
673 -3.842736968880851 -6.0494500472860668 55.121756828272744 0 0 0 0.85000500078674535 3 121 13 90 11 86 9 57
675 -3.4770049139660135 -6.0384377622312249 55.228290818125664 0 0 0 0.10853543827681851 3 176 10 242 4 147
727 -1.9818565033478892 -6.0569281509173187 55.366460147445991 0 0 0 0.41936354104737189 5 122 9 134 3 108 4 104 2 114 10 131
728 -5.1674763891452082 -5.9708795464586633 55.044965318726874 0 0 0 0.19594272619865488 5 176 9 190 3 157 4 154 13 174 2 137 6 148 10 178 7 135
729 -4.1731271374455483 -6.1939816246403092 55.095939364463732 0 0 0 0.17590661796388141 2 37 6 57 10 56 7 54 11 82 5 51 9 77 3 67 4 69 13 69
730 -2.7296369685868287 -6.1728915878161379 55.231964050338775 0 0 0 0.56065122177329929 2 194 6 210 7 223 5 224 9 210 3 187 4 218 11 198
731 -3.4332505829054005 -5.8372192619248491 55.314265931261218 0 0 0 0.13149634913990235 3 145 5 157 2 96 10 125 4 144
732 -4.7960069822098781 -6.0966852329669701 55.05668529248954 0 0 0 0.22146685474924954 10 35 11 38 5 31 9 38 3 30 4 31 7 29 13 25 6 31
733 -2.0124670207626356 -5.8635265180400475 55.29071994862155 0 0 0 0.37903534973416897 5 28 9 24 3 25 4 17 13 18 11 22 2 22 6 23 7 13
734 -5.1896326012994569 -5.9410309041783966 55.044956168641718 0 0 0 0.34219645269715027 5 223 9 208 3 227 4 191 11 206 2 184 7 210
735 -4.3091469383859611 -6.1931979911806323 55.079355489711595 0 0 0 0.14384376603218951 2 10 6 14 10 20 7 9 11 17 5 14 9 17 3 11 4 12 13 9
736 -5.0982672535194773 -6.0122010143823541 55.051754123932234 0 0 0 0.36437700234172249 5 134 9 143 3 132 4 132 13 131 2 127 6 127 10 145 7 130 11 134
737 -2.7647186560822234 -5.8152104799884317 55.296147203780613 0 0 0 1.0637954599043367 5 142 9 158 3 87 4 140 13 120 2 92 6 117 10 156 7 142 11 140 13 143
738 -5.064646322646543 -5.999328234782622 55.05024882964215 0 0 0 0.16613568475899176 2 31 6 44 10 53 7 48 11 57 5 40 9 40 3 36 4 40 13 51
739 -4.7960259735418536 -6.1742722703443507 55.046138718006993 0 0 0 0.25320823087315236 2 34 6 48 10 63 7 53 11 43 5 44 9 56 3 39 4 43 13 42
740 -4.2769091954228227 -5.931496822324525 55.166486686380331 0 0 0 1.1258502145746836 2 57 6 34 10 109 13 27 5 50 9 91 4 82 7 28
741 -3.1640753412403186 -6.208138648626349 55.237969113422615 0 0 0 0.39891754189761275 2 111 10 68 11 89 5 89 9 83
742 -3.3723487293763301 -5.8231478454545664 55.291364926461689 0 0 0 0.28479496690275191 2 179 10 162 11 193 5 191 9 240 3 167 4 233
743 -3.1930007864641663 -6.2046964248648235 55.196850737771513 0 0 0 1.8782723089286379 3 197 5 199 2 218 2 100 10 67 11 106
744 -5.1817876678334844 -6.0043865651470627 55.057007525733269 0 0 0 0.5859962386520271 2 136 7 197 4 197 3 192 5 195 13 199 6 195
747 -3.1200764931779799 -6.0466328859869014 55.218207442742724 0 0 0 0.50284296637825365 5 124 9 200 3 77 4 209 13 125 2 116 6 120 10 82 11 123 4 81 7 90 3 214 10 205
748 -1.6545283386964662 -5.9053715616550866 55.373845374829628 0 0 0 0.93979965208013472 2 16 6 21 10 23 11 23 13 10 5 15 9 30 3 19 4 19 7 19 13 37
749 -1.3909638406515537 -5.7719961001912479 55.36946602416343 0 0 0 0.3858412424306405 2 71 6 136 10 154 5 111 9 154 3 139 4 113 7 139
750 -3.1473211519648969 -5.8119957859713454 55.300534705027424 0 0 0 0.37318458899182516 2 80 6 85 7 76 5 82 9 78 3 85 4 75 13 104
751 -4.9141138223074128 -5.9858611318057937 55.058802831106547 0 0 0 0.15466786341230943 5 215 9 229 3 209 4 214 13 236 2 195 6 209 10 234 7 209 11 221
752 -5.0790818608298798 -5.9252500283863192 55.062846674809272 0 0 0 0.18735340620851132 5 77 9 103 3 72 4 70 13 98 2 60 6 91 10 102 7 84 11 114
753 -4.0847599094838412 -5.974279890479675 55.069888009142055 0 0 0 0.37495219279634107 5 186 9 182 3 207 4 212 2 215 10 172
754 -5.2017666825833944 -6.1412879466141996 55.016093491834624 0 0 0 0.15710322386452275 5 206 9 243 3 222 4 207 2 201 6 175 10 210 7 229 11 229
755 -3.186811399569291 -5.9976950437299337 55.263531271911084 0 0 0 0.21816726143072146 3 32 5 32 13 24 2 24 10 30 7 30 11 30 4 28
756 -2.7965653424461321 -5.8456659941187086 55.292338178978099 0 0 0 0.19827638381217941 9 209 11 238 2 185 6 188 7 235
757 -2.1876912228692595 -5.8116793451941211 55.32302671685855 0 0 0 0.17294652520083953 5 7 9 10 3 7 4 8 2 7 6 9 10 10 11 11
758 -3.269319374232817 -5.8472411491826186 55.260831554462442 0 0 0 0.22067942645539795 5 53 9 73 3 47 4 47 13 55 2 43 6 63 10 64 7 62 11 72
759 -2.795656571835059 -5.8324885880541766 55.284038358329234 0 0 0 0.31672889420670314 5 88 9 102 3 102 4 72 13 75 2 58 6 89 10 97 7 83 11 113
760 -4.9934486509418949 -6.0262238792082359 55.057465620734177 0 0 0 0.17475558295587343 5 171 9 179 3 155 4 149 13 177 2 154 6 167 10 206 7 171 11 181
761 -4.9355849694650518 -5.8697092158807802 55.079793276154064 0 0 0 0.36967332441980832 2 146 6 170 10 186 7 147 11 156 5 192 9 165 3 168 4 185 13 159
762 -0.72478304718440389 -5.6432904484570008 55.388239135162522 0 0 0 0.30997862030089091 2 55 10 62 11 75 5 65 9 63 3 50 4 51
763 -2.3704179561904404 -5.7802917232211524 55.352572685243217 0 0 0 0.39220121530799157 10 96 11 110 13 79 6 87 5 83 9 79 3 84 4 84 13 187
764 -4.9377888490793875 -6.1571165906043044 55.035369938261923 0 0 0 0.20173932083497897 5 42 9 66 3 40 4 44 13 49 2 35 6 40 10 42 7 37 11 60
765 -2.6719107241406181 -6.0099025711333001 55.282177201717239 0 0 0 0.31672566442370986 5 166 9 183 3 150 4 168 13 126 2 166 10 203 7 122 11 96
766 -3.5434280013016681 -6.0738084185090964 55.189036587219668 0 0 0 0.15525908700548438 2 3 6 4 10 5 11 6 5 3 9 6 3 4 4 3
767 -3.5302959045998255 -5.8654702096385778 55.194386681594679 0 0 0 0.47966952451296957 2 197 10 235 11 223 3 211 5 217
768 -2.009750331347584 -5.8654311387651346 55.302440288187896 0 0 0 0.27061450626761946 4 21 7 11 9 26 11 20
769 -4.109488586328494 -6.1001921797761183 55.085906632069737 0 0 0 0.18155100830956275 5 30 9 31 3 28 4 23 2 18 10 26 11 36
770 -2.1876912228692595 -5.8116793451941211 55.32302671685855 0 0 0 0.17294652520083953 2 8 6 10 10 11 11 12 5 8 9 11 3 8 4 9
771 -4.6199452469662514 -6.0783697405322883 55.073156988520424 0 0 0 0.1449057855145674 2 39 6 54 10 52 7 50 11 45 5 45 9 42 3 42 4 41 13 52
772 -1.793750454909679 -5.8968397195627826 55.255844200315252 0 0 0 0.32137748296597746 2 153 6 142 10 192 11 163 5 170 9 186 3 154
773 -3.993183976258432 -5.9493067184439603 54.946248502171464 0 0 0 0.15113037856239009 3 65 5 62 2 51 10 58 4 67
774 -4.3707053680208361 -5.8618560842934704 55.125760450099385 0 0 0 0.14334830916618829 2 81 7 77 3 106 5 81
775 -4.6194791098516195 -6.0784059906924215 55.073686160736585 0 0 0 0.13527966058567298 5 41 9 45 3 37 4 39 7 39 13 43 6 46 10 51 11 58
776 -2.98286621600344 -5.8174427731564435 55.26167483394957 0 0 0 0.1525679376711834 5 156 9 127 3 148 4 116 2 109 10 124 11 118
777 -2.9024743690866179 -5.846626712010436 55.29236381281445 0 0 0 0.31357955275652766 2 105 6 135 10 98 7 138 11 151 5 139 9 121 3 114 4 112 13 118
778 -4.0459725574541565 -5.943134753033628 55.053506996238518 0 0 0 0.41071939978410632 2 129 6 131 10 149 11 87 5 110 9 148 3 134 4 134
779 -3.1984864449355275 -5.8237949867158489 55.288831468061879 0 0 0 0.11022334473845151 2 134 6 169 10 195 11 196 5 190 9 176 3 182 4 179 13 180
780 -3.0580469283178955 -6.0608222380580079 55.251595075989215 0 0 0 0.14347852995790147 2 115 10 132 4 122 3 117 5 123 13 124
781 -4.6480944887768514 -6.1830914431311914 55.06867222820626 0 0 0 0.37387610029544072 2 162 10 130 7 81 5 90 9 84 3 76 4 79 13 83 6 81
784 -2.1516663413593893 -5.7763221718053241 55.323728579891103 0 0 0 2.5619109960688187 5 85 9 80 3 83 4 83 13 77 10 108 11 109 2 89 10 104 7 80 11 112 5 80 9 106 3 86 4 74
785 -3.8420343296369484 -6.0783804695003569 55.119235783500535 0 0 0 0.18708503554120154 5 205 9 250 3 206 4 228 2 205 10 208 11 228
786 -4.0207955419213182 -6.0138453127237215 55.109739916136959 0 0 0 0.61586560401260115 5 49 9 67 3 59 4 56 7 41 13 45 6 45 10 70 11 69
788 -2.5055071217128186 -5.8050200156824197 55.346678350120982 0 0 0 0.4505242086097459 2 93 6 97 7 143 4 141 13 151 5 79 9 105 3 143 10 158 11 120 9 159
789 -5.0507113466259472 -6.0519864128959036 55.042476008344345 0 0 0 0.20689390494280563 2 118 6 107 10 137 11 128 4 121 9 130 11 148
790 -2.9761136661277563 -5.8176718999858874 55.297741768876492 0 0 0 0.26211025670521293 5 13 9 16 3 13 4 14 13 14 2 12 6 25 10 17 7 15 11 15
791 -2.7944298921284356 -5.8328897165326685 55.290384902804114 0 0 0 0.22309295931652567 5 97 9 109 3 73 4 98 2 72 6 75 10 110 7 95 11 101
792 -4.525948750612045 -5.9951845929215226 55.074192063011679 0 0 0 0.41632077695118774 2 212 6 197 10 232 7 198 11 214 5 196 9 214 3 195 4 200 13 200
793 -3.5858029629195505 -5.9251838089255875 55.263761394157136 0 0 0 1.6615586004048768 3 3 5 4 2 4 10 6 11 4
794 -2.3457459680842674 -6.1598363795464142 55.257558399096091 0 0 0 0.24464561271658752 10 12 11 13 13 7 6 11 5 9 9 12 3 9 4 10 7 7
795 -3.5434088960334296 -6.0739285606166389 55.190543143371258 0 0 0 0.13877098582207323 2 1 6 2 10 2 7 2 11 2 5 1 9 2 3 1 4 1 13 2
796 -5.0405296490348848 -5.8593704045826245 55.09667393124613 0 0 0 0.55504439313022469 2 38 6 55 10 75 7 47 11 54 4 61 3 33 5 55 13 48
797 -2.380563620822453 -5.8298187372884476 55.317369911713577 0 0 0 0.36967908642306857 2 219 6 154 10 182 7 151 11 182 13 155 5 239 9 194 4 236
798 -4.1734038385307111 -6.1515956989507803 55.088419877469875 0 0 0 0.23531516858725718 5 119 9 133 3 107 4 105 2 101 6 119 10 127 7 121 11 93
799 -4.0309625216010252 -5.9702703033337636 55.225182341563801 0 0 0 0.60078999611483652 2 44 6 111 10 78 7 72 4 57 3 60 5 71
800 -4.8972572382589812 -5.9597004173097758 55.071088612360249 0 0 0 0.14280206474897478 2 138 6 151 10 179 7 168 11 177 5 177 9 191 3 158 4 155 13 148
801 -1.5772346441438454 -5.9580260608036442 55.418338919399332 0 0 0 0.82673627136845429 10 69 11 63 13 61 6 72 5 66 9 65 3 55 4 52 7 92
803 -2.3688710883428974 -5.9316298335616384 55.274637660449237 0 0 0 1.1231343806246745 5 17 9 29 3 18 4 16 10 31 11 29 2 15 6 20 10 24 13 33
804 -4.6218116625824859 -6.0204608899945695 55.08487984955854 0 0 0 0.47109682759975441 5 159 9 185 3 153 4 174 13 166 2 169 6 143 10 140 7 183 11 129
805 -2.4352092712708684 -5.7968838028802594 55.355846917068959 0 0 0 0.32303242269419891 5 189 9 233 3 181 4 178 2 157 6 168 10 240 7 174 11 185 13 218
806 -0.78387228385989804 -5.654210070934127 55.412308437069072 0 0 0 0.36184565524735879 3 119 5 149 10 166 4 108 7 117
807 -3.599923095694689 -5.8681577189539489 55.147051839903462 0 0 0 0.41793809336626392 5 181 9 131 3 160 4 158 2 141 10 190 11 121
808 -3.1625387674383667 -5.8542931572278132 55.278160092405784 0 0 0 0.23445802056213166 2 40 6 62 10 73 7 59 11 71 5 54 9 61 3 62 4 58 13 57
809 -2.8109679517346806 -6.0979928241317403 55.248771978547076 0 0 0 0.3696081359933267 2 163 6 159 10 196 7 175 11 167 5 162 9 166 3 170 4 163
810 -4.2947417557925478 -5.8806187094708138 55.033642893678937 0 0 0 1.189464298410011 2 217 10 223 5 235 9 206 3 231 4 190 11 231
811 -4.8817620125915919 -6.1285119373900985 55.042323540739936 0 0 0 0.0862524552536231 5 36 9 47 3 41 4 45 13 41 2 36 6 47 10 50 7 38 11 44
812 -1.3909638406515537 -5.7719961001912479 55.36946602416343 0 0 0 0.38584124243064044 5 109 9 124 3 111 4 138 7 115 2 59 6 114 10 121
813 -2.886156150388572 -6.1494322575743317 55.237833914210654 0 0 0 0.20364482481383547 2 5 6 6 10 8 7 5 11 9 5 5 9 8 3 5 4 6 13 5
814 -2.983296804346288 -5.8189066368612394 55.281122058344941 0 0 0 0.2232957859460874 2 94 6 99 10 159 7 144 11 142 5 120 9 161 3 112 4 142 13 145
815 -3.7991475807760433 -6.0111005921615455 55.220970988119142 0 0 0 0.49864423764809057 3 185 5 168 13 165 2 168 10 236 7 181 4 172
817 -1.7696408266784209 -6.0052046126178871 55.316588985857123 0 0 0 0.38977924090508992 3 27 10 27 4 24 7 23 6 27 13 20
818 -4.7957124249769354 -6.0972578562474196 55.060653948267799 0 0 0 0.2655148766962625 5 24 9 33 3 26 4 25 13 22 2 19 6 28 10 28 7 27 11 35
819 -5.0151724550270433 -5.9683146849092665 55.059028955071703 0 0 0 0.29313631042751614 5 29 9 36 3 31 4 30 13 26 2 23 6 35 10 33 7 33 11 40
820 -2.5269507177731629 -5.7889628641643371 55.305958742695246 0 0 0 0.49456873058003376 5 34 9 44 3 35 4 34 13 34 2 33 6 41 10 40 7 35 11 51
821 -3.0769724926460689 -5.8339374997518245 55.33313786024209 0 0 0 0.34706403159744387 5 78 9 160 3 88 4 73 2 61 6 98 10 95 7 118 11 141 13 144
822 -4.1673719032919783 -6.1711160470583915 55.095250035993715 0 0 0 0.21971766578015861 2 112 6 173 10 129 7 160 11 164 5 121 9 129 3 110 4 120
823 -1.5026215666303586 -5.717601165539743 55.369025077061622 0 0 0 0.6217253013639602 2 98 10 164 11 144 5 146 9 174 3 173 2 204 4 173 7 154 13 122 11 160 6 171
824 -4.3589272616325418 -5.9260366741372126 55.12357208451963 0 0 0 0.2969275867648476 5 180 9 193 3 159 4 156 13 170 2 140 6 152 10 180 7 149 11 180
825 -3.5393862601987371 -5.8690784278530375 55.26826714061022 0 0 0 1.0328985913672326 2 183 10 224 11 203 13 216 2 180 7 211
826 -4.936315685225062 -6.0849946808928594 55.017123782293247 0 0 0 0.14226161683333241 2 208 10 241 11 213 5 202 9 222 3 216 4 208
827 -2.955941113689915 -5.764916212316459 55.258428160552043 0 0 0 0.7849074229573384 10 77 11 107 5 58 9 95 3 58 4 50 7 91 13 95 6 73
828 -4.8290808420608267 -5.9479092797715145 55.024451634024189 0 0 0 0.80402289253132397 5 227 9 150 3 189 4 193 13 136 2 188 6 133 10 153 7 136 11 210
829 -4.559034511633385 -6.1920184461517325 55.1048700473983 0 0 0 0.871665156193556 2 84 10 65 7 105 4 68 3 66 5 63 13 112 11 237
830 -4.4870395680604984 -5.8162433071452195 55.120566104703798 0 0 0 0.13680203172545138 5 221 9 198 3 215 4 230 13 232 2 173 6 222 7 186
831 -2.2516365627815031 -5.9592632093335896 55.304360673605167 0 0 0 0.39999894845976403 2 42 6 50 10 79 7 40 11 65 5 70 9 70 3 48 4 49 13 40
832 -4.9934486509418949 -6.0262238792082359 55.057465620734177 0 0 0 0.17475558295587343 2 160 6 144 10 193 7 169 11 174 5 185 9 181 3 179 4 175 13 167
833 -2.975811648739378 -5.8158165748855968 55.272489309000363 0 0 0 0.17627775621046027 5 12 9 18 3 12 4 15 2 13 10 18 11 18
834 -1.871995779386026 -5.9112211929309941 55.250678218084538 0 0 0 0.23469792735504777 5 151 9 115 4 102 10 169 11 117 13 105
835 -3.1984950500757914 -5.8237854821423243 55.288687609681872 0 0 0 0.10089306145495544 5 160 9 180 3 165 4 182 13 157 2 151 6 149 10 174 7 162 11 191
836 -5.0989246244250275 -6.1465026453637606 55.020759203578919 0 0 0 0.15831047760527955 5 163 9 169 3 184 4 166 13 158 2 164 6 160 10 198 7 177 11 168
837 -2.8272490290139034 -5.996416306174515 55.291395381434697 0 0 0 1.0962886632694586 2 117 6 201 10 133 7 66 11 124 13 205 5 125 9 135 3 122 4 123 13 80
838 -5.1466877978186671 -5.8480297545237327 55.075867323596164 0 0 0 0.30132735539651284 2 175 6 224 10 188 7 188 11 200 5 233 9 178 3 218 4 232 13 229
839 -5.064646322646543 -5.999328234782622 55.05024882964215 0 0 0 0.16613568475899179 5 47 9 50 3 43 4 32 13 46 2 25 6 51 10 38 7 42 11 48
840 -2.8776003373640551 -6.0503299064483169 55.262286801341013 0 0 0 0.17424257257820175 2 9 6 12 10 13 7 8 11 14 5 10 9 13 3 10 4 11 13 8
842 -4.3132326177691551 -5.8228389207830968 55.096091211928879 0 0 0 0.21072792163332763 2 47 6 66 7 63 5 57 9 62 3 82 4 62 13 59 2 49 6 64 10 76 7 57 11 61
843 -3.4342719401852762 -5.8570656670810521 55.2441049972794 0 0 0 0.23394760919501217 2 142 6 156 10 191 7 152 11 184 5 182 9 195 3 161 4 159 13 149
844 -2.5288928253108072 -5.8578317860769822 55.289192320593692 0 0 0 1.1912656975080813 2 73 7 98 4 99 10 151 3 79 5 98
846 -2.9507292571565573 -5.7628183872477328 55.236321324875377 0 0 0 0.61507738356674302 5 61 9 104 3 63 4 65 7 94 10 59 11 100
847 -2.5069945316759825 -5.8043306757474316 55.341283741621638 0 0 0 0.26930408458001337 2 107 6 115 10 122 7 116 11 152 5 96 9 125 3 147 4 114
848 -2.9024743690866179 -5.846626712010436 55.29236381281445 0 0 0 0.31357955275652766 2 132 6 113 10 111 7 114 11 136 5 154 9 152 3 137 4 137 13 139
849 -4.9330629163674242 -5.953308497543377 55.069325384926991 0 0 0 0.1522242909261256 3 228 5 226 2 187 6 192 10 228 11 209 4 192
850 -4.7213249842052551 -6.0157082717656349 55.068036433762181 0 0 0 0.22996983526036258 2 83 6 93 10 89 7 71 11 91 5 108 9 81 3 98 4 95 13 70
851 -3.5288192503757596 -5.8341371935786057 55.174375125052016 0 0 0 0.484176703336266 2 95 6 161 10 160 7 190 11 188 5 143 9 168 3 125 4 143 13 191
852 -2.5269507177731629 -5.7889628641643371 55.305958742695246 0 0 0 0.49456873058003359 2 27 6 53 10 45 7 36 11 55 13 36 5 39 9 53 3 45 4 38
853 -5.0111560033469926 -6.0093380601432234 55.0599651922292 0 0 0 0.16619324041601438 5 132 9 145 3 129 4 130 13 173 2 125 6 128 10 146 7 119 11 133
854 -4.0312691536213157 -6.1020824755771637 55.115697254174577 0 0 0 0.14986433214693787 5 212 9 224 3 204 4 210 10 233 11 179
855 -4.7958302693775687 -5.849818533660252 55.108472628785286 0 0 0 0.23219354893911764 5 38 9 55 3 34 4 36 13 47 2 30 6 37 10 43 7 51 11 53
856 -5.0668707995050362 -5.8933668630974063 55.042921840933978 0 0 0 0.58310813960086738 5 167 9 171 3 171 4 183 13 146 11 159 2 152 6 146 7 158
857 -4.2468767064546018 -5.8082771511121534 55.131895686639346 0 0 0 0.14924818686355962 5 234 9 201 3 217 4 229 2 155 6 185 10 219 11 201
858 -1.6856383519826394 -5.9401093907505098 55.363254383634292 0 0 0 0.58968058096713527 2 52 6 60 10 48 11 64 13 44 5 46 9 71 3 54 4 54 7 61
859 -2.98286621600344 -5.8174427731564435 55.26167483394957 0 0 0 0.15256793767118346 2 108 10 123 11 119 5 155 9 126 3 149 4 115
860 -2.4646719739569813 -5.8709189068021992 55.310085130087359 0 0 0 0.85486353281541416 2 130 7 113 5 137 9 120 3 135 4 135 11 150
861 -4.559842217358236 -6.1923941201451651 55.10516453932766 0 0 0 0.84274632525827808 5 52 9 59 3 53 4 60 13 123 11 239 2 64 10 55 7 120
862 -3.7197051278030875 -5.8330577899121048 55.206508982112048 0 0 0 0.85504181414325553 2 149 6 163 10 161 7 163 11 192 5 179 9 162 3 166 4 184 13 161
863 -2.8956076340102288 -5.9903762144432307 55.296586019158006 0 0 0 0.18848836265875848 2 167 6 181 10 204 7 180 11 207 5 220 9 219 3 152 4 171 13 234
864 -3.2699300635244732 -5.8471102486973017 55.258329850903408 0 0 0 0.18360973045792692 2 50 6 67 10 57 11 79 13 54 5 72 9 75 3 64 4 66
865 -4.9171878021190345 -6.0064906455328648 55.059339684312711 0 0 0 0.13225420832609486 2 124 6 126 10 143 7 129 11 132 5 131 9 144 3 128 4 129 13 130
866 -4.5915691052398078 -5.9989196719081663 55.077392813934587 0 0 0 0.53074826349847049 2 133 6 145 10 175 7 166 11 176 5 172 9 188 3 156 4 150 13 147
867 -4.8750807781964562 -6.0841441705747812 55.041930566151414 0 0 0 0.22026617362335352 5 201 9 220 3 200 4 206 7 228 13 206 6 202 10 239 11 225
868 -2.3255991887602772 -6.0221491679710102 55.255888786943906 0 0 0 0.4179074109727357 5 6 9 9 3 6 4 7 13 6 2 6 6 7 10 9 7 6 11 7
869 -4.9141138223074128 -5.9858611318057937 55.058802831106547 0 0 0 0.15466786341230945 2 192 6 194 10 230 7 196 11 212 5 229 9 212 3 191 4 196 13 198
871 -3.1814519732710518 -5.843927423328716 55.29478476638505 0 0 0 0.20375433045956384 5 231 9 205 3 162 4 189 13 192 11 205 2 171 6 157 7 153
872 -5.1817876678334844 -6.0043865651470627 55.057007525733269 0 0 0 0.5859962386520271 2 156 7 208 4 213 3 208 5 214 13 215 6 208
873 -5.07679346116453 -6.1375642713433587 55.020446051893174 0 0 0 0.17808402369650606 2 220 6 227 10 215 7 221 11 230 5 207 9 242 3 223 4 226 13 227
874 -4.9610489265046436 -5.9947749021367986 55.051231524137414 0 0 0 0.266597298195206 5 135 9 147 3 133 4 133 13 132 2 128 6 130 10 147 7 131 11 171
875 -1.4918982397771872 -5.7615493523334917 55.34002972874255 0 0 0 0.72699730549395969 5 140 9 204 3 141 4 139 7 141 13 87 2 110 6 138 10 201 7 191 11 138
876 -5.0195538090947522 -6.1230382615140835 55.02748445856539 0 0 0 0.16565214433206418 5 204 9 199 3 201 4 223 13 231 2 209 6 180 10 248 7 225 11 226
877 -4.0312691536213157 -6.1020824755771637 55.115697254174577 0 0 0 0.14986433214693787 5 208 9 241 3 224 4 225 10 216 11 169
878 -5.1670535352530749 -5.911070248405415 55.058772357535098 0 0 0 0.25696641665801317 2 26 6 43 10 47 7 45 11 49 5 33 9 51 3 44 4 33
879 -5.0237640699274149 -5.8754867420018435 55.07108684496508 0 0 0 0.21329947952405298 3 140 5 145 13 163 2 97 10 185 11 155 4 145
880 -4.3725510366537836 -6.034306696054033 55.063232411757028 0 0 0 0.32958924944463497 5 103 9 92 3 69 4 86 11 66 2 76 7 55
881 -4.9191992146309431 -5.846566782038022 55.105547412091418 0 0 0 0.30789326919077276 2 99 6 94 10 165 7 103 11 146 5 148 9 111 3 109 4 146 13 110
882 -2.5288928253108072 -5.8578317860769822 55.289192320593692 0 0 0 1.1912656975080813 3 70 5 75 2 62 7 88 4 87 10 120
883 -2.4352092712708684 -5.7968838028802594 55.355846917068959 0 0 0 0.32303242269419896 2 139 6 139 10 213 7 157 11 189 13 189 5 184 9 248 3 163 4 157
884 -3.1764193337855215 -6.1161181095329358 55.229399637124622 0 0 0 0.46607273618407408 5 161 9 172 3 225 4 220 13 107 2 199 6 96 10 209 7 101 11 233
885 -4.2647373479297306 -6.0262750413338102 55.018848569241555 0 0 0 0.30228246337339942 10 80 11 88 5 102 9 89 3 91 4 88 13 84 6 71
886 -4.1734038385307111 -6.1515956989507803 55.088419877469875 0 0 0 0.2353151685872571 2 113 6 105 10 167 7 106 11 104 5 116 9 113 3 105 4 107
888 -5.183374725856261 -6.1288347873218143 55.005897019658505 0 0 0 0.19657132022378632 5 164 9 173 3 188 4 167 13 160 2 165 6 155 10 202 7 178 11 172
889 -4.1731271374455483 -6.1939816246403092 55.095939364463732 0 0 0 0.17590661796388135 5 64 9 68 3 52 4 53 13 67 2 53 6 56 10 66 7 60 11 67
890 -4.5212086416381716 -6.0450360901653131 55.062067424160915 0 0 0 0.17780063316671083 5 101 9 93 4 85 2 63 6 69 10 85 7 68 11 97 13 73
891 -3.5833461009880918 -6.0091891143503471 55.161613237642563 0 0 0 2.7228337848712241 2 69 7 67 5 107 9 90 3 89 13 91 2 66 10 106 5 104 9 94 3 93
892 -2.0899855307634954 -6.0545724299106238 55.302033499650186 0 0 0 0.21874638868257171 2 41 10 81 11 62 5 67 9 72 3 56 4 59
