# Frame list with one line of data per frame:
#   FRAME_ID, RIG_ID, RIG_FROM_WORLD[QW, QX, QY, QZ, TX, TY, TZ], NUM_DATA_IDS, DATA_IDS[] as (SENSOR_TYPE, SENSOR_ID, DATA_ID)
# Number of frames: 12
1 1 0.99855584335469816 0.048886913772567646 -0.010263001120193236 -0.019772915111027932 -0.99348198290470136 -3.2443415447564568 0.41437198010311693 1 CAMERA 1 1
2 1 0.99864070205364808 0.046782185961840424 -0.010375054135647752 -0.020506914202558919 -0.99181205916274573 -3.7801952713382172 0.20688214060020282 1 CAMERA 1 2
3 1 0.99861348712462294 0.04740797206009266 -0.010948029014626905 -0.020092988295545466 -0.84035411914435898 -3.6250654199623913 0.25209320506136423 1 CAMERA 1 3
4 1 0.99828071945247598 0.053755839371482504 -0.01276654042337674 -0.019568606198010458 -0.33311957331455216 -1.992484607786553 -0.049044750212417727 1 CAMERA 1 4
5 1 0.99769958488199084 0.063791553210352056 -0.0167433050816122 -0.015679215549831482 0.79304291732905796 0.55697074142935443 -0.20282538476814752 1 CAMERA 1 5
6 1 0.99610277586574014 0.084088626662341889 -0.023538409396145338 -0.012421999102709521 2.6372369544702798 5.7839481172299445 -1.4110489414183154 1 CAMERA 1 6
8 1 0.99620520674875424 0.085797144119162491 -0.007342113183198779 -0.012654227818113544 -1.527976281134106 6.2582261538977182 -0.23667879519876109 1 CAMERA 1 8
9 1 0.99736460872634092 0.068664823926719451 -0.019153628217139805 -0.013495100643750986 1.4519617110839786 1.8063725340591421 -0.2677320227054808 1 CAMERA 1 9
10 1 0.99771533537762502 0.064493297493499802 -0.012333311107276489 -0.015893821688298733 -0.33663531751774356 0.75744504643894606 0.22938123121365048 1 CAMERA 1 10
12 1 0.99854158416696392 0.049512084180829169 -0.010343930207659233 -0.018874885887329336 -0.95122580580478855 -3.0897132018524176 0.99789442686270236 1 CAMERA 1 12
13 1 0.99800185998442958 0.059392120266501966 -0.01087647002334175 -0.018616280984661848 -0.76016382492994028 -0.54624067605971904 1.1284840986853744 1 CAMERA 1 13
14 1 0.99676116456803254 0.076228409880405801 -0.022980230502968959 -0.011327812768355051 2.4797140945856992 3.7484567053285227 -0.6349533901451393 1 CAMERA 1 14
