# Image list with two lines of data per image:
#   IMAGE_ID, QW, QX, QY, QZ, TX, TY, TZ, CAMERA_ID, NAME
#   POINTS2D[] as (X, Y, POINT3D_ID)
# Number of images: 12, mean observations per image: 56.166666666666664
1 0.99855584335469816 0.048886913772567646 -0.010263001120193236 -0.019772915111027932 -0.99348198290470136 -3.2443415447564568 0.41437198010311693 1 000002.png
147.60481262207031 59.480899810791016 -1 116.14829254150391 128.2987060546875 -1 116.14829254150391 128.2987060546875 -1 116.14829254150391 128.2987060546875 -1 116.14829254150391 128.2987060546875 -1 117.04409027099609 82.520332336425781 -1 221.41650390625 84.020210266113281 6 117.427978515625 122.99687957763672 142 117.04409027099609 82.520332336425781 -1 117.427978515625 122.99687957763672 -1 117.17666625976562 77.979835510253906 -1 117.17666625976562 77.979835510253906 -1 105.05653381347656 31.612565994262695 10 141.2322998046875 25.75562858581543 -1 105.99677276611328 58.869003295898438 -1 116.73155975341797 100.80277252197266 164 105.99677276611328 58.869003295898438 -1 105.05653381347656 31.612565994262695 10 118.10456085205078 12.047382354736328 165 98.185844421386719 13.938089370727539 7 105.99677276611328 58.869003295898438 -1 197.30950927734375 103.00843048095703 11 197.30950927734375 103.00843048095703 172 197.30950927734375 103.00843048095703 194 110.75048065185547 7.3823051452636719 -1 138.67430114746094 20.946971893310547 195 233.1221923828125 96.684646606445312 160 163.70881652832031 189.23878479003906 145 83.961898803710938 18.799922943115234 16 110.75048065185547 7.3823051452636719 202 231.77467346191406 79.754035949707031 17 184.54078674316406 99.158126831054688 14 174.91505432128906 101.47663879394531 196 202.23731994628906 118.42690277099609 20 244.9005126953125 88.468910217285156 144 123.70182800292969 9.8653430938720703 -1 221.69654846191406 71.903533935546875 24 196.31277465820312 84.605392456054688 19 238.07766723632812 111.01995849609375 149 194.95982360839844 120.7784423828125 175 126.90229034423828 115.15432739257812 148 230.60198974609375 97.006278991699219 95 126.90229034423828 115.15432739257812 146 196.31277465820312 84.605392456054688 23 135.83973693847656 16.053741455078125 166 207.62702941894531 87.638442993164062 31 213.67097473144531 88.024673461914062 117 213.67097473144531 88.024673461914062 -1 207.62702941894531 87.638442993164062 -1 171.46534729003906 133.05775451660156 28 187.0718994140625 242.91873168945312 -1 168.52972412109375 141.75450134277344 141 206.43605041503906 126.69300079345703 147 188.50198364257812 124.26799011230469 18 224.36302185058594 95.622467041015625 61 187.0718994140625 242.91873168945312 -1 169.82438659667969 107.37940979003906 -1 169.82438659667969 107.37940979003906 -1 93.079093933105469 21.694156646728516 -1 93.079093933105469 21.694156646728516 -1 166.0133056640625 198.59332275390625 -1 111.25791931152344 21.649044036865234 151 196.67691040039062 115.31221008300781 33 215.9940185546875 81.929115295410156 159 96.386215209960938 29.790853500366211 58 88.515426635742188 34.409564971923828 152 222.54371643066406 221.92329406738281 -1 250.06800842285156 250.09263610839844 -1 119.49252319335938 252.68574523925781 -1 254.13287353515625 100.36110687255859 -1 209.50482177734375 113.27943420410156 50 227.20133972167969 227.09107971191406 -1 190.02003479003906 245.669677734375 -1 126.60597991943359 253.53135681152344 -1 109.21241760253906 18.443004608154297 39 254.25761413574219 95.961578369140625 210 178.58723449707031 97.906158447265625 40 206.39231872558594 115.65024566650391 34 172.66934204101562 142.70597839355469 153 254.25761413574219 95.961578369140625 -1 209.50482177734375 113.27943420410156 51 220.35673522949219 103.48374176025391 -1 242.72445678710938 243.53787231445312 -1 205.26527404785156 130.49079895019531 -1 36.058204650878906 117.62188720703125 -1 243.54486083984375 152.75473022460938 -1 241.34947204589844 159.87176513671875 -1 245.91177368164062 163.50442504882812 -1 49.058765411376953 108.15619659423828 -1 252.45840454101562 105.15545654296875 -1 181.08119201660156 99.318031311035156 45 249.55805969238281 95.502388000488281 198 245.05075073242188 89.055145263671875 -1 251.13191223144531 88.544486999511719 158 194.27619934082031 79.561080932617188 155 27.404525756835938 124.00197601318359 -1 170.92391967773438 188.30593872070312 -1 115.59501647949219 58.900581359863281 -1 95.842758178710938 56.890457153320312 91 95.071136474609375 50.589519500732422 -1 92.59515380859375 22.947793960571289 47 117.62654113769531 5.2320942878723145 -1 216.58793640136719 70.756156921386719 185 219.89521789550781 141.93203735351562 -1 171.41334533691406 146.74751281738281 156 252.45840454101562 105.15545654296875 -1 232.09501647949219 232.46914672851562 -1 113.12184906005859 57.054603576660156 168 217.67681884765625 140.53080749511719 -1 42.696063995361328 112.78666687011719 -1 204.61550903320312 212.08531188964844 -1 
2 0.99864070205364808 0.046782185961840424 -0.010375054135647752 -0.020506914202558919 -0.99181205916274573 -3.7801952713382172 0.20688214060020282 1 000000.png
145.24061584472656 58.876495361328125 -1 145.24061584472656 58.876495361328125 -1 145.24061584472656 58.876495361328125 -1 114.67738342285156 127.22676849365234 -1 114.67738342285156 127.22676849365234 -1 114.67738342285156 127.22676849365234 -1 116.73019409179688 121.14007568359375 142 221.26708984375 83.985038757324219 6 116.73019409179688 121.14007568359375 -1 116.50253295898438 80.267311096191406 -1 116.50253295898438 80.267311096191406 -1 209.76268005371094 71.244087219238281 143 98.196090698242188 13.996573448181152 7 105.09679412841797 31.628900527954102 10 105.97331237792969 58.924938201904297 -1 105.09679412841797 31.628900527954102 10 105.97331237792969 58.924938201904297 -1 105.97331237792969 58.924938201904297 -1 197.1251220703125 103.00046539306641 11 229.16644287109375 132.04975891113281 -1 197.1251220703125 103.00046539306641 194 197.1251220703125 103.00046539306641 172 110.79602813720703 7.4494476318359375 -1 83.9432373046875 18.561185836791992 16 137.03166198730469 19.233457565307617 195 244.35215759277344 89.121337890625 144 232.972412109375 96.022956848144531 160 110.79602813720703 7.4494476318359375 202 202.29344177246094 118.46169281005859 20 211.67820739746094 141.04847717285156 -1 161.58680725097656 189.03866577148438 145 175.01580810546875 101.23594665527344 196 217.21720886230469 111.58718872070312 -1 135.70590209960938 16.991119384765625 166 231.60618591308594 79.572158813476562 17 184.55690002441406 99.1646728515625 14 217.21720886230469 111.58718872070312 -1 221.68014526367188 71.797538757324219 24 168.28883361816406 105.66594696044922 -1 140.22483825683594 225.06173706054688 -1 123.05119323730469 8.6817293167114258 -1 196.33888244628906 84.607322692871094 19 194.94990539550781 120.81114959716797 175 196.33888244628906 84.607322692871094 23 92.840324401855469 35.929645538330078 -1 116.01158142089844 64.249298095703125 -1 186.21699523925781 239.43647766113281 -1 125.95381927490234 113.31822204589844 146 105.46297454833984 96.150535583496094 -1 168.58807373046875 141.63240051269531 141 171.421875 133.24234008789062 28 206.56622314453125 126.41816711425781 147 188.9718017578125 124.72479248046875 18 125.95381927490234 113.31822204589844 148 229.97920227050781 96.064888000488281 95 236.03363037109375 109.26571655273438 149 105.46297454833984 96.150535583496094 -1 224.22230529785156 95.768203735351562 61 213.78953552246094 88.258529663085938 117 207.66168212890625 87.599105834960938 31 92.840324401855469 35.929645538330078 -1 186.21699523925781 239.43647766113281 -1 116.01158142089844 64.249298095703125 -1 168.4346923828125 113.9825439453125 150 168.4346923828125 113.9825439453125 161 111.25986480712891 21.696653366088867 151 93.103256225585938 21.74365234375 -1 96.466781616210938 29.825225830078125 58 88.564750671386719 34.612636566162109 152 212.38104248046875 80.214996337890625 159 255.34494018554688 95.027664184570312 -1 196.69601440429688 115.31471252441406 33 251.62686157226562 98.769088745117188 198 208.75587463378906 118.15168762207031 34 123.09657287597656 7.2089180946350098 -1 208.75587463378906 118.15168762207031 -1 93.103256225585938 21.74365234375 -1 255.34494018554688 95.027664184570312 210 251.62686157226562 98.769088745117188 -1 190.1099853515625 123.49588012695312 204 22.245153427124023 126.64932250976562 -1 172.82066345214844 142.24809265136719 153 122.93407440185547 248.49006652832031 -1 189.14299011230469 101.34120178222656 218 247.41537475585938 164.18634033203125 -1 95.792579650878906 56.721321105957031 91 209.53370666503906 113.25315856933594 50 195.2933349609375 249.45367431640625 -1 92.801826477050781 10.592854499816895 154 109.15956878662109 18.462606430053711 39 178.53620910644531 97.973648071289062 38 132.13600158691406 66.770591735839844 -1 178.53620910644531 97.973648071289062 40 230.96348571777344 238.06317138671875 -1 211.70512390136719 135.18098449707031 183 149.10015869140625 240.59010314941406 -1 207.55441284179688 131.60569763183594 -1 164.85581970214844 131.64213562011719 -1 238.24917602539062 125.52515411376953 -1 181.50416564941406 120.07735443115234 -1 216.45193481445312 116.48580169677734 -1 175.56442260742188 106.07315826416016 109 181.08851623535156 99.3701171875 45 228.19700622558594 96.903511047363281 219 194.26519775390625 79.578384399414062 155 216.45004272460938 70.615425109863281 185 136.95967102050781 67.42071533203125 -1 92.631027221679688 22.934013366699219 47 234.5078125 153.85769653320312 -1 237.07917785644531 155.80931091308594 -1 117.00536346435547 4.9252228736877441 -1 85.817558288574219 2.9123091697692871 66 223.18011474609375 144.63510131835938 -1 171.43228149414062 146.75932312011719 156 227.02165222167969 147.91061401367188 -1 85.817558288574219 2.9123091697692871 67 164.85581970214844 131.64213562011719 157 149.10015869140625 240.59010314941406 -1 240.34503173828125 158.55012512207031 -1 251.58146667480469 167.62321472167969 -1 203.81819152832031 201.40425109863281 -1 8.7938108444213867 136.06369018554688 -1 220.35928344726562 142.26889038085938 -1 247.96488952636719 86.398246765136719 158 
3 0.99861348712462294 0.04740797206009266 -0.010948029014626905 -0.020092988295545466 -0.84035411914435898 -3.6250654199623913 0.25209320506136423 1 000001.png
145.46029663085938 58.911525726318359 -1 145.46029663085938 58.911525726318359 -1 145.46029663085938 58.911525726318359 -1 114.95226287841797 127.07034301757812 -1 114.95226287841797 127.07034301757812 -1 114.95226287841797 127.07034301757812 -1 116.89246368408203 121.14486694335938 142 116.33458709716797 82.9130859375 -1 221.27191162109375 84.02484130859375 6 116.89246368408203 121.14486694335938 -1 116.50340270996094 78.603973388671875 -1 116.50340270996094 78.603973388671875 -1 209.87313842773438 71.342864990234375 143 105.98712158203125 59.053955078125 -1 98.165084838867188 13.940755844116211 7 105.06471252441406 31.709012985229492 10 116.26776123046875 100.19293975830078 164 105.06471252441406 31.709012985229492 10 105.98712158203125 59.053955078125 -1 116.26776123046875 100.19293975830078 -1 105.98712158203125 59.053955078125 -1 197.16239929199219 102.92476654052734 11 197.16239929199219 102.92476654052734 194 197.16239929199219 102.92476654052734 172 110.84765625 7.3986673355102539 -1 137.01043701171875 19.217475891113281 195 244.62091064453125 89.250350952148438 144 233.0853271484375 95.977378845214844 160 83.969970703125 18.539209365844727 16 110.84765625 7.3986673355102539 202 217.04165649414062 111.38001251220703 -1 135.58387756347656 16.857839584350586 166 184.55897521972656 99.157142639160156 14 175.06773376464844 101.14129638671875 196 217.04165649414062 111.38001251220703 -1 202.21029663085938 118.36438751220703 20 231.6263427734375 79.594474792480469 17 123.04584503173828 8.7006149291992188 -1 196.30474853515625 84.655517578125 19 196.30474853515625 84.655517578125 23 195.06153869628906 120.76895141601562 175 221.57820129394531 71.723953247070312 24 168.36520385742188 105.82774353027344 -1 168.59671020507812 141.64930725097656 141 186.06077575683594 239.32453918457031 -1 225.44361877441406 222.48088073730469 -1 186.06077575683594 239.32453918457031 -1 160.4649658203125 90.358078002929688 -1 171.41065979003906 133.18254089355469 28 206.66677856445312 126.44544982910156 147 188.95416259765625 124.82425689697266 18 235.92655944824219 109.27304840087891 149 224.25627136230469 95.730712890625 61 229.55961608886719 96.7198486328125 95 160.4649658203125 90.358078002929688 -1 213.70603942871094 88.194679260253906 117 207.61862182617188 87.565902709960938 31 91.640678405761719 78.713241577148438 -1 213.70603942871094 88.194679260253906 -1 196.88275146484375 115.23530578613281 33 192.95474243164062 246.79583740234375 -1 111.27129364013672 21.626869201660156 151 93.002342224121094 21.786081314086914 -1 96.478919982910156 29.743635177612305 58 251.97026062011719 98.420074462890625 -1 118.84764099121094 248.26458740234375 -1 216.043701171875 81.990531921386719 159 93.002342224121094 21.786081314086914 -1 251.97026062011719 98.420074462890625 -1 94.484687805175781 69.92926025390625 -1 95.791725158691406 56.788059234619141 91 92.923980712890625 10.361617088317871 154 109.16199493408203 18.471925735473633 39 216.35896301269531 213.57546997070312 -1 132.44696044921875 66.816734313964844 -1 208.74623107910156 118.20248413085938 34 212.5748291015625 80.151069641113281 159 178.66717529296875 97.776031494140625 40 123.15524291992188 248.79020690917969 -1 164.23356628417969 115.30738830566406 -1 206.36854553222656 115.35086822509766 34 201.13851928710938 251.38578796386719 -1 208.74623107910156 118.20248413085938 -1 129.87228393554688 40.567466735839844 -1 94.484687805175781 69.92926025390625 -1 209.5997314453125 113.31625366210938 50 227.95448303222656 148.27838134765625 -1 247.27586364746094 163.878173828125 -1 164.72993469238281 131.68751525878906 -1 207.56410217285156 131.68916320800781 -1 211.13113403320312 134.55192565917969 183 49.101158142089844 107.07553863525391 -1 171.36985778808594 146.69573974609375 156 233.61199951171875 152.95677185058594 -1 175.55107116699219 106.15452575683594 109 173.22262573242188 104.30467224121094 -1 56.526782989501953 101.41033172607422 -1 181.07427978515625 99.331596374511719 45 187.4058837890625 99.105064392089844 218 194.216552734375 79.583076477050781 155 216.46345520019531 70.740020751953125 185 95.059700012207031 50.612171173095703 -1 92.617904663085938 22.861722946166992 47 100.71840667724609 23.525131225585938 223 195.45999145507812 249.383544921875 -1 216.52487182617188 116.69178009033203 -1 108.44425964355469 14.340827941894531 -1 117.24980926513672 4.9644899368286133 -1 85.813163757324219 3.0276265144348145 66 251.81094360351562 167.54476928710938 -1 148.99700927734375 22.958457946777344 -1 173.22262573242188 104.30467224121094 -1 174.55162048339844 183.0390625 -1 231.18368530273438 238.12667846679688 -1 174.55162048339844 183.0390625 -1 227.09028625488281 233.71394348144531 -1 85.813163757324219 3.0276265144348145 67 220.06471252441406 141.77189636230469 -1 93.117660522460938 56.395233154296875 -1 
4 0.99828071945247598 0.053755839371482504 -0.01276654042337674 -0.019568606198010458 -0.33311957331455216 -1.992484607786553 -0.049044750212417727 1 000003.png
151.93185424804688 60.258438110351562 -1 149.03166198730469 36.340087890625 -1 221.77359008789062 84.47991943359375 6 118.44904327392578 128.20285034179688 142 145.23707580566406 30.237707138061523 188 118.52384948730469 76.670135498046875 -1 118.52384948730469 76.670135498046875 -1 97.952095031738281 14.243259429931641 7 105.20218658447266 31.632024765014648 10 106.04698944091797 58.616970062255859 -1 118.51186370849609 104.44449615478516 164 106.04698944091797 58.616970062255859 -1 106.04698944091797 58.616970062255859 -1 197.61204528808594 102.78612518310547 11 234.66580200195312 99.891151428222656 160 197.61204528808594 102.78612518310547 172 234.54681396484375 140.12342834472656 227 197.61204528808594 102.78612518310547 194 248.27810668945312 92.191619873046875 -1 104.74553680419922 96.120063781738281 -1 163.64122009277344 108.60923767089844 200 164.77142333984375 197.91127014160156 145 83.816909790039062 18.976337432861328 16 104.74553680419922 96.120063781738281 199 248.27810668945312 92.191619873046875 198 231.0390625 79.869026184082031 17 140.36265563964844 21.088216781616211 -1 184.59637451171875 99.13433837890625 14 202.08657836914062 118.39997863769531 20 205.43016052246094 129.51678466796875 147 109.84091949462891 9.6334238052368164 202 109.84091949462891 9.6334238052368164 -1 130.18922424316406 12.82597827911377 -1 221.62930297851562 71.856941223144531 24 95.092742919921875 83.144767761230469 -1 196.30914306640625 84.631210327148438 23 241.75128173828125 117.11219024658203 174 128.6724853515625 119.64292144775391 148 187.72599792480469 124.04644775390625 18 195.16241455078125 121.22419738769531 175 128.6724853515625 119.64292144775391 146 196.30914306640625 84.631210327148438 19 128.6724853515625 119.64292144775391 176 138.753662109375 18.012575149536133 -1 136.60176086425781 60.093593597412109 -1 239.53202819824219 82.767601013183594 -1 207.82278442382812 87.67352294921875 31 171.37806701660156 133.39964294433594 28 168.58183288574219 141.78562927246094 141 162.61543273925781 132.20533752441406 157 207.82278442382812 87.67352294921875 -1 213.861328125 88.178474426269531 -1 224.32859802246094 95.262245178222656 61 213.861328125 88.178474426269531 117 96.367881774902344 29.789863586425781 58 216.05813598632812 82.008987426757812 159 55.100368499755859 110.05541229248047 -1 196.62797546386719 115.32215118408203 33 208.79588317871094 118.27566528320312 -1 208.79588317871094 118.27566528320312 34 120.48725128173828 10.081764221191406 -1 80.325790405273438 82.927383422851562 -1 41.613800048828125 118.73058319091797 -1 121.99220275878906 118.79301452636719 179 239.2763671875 162.17227172851562 -1 135.20486450195312 70.946067810058594 190 3.9185960292816162 146.36872863769531 -1 221.74446105957031 147.278564453125 -1 245.81236267089844 167.61294555664062 -1 86.367835998535156 2.8668406009674072 66 92.826919555664062 10.417472839355469 154 109.15963745117188 18.468557357788086 39 111.45074462890625 21.132184982299805 151 227.02226257324219 152.17141723632812 -1 95.660255432128906 75.103096008300781 -1 230.85261535644531 155.2132568359375 -1 243.07553100585938 87.414482116699219 -1 229.72639465332031 94.850395202636719 95 61.147026062011719 96.817367553710938 -1 178.33515930175781 98.257339477539062 38 206.37942504882812 115.71221160888672 34 172.41889953613281 116.16774749755859 -1 209.55868530273438 113.36298370361328 50 95.701744079589844 56.508068084716797 91 86.367835998535156 2.8668406009674072 67 95.660255432128906 75.103096008300781 -1 178.33515930175781 98.257339477539062 40 121.99220275878906 118.79301452636719 182 224.46858215332031 149.51631164550781 -1 210.71714782714844 138.09359741210938 183 92.568717956542969 23.028270721435547 47 93.860527038574219 27.300788879394531 220 197.12997436523438 118.62065887451172 74 181.63510131835938 120.19940185546875 -1 38.097499847412109 121.12757873535156 -1 195.99934387207031 123.77916717529297 -1 208.96434020996094 128.02947998046875 -1 181.08609008789062 99.35357666015625 45 168.22335815429688 95.608917236328125 -1 221.07577514648438 94.59356689453125 184 213.97224426269531 92.393569946289062 -1 253.49459838867188 90.090179443359375 -1 218.59532165527344 85.983932495117188 -1 92.540046691894531 48.227104187011719 -1 245.07591247558594 84.765884399414062 -1 212.97946166992188 80.050338745117188 159 194.28065490722656 79.57861328125 155 92.209571838378906 74.396209716796875 -1 216.43544006347656 70.797561645507812 185 253.49459838867188 90.090179443359375 -1 174.6585693359375 100.00278472900391 -1 174.6585693359375 100.00278472900391 -1 252.87554931640625 100.74983215332031 -1 135.50672912597656 60.071372985839844 208 217.10194396972656 143.22019958496094 -1 171.33944702148438 146.68325805664062 156 252.87554931640625 100.74983215332031 -1 181.08609008789062 99.35357666015625 49 200.1683349609375 86.62274169921875 -1 
5 0.99769958488199084 0.063791553210352056 -0.0167433050816122 -0.015679215549831482 0.79304291732905796 0.55697074142935443 -0.20282538476814752 1 000004.png
158.65837097167969 60.547153472900391 -1 81.936279296875 95.327590942382812 -1 226.16162109375 211.74858093261719 191 81.936279296875 95.327590942382812 -1 226.16162109375 211.74858093261719 -1 120.17646789550781 133.50631713867188 142 222.16777038574219 85.010536193847656 6 147.95953369140625 33.180328369140625 188 98.060142517089844 13.723307609558105 7 105.88236999511719 31.008386611938477 10 120.79728698730469 111.20712280273438 164 105.88236999511719 31.008386611938477 8 237.60551452636719 148.5311279296875 227 7.6818537712097168 64.118934631347656 -1 197.60008239746094 102.75803375244141 11 205.72445678710938 231.00648498535156 -1 197.60008239746094 102.75803375244141 194 197.60008239746094 102.75803375244141 172 143.08549499511719 23.235586166381836 195 172.30743408203125 107.36681365966797 109 197.4215087890625 141.35009765625 197 12.289705276489258 156.6993408203125 -1 167.75650024414062 208.24052429199219 145 242.68594360351562 87.884552001953125 144 197.4215087890625 141.35009765625 -1 107.41980743408203 101.32781219482422 199 227.56709289550781 110.76304626464844 -1 165.10081481933594 113.41834259033203 150 201.71047973632812 118.01766204833984 20 34.107654571533203 137.62101745605469 -1 85.154731750488281 20.453977584838867 16 231.51934814453125 79.524635314941406 17 124.17704010009766 18.653781890869141 201 184.62451171875 99.109123229980469 14 114.13138580322266 9.7206602096557617 202 130.92584228515625 126.55467987060547 176 130.92584228515625 126.55467987060547 146 196.29232788085938 84.62225341796875 19 130.92584228515625 126.55467987060547 148 214.59588623046875 88.405677795410156 117 196.29232788085938 84.62225341796875 23 245.12007141113281 125.71708679199219 174 221.67874145507812 71.940284729003906 24 114.13138580322266 9.7206602096557617 -1 207.79359436035156 87.561676025390625 31 178.449462890625 109.9110107421875 203 168.6263427734375 141.74555969238281 141 187.55300903320312 124.68442535400391 204 174.34063720703125 125.69566345214844 -1 92.797706604003906 35.880664825439453 -1 187.55300903320312 124.68442535400391 18 171.46121215820312 133.56207275390625 28 239.37774658203125 83.273818969726562 -1 120.40027618408203 24.177862167358398 -1 92.797706604003906 35.880664825439453 -1 139.51168823242188 78.830841064453125 190 80.058197021484375 94.252281188964844 205 80.058197021484375 94.252281188964844 206 216.21832275390625 82.155792236328125 159 196.677490234375 115.34169769287109 33 216.21832275390625 82.155792236328125 -1 124.34000396728516 125.2999267578125 182 55.496028900146484 107.73633575439453 207 111.62543487548828 21.177051544189453 151 135.93527221679688 57.232780456542969 208 132.47593688964844 17.075481414794922 209 96.2945556640625 29.788034439086914 58 252.32414245605469 93.894325256347656 210 229.45932006835938 96.04681396484375 95 67.664817810058594 98.963592529296875 211 206.06729125976562 115.54949951171875 34 204.02334594726562 120.37191009521484 -1 124.34000396728516 125.2999267578125 179 200.25627136230469 212.58047485351562 213 111.62543487548828 21.177051544189453 -1 132.47593688964844 17.075481414794922 -1 252.32414245605469 93.894325256347656 214 108.50893402099609 14.329675674438477 -1 75.901573181152344 93.153892517089844 215 246.48301696777344 95.465988159179688 -1 178.25885009765625 98.43939208984375 38 209.57438659667969 113.29128265380859 50 41.776016235351562 127.14067077636719 216 194.45303344726562 129.93284606933594 -1 215.5909423828125 138.46957397460938 -1 237.82795715332031 157.67684936523438 -1 236.25152587890625 165.669921875 -1 92.538833618164062 10.950961112976074 154 109.16577911376953 18.494230270385742 39 212.60945129394531 80.158393859863281 159 86.516708374023438 3.1625244617462158 66 246.48301696777344 95.465988159179688 -1 208.85795593261719 118.288330078125 -1 189.25099182128906 101.20793151855469 218 86.516708374023438 3.1625244617462158 67 94.644386291503906 45.894775390625 -1 178.25885009765625 98.43939208984375 40 209.57438659667969 113.29128265380859 51 95.697563171386719 56.622051239013672 91 181.08956909179688 99.358306884765625 45 204.20948791503906 129.09884643554688 147 226.89456176757812 98.49932861328125 219 112.59786224365234 96.264068603515625 -1 221.42166137695312 94.852638244628906 184 218.68423461914062 86.446258544921875 -1 108.35426330566406 72.721298217773438 -1 136.06246948242188 67.628250122070312 -1 92.773674011230469 17.933395385742188 -1 93.775177001953125 27.352441787719727 220 92.5927734375 22.896703720092773 47 105.86641693115234 15.11524486541748 -1 181.08956909179688 99.358306884765625 49 201.98368835449219 136.04527282714844 221 212.03993225097656 135.83798217773438 222 103.43354797363281 21.96527099609375 223 217.876220703125 149.36842346191406 224 225.06375122070312 244.72308349609375 -1 173.41030883789062 104.17025756835938 225 105.86641693115234 15.11524486541748 -1 209.04142761230469 133.45356750488281 -1 197.10836791992188 118.84867095947266 74 210.55113220214844 110.16825866699219 226 164.74462890625 97.025428771972656 -1 161.25778198242188 93.889411926269531 -1 188.73918151855469 200.52682495117188 -1 
6 0.99610277586574014 0.084088626662341889 -0.023538409396145338 -0.012421999102709521 2.6372369544702798 5.7839481172299445 -1.4110489414183154 1 000007.png
119.39905548095703 95.105216979980469 -1 119.39905548095703 95.105216979980469 -1 167.86477661132812 58.163799285888672 -1 220.59996032714844 219.5533447265625 -1 161.7230224609375 46.333843231201172 -1 159.32687377929688 100.85404205322266 -1 124.38365173339844 149.91006469726562 142 222.04042053222656 84.926399230957031 6 216.21383666992188 231.14224243164062 -1 120.86857604980469 14.787223815917969 201 128.66215515136719 36.459743499755859 -1 120.86857604980469 14.787223815917969 -1 98.121124267578125 13.768881797790527 7 105.47563934326172 31.917316436767578 8 243.760009765625 98.104606628417969 -1 126.53727722167969 125.58788299560547 164 197.88827514648438 102.53836059570312 11 84.017814636230469 19.415500640869141 16 225.25334167480469 105.11032104492188 -1 193.38687133789062 149.48715209960938 -1 225.25334167480469 105.11032104492188 -1 178.41226196289062 115.14170837402344 203 205.47050476074219 244.246337890625 -1 231.73040771484375 79.846992492675781 17 174.8447265625 244.77197265625 -1 173.41914367675781 231.66934204101562 145 198.43902587890625 224.38772583007812 -1 189.99636840820312 109.3033447265625 -1 184.60125732421875 99.105606079101562 14 173.41914367675781 231.66934204101562 -1 189.99636840820312 109.3033447265625 -1 174.74143981933594 125.92861175537109 -1 235.2191162109375 106.96413421630859 -1 117.75347137451172 32.246170043945312 -1 196.246826171875 84.624435424804688 23 102.34971618652344 100.77016448974609 -1 196.246826171875 84.624435424804688 19 102.34971618652344 100.77016448974609 -1 171.01956176757812 115.11236572265625 -1 202.48532104492188 118.83168029785156 20 142.06852722167969 47.777244567871094 -1 168.59738159179688 141.72660827636719 141 221.63070678710938 71.863563537597656 24 135.82980346679688 141.36888122558594 146 121.62474060058594 23.767971038818359 -1 135.82980346679688 141.36888122558594 148 171.5555419921875 133.08590698242188 28 188.55618286132812 131.06861877441406 18 135.82980346679688 141.36888122558594 176 113.67954254150391 82.952011108398438 -1 249.79112243652344 109.11402893066406 -1 249.79112243652344 109.11402893066406 -1 146.17271423339844 91.999488830566406 190 196.52809143066406 115.42018890380859 33 206.10984802246094 115.59584045410156 34 62.289905548095703 129.50666809082031 207 169.29501342773438 242.92134094238281 -1 219.79100036621094 251.91421508789062 -1 119.61190795898438 39.531917572021484 -1 108.92633056640625 71.982872009277344 -1 169.29501342773438 242.92134094238281 -1 96.435958862304688 29.70013427734375 58 119.61190795898438 39.531917572021484 -1 143.15646362304688 46.589340209960938 -1 108.92633056640625 71.982872009277344 -1 176.15827941894531 144.7662353515625 -1 176.15827941894531 144.7662353515625 -1 238.09054565429688 170.95552062988281 -1 110.02361297607422 81.612617492675781 -1 86.55999755859375 3.1045842170715332 66 109.17796325683594 18.439750671386719 39 113.00614929199219 61.702621459960938 -1 120.02527618408203 35.899246215820312 -1 144.53977966308594 72.987663269042969 -1 212.25021362304688 79.953208923339844 159 65.95806884765625 125.44908142089844 -1 114.32261657714844 82.238662719726562 -1 178.28044128417969 98.408828735351562 38 227.5831298828125 98.468147277832031 -1 170.99702453613281 110.91867828369141 -1 209.57229614257812 113.19540405273438 50 118.93285369873047 122.03810882568359 -1 203.92575073242188 125.02764892578125 147 194.9913330078125 222.47474670410156 -1 176.15827941894531 144.7662353515625 -1 235.42439270019531 177.62147521972656 -1 110.02361297607422 81.612617492675781 -1 86.55999755859375 3.1045842170715332 67 178.28044128417969 98.408828735351562 40 209.57229614257812 113.19540405273438 51 108.45610809326172 14.371631622314453 -1 103.45811462402344 21.988582611083984 223 171.21115112304688 111.58899688720703 -1 130.19047546386719 22.611663818359375 -1 92.547210693359375 22.943855285644531 47 45.922904968261719 134.19064331054688 -1 143.35653686523438 35.496974945068359 -1 95.818321228027344 56.880599975585938 91 212.36943054199219 64.02984619140625 -1 146.63619995117188 76.5445556640625 -1 194.21337890625 79.612838745117188 155 110.74049377441406 81.830848693847656 -1 101.39553833007812 89.311676025390625 -1 231.06332397460938 92.461212158203125 95 181.09486389160156 99.339385986328125 45 175.63615417480469 105.79198455810547 109 84.934585571289062 109.60793304443359 189 174.58497619628906 109.25077056884766 -1 210.00431823730469 109.61040496826172 226 251.98196411132812 183.97776794433594 -1 193.1741943359375 224.75758361816406 -1 53.67572021484375 134.74244689941406 -1 204.46208190917969 238.47970581054688 -1 209.77362060546875 241.16285705566406 -1 207.549072265625 242.31361389160156 -1 212.57594299316406 244.32514953613281 -1 169.05870056152344 249.23652648925781 -1 211.94796752929688 155.88575744628906 -1 36.752803802490234 148.49771118164062 -1 25.686525344848633 157.04011535644531 -1 215.14096069335938 159.07536315917969 -1 225.05712890625 159.44354248046875 -1 22.080085754394531 160.09230041503906 -1 218.74580383300781 162.08969116210938 -1 194.78096008300781 140.33030700683594 -1 207.92123413085938 144.11753845214844 -1 56.638023376464844 132.1898193359375 -1 200.0767822265625 145.46737670898438 221 191.87899780273438 129.75053405761719 -1 197.03068542480469 118.98600769042969 74 68.376632690429688 116.38177490234375 -1 181.09486389160156 99.339385986328125 49 171.21115112304688 111.58899688720703 -1 169.05870056152344 249.23652648925781 -1 144.90960693359375 69.215965270996094 -1 167.53605651855469 252.40480041503906 -1 167.53605651855469 252.40480041503906 -1 220.36529541015625 163.67985534667969 -1 217.72537231445312 152.95733642578125 222 230.60287475585938 172.88787841796875 183 114.76417541503906 22.243976593017578 -1 159.25831604003906 27.027523040771484 -1 65.899528503417969 118.60935974121094 -1 211.0804443359375 147.18475341796875 -1 200.23448181152344 233.29811096191406 -1 33.624610900878906 150.56584167480469 -1 44.430259704589844 142.00456237792969 216 
8 0.99620520674875424 0.085797144119162491 -0.007342113183198779 -0.012654227818113544 -1.527976281134106 6.2582261538977182 -0.23667879519876109 1 000008.png
118.96530914306641 95.424606323242188 -1 118.96530914306641 95.424606323242188 -1 169.17205810546875 58.633777618408203 -1 219.805908203125 219.50541687011719 -1 221.80467224121094 84.74517822265625 6 159.75419616699219 103.00408935546875 -1 216.412109375 232.27822875976562 -1 121.41194152832031 16.327419281005859 201 121.41194152832031 16.327419281005859 -1 98.133071899414062 13.780101776123047 7 105.6922607421875 31.885505676269531 8 244.16011047363281 101.23410034179688 214 126.99249267578125 126.98648834228516 -1 197.771484375 102.58536529541016 11 84.064353942871094 19.599119186401367 16 226.5792236328125 106.0137939453125 -1 205.4400634765625 161.00492858886719 -1 194.64230346679688 151.0892333984375 197 174.57550048828125 235.65664672851562 -1 232.05389404296875 79.944366455078125 17 145.20358276367188 41.988124847412109 -1 161.98443603515625 119.31597900390625 150 178.27909851074219 115.55026245117188 203 184.60687255859375 99.107139587402344 14 175.97401428222656 248.14006042480469 -1 174.57550048828125 235.65664672851562 -1 161.98443603515625 119.31597900390625 -1 145.20358276367188 41.988124847412109 -1 236.76470947265625 109.49067687988281 149 170.64260864257812 115.805419921875 196 174.722900390625 125.94556427001953 -1 221.65534973144531 71.987838745117188 24 202.46249389648438 118.86733245849609 20 196.25820922851562 84.58258056640625 23 152.7017822265625 46.447906494140625 -1 196.25820922851562 84.58258056640625 19 238.28285217285156 94.326423645019531 -1 236.76470947265625 109.49067687988281 -1 136.88192749023438 143.273681640625 -1 107.83071136474609 73.266815185546875 -1 168.77207946777344 141.69775390625 141 171.56709289550781 132.9298095703125 28 107.83071136474609 73.266815185546875 -1 249.04400634765625 88.754646301269531 -1 207.94989013671875 87.417388916015625 31 235.14991760253906 86.220367431640625 -1 127.15547943115234 48.55291748046875 -1 136.88192749023438 143.273681640625 -1 136.88192749023438 143.273681640625 -1 178.28439331054688 98.248870849609375 38 96.174919128417969 29.824426651000977 58 144.21788024902344 49.915771484375 -1 222.21665954589844 102.6832275390625 219 196.541015625 115.41141510009766 33 205.97276306152344 115.4703369140625 34 187.18548583984375 130.99024963378906 18 130.41946411132812 142.52030944824219 -1 180.778564453125 150.08296203613281 -1 190.57151794433594 226.20327758789062 -1 196.32696533203125 226.31005859375 -1 170.35493469238281 246.92938232421875 -1 178.28439331054688 98.248870849609375 40 190.57151794433594 226.20327758789062 -1 224.13092041015625 96.464767456054688 61 115.02475738525391 83.655838012695312 -1 146.97177124023438 93.454643249511719 -1 199.58366394042969 230.88668823242188 -1 86.319343566894531 107.52604675292969 -1 209.61997985839844 113.23889923095703 50 88.901412963867188 35.615833282470703 152 122.51619720458984 39.877288818359375 -1 212.17996215820312 79.788040161132812 159 176.908203125 146.76998901367188 -1 86.597793579101562 3.0976893901824951 66 109.21562194824219 18.442249298095703 39 30.491603851318359 152.39982604980469 -1 86.597793579101562 3.0976893901824951 67 86.319343566894531 107.52604675292969 -1 209.61997985839844 113.23889923095703 51 176.908203125 146.76998901367188 -1 176.908203125 146.76998901367188 -1 176.908203125 146.76998901367188 -1 30.491603851318359 152.39982604980469 -1 131.60630798339844 50.89111328125 -1 146.37315368652344 71.390571594238281 -1 194.28370666503906 79.560234069824219 155 105.08119201660156 88.35845947265625 -1 251.9874267578125 194.11933898925781 -1 195.65995788574219 230.00578308105469 213 204.02523803710938 240.22084045410156 -1 205.79983520507812 242.49748229980469 -1 148.19857788085938 53.265171051025391 -1 38.440593719482422 142.43515014648438 -1 45.204006195068359 143.90168762207031 -1 201.36872863769531 148.09564208984375 -1 96.943389892578125 44.087875366210938 -1 37.519721984863281 150.02096557617188 -1 25.558162689208984 152.87197875976562 -1 33.852767944335938 152.95584106445312 -1 18.50701904296875 158.40007019042969 -1 214.29885864257812 159.51077270507812 224 218.01918029785156 163.06668090820312 -1 5.8727521896362305 176.14987182617188 -1 232.92744445800781 176.56568908691406 -1 42.389976501464844 139.42362976074219 -1 51.429039001464844 138.72882080078125 -1 54.188480377197266 129.86747741699219 -1 187.48513793945312 127.24630737304688 18 197.07389831542969 119.16342926025391 74 179.30349731445312 140.9317626953125 -1 175.67141723632812 105.64833068847656 109 181.0938720703125 99.343162536621094 45 102.17559814453125 90.877922058105469 -1 117.21623992919922 30.656982421875 -1 181.0938720703125 99.343162536621094 49 108.50750732421875 14.397253036499023 -1 3.2553482055664062 178.08326721191406 -1 103.49678039550781 21.971307754516602 223 92.584037780761719 22.844234466552734 47 93.689979553222656 27.384946823120117 220 117.21623992919922 30.656982421875 -1 151.43913269042969 44.724796295166016 -1 148.62692260742188 50.509693145751953 -1 236.38139343261719 179.73689270019531 -1 48.376087188720703 140.9766845703125 -1 10.923404693603516 171.4989013671875 -1 248.71504211425781 97.253654479980469 -1 
9 0.99736460872634092 0.068664823926719451 -0.019153628217139805 -0.013495100643750986 1.4519617110839786 1.8063725340591421 -0.2677320227054808 1 000005.png
124.56262969970703 85.278465270996094 -1 124.56262969970703 85.278465270996094 -1 161.02363586425781 59.868545532226562 -1 224.93853759765625 213.53387451171875 191 224.93853759765625 213.53387451171875 -1 157.06025695800781 91.116348266601562 -1 222.45877075195312 85.561439514160156 6 121.07166290283203 137.86178588867188 142 153.68479919433594 40.190479278564453 -1 149.86091613769531 33.688564300537109 188 106.11840057373047 30.882251739501953 10 147.59963989257812 28.766838073730469 -1 122.45671844482422 114.97547912597656 164 97.978752136230469 13.749491691589355 7 106.11840057373047 30.882251739501953 8 197.56681823730469 102.74162292480469 11 243.05111694335938 115.82882690429688 -1 239.45645141601562 152.66984558105469 227 239.45645141601562 152.66984558105469 -1 197.56681823730469 102.74162292480469 172 125.78950500488281 22.014217376708984 -1 230.79476928710938 101.73977661132812 160 194.58631896972656 126.91458129882812 175 190.39093017578125 138.31297302246094 -1 199.56350708007812 145.13922119140625 197 170.26075744628906 212.45118713378906 145 118.50776672363281 16.650602340698242 -1 230.79476928710938 101.73977661132812 -1 190.39093017578125 138.31297302246094 -1 118.50776672363281 16.650602340698242 -1 199.56350708007812 145.13922119140625 -1 229.72245788574219 114.50801086425781 -1 201.72431945800781 117.92231750488281 20 110.13906860351562 24.307071685791016 -1 146.02854919433594 24.461429595947266 -1 85.263572692871094 20.542375564575195 16 110.13906860351562 24.307071685791016 -1 231.58865356445312 79.390541076660156 17 184.61639404296875 99.078483581542969 14 101.76007080078125 70.165214538574219 -1 113.53868103027344 70.119529724121094 -1 132.57266235351562 129.74443054199219 176 132.57266235351562 129.74443054199219 146 196.26702880859375 84.685577392578125 19 134.83425903320312 29.321550369262695 -1 247.8399658203125 130.296142578125 174 221.6845703125 71.8819580078125 24 134.83425903320312 29.321550369262695 -1 143.69029235839844 50.429634094238281 -1 241.23350524902344 84.870475769042969 198 132.57266235351562 129.74443054199219 148 82.127037048339844 104.58544921875 189 196.26702880859375 84.685577392578125 23 120.77232360839844 27.700326919555664 -1 207.73065185546875 87.506454467773438 31 213.53923034667969 88.178512573242188 117 81.293083190917969 97.441703796386719 205 53.893955230712891 118.01637268066406 -1 193.32154846191406 126.53974151611328 -1 141.9486083984375 82.687828063964844 190 168.56336975097656 141.77345275878906 141 81.293083190917969 97.441703796386719 206 171.51515197753906 132.8826904296875 28 53.893955230712891 118.01637268066406 -1 101.20142364501953 71.891143798828125 -1 206.00459289550781 115.45713806152344 -1 167.36116027832031 120.08775329589844 150 196.60926818847656 115.35868835449219 33 119.38826751708984 4.7190394401550293 -1 119.60858917236328 26.31889533996582 -1 96.494712829589844 29.763149261474609 58 137.97119140625 57.246158599853516 208 249.67144775390625 94.747451782226562 -1 224.39582824707031 96.348411560058594 61 110.83776092529297 98.847488403320312 -1 206.00459289550781 115.45713806152344 34 49.273590087890625 116.50572204589844 -1 167.36116027832031 120.08775329589844 161 187.57510375976562 125.47531127929688 204 232.25291442871094 251.29293823242188 -1 119.38826751708984 4.7190394401550293 -1 202.89909362792969 130.16157531738281 147 92.570808410644531 10.796265602111816 154 109.05162811279297 18.562213897705078 39 159.19305419921875 123.67477416992188 -1 44.243854522705078 129.49139404296875 216 125.93524932861328 129.24447631835938 179 178.22392272949219 98.420989990234375 40 212.83219909667969 147.66305541992188 -1 232.99644470214844 155.48394775390625 -1 226.11195373535156 159.08900451660156 -1 231.7501220703125 164.09371948242188 -1 195.49519348144531 210.61647033691406 -1 109.81893920898438 74.972312927246094 -1 143.28457641601562 19.517850875854492 -1 111.92778015136719 20.662126541137695 151 86.574981689453125 3.6270449161529541 66 140.24542236328125 34.248699188232422 -1 123.89943695068359 10.102036476135254 -1 62.778305053710938 115.53568267822266 -1 86.574981689453125 3.6270449161529541 67 123.89943695068359 10.102036476135254 -1 111.92778015136719 20.662126541137695 -1 248.75747680664062 99.607658386230469 -1 209.63136291503906 113.28787231445312 51 125.93524932861328 129.24447631835938 182 178.22392272949219 98.420989990234375 38 248.75747680664062 99.607658386230469 -1 209.63136291503906 113.28787231445312 50 181.08682250976562 99.342864990234375 45 228.33537292480469 96.063621520996094 95 221.528564453125 94.998626708984375 184 217.46662902832031 94.876792907714844 -1 194.22315979003906 79.60986328125 155 112.54781341552734 74.893402099609375 -1 216.35610961914062 70.508781433105469 185 95.817855834960938 56.7469482421875 91 138.15422058105469 68.651016235351562 -1 138.45100402832031 62.70947265625 -1 115.58325958251953 57.89935302734375 -1 103.41072845458984 21.990827560424805 223 92.561012268066406 22.948022842407227 47 181.08682250976562 99.342864990234375 49 207.02926635742188 142.6234130859375 -1 210.07740783691406 145.1541748046875 -1 222.61170959472656 147.04887390136719 -1 197.11679077148438 118.82376098632812 74 216.05354309082031 150.22018432617188 224 196.61851501464844 133.85789489746094 -1 195.0950927734375 132.03321838378906 -1 212.697998046875 80.075477600097656 159 124.46433258056641 9.7214155197143555 -1 175.78450012207031 105.41748809814453 109 137.66873168945312 81.055145263671875 -1 
10 0.99771533537762502 0.064493297493499802 -0.012333311107276489 -0.015893821688298733 -0.33663531751774356 0.75744504643894606 0.22938123121365048 1 000009.png
119.43536376953125 95.626457214355469 -1 119.43536376953125 95.626457214355469 -1 170.42593383789062 59.199596405029297 -1 217.67507934570312 221.12747192382812 -1 122.16497802734375 19.045377731323242 201 221.66445922851562 84.421401977539062 6 159.79182434082031 106.12328338623047 -1 128.99562072753906 42.121841430664062 -1 98.338157653808594 13.707846641540527 7 105.81792449951172 32.136070251464844 8 244.06182861328125 106.68939971923828 -1 127.20159912109375 130.84194946289062 -1 105.81792449951172 32.136070251464844 10 244.06182861328125 106.68939971923828 -1 197.66830444335938 102.58051300048828 11 227.94976806640625 110.42971038818359 -1 242.09513854980469 201.05789184570312 -1 242.09513854980469 201.05789184570312 -1 195.67401123046875 156.55746459960938 -1 205.99081420898438 166.02801513671875 -1 112.89051055908203 121.431884765625 -1 184.59323120117188 99.027664184570312 14 175.47624206542969 242.77937316894531 -1 146.11328125 46.686923980712891 -1 146.11328125 46.686923980712891 -1 175.47624206542969 242.77937316894531 -1 85.243293762207031 20.537660598754883 16 232.06668090820312 80.091178894042969 17 235.19914245605469 89.677932739257812 -1 221.55352783203125 71.925460815429688 24 239.86872863769531 99.069252014160156 -1 202.43768310546875 118.82902526855469 20 187.60221862792969 125.92978668212891 18 169.41627502441406 117.992919921875 -1 130.19486999511719 144.85060119628906 -1 202.43768310546875 118.82902526855469 -1 250.427490234375 90.710067749023438 -1 196.26100158691406 84.50640869140625 19 120.45257568359375 140.83499145507812 -1 196.26100158691406 84.50640869140625 23 125.09111785888672 51.520008087158203 -1 171.53912353515625 132.99240112304688 28 136.51132202148438 147.89215087890625 -1 107.39432525634766 73.905586242675781 -1 130.59107971191406 146.31610107421875 -1 107.39432525634766 73.905586242675781 -1 130.59107971191406 146.31610107421875 -1 168.87689208984375 141.74465942382812 141 208.29411315917969 87.231361389160156 31 216.19461059570312 82.073143005371094 159 181.36753845214844 126.29397583007812 -1 185.91946411132812 132.99821472167969 -1 197.46319580078125 234.1649169921875 -1 226.28366088867188 100.27244567871094 -1 96.438690185546875 29.785480499267578 58 88.233238220214844 34.299797058105469 152 127.17913818359375 47.664035797119141 -1 196.54507446289062 115.45209503173828 33 206.06048583984375 115.70872497558594 34 241.26017761230469 179.36308288574219 -1 108.48435974121094 14.254181861877441 -1 203.9237060546875 125.03219604492188 -1 114.95247650146484 86.954925537109375 -1 147.55718994140625 96.701309204101562 -1 178.29188537597656 98.301826477050781 38 177.73234558105469 151.11735534667969 -1 119.42578125 45.677200317382812 -1 177.73234558105469 151.11735534667969 -1 109.26469421386719 18.43402099609375 39 225.03121948242188 164.57843017578125 -1 228.15708923339844 167.62698364257812 -1 144.97727966308594 54.060371398925781 -1 233.91542053222656 181.63105773925781 -1 238.65570068359375 186.13507080078125 -1 251.28515625 198.104736328125 -1 212.12236022949219 64.14935302734375 -1 238.37144470214844 83.139869689941406 -1 119.42578125 45.677200317382812 -1 238.37144470214844 83.139869689941406 -1 178.29188537597656 98.301826477050781 40 177.73234558105469 151.11735534667969 -1 177.73234558105469 151.11735534667969 -1 131.12284851074219 148.64175415039062 -1 94.96075439453125 12.298088073730469 154 215.94114685058594 164.91773986816406 -1 202.54800415039062 152.85420227050781 -1 206.38346862792969 147.86637878417969 -1 196.84425354003906 147.35890197753906 -1 57.527175903320312 137.13656616210938 -1 197.08653259277344 119.01847076416016 74 170.2911376953125 114.48501586914062 -1 250.91873168945312 102.01496887207031 -1 181.10664367675781 99.420707702636719 45 92.546195983886719 23.059778213500977 47 209.71946716308594 113.39611053466797 50 181.10664367675781 99.420707702636719 49 131.12284851074219 148.64175415039062 -1 182.99491882324219 177.4840087890625 -1 187.78236389160156 238.65806579589844 -1 187.78236389160156 238.65806579589844 -1 182.99491882324219 177.4840087890625 -1 185.78425598144531 237.18801879882812 -1 209.71946716308594 113.39611053466797 51 217.10948181152344 157.40565490722656 -1 213.89036560058594 154.84394836425781 -1 194.12889099121094 79.76324462890625 155 114.83110046386719 33.541488647460938 -1 
12 0.99854158416696392 0.049512084180829169 -0.010343930207659233 -0.018874885887329336 -0.95122580580478855 -3.0897132018524176 0.99789442686270236 1 000011.png
121.24857330322266 96.808860778808594 -1 121.24857330322266 96.808860778808594 -1 215.9805908203125 227.20065307617188 -1 170.2161865234375 59.600620269775391 -1 124.87574768066406 22.278167724609375 201 158.37800598144531 109.16313171386719 -1 128.33505249023438 48.642154693603516 -1 222.49032592773438 84.173072814941406 6 98.344284057617188 13.738231658935547 7 105.77523040771484 32.654205322265625 8 126.04495239257812 138.82530212402344 -1 105.77523040771484 32.654205322265625 10 105.77523040771484 32.654205322265625 10 126.04495239257812 138.82530212402344 -1 236.65025329589844 93.66644287109375 -1 197.57386779785156 102.61862945556641 11 195.94561767578125 163.505859375 -1 206.57505798339844 172.91731262207031 -1 143.97691345214844 52.851947784423828 -1 184.56068420410156 99.046417236328125 14 167.8079833984375 122.12310028076172 -1 73.181800842285156 134.08622741699219 -1 143.97691345214844 52.851947784423828 -1 119.85517120361328 149.21212768554688 -1 85.580604553222656 21.115585327148438 16 127.25225067138672 37.924591064453125 -1 116.98967742919922 44.343662261962891 -1 221.66976928710938 71.872848510742188 -1 196.25474548339844 84.495285034179688 19 198.75755310058594 247.93093872070312 -1 202.60638427734375 119.00115203857422 20 187.72517395019531 124.47932434082031 18 174.44308471679688 125.87631225585938 -1 126.6351318359375 62.277126312255859 -1 135.78512573242188 154.38331604003906 -1 202.60638427734375 119.00115203857422 -1 196.25474548339844 84.495285034179688 23 126.6351318359375 62.277126312255859 -1 120.82493591308594 56.202915191650391 -1 178.64913940429688 110.39305877685547 -1 129.27891540527344 152.58491516113281 -1 129.27891540527344 152.58491516113281 -1 224.51628112792969 95.438117980957031 61 120.82493591308594 56.202915191650391 -1 116.26282501220703 28.235153198242188 -1 168.86341857910156 141.57249450683594 141 252.14778137207031 97.433525085449219 210 230.38749694824219 86.300048828125 -1 196.59947204589844 115.47108459472656 33 183.37559509277344 137.05281066894531 -1 129.63728332519531 154.10858154296875 -1 134.21270751953125 155.40443420410156 -1 177.56483459472656 158.00489807128906 -1 119.57592010498047 54.549819946289062 -1 183.37559509277344 137.05281066894531 -1 183.37559509277344 137.05281066894531 -1 129.63728332519531 154.10858154296875 -1 177.56483459472656 158.00489807128906 -1 205.85835266113281 115.48013305664062 34 146.70089721679688 101.19965362548828 -1 87.179115295410156 2.8384435176849365 66 96.217422485351562 29.880231857299805 58 88.569114685058594 36.277271270751953 152 119.57592010498047 54.549819946289062 -1 150.251953125 56.890064239501953 -1 216.30397033691406 81.706565856933594 159 187.86300659179688 246.51683044433594 -1 235.41273498535156 190.23678588867188 -1 241.05477905273438 195.6693115234375 -1 53.507968902587891 140.39254760742188 -1 95.795654296875 56.782363891601562 91 212.34661865234375 64.137283325195312 -1 190.23649597167969 123.74184417724609 -1 117.99211120605469 143.61784362792969 -1 227.53605651855469 98.206527709960938 -1 172.66255187988281 115.67147827148438 -1 95.36798095703125 106.31992340087891 -1 251.55500793457031 205.96025085449219 -1 190.23649597167969 123.74184417724609 204 148.2633056640625 53.1103515625 -1 178.25375366210938 98.433364868164062 40 83.938491821289062 115.94376373291016 -1 109.22476959228516 18.428981781005859 39 148.2633056640625 53.1103515625 -1 229.74290466308594 94.874771118164062 95 178.25375366210938 98.433364868164062 38 53.507968902587891 140.39254760742188 -1 220.614013671875 176.3294677734375 -1 168.52638244628906 117.95546722412109 -1 83.938491821289062 115.94376373291016 -1 92.548171997070312 23.041419982910156 47 95.089118957519531 50.549537658691406 -1 145.91470336914062 50.534168243408203 -1 181.11740112304688 99.374114990234375 45 175.73390197753906 105.4610595703125 109 218.68086242675781 86.184188842773438 -1 3.5516006946563721 184.54606628417969 -1 182.93998718261719 185.36030578613281 -1 27.532279968261719 219.0093994140625 -1 10.887995719909668 178.59959411621094 -1 168.33033752441406 165.10629272460938 -1 168.74671936035156 118.66971588134766 -1 202.92066955566406 159.56826782226562 -1 41.212055206298828 153.69404602050781 -1 187.79995727539062 126.91191864013672 -1 182.93998718261719 185.36030578613281 -1 187.79995727539062 126.91191864013672 -1 181.60015869140625 120.39729309082031 -1 197.11827087402344 118.89665985107422 74 108.49254608154297 14.47417163848877 -1 32.171581268310547 161.099365234375 -1 166.8028564453125 145.67294311523438 -1 174.62800598144531 109.14291381835938 -1 252.29417419433594 88.857177734375 -1 181.11740112304688 99.374114990234375 49 222.00634765625 169.16000366210938 -1 
13 0.99800185998442958 0.059392120266501966 -0.01087647002334175 -0.018616280984661848 -0.76016382492994028 -0.54624067605971904 1.1284840986853744 1 000010.png
120.47971343994141 96.50445556640625 -1 120.47971343994141 96.50445556640625 -1 170.25691223144531 59.434585571289062 -1 216.58680725097656 224.86796569824219 -1 162.42451477050781 47.121253967285156 -1 124.15929412841797 21.253576278686523 201 158.78485107421875 107.84728240966797 -1 128.36831665039062 46.3778076171875 -1 222.01420593261719 84.318496704101562 6 98.328628540039062 13.718206405639648 7 105.78736114501953 32.492198944091797 8 244.02316284179688 111.23832702636719 -1 126.07207489013672 134.07168579101562 -1 105.78736114501953 32.492198944091797 10 105.78736114501953 32.492198944091797 10 244.02316284179688 111.23832702636719 -1 126.07207489013672 134.07168579101562 -1 197.67219543457031 102.52515411376953 11 126.87245941162109 139.64645385742188 -1 235.86543273925781 92.284400939941406 -1 228.88679504394531 118.61563873291016 -1 195.80351257324219 161.52963256835938 -1 206.3857421875 171.01780700683594 -1 184.58316040039062 99.035308837890625 14 168.15316772460938 120.87549591064453 -1 144.97395324707031 51.062095642089844 -1 175.46701049804688 249.07183837890625 -1 85.543136596679688 20.921998977661133 16 144.97395324707031 51.062095642089844 -1 231.6697998046875 80.107696533203125 17 251.86082458496094 94.515914916992188 210 116.88491058349609 42.805564880371094 -1 136.40892028808594 42.821990966796875 -1 187.6361083984375 124.57577514648438 18 196.24359130859375 84.498458862304688 19 202.62788391113281 118.99484252929688 20 129.19424438476562 148.94842529296875 -1 129.19424438476562 148.94842529296875 -1 202.62788391113281 118.99484252929688 -1 196.24359130859375 84.498458862304688 23 221.57414245605469 71.817268371582031 24 129.61471557617188 150.65545654296875 -1 135.72477722167969 152.18125915527344 -1 184.645751953125 136.66064453125 -1 171.71873474121094 133.11799621582031 28 224.42982482910156 95.558692932128906 61 205.80844116210938 94.292564392089844 -1 129.61471557617188 150.65545654296875 -1 150.56678771972656 69.150444030761719 -1 184.645751953125 136.66064453125 -1 168.98995971679688 141.57942199707031 141 213.59445190429688 88.045700073242188 117 213.59445190429688 88.045700073242188 -1 190.97943115234375 242.50724792480469 -1 120.62351226806641 52.796287536621094 -1 208.520751953125 87.167839050292969 -1 190.97943115234375 242.50724792480469 -1 208.520751953125 87.167839050292969 31 120.62351226806641 52.796287536621094 -1 216.23381042480469 81.930007934570312 159 246.81809997558594 89.17974853515625 -1 199.43928527832031 111.33108520507812 -1 196.64781188964844 115.46820831298828 33 205.92982482910156 115.52021789550781 34 204.01066589355469 120.41399383544922 -1 146.59495544433594 99.438491821289062 -1 95.246231079101562 12.526209831237793 154 172.66189575195312 115.65985870361328 -1 235.235107421875 187.79998779296875 -1 245.15013122558594 197.45570373535156 -1 172.66189575195312 115.65985870361328 -1 76.098976135253906 121.13689422607422 -1 95.7012939453125 56.42132568359375 91 212.60444641113281 79.906539916992188 159 244.851806640625 84.471664428710938 -1 228.05210876464844 91.5858154296875 -1 178.31156921386719 98.326393127441406 38 100.27393341064453 100.89897155761719 -1 109.25038146972656 18.424505233764648 39 148.80252075195312 51.202777862548828 -1 76.098976135253906 121.13689422607422 -1 148.80252075195312 51.202777862548828 -1 178.31156921386719 98.326393127441406 40 217.55641174316406 171.38130187988281 -1 226.55912780761719 179.78602600097656 -1 169.33929443359375 117.49211883544922 -1 174.65049743652344 109.09523773193359 -1 181.75846862792969 120.20171356201172 -1 199.65544128417969 145.98866271972656 -1 230.26524353027344 93.29693603515625 95 203.00389099121094 157.8079833984375 -1 218.07963562011719 163.38314819335938 -1 174.65049743652344 109.09523773193359 -1 92.898406982421875 18.069921493530273 -1 181.09919738769531 99.390701293945312 45 252.70945739746094 89.188453674316406 -1 200.01963806152344 86.784156799316406 -1 250.61561584472656 194.07464599609375 -1 196.9765625 248.12886047363281 -1 86.827339172363281 5.6237545013427734 66 92.581771850585938 22.971168518066406 47 103.64682006835938 21.876890182495117 -1 86.827339172363281 5.6237545013427734 67 108.48352813720703 14.37558650970459 -1 181.09919738769531 99.390701293945312 49 140.55987548828125 41.019954681396484 -1 209.73956298828125 113.40497589111328 50 209.73956298828125 113.40497589111328 51 209.97306823730469 163.95947265625 -1 228.94761657714844 173.36827087402344 -1 37.885307312011719 155.00430297851562 -1 182.59861755371094 182.78689575195312 -1 213.60842895507812 92.011039733886719 -1 182.59861755371094 182.78689575195312 -1 
14 0.99676116456803254 0.076228409880405801 -0.022980230502968959 -0.011327812768355051 2.4797140945856992 3.7484567053285227 -0.6349533901451393 1 000006.png
118.62320709228516 90.669715881347656 -1 118.62320709228516 90.669715881347656 -1 222.6326904296875 216.88398742675781 191 123.00912475585938 145.15190124511719 142 158.07820129394531 96.481285095214844 -1 157.32395935058594 41.894851684570312 -1 126.06315612792969 72.312713623046875 -1 222.35954284667969 85.414695739746094 6 126.06315612792969 72.312713623046875 -1 98.017799377441406 13.728294372558594 7 125.79583740234375 28.155158996582031 165 105.70063018798828 31.451889038085938 8 207.280517578125 69.591598510742188 143 124.95546722412109 120.73366546630859 164 105.70063018798828 31.451889038085938 10 121.61882781982422 24.917409896850586 -1 243.97001647949219 90.767929077148438 144 134.85777282714844 31.379941940307617 -1 197.72259521484375 102.65966796875 11 241.32379150390625 160.06005859375 227 131.67037963867188 44.562736511230469 -1 111.05647277832031 110.56322479248047 199 191.34095764160156 143.33244323730469 -1 202.26950073242188 152.375244140625 -1 173.98190307617188 220.47532653808594 145 84.108184814453125 19.524219512939453 16 131.67037963867188 44.562736511230469 -1 131.67037963867188 44.562736511230469 -1 109.29842376708984 25.247934341430664 -1 14.531444549560547 166.16151428222656 -1 109.29842376708984 25.247934341430664 -1 14.531444549560547 166.16151428222656 -1 140.74835205078125 30.777585983276367 209 231.51583862304688 79.558784484863281 17 184.62062072753906 99.105262756347656 14 178.57205200195312 114.50927734375 203 232.51188659667969 122.36238861083984 -1 203.22712707519531 235.11869812011719 168 122.39386749267578 36.764724731445312 -1 250.19093322753906 138.156494140625 174 221.7060546875 72.220565795898438 24 105.33172607421875 77.531234741210938 -1 196.27951049804688 84.611236572265625 23 223.34320068359375 102.8653564453125 -1 248.10946655273438 102.37284851074219 -1 171.41671752929688 112.28404998779297 -1 122.39386749267578 36.764724731445312 -1 165.15821838378906 115.71556854248047 200 202.35212707519531 118.68025970458984 20 196.27951049804688 84.611236572265625 19 161.90443420410156 130.62266540527344 157 134.58792114257812 136.0152587890625 146 167.6524658203125 234.754150390625 -1 167.6524658203125 234.754150390625 -1 168.69114685058594 141.7587890625 141 171.54043579101562 133.0989990234375 28 199.462646484375 110.85456848144531 -1 213.41297912597656 88.500679016113281 117 207.75245666503906 87.521415710449219 31 134.58792114257812 136.0152587890625 176 134.58792114257812 136.0152587890625 148 140.25907897949219 38.278766632080078 -1 111.19478607177734 22.337860107421875 151 196.51698303222656 115.37345123291016 33 206.1251220703125 115.59699249267578 34 61.013923645019531 124.77808380126953 -1 194.73728942871094 126.6031494140625 -1 191.01382446289062 128.97410583496094 18 235.99012756347656 163.09623718261719 -1 120.01663208007812 34.193977355957031 -1 224.31330871582031 96.661346435546875 61 84.335029602050781 101.85780334472656 206 120.01663208007812 34.193977355957031 -1 96.417709350585938 29.780982971191406 58 215.66815185546875 82.523544311523438 159 144.2222900390625 87.477500915527344 190 249.87094116210938 88.787612915039062 -1 224.31330871582031 96.661346435546875 -1 84.335029602050781 101.85780334472656 205 48.027416229248047 134.00640869140625 216 108.48154449462891 14.275196075439453 -1 109.20465087890625 18.440896987915039 39 95.68914794921875 56.4451904296875 91 70.693885803222656 108.57817077636719 211 142.47584533691406 61.969795227050781 -1 143.43325805664062 52.639999389648438 -1 241.55174255371094 83.107780456542969 -1 86.569908142089844 3.0677585601806641 66 175.62516784667969 105.71022033691406 109 171.86122131347656 107.89898681640625 225 89.854293823242188 93.287368774414062 -1 209.58055114746094 113.20532989501953 50 178.24612426757812 98.41607666015625 38 52.138828277587891 122.74246978759766 -1 190.01904296875 123.10739135742188 -1 86.569908142089844 3.0677585601806641 67 30.58955192565918 147.75898742675781 -1 27.441919326782227 150.36909484863281 -1 225.82801818847656 154.63775634765625 -1 20.495933532714844 156.14346313476562 -1 229.18153381347656 167.1363525390625 -1 245.9630126953125 182.15763854980469 -1 193.84848022460938 215.193359375 -1 166.51470947265625 243.90998840332031 -1 173.75846862792969 247.80754089355469 -1 178.24612426757812 98.41607666015625 40 80.870895385742188 104.45901489257812 -1 190.01904296875 123.10739135742188 -1 166.51470947265625 243.90998840332031 -1 81.593132019042969 100.10797882080078 215 253.12371826171875 102.49927520751953 -1 80.870895385742188 104.45901489257812 -1 92.33648681640625 10.919144630432129 154 103.49012756347656 21.961513519287109 223 92.572906494140625 22.909046173095703 47 109.37060546875 71.064117431640625 -1 199.22439575195312 140.66709899902344 221 168.627685546875 119.11787414550781 161 194.2196044921875 79.57763671875 155 187.41777038574219 127.017822265625 -1 169.72103881835938 144.56732177734375 153 177.85247802734375 125.35301208496094 -1 216.04393005371094 146.81333923339844 222 163.47586059570312 249.03472900390625 -1 227.3792724609375 93.508773803710938 95 209.80548095703125 109.44956970214844 226 246.8172607421875 89.898841857910156 -1 99.697257995605469 85.46893310546875 -1 245.04086303710938 85.034843444824219 158 109.37060546875 71.064117431640625 -1 181.08514404296875 99.338188171386719 49 187.41777038574219 127.017822265625 -1 169.72103881835938 144.56732177734375 -1 132.06295776367188 9.3355436325073242 166 174.82374572753906 108.80507659912109 -1 162.85968017578125 100.28678131103516 -1 168.627685546875 119.11787414550781 150 181.08514404296875 99.338188171386719 45 228.59979248046875 96.187934875488281 95 220.8114013671875 94.885910034179688 184 144.54019165039062 40.740802764892578 -1 151.97773742675781 90.452568054199219 -1 146.72569274902344 42.802803039550781 -1 171.37472534179688 146.66169738769531 156 
