# 3D point list with one line of data per point:
#   POINT3D_ID, X, Y, Z, R, G, B, ERROR, TRACK[] as (IMAGE_ID, POINT2D_IDX)
# Number of points: 104, mean track length: 6.4807692307692308
6 6.071645961968394 14.720343976188202 127.96698884474245 90 121 154 0.56253745952044609 10 5 13 8 8 4 6 7 12 7 14 7 9 6 3 8 2 7 1 6 4 2 5 6
7 2.5206103866730012 12.568437086364998 127.72208044547389 254 255 249 0.49139795652441326 10 8 13 9 8 9 6 12 12 8 14 9 9 13 3 14 2 12 1 19 4 7 5 8
8 2.6997261877350729 12.997759665235337 127.73728068782216 55 48 32 0.42260596115363069 10 9 13 10 8 10 6 13 12 9 14 11 9 14 5 11
10 2.6958717279052125 13.006034624034049 127.83629427947187 55 48 32 0.30002808925222318 10 12 13 14 12 12 14 14 9 10 3 15 2 13 1 12 5 9 1 17 2 15 4 8 3 17 12 11 13 13
11 5.4567333433915284 15.239000725315393 128.30361661629834 137 136 136 0.44206650504649403 10 14 13 17 8 13 6 16 12 15 14 18 9 15 3 21 2 18 1 21 4 13 5 14
14 5.081488485623411 15.083887773491533 128.1737935098557 254 255 249 0.27648382579295983 10 21 13 23 8 23 6 28 12 19 14 34 9 38 3 32 2 35 1 31 4 27 5 33
16 2.1200396878075858 12.686951723142069 127.42716776142453 103 104 96 0.82551842638874195 10 26 13 27 8 14 6 17 12 24 14 25 9 35 3 28 2 23 1 28 4 22 5 30
17 6.3288948299092525 14.668651207067049 128.45236501294497 84 128 184 0.43759842954544192 10 27 13 29 8 19 6 23 14 33 9 37 3 36 2 34 1 30 4 25 5 31
18 5.0926055212775463 15.660723791956853 125.9466773167581 136 135 135 1.2927940707934822 10 32 13 33 8 107 12 31 14 67 6 47 8 55 3 50 2 52 1 53 4 38 5 50
19 5.408770016790486 14.681463210937828 128.25163298082111 252 255 251 0.20635552929734113 10 37 13 34 8 35 6 36 12 28 14 49 9 43 3 38 2 41 1 37 4 41 5 37
20 5.5798749121336089 15.722671114356721 128.18592878276272 249 251 242 0.6066027332061048 10 31 13 35 8 32 6 39 12 30 14 48 9 32 3 35 2 28 1 33 4 28 5 28
23 5.408770016790486 14.681463210937828 128.25163298082111 252 255 251 0.20635552929734113 10 39 13 39 8 33 6 34 12 36 14 42 9 52 3 39 2 43 1 43 4 35 5 40
24 6.0651717798852145 14.403763360573864 128.34213831466391 95 126 171 0.23668903108005546 10 29 13 40 8 31 6 42 14 40 9 46 3 41 2 37 1 36 4 33 5 42
28 4.6706185527289277 16.135256696031728 128.06641098095338 147 147 149 0.5876715684757654 10 41 13 44 8 41 6 46 14 55 9 62 3 48 2 50 1 49 4 47 5 51
31 5.7341510926889621 14.819079408368619 128.42540707259525 199 189 189 0.41400809765836744 10 48 13 57 8 44 14 58 9 54 3 56 2 59 1 45 4 46 5 44
33 5.4251602596422499 15.615265560570824 128.18826452754828 251 252 246 0.32208964308979543 10 57 13 62 8 53 6 53 12 48 14 63 9 67 3 59 2 71 1 62 4 57 5 59
34 5.7293935219805237 15.735357042454041 128.85847396135753 222 162 129 1.2066698621945129 10 58 13 63 8 54 6 54 12 58 14 64 9 75 3 80 2 73 3 75 1 77 4 59 4 80 5 70
38 4.8940000748379386 15.033683451482618 128.0769308560935 60 58 52 0.2177280380213801 10 64 13 76 8 49 6 77 12 85 14 92 9 106 4 79 2 90 5 80
39 2.8255679282849369 12.673620243367262 127.71914952191898 253 240 218 0.4356169368192262 10 68 13 78 8 74 6 70 12 82 14 81 9 83 3 72 2 89 1 74 4 71 5 88
40 4.8926229483093069 15.02688121570208 128.03138909280702 60 58 52 0.22636014917125966 10 79 13 82 8 61 6 88 12 80 14 105 9 87 3 77 2 92 1 76 4 86 5 96
45 4.9782704125401311 15.08153730371412 128.15044896586761 253 254 240 0.25140940462487676 10 92 13 94 8 111 6 104 12 93 14 137 9 109 3 97 2 102 1 90 4 97 5 99
47 2.3402745345153768 12.77606899194242 127.62469866129584 254 251 212 0.42554142098607201 10 93 13 100 8 118 6 94 12 90 14 114 9 121 3 102 2 107 1 100 4 90 5 109
49 4.9802361323405027 15.078255595456149 128.13176657528169 253 254 240 0.24446340048288961 10 95 13 104 8 114 6 131 12 114 14 130 9 122 4 117 5 111
50 5.7852659659611607 15.586748310153915 128.31004994898643 254 252 227 0.41029505842963981 10 94 13 106 8 68 6 80 14 91 9 108 3 85 2 86 1 70 4 82 5 81
51 5.7884873479832715 15.592061021013956 128.33920531693022 254 252 227 0.30904656307905942 10 102 13 107 8 78 6 89 9 104 1 80 5 97
58 2.4342775032200907 12.944205522195048 127.65031082706669 56 56 50 0.31086888730785195 10 54 8 50 6 61 12 61 14 73 9 70 3 63 2 67 1 64 4 54 5 66
61 6.146692135220146 15.061696550566984 128.01769763093628 68 102 136 0.34226471013932563 13 45 8 63 12 42 14 70 3 52 9 73 2 57 1 54 4 52
66 2.2196332203784883 12.321972386238658 127.54026473479837 157 141 133 0.5301097986357125 13 99 8 73 6 69 12 60 14 87 9 96 3 108 2 111 4 69 5 90
67 2.2197363331654989 12.331755577761379 127.61152151356026 157 141 133 0.4837344496714806 13 102 8 76 6 87 14 95 9 100 3 116 2 115 4 84 5 94
74 5.4349010193774809 15.711061156062504 128.08249453123818 98 108 121 0.3020186355631021 10 89 8 108 6 129 12 108 9 126 4 92 5 120
91 2.3507995754741131 13.635973476601841 127.57370923646693 148 148 144 0.37953400946566129 13 72 6 97 12 70 14 82 9 116 3 70 2 85 1 98 4 83 5 98
95 6.3480275027192681 15.219496454367302 129.44777125833338 159 158 160 1.2613540427818235 13 89 6 103 12 84 14 124 3 53 9 110 2 54 1 41 14 138 4 77 5 68
109 4.8105967677325854 15.288254551807906 128.24281095364807 52 52 51 0.97336773584554659 6 105 12 94 8 110 14 88 9 132 3 94 2 101 5 19
117 5.8873030881982178 14.848917528100824 128.36017459778779 74 103 134 0.30117810081074026 13 51 14 57 9 55 3 55 2 58 1 46 4 53 5 39
141 4.5675489851172744 16.394581352212725 127.94718101194279 138 138 138 0.54536181136183592 9 60 10 47 13 50 3 43 12 45 6 41 8 40 14 54 2 49 1 51 4 48 5 46
142 2.6942102861042398 14.645525454237687 116.77427629642449 89 80 75 1.1768009743772216 3 6 9 7 2 6 14 3 1 7 4 3 5 5 6 6
143 5.8031126843832403 14.465664973630115 129.68904209804367 111 138 171 0.59943933690678952 3 12 14 12 2 11
144 6.6268316604899704 14.954397712493481 128.33095163167641 153 156 160 0.90478965599718486 3 26 14 16 2 25 1 34 5 23
145 3.9027472503514526 16.486171770939716 115.38466008285792 113 113 108 1.3505633896179272 9 25 2 30 14 24 1 27 5 22 4 21 6 25
146 3.0191111540469082 14.430836179918767 116.890384075214 93 67 61 0.52204916830073778 9 42 2 47 14 51 1 42 4 40 5 36 6 43
147 5.6783441856377168 16.083489105523558 128.82543179547235 54 54 48 1.8832488248948018 3 49 6 82 2 51 1 52 4 29 5 100 9 81
148 3.0191111540469082 14.430836179918767 116.890384075214 93 67 61 0.52204916830073778 9 50 2 53 14 60 1 40 4 37 5 38 6 45
149 6.4695882396885551 15.559802298935573 128.55387417266502 127 126 127 1.0452420857995606 3 51 8 28 2 55 1 38
150 4.4204206774461143 15.225158961001426 125.21602962143005 163 151 159 2.5308046015621919 9 66 2 63 14 136 8 21 5 27
151 2.8892121159955093 12.754796735397845 127.77956224183761 64 59 41 0.48145718450469133 3 61 14 62 2 65 1 61 4 72 5 63 9 95
152 2.1936833928137229 13.065465900517925 127.53712760200067 110 110 104 0.74995099627185025 8 69 10 55 12 62 2 68 1 65
153 4.6422723804023009 16.402860245354031 127.61600168987921 115 114 114 0.87031655746740588 14 120 2 81 1 78
154 2.3892909232047206 12.505672974297381 127.69157856576128 247 198 163 1.0198927439570893 3 71 9 82 13 66 14 112 2 88 10 83 4 70 5 87
155 5.3475469464091745 14.529719610072293 128.26115217021348 86 83 75 0.20567640814441554 3 99 6 100 8 85 9 113 10 105 14 118 2 104 1 94 4 106
156 4.6332605452459301 16.550301695581638 127.89792508615693 106 105 101 0.54794178594294041 3 92 14 143 2 113 1 104 4 115
157 4.4446515683717589 16.17540146826267 128.9465823338422 131 128 125 0.69575339512601475 14 50 2 116 4 49
158 6.8313359110285345 15.1301516720298 130.51597702690381 173 181 186 1.779448134714432 14 128 2 123 1 93
159 5.9058198989192263 14.673899632452253 128.6385857236013 108 135 165 2.0396248311779921 13 73 8 71 6 74 9 130 3 76 2 69 10 49 13 59 12 65 14 74 3 66 1 63 4 55 4 105 5 58 5 89
160 6.2566660249756039 14.943528246844869 125.95688278475905 165 167 169 1.6095148967042974 3 27 9 21 2 26 1 26 4 14
161 4.4723881681213173 15.29517631291754 125.44319701129326 163 151 159 1.2508961497918987 9 77 2 64 14 117
164 2.7516245993070605 14.035024905776769 117.3744681710932 252 89 86 0.47027025674061468 3 16 14 13 1 15 9 12 4 10 6 15 5 10
165 2.9856401553868541 12.051187876179416 121.12552127199338 230 85 85 0.22007398042956536 14 10 1 18
166 3.6671166437157359 12.907655823080821 131.17877600169871 98 104 105 0.68106354290780757 2 33 3 31 14 133 1 44
168 2.0310588874935895 9.2515473548852381 73.463474035993855 64 53 38 0.53537713221324701 14 37 1 107
172 5.4481157293779514 15.240743207573004 128.2822904003369 136 136 137 0.451508772874961 1 22 2 21 3 23 9 19 4 15 5 17
174 6.015432697791427 14.575805046788261 117.22589993471303 127 127 127 0.79111778310994885 9 45 4 36 14 39 5 41
175 5.2285418759357896 15.45198634625862 124.69124929091829 83 86 89 0.80847363541809458 1 39 2 42 3 40 9 22 4 39
176 3.0346475128996913 14.490319257813294 117.27921704378873 99 70 66 0.37964778686919709 6 48 9 41 4 42 14 59 5 35
179 2.839478385952201 14.459543530754345 117.32595965652075 248 91 88 0.25827104876634582 9 86 4 63 5 72
182 2.839478385952201 14.459543530754345 117.32595965652075 248 91 88 0.25827104876634582 9 105 4 87 5 61
183 5.2587858078405567 14.880752734711256 114.6112547415473 91 98 98 2.1668403840222621 2 94 3 90 6 139 4 89
184 6.0895701966085403 15.061971767146082 128.39201636632916 69 92 114 0.37758140171426963 9 111 4 99 14 139 5 103
185 5.9486798305036173 14.387314222132636 128.6959254663175 124 155 184 0.18974709809151896 1 102 2 105 3 100 9 115 4 108
188 3.815197056963247 12.697666726225521 124.27048771644037 96 104 100 1.0545002161880261 9 9 4 4 5 7
189 1.7456497754033877 14.396125602369523 122.6096868876057 0 0 0 0.9361944407597701 6 106 9 51
190 3.3473486558246188 13.146864050878616 117.78938160368715 33 34 25 1.0566638989570756 6 52 9 59 14 75 5 55 4 65
191 5.8264105832540212 18.099121363596996 125.89737659440284 137 138 133 1.5150299588907192 9 3 14 2 5 2
194 5.4411697587485648 15.235095539810773 128.20399171361521 137 137 137 0.34816340809074209 1 23 2 20 4 17 5 16 3 22
195 3.605188096539476 12.491234108328422 124.37696277359653 101 104 104 1.6181372521240549 1 25 5 18 2 24 3 25
196 4.5904986917699286 14.605518319102481 122.33711211256697 0 0 0 0.9447198709190805 1 32 2 31 3 33 8 29
197 5.1563819360856664 15.641533465604466 122.08633168224534 126 126 126 0.88861416454542308 8 17 9 24 5 20
198 7.2453964455333582 16.154147146387526 138.82547822759588 0 0 0 1.3440959752905119 4 24 9 49 1 91 2 72
199 2.3806216348341156 13.862271412662915 118.31183918823727 95 96 90 0.46096352858226108 4 23 14 21 5 25
200 4.2814102127463025 14.871051054390341 123.59876842100117 0 0 0 0.50607673860276059 4 20 14 47
201 3.2689813839170689 12.914538705965489 129.79371454918524 255 158 144 1.3459378631139753 13 5 5 32 6 9 10 4 12 4 8 7
202 2.8676632763571512 12.277151664375358 125.5798559073336 255 162 150 0.81371932974013972 2 27 5 34 1 29 3 29 4 30
203 4.7945391310024297 15.15195674253968 125.6896405018837 138 147 154 1.2898337886929878 8 22 14 35 5 45 6 21
204 5.1830056982126438 15.84749205797505 127.84584339095123 133 133 133 1.1441391724216896 2 79 9 78 5 47 12 78
205 1.6215730544796239 13.698872536740792 118.87950058302917 41 36 29 0.27239211892409393 9 56 14 78 5 56
206 1.6215730544796239 13.698872536740792 118.87950058302917 41 36 29 0.27239211892409393 9 61 14 71 5 57
207 0.86104022170796912 13.438909487262331 113.60285056092708 116 115 107 0.17253869860906845 5 62 6 55
208 3.662727108642966 13.925843758776859 129.6509099195095 254 87 77 1.3572877537255768 4 113 9 71 5 64
209 3.1052763682700717 11.377459496110518 115.38939675062689 253 164 147 1.03020749562334 14 32 5 65
210 6.9391637180288939 15.366441081780556 130.37387449672553 194 198 203 1.0664370509518624 2 77 13 30 5 67 12 46 1 75
211 1.2373821426298115 13.728317357037854 117.87909274777876 100 100 94 0.83905847048305615 14 83 5 69
213 4.8786929509680173 17.070237270623675 118.62384050483425 125 127 116 0.84145647732475526 8 88 5 73
214 6.470755753852881 14.438307988250001 123.07063429444214 194 198 203 1.8414953077035561 8 11 5 76
215 1.531252661273413 13.648272446865986 118.81748777986307 93 93 87 0.99246060799748403 14 109 5 78
216 0.57427768417678959 14.483700217754228 117.85315882390016 97 105 101 1.2727419898832548 14 79 5 82 9 85 6 146
218 5.1522588248724706 15.034247425241329 127.11135915906985 156 151 152 1.1067584165108546 2 83 5 93 3 98
219 6.0942030972985206 14.914217454982534 126.01803199226029 156 159 161 1.8223865831567423 2 103 8 52 5 101
220 2.3715909565510698 12.893899043536839 127.72266684026756 216 192 181 0.28412962350623228 4 91 8 119 5 108
221 5.2475804358493745 15.667625432872528 123.44998062979302 92 97 95 2.2379224277865548 14 116 5 112 6 127
222 5.2619984153110924 14.880029031770126 117.5638573611681 126 127 122 0.5832668974386207 14 122 5 113 6 138
223 2.6482850263022359 12.799379132807791 127.97751066824522 249 200 170 0.75475576957763213 8 117 9 120 14 113 5 114 6 91 3 103
224 5.6336832641663559 15.867076607745291 122.21965357215566 93 99 99 1.6368297728617101 8 100 9 127 5 115
225 4.5994742614759696 14.899321614289297 125.41387471054611 114 111 106 1.2267502200746458 14 89 5 117
226 5.8422926675054443 15.5622302676364 128.90226632368339 148 139 134 0.3879617575255323 14 125 5 121 6 108
227 5.8755844457488955 15.300650729137956 118.16125584891252 147 148 144 0.92946502478547921 14 19 5 12 9 17 4 16
