# Frame list with one line of data per frame:
#   FRAME_ID, RIG_ID, RIG_FROM_WORLD[QW, QX, QY, QZ, TX, TY, TZ], NUM_DATA_IDS, DATA_IDS[] as (SENSOR_TYPE, SENSOR_ID, DATA_ID)
# Number of frames: 165
1 1 0.99114166422556105 0.13067031594817749 0.016130248430632543 -0.017415081158431021 0.0054720990352567526 0.4013835039319274 -0.057762689289237834 1 CAMERA 1 1
2 1 0.99115416474468709 0.13055414592335046 0.016421511268589935 -0.017302331032032974 -0.0023877085671021201 0.39365822644380533 -0.038188297539853269 1 CAMERA 1 2
3 1 0.99114302891841632 0.1306312132804682 0.016327468791163095 -0.01744695119995697 -0.00012052686487752904 0.395801507521165 -0.043579757865381805 1 CAMERA 1 3
4 1 0.99111329676490378 0.13069555361112664 0.015980639144845044 -0.01891360395607421 0.0022690925105865452 0.39641571403633713 -0.044736720516433286 1 CAMERA 1 4
5 1 0.99113031698913001 0.13070086310195297 0.016209917181417139 -0.01775437169833682 0.00091908808975039568 0.39653526213286383 -0.045726776371530463 1 CAMERA 1 5
6 1 0.99113544820920529 0.13064281354767754 0.015998188389955162 -0.018084151617485531 0.017296000387288249 0.39485232551694338 -0.01513910888261304 1 CAMERA 1 6
7 1 0.99115062284519184 0.13046700374280287 0.016319815234336232 -0.018233688564879294 -0.0047573466481513295 0.39020164647450611 -0.02833835127667499 1 CAMERA 1 7
8 1 0.99109039443848757 0.13081009787791431 0.015971348641205547 -0.019325226195694725 0.008942719577025502 0.40297911252010504 -0.061012210955543683 1 CAMERA 1 8
9 1 0.99117666707285557 0.13039571544102863 0.016005682482217717 -0.017595174714856925 0.015872030616667924 0.38379746466743564 0.009969117036485774 1 CAMERA 1 9
10 1 0.99112518539099959 0.13063426393543684 0.016253952758784274 -0.018476065312142374 -0.010412759380268978 0.38456319480409223 -0.015838986749615099 1 CAMERA 1 10
11 1 0.99115288166510584 0.130495404543785 0.016059510655817281 -0.018138541214949472 0.013167483515159544 0.38095611650112537 0.01070739961585758 1 CAMERA 1 11
12 1 0.99113883878848652 0.13054747387102628 0.015916974149174732 -0.018649644630363896 0.013731595770335447 0.3846262431471783 -0.0031937382998594166 1 CAMERA 1 12
13 1 0.99111841729372252 0.13070645174551007 0.016030076340872775 -0.018524120108414002 0.0089849214177730417 0.4005259814622848 -0.052309097859866101 1 CAMERA 1 13
14 1 0.99115779678261584 0.13061579378048579 0.016382081930175141 -0.016654239212810985 -0.00030768535724368844 0.39688070177777307 -0.053657880069325564 1 CAMERA 1 14
15 1 0.99116040473493716 0.13048436286935866 0.016071965029861596 -0.017792556655295153 0.0068445618946739928 0.38304949923474602 -0.011930007655492587 1 CAMERA 1 15
16 1 0.99113512131246229 0.13066633211175044 0.016340139721772562 -0.01762046501274931 -0.00068085231259270424 0.39548928500695296 -0.047044573244025042 1 CAMERA 1 16
17 1 0.99110555867551953 0.13077959961232108 0.016029609857262855 -0.018695440501672479 0.0094553976527064678 0.39697278005339015 -0.051951545873959622 1 CAMERA 1 17
18 1 0.99114553020164586 0.13065662336161249 0.016348991148697124 -0.017090793470758012 -0.00018401420928440071 0.39750163301234559 -0.054520506749920594 1 CAMERA 1 18
19 1 0.99114657838951237 0.13056149632360101 0.016259814262546461 -0.017826224071629839 0.00038443818622462559 0.38506711001621785 -0.014128665465454082 1 CAMERA 1 19
20 1 0.99111871164110288 0.1307472352009027 0.016166702494646166 -0.018096896215920547 -0.00018556540371223853 0.39455454895595488 -0.040460050017128921 1 CAMERA 1 20
21 1 0.99113992189648059 0.1306592583995578 0.016348006550911058 -0.017394139798430193 -0.0015895235593012184 0.39320869272477638 -0.038999340325530756 1 CAMERA 1 21
22 1 0.99109684478926496 0.13093943449903639 0.016397417680815006 -0.017692750923385403 -0.00044759313067825742 0.41522709679867559 -0.1075438970256281 1 CAMERA 1 22
23 1 0.99111706507982789 0.13072280175212142 0.016179372178056216 -0.018350485703324017 2.7286606888479434e-06 0.39560802366590542 -0.044719483427080792 1 CAMERA 1 23
24 1 0.99111957740078782 0.13072843892037395 0.016240520872739694 -0.018119162014511629 -0.00054627605325010284 0.39524963500276761 -0.044338441202103236 1 CAMERA 1 24
25 1 0.9911530073872199 0.13056154515849086 0.016257074708429593 -0.017467295011581136 -0.0012642610583758036 0.39116518918423643 -0.033400058690596007 1 CAMERA 1 25
26 1 0.99116775524993916 0.13051774217627074 0.016303530719206698 -0.016905467047466389 -0.0027420239487147388 0.39388144646859996 -0.0439684805913882 1 CAMERA 1 26
27 1 0.99112044975157532 0.13078522535515996 0.016329483209199767 -0.017573471232391811 -0.0013435160284479897 0.40483098552450514 -0.074958299070709944 1 CAMERA 1 27
28 1 0.9911371546167832 0.13067893838108313 0.016370873751184612 -0.017382470893473157 -0.0027904416095782172 0.39356617867742272 -0.037561345863638622 1 CAMERA 1 28
29 1 0.99112235492667189 0.1306788238863294 0.016258698344167929 -0.018307847509945574 -0.0023310776535578046 0.39322407310955526 -0.040764344298805544 1 CAMERA 1 29
30 1 0.99112336285546365 0.13064744041033977 0.016195008932376853 -0.018532339355404524 -0.0020233498861224795 0.39062345397403203 -0.028391503790661625 1 CAMERA 1 30
31 1 0.99113516970412452 0.13063160013115788 0.016297625397050521 -0.017912225689929194 -0.0031062588669337073 0.39281657518479907 -0.038940883662517294 1 CAMERA 1 31
32 1 0.99111779102951802 0.13070491199645426 0.016198620104459271 -0.018421590362374833 -0.0023092740142492082 0.39332420487304204 -0.038097483059513673 1 CAMERA 1 32
33 1 0.99114285923009871 0.13058167854466729 0.016180760935768989 -0.017956636689023444 -0.0025483540988741303 0.3933594945706107 -0.039458264086039939 1 CAMERA 1 33
34 1 0.99114270456127929 0.1305785189360639 0.016222205941440009 -0.017950755466284597 -0.0032863130273195415 0.38681719526003971 -0.015636663607167773 1 CAMERA 1 34
35 1 0.99112712623863264 0.13063852836171133 0.016273212545056613 -0.018324221535968559 -0.0028368259210138896 0.38850098385605852 -0.021012740542152995 1 CAMERA 1 35
36 1 0.99113401111819222 0.13068022503441828 0.016340673775835847 -0.017579339301255766 -0.0039942319566975181 0.38955125010876879 -0.023409682345403551 1 CAMERA 1 36
37 1 0.99113827045867242 0.13062769021013312 0.016339254264010148 -0.017730317330866489 -0.0028283690750361694 0.39312880488656382 -0.042088187548278089 1 CAMERA 1 37
38 1 0.99113354798427711 0.13067426237847016 0.016206807229538583 -0.017772636590164731 -0.0032843448264446235 0.39287112634944571 -0.037864950602029886 1 CAMERA 1 38
39 1 0.99116052939655552 0.13058274804731693 0.016335111257172838 -0.016796279914501996 -0.0048747923326732797 0.391826718321169 -0.03122273389702768 1 CAMERA 1 39
40 1 0.99115677630224164 0.13053978840678643 0.016256972729477528 -0.017416063577417044 -0.0030662977381047084 0.39328793791882088 -0.044935172614619164 1 CAMERA 1 40
41 1 0.9911147132767244 0.13074500646833376 0.016286336415280468 -0.018224260099111413 -0.0027372695687570259 0.39296379149927751 -0.035640358034364258 1 CAMERA 1 41
42 1 0.99115962279434922 0.13058791645637416 0.016388434171222075 -0.016757608515604205 -0.0047026537045468759 0.39205094500894877 -0.031777805319772846 1 CAMERA 1 42
43 1 0.99113657642440922 0.13062614458357008 0.016264653664136416 -0.017904141032713653 -0.0030303369119686319 0.39296653594116787 -0.038774496907536316 1 CAMERA 1 43
44 1 0.99112449105732858 0.13068965956565745 0.016264958558083763 -0.018108208969083144 -0.0028319853991956622 0.3927747854191353 -0.033673683397129582 1 CAMERA 1 44
45 1 0.99112917357764507 0.13070879450050876 0.016406072740917325 -0.017578768464773461 -0.0039052459033709352 0.39247406161734943 -0.03662387630023705 1 CAMERA 1 45
46 1 0.9911204843935264 0.13070601631128362 0.016256762915932678 -0.018216486353614066 -0.0028320784686715933 0.39281913548980213 -0.035517388272366661 1 CAMERA 1 46
47 1 0.99111104604250522 0.13087351581164247 0.01639980059710441 -0.017379983084178579 -0.0038126984079434713 0.41029147087616685 -0.088570177558277743 1 CAMERA 1 47
48 1 0.9911052588919278 0.13081859446374181 0.01628292859939217 -0.01821338451587182 -0.0023353126720872491 0.40634106888801724 -0.076251958370487788 1 CAMERA 1 48
49 1 0.99111116597189142 0.13070730580948167 0.01626260080868264 -0.018702532149478097 -0.0024068639460648679 0.39183855711900939 -0.033141487046819407 1 CAMERA 1 49
50 1 0.99115476839174932 0.13056067612806146 0.016337556868264679 -0.01729795302506858 -0.0046825783747304244 0.38928385201908622 -0.022704934329427252 1 CAMERA 1 50
51 1 0.99113250099696004 0.13067088090439496 0.016278093672146842 -0.017790728416264341 -0.0031630687518743616 0.39292705735982714 -0.038564516133754743 1 CAMERA 1 51
52 1 0.99114883468726667 0.1306075167045031 0.016400836333290307 -0.017224303931504981 -0.0045827769850496705 0.39179343525402266 -0.031105847280155821 1 CAMERA 1 52
53 1 0.99114370632224646 0.13058294429994924 0.016280888575556565 -0.017809568859105906 -0.0033828510356975401 0.3921255477264412 -0.035323910821490882 1 CAMERA 1 53
54 1 0.99110332730047002 0.13075251738690138 0.016132521211774074 -0.018913370145937393 -0.0016910733816105808 0.39348359925383669 -0.03852960170822517 1 CAMERA 1 54
55 1 0.99113361765768981 0.13062465975791013 0.016311828032904624 -0.018035367424468009 -0.0031393536874796909 0.39277345788979456 -0.037831961874513251 1 CAMERA 1 55
56 1 0.99111055281395433 0.13073977076647358 0.016235755543974825 -0.018530641722944302 -0.0024403079571695321 0.39379499615892039 -0.036984867877561951 1 CAMERA 1 56
57 1 0.99112378421645231 0.13068244322143543 0.016291806960018283 -0.018174719258169408 -0.0029316865923662097 0.39220024048457741 -0.036342528903225188 1 CAMERA 1 57
58 1 0.99112724079675085 0.13068003615120691 0.016276082170048386 -0.018016932350780626 -0.0028993275059687783 0.39307030592640674 -0.037652263710771988 1 CAMERA 1 58
59 1 0.99112040586763772 0.13081549031204004 0.016385755074710306 -0.017296115107779106 -0.0038383704451407613 0.40630228736748081 -0.075913577288338391 1 CAMERA 1 59
60 1 0.99113848810551197 0.13062206463242099 0.016330614616004973 -0.017767516803066558 -0.0037171424312612126 0.39129981417715348 -0.031799966532709972 1 CAMERA 1 60
61 1 0.99113229073000564 0.13057823916467015 0.016267118034363537 -0.018479356044034459 -0.0027110091064785516 0.39202696514384255 -0.03700292740497127 1 CAMERA 1 61
62 1 0.99113530637860481 0.13062671212926308 0.016356645941156402 -0.017886493833160964 -0.0036031431243280726 0.39134426821529988 -0.031870075641745689 1 CAMERA 1 62
63 1 0.99110090973710119 0.13087673609221462 0.016292056156866297 -0.018023195452554576 -0.003009358915738264 0.40637786704306639 -0.075279004458583612 1 CAMERA 1 63
64 1 0.99115938605846188 0.13053350115473472 0.016240029579365028 -0.017330260925938382 -0.004049637064137827 0.39131957472379242 -0.031869448336092232 1 CAMERA 1 64
65 1 0.99109957192861842 0.13071695906725522 0.016149434471538045 -0.019336775878320764 -0.0012336897870940482 0.39352102964015589 -0.039595971087642068 1 CAMERA 1 65
66 1 0.99114023053993028 0.1306102737835205 0.016332099089240156 -0.017755628031326718 -0.0036705347860022551 0.39190912130550121 -0.034546454443113106 1 CAMERA 1 66
67 1 0.99114032638913041 0.13065181267757409 0.016353866519195393 -0.017421489579962771 -0.004241743352256357 0.3913611037278989 -0.031266747163424716 1 CAMERA 1 67
68 1 0.99112578722441169 0.13066405701818165 0.016278042533172162 -0.01820998170311856 -0.0033745388271813758 0.39071645955185497 -0.027179366623258195 1 CAMERA 1 68
69 1 0.99114696829717586 0.13043323944748522 0.016223152865971358 -0.018752775624944946 -0.0033535715209228709 0.37137719493377186 0.033458693965712813 1 CAMERA 1 69
70 1 0.99112577245466904 0.13067883905282934 0.016306474534147433 -0.01807880217844967 -0.0030715002729065164 0.39280421075186606 -0.038093844676379482 1 CAMERA 1 70
71 1 0.99112484236867204 0.13068809521243216 0.016331725857025366 -0.018040048224779916 -0.0033444288322159836 0.39237502584532985 -0.032496891216326138 1 CAMERA 1 71
72 1 0.99109153709584008 0.13066468914729781 0.016043416407778767 -0.02017208211890649 -0.00048714216588125776 0.38076861494871217 0.0045790674096545352 1 CAMERA 1 72
73 1 0.99107972944809086 0.13085790858610896 0.016060529990643949 -0.019474008677930768 -1.0153621170928616e-05 0.41275459454405572 -0.097141319983092056 1 CAMERA 1 73
74 1 0.99111419749505136 0.13070796667025431 0.01622774722292792 -0.01856704588072253 -0.0026426169302095955 0.39054852778136639 -0.025953201595966528 1 CAMERA 1 74
75 1 0.99108250467666681 0.13081989058116114 0.016046952709703462 -0.019598991323286314 0.0010772736292573248 0.3955161611227746 -0.045712741962297312 1 CAMERA 1 75
76 1 0.9910940903523513 0.13076438574528251 0.016165251401890426 -0.019283779101050388 -0.0010516759602484408 0.39656192063296819 -0.045708351175375493 1 CAMERA 1 76
77 1 0.99114066539978807 0.13066148860911594 0.016265026772696863 -0.017412802456774682 -0.0035661050306799238 0.39279044672832569 -0.035044492038869848 1 CAMERA 1 77
78 1 0.99116198478591544 0.13050494492796424 0.016216192149255609 -0.017418793780633095 -0.003408136886787387 0.38402437657264782 -0.008265772317860999 1 CAMERA 1 78
79 1 0.99114230230587996 0.13059674354395054 0.01616999416670821 -0.017887382261357273 -0.0029120229007847053 0.39145983106240528 -0.031636950870554265 1 CAMERA 1 79
80 1 0.99114674265307812 0.13061833119648969 0.016237348024897822 -0.017416504033688121 -0.0029297441515313137 0.39344861625222866 -0.040082040199692179 1 CAMERA 1 80
81 1 0.99112717289727592 0.1306942441512651 0.016299931954769475 -0.017895639375358246 -0.0031148404830078063 0.39224619741941719 -0.033210543545422813 1 CAMERA 1 81
82 1 0.99113981362670589 0.13061416832532166 0.016195260635649814 -0.017875189779323203 -0.0016185954320394433 0.38736293546992079 -0.019954421218943474 1 CAMERA 1 82
83 1 0.99109946045978092 0.13081261751631079 0.01627187540131635 -0.018578068946661107 -0.00063930817746168499 0.39476045887012395 -0.04367170347446752 1 CAMERA 1 83
84 1 0.99111305453717435 0.1307165215905757 0.016052910433687444 -0.018719192713918194 0.00099616472700086479 0.39609383938147397 -0.04821425502545764 1 CAMERA 1 84
85 1 0.99114740291777859 0.13052410209880513 0.016124892979410818 -0.018173395033565649 -0.00064963936814816704 0.38654638554663345 -0.018732429068081046 1 CAMERA 1 85
86 1 0.99110621300788648 0.13075280555584043 0.0160319448732246 -0.018845559689871137 0.00074241508011605047 0.39566465689595565 -0.041161967905528091 1 CAMERA 1 86
87 1 0.99110520066542851 0.13076483609899656 0.016099845104875922 -0.018757234378829889 0.0014305808759805931 0.39637481660121121 -0.0496458510066696 1 CAMERA 1 87
88 1 0.99116305766455637 0.13051589958288534 0.016178480682852357 -0.017310396873331555 -0.0018588192206660608 0.3819586149381381 -0.0048209761786102067 1 CAMERA 1 88
89 1 0.99115769617043215 0.13038905065619052 0.016223610637366683 -0.018490842300603248 -0.0012672616570653409 0.37316875470470218 0.02312934717057151 1 CAMERA 1 89
90 1 0.99112851473773089 0.13067515216377237 0.016172975489831248 -0.018075030969825177 -0.00010774872620327193 0.38684104788437496 -0.018848348514438066 1 CAMERA 1 90
91 1 0.99113163355920808 0.13072430263260928 0.016293195270124131 -0.017429097720861431 -0.0014358041572034789 0.39495980167218492 -0.042276005409729603 1 CAMERA 1 91
92 1 0.99112527859587174 0.13066448439136225 0.016160148635235561 -0.018339145102269847 -0.00053281118425722656 0.395082049106525 -0.043128241060002577 1 CAMERA 1 92
93 1 0.9911665792433646 0.130522599416664 0.016352218935395593 -0.01688988361158688 -0.0020972627734911643 0.38152542471460071 -0.0025362540694383005 1 CAMERA 1 93
94 1 0.99112561288204171 0.1306965074263412 0.016264102147269831 -0.017997817009204262 -0.0015839144218851079 0.39380412176808888 -0.039176242556911281 1 CAMERA 1 94
95 1 0.99113628411808763 0.1306963765976572 0.016333125566957249 -0.017336448830338486 -0.0021916930868004715 0.39439306336546109 -0.048359844409040523 1 CAMERA 1 95
96 1 0.99115843408407078 0.13059183509856268 0.016247320038200761 -0.01693386374041499 -0.0040757439260400144 0.3916540116805734 -0.032607447138987132 1 CAMERA 1 96
97 1 0.99112109472840715 0.13073469244058478 0.016309808405904357 -0.017927797594581001 -0.0030614459579511874 0.39300389114389789 -0.037020664768519736 1 CAMERA 1 97
98 1 0.99119060791726177 0.13019238132012947 0.016615115972592281 -0.017749944901900357 -0.033938002303584888 0.35451734194697115 0.093629034602207839 1 CAMERA 1 98
99 1 0.99110259784169696 0.13076790535083629 0.016192365528820644 -0.018793689903134559 -0.002435981488247539 0.391792383403819 -0.032925815381254407 1 CAMERA 1 99
100 1 0.99105465597884235 0.13110864846496084 0.016139545416146893 -0.01899226774532015 0.005273901242300167 0.41674648572768219 -0.1142929295683561 1 CAMERA 1 100
101 1 0.99114919605557683 0.13039263865056491 0.016168852947658376 -0.018963099390238356 -0.00090312775601740936 0.35858968277290887 0.069985975836825004 1 CAMERA 1 101
102 1 0.99107806873237547 0.13091797216506926 0.015998644213896667 -0.019203896094496988 0.015649119966028455 0.40275764722865509 -0.058249644769536459 1 CAMERA 1 102
103 1 0.99105773957466259 0.13114737986692929 0.016107625405826293 -0.018586715336100401 0.010538280600061838 0.42246656648515191 -0.12613338147339556 1 CAMERA 1 103
104 1 0.99125310023443269 0.12972979683156044 0.015017140140105299 -0.019025156810928891 0.08890235897936935 0.30488039562554353 0.052401838842968833 1 CAMERA 1 104
105 1 0.99107226280613492 0.13084506748063263 0.0163110934110271 -0.019730343232007837 -0.024677439392123079 0.39599970554780456 -0.043279499528510915 1 CAMERA 1 105
106 1 0.99103878700930259 0.13107300728446505 0.01639518973882205 -0.019828947474961195 -0.024836267245085548 0.41493330445090698 -0.10495079213377373 1 CAMERA 1 106
107 1 0.99105051221643503 0.13109425556821536 0.016434898319708683 -0.019054461676413548 -0.018656031802575138 0.42063869274931354 -0.10245841602732939 1 CAMERA 1 107
108 1 0.99122737947465034 0.12977893001578752 0.016456345080746879 -0.018838795353162144 -0.027245964705573316 0.30927712095061427 -0.030831586739697533 1 CAMERA 1 108
109 1 0.99100021544321704 0.13142391376762302 0.01641141843140816 -0.019416313413394646 -0.015311674160249467 0.44471726870820305 -0.17866733054130668 1 CAMERA 1 109
110 1 0.99103123413456295 0.13126034354084584 0.016491318047051513 -0.018864029589016472 -0.016931730523667771 0.43260814894171085 -0.1483468629729722 1 CAMERA 1 110
111 1 0.99100265748744354 0.13147201529175301 0.016508053303667686 -0.018876605205203525 -0.012888561666367634 0.44149501359012311 -0.16327614611703942 1 CAMERA 1 111
112 1 0.99103510523430516 0.13111662699683413 0.016144948475896641 -0.019929650195463465 -0.0086166980273812109 0.41399007415786859 -0.079589856045539059 1 CAMERA 1 112
113 1 0.99109110545554036 0.13083872128271007 0.01632013342435025 -0.018796354567626114 -0.012679683379285489 0.39685220449317998 -0.027690731446748825 1 CAMERA 1 113
114 1 0.99101784743979882 0.13131866000820452 0.015965375135592697 -0.019599550663656623 0.0090988241966390767 0.43267103093400161 -0.1301541940909792 1 CAMERA 1 114
115 1 0.9910405704036529 0.13103059332392067 0.016041996290342322 -0.020303344113827355 0.0010013496417831487 0.40460714311192097 -0.056070898043575568 1 CAMERA 1 115
116 1 0.99105843735894517 0.13079820812680903 0.015770233695136204 -0.021125866128102147 0.0060115665410770212 0.38647350680240949 0.004413944520233329 1 CAMERA 1 116
117 1 0.99104346811567567 0.13109170129404785 0.016005840589129468 -0.01978947255793535 0.0079186167563691217 0.40897505913779192 -0.0542186215959191 1 CAMERA 1 117
118 1 0.99098170171100353 0.13160343372400596 0.016188958461306045 -0.019331857902258533 0.0011252432094386287 0.45421156618418179 -0.18713745010359872 1 CAMERA 1 118
119 1 0.99106826326126873 0.13103303147863171 0.016035837578012999 -0.018891641828707506 0.00082321973306138105 0.41557939674846306 -0.076546062055217093 1 CAMERA 1 119
120 1 0.99099657778130756 0.13151260568309978 0.016004510141274353 -0.01934096758997161 0.0088357998847095748 0.4449773914479852 -0.17063322505785261 1 CAMERA 1 120
121 1 0.99104187148303013 0.13118078235204367 0.016226905278096389 -0.019086614524710058 -0.020099732160990726 0.42040362711322443 -0.093398171111780837 1 CAMERA 1 121
122 1 0.99104597119878191 0.13124371762195144 0.01663277533650102 -0.018064338903996759 -0.03111533631686161 0.43666020724312193 -0.15072656477103247 1 CAMERA 1 122
123 1 0.99105203799855057 0.13121557185860833 0.016542757133607158 -0.018018570064138723 -0.031733393838118851 0.43312294185387379 -0.1343219919772361 1 CAMERA 1 123
124 1 0.99120191806342184 0.13029355922971275 0.016683723766809922 -0.016248058712349286 -0.041533280270184686 0.36722192061925224 0.081336424471078556 1 CAMERA 1 124
125 1 0.99112297542861905 0.13071978322371672 0.01664048100428224 -0.017626123890736492 -0.035863874489850539 0.39655778639271838 -0.014991622711132017 1 CAMERA 1 125
126 1 0.99109178071973014 0.1309211696871983 0.015807595558997037 -0.01862389433424972 8.8281945664824934e-05 0.40046664937689574 -0.015966521280621693 1 CAMERA 1 126
127 1 0.99119090273800015 0.1303250837740185 0.016304048941748115 -0.017033638977871631 -0.037400489997608095 0.36363523787410623 0.079927147335215248 1 CAMERA 1 127
128 1 0.99123814608484295 0.12985655685444195 0.015770442887343007 -0.01831680974760011 -0.01858512663293645 0.32463688159441118 0.18866797208993824 1 CAMERA 1 128
129 1 0.99107462691047077 0.13098525464069158 0.016273201850441052 -0.018685017059643014 -0.014587697067275947 0.40267594304777349 -0.04043264861582032 1 CAMERA 1 129
130 1 0.99110538593920139 0.13084841728651772 0.016317225020803326 -0.017959783504840877 -0.015362204358244973 0.39926538618796054 -0.030459449195831122 1 CAMERA 1 130
131 1 0.99108817540129979 0.13095516567995477 0.016246259759282452 -0.018194290458601055 -0.016986671948356603 0.40019630173316406 -0.032860909878572299 1 CAMERA 1 131
132 1 0.9908139902895966 0.13405321216711732 0.0069636726984582667 -0.016397567399895764 0.75149867346144383 0.66595058949069275 0.19300428821528282 1 CAMERA 1 132
133 1 0.99104947119066034 0.13239563473095864 0.0077570927677978827 -0.015237095152653443 0.69993320621190613 0.53687425866159566 0.31212546587651946 1 CAMERA 1 133
134 1 0.99155752832198929 0.12794033048584444 0.011792111840489913 -0.01748959580727982 0.35324728626131952 0.13976000044292458 0.14104432777141432 1 CAMERA 1 134
135 1 0.99109901205454165 0.12969662308667534 0.023245200485683164 -0.019005128750020535 -0.63058205125082656 0.30730739359065107 -0.11414100418940348 1 CAMERA 1 135
136 1 0.98988867910810996 0.14024083647071983 0.011722871550852764 -0.017761898609000178 0.36284800787464916 1.2305056864171489 0.092543910746983385 1 CAMERA 1 136
137 1 0.99087852277640054 0.13104965267905255 0.024661687472898035 -0.019430460729149925 -0.75601594830137342 0.43469069214836442 -0.1360541411633247 1 CAMERA 1 137
138 1 0.98834199186790306 0.15134249775877961 0.0027383149116450766 -0.016372449852248297 1.167100695449317 2.1851961178865733 -0.099675107893712672 1 CAMERA 1 138
139 1 0.99070034117604477 0.13483555047445381 0.009444845726202529 -0.015588560264755856 0.55962789903213428 0.75158529594654966 0.21566613719875233 1 CAMERA 1 139
140 1 0.99246362700939883 0.12051586841612427 0.013885751760920349 -0.0172933635042627 0.17591078939193661 -0.51615097023127887 0.079929244869632585 1 CAMERA 1 140
141 1 0.9945506631346106 0.10274564806604621 0.0048743250803647891 -0.01698679537186101 0.92881096600082536 -2.0954736670012402 0.34125120155226263 1 CAMERA 1 141
142 1 0.99783366777660232 0.058813174816516565 0.014076234273689502 -0.025900609030817985 -0.068579080692805522 -5.9217649192135271 1.2384113004664963 1 CAMERA 1 142
143 1 0.99496262055942908 0.098496413695306567 0.0037852501461824173 -0.018262312559132694 1.0056867932296354 -2.464402047515331 0.38072995959236927 1 CAMERA 1 143
144 1 0.99532697518875568 0.094698646840069872 0.0028042705400429736 -0.018668551497104544 1.0638733560529638 -2.8256627586351351 0.43382728393621578 1 CAMERA 1 144
145 1 0.99555001081811223 0.092506717088598617 0.0029772283537219742 -0.017714947498553818 1.0619357231124233 -2.9652646766300395 0.56156808104903921 1 CAMERA 1 145
146 1 0.99824285600417828 0.052171846471688661 0.011302727273237879 -0.025720560424352557 0.1360429704050396 -6.5052622740317974 1.4077124811651602 1 CAMERA 1 146
147 1 0.99786555220658779 0.058937564626014273 0.013980658486139006 -0.024397630698286824 -0.033913517536306906 -5.9045887901478018 1.2019353064523601 1 CAMERA 1 147
148 1 0.9994420680064392 0.020163701133494319 0.0093466100855090148 -0.024932282998574803 0.063971922998615094 -9.29426606632145 2.5187567203349834 1 CAMERA 1 148
149 1 0.99951279081540378 0.016036148855460463 0.0074524848726889321 -0.025719319499376406 0.19872087406562586 -9.6447268160413948 2.7927611913370445 1 CAMERA 1 149
150 1 0.99953533718053922 0.016133620523014178 0.0082064469055195266 -0.024524890323755759 0.16296101340780891 -9.6284245050568167 2.6756387256569796 1 CAMERA 1 150
151 1 0.99914091138154393 0.032767620394674873 0.0085329833207268627 -0.023893732504079512 0.2052653537220121 -8.1940221486915146 2.2156104171463462 1 CAMERA 1 151
152 1 0.99952965293303453 0.016459065768900116 0.0085063195550427392 -0.024437974327062389 0.1340550579368894 -9.5967635909337243 2.7876778081541271 1 CAMERA 1 152
153 1 0.99944780756155072 0.011167878295722323 0.014138475755340432 -0.027918845930613705 -0.40646564848810102 -10.073652581383939 2.5092049092814506 1 CAMERA 1 153
154 1 0.99953068369442866 0.01570707891642395 0.01234269618583644 -0.02322407966153766 -0.13764430857400795 -9.6496398481691941 2.7655270063576185 1 CAMERA 1 154
155 1 0.99952385340298588 0.016694210271887163 0.0078301539362069846 -0.024739816312573479 0.19175194358252007 -9.5862433128770839 2.7551968517597869 1 CAMERA 1 155
156 1 0.99951485770451942 0.016018589759989627 0.010177017216774257 -0.024695795807891625 0.0083783569669830388 -9.6420441762650544 2.7146245244500888 1 CAMERA 1 156
157 1 0.99948252785274561 0.0019115938495362086 0.015709799014164381 -0.028004009373204221 -0.5760115731028348 -10.838699908903042 2.9429010750106532 1 CAMERA 1 157
158 1 0.9994350532100319 -0.0058634354397805004 0.017156643822933033 -0.028299189257595822 -0.71663557465980099 -11.47896374277655 3.4340981796061696 1 CAMERA 1 158
159 1 0.99779593381509835 -0.047236650283583759 0.032414938234141613 -0.033484998302513176 -2.352056467498997 -14.72728167065639 4.2760126618477008 1 CAMERA 1 159
160 1 0.99950476638116126 0.0047843574017125464 0.015027074451851507 -0.027230845359840449 -0.48344565369463738 -10.599578181217009 2.7394204399508757 1 CAMERA 1 160
161 1 0.99921636464285901 -0.013569972202397378 0.021640754557915153 -0.030235578818660146 -1.1968277997431982 -12.125624340623238 3.5129194353188185 1 CAMERA 1 161
162 1 0.99898374012426971 -0.022118256953478448 0.023884909774381194 -0.03117339830264472 -1.4308260765501108 -12.821022231230575 3.7406339328514098 1 CAMERA 1 162
163 1 0.99770979550895855 -0.046846373160583765 0.032818831362576219 -0.036104093606765739 -2.4514169534386605 -14.699342052997846 4.4554503249015882 1 CAMERA 1 163
164 1 0.99764519626303738 -0.047093256778784467 0.034553977541305091 -0.035948715906527436 -2.571088907140044 -14.724432151408376 4.3114448571098594 1 CAMERA 1 164
165 1 0.99795339054774679 -0.047218306121869814 0.029509804770266573 -0.031442539395834489 -2.0320575478108576 -14.762833044550787 4.4442190377454329 1 CAMERA 1 165
