# Frame list with one line of data per frame:
#   FRAME_ID, RIG_ID, RIG_FROM_WORLD[QW, QX, QY, QZ, TX, TY, TZ], NUM_DATA_IDS, DATA_IDS[] as (SENSOR_TYPE, SENSOR_ID, DATA_ID)
# Number of frames: 13
8 1 0.9999513737042115 -0.002949239525399455 -0.0081627143236275013 -0.0046821264563282712 4.9380629003535894 -3.1084539130608961 0.3378656168577433 1 CAMERA 1 8
83 1 0.99995477250276432 -0.00065235667433061488 -0.0054829548144747506 -0.0077436804051398325 2.4189902983738469 -1.0137510346152969 0.63817274141721014 1 CAMERA 1 83
87 1 0.99997333002181998 -0.0010047667634754129 -0.0056983787826739903 -0.0044562504499438072 2.6254628111862965 -1.2468111994239104 -0.18970951622764293 1 CAMERA 1 87
91 1 0.9999620529638017 -0.00096003959587300436 -0.0056827648564758866 -0.0065327742942393316 2.615877874367591 -1.2594674557117425 0.13172851160276275 1 CAMERA 1 91
93 1 0.99996394912146869 -0.001246123657357883 -0.0062317286763190535 -0.0056314466109740483 3.1359050173448924 -1.5178480651535713 -0.050557856395904724 1 CAMERA 1 93
94 1 0.99996418261347886 -0.0012750850139204733 -0.006392183754256181 -0.0053988549912269354 3.2841314603574001 -1.5238922564369992 0.047547275310369272 1 CAMERA 1 94
95 1 0.99996991502838561 -0.0017291541779435877 -0.0063350313082707801 -0.0041287337375371137 3.2275213640471341 -1.9151343575938622 -0.11307983796753424 1 CAMERA 1 95
98 1 0.99996802105609162 -0.0014488719885206341 -0.0059214711719630317 -0.005176274170163273 2.8495990965012594 -1.6783560187625512 -0.32997943707163718 1 CAMERA 1 98
103 1 0.99997516522473517 0.0026350546164550025 0.002324820873184078 -0.0061090612076981719 -4.9610958074816631 2.0828726621987652 0.49481809600939419 1 CAMERA 1 103
106 1 0.99996600078646225 0.0036825264154198402 0.0027041958857323945 -0.0068646627696128107 -5.3114007285528633 3.0616722273086161 0.049689877899720875 1 CAMERA 1 106
109 1 0.99997422384447388 0.0033431568865498118 0.0027683904872538847 -0.0057193498567918886 -5.3797318682996931 2.7475127582844432 0.2233140331290368 1 CAMERA 1 109
110 1 0.99997635500683568 0.002851051279128867 0.0018612887811172471 -0.0059746579751700961 -4.5083977556895691 2.2875169169317284 -0.36940060031024025 1 CAMERA 1 110
112 1 0.99996793450317356 0.0039680251134753403 0.0027600542727546458 -0.0063848917427903433 -5.3488274535146898 3.3135699032902588 -0.074020049616878511 1 CAMERA 1 112
