# Frame list with one line of data per frame:
#   FRAME_ID, RIG_ID, RIG_FROM_WORLD[QW, QX, QY, QZ, TX, TY, TZ], NUM_DATA_IDS, DATA_IDS[] as (SENSOR_TYPE, SENSOR_ID, DATA_ID)
# Number of frames: 33
89 1 0.9384052709942251 -0.3211181991164393 -0.12089259157367928 -0.040787631324573956 3.2496366899338978 -2.4785116178359621 -3.2950184489676095 1 CAMERA 1 89
95 1 0.9037752877683497 -0.41693113925382852 -0.09457866981217862 0.020335426140120311 1.8686372692954298 -5.456060677488197 -4.2202254880164336 1 CAMERA 1 95
97 1 0.91483680218361929 -0.39400188793808588 -0.088470771590181019 -0.0030100242377411974 1.8894264273894503 -4.7166874182734073 -3.9729460875608389 1 CAMERA 1 97
98 1 0.91998907717600076 -0.38340526378291917 -0.080862428718816784 -0.0090426324759452347 1.7304587795732411 -4.4277357260277288 -3.7019058850463491 1 CAMERA 1 98
99 1 0.93422417875250641 -0.35143706818465542 -0.058677439942131648 -0.016556840937100834 1.1905399997539399 -3.3743499404775292 -3.5142107786734837 1 CAMERA 1 99
100 1 0.95783690260262777 -0.28306768771447571 -0.04431180839305858 -0.021391956935285426 0.98714334762067524 -1.3541599520552359 -2.5064488920321075 1 CAMERA 1 100
101 1 0.94563721444023197 -0.32055625629321205 -0.051041121180682193 -0.020217545984076511 1.0669130515814516 -2.458286644100304 -3.0216590334730258 1 CAMERA 1 101
102 1 0.96278642095977929 -0.26612712501779617 -0.04242164621852168 -0.02047107416164903 0.95024949832661276 -0.86665174486677798 -2.2301203368339335 1 CAMERA 1 102
103 1 0.97758865199929046 -0.20699528926622338 -0.032050232361075341 -0.021122507176088757 0.78784936782903092 0.87330646726271888 -1.2629577668196366 1 CAMERA 1 103
104 1 0.97432862978214596 -0.22133643638208816 -0.034069335832945899 -0.023090765955805823 0.8339410588774131 0.45853254719994213 -1.501341715471715 1 CAMERA 1 104
105 1 0.98297073338282881 -0.18045003877846466 -0.025933658518729853 -0.023103380131664863 0.6951518382735471 1.6236350004270084 -0.69630866215562115 1 CAMERA 1 105
106 1 0.98933715839356762 -0.14137127183547593 -0.016817921461863488 -0.030713320222073019 0.70406554906834451 2.6198996009227993 0.58739967890028466 1 CAMERA 1 106
107 1 0.98771916867465648 -0.15240751503534894 -0.018305957574984589 -0.02911503238291533 0.68290031050659283 2.3521563992335608 0.24488960900304713 1 CAMERA 1 107
108 1 0.98941330357082302 -0.14099572683253403 -0.016327512047871504 -0.030247844259756546 0.68149725678268902 2.6289986775289491 0.58897965645573513 1 CAMERA 1 108
109 1 0.98631040809520865 -0.16133018457376194 -0.020637616682519146 -0.027174237912487079 0.6836221565593078 2.1272064069232566 -0.072540520507436201 1 CAMERA 1 109
110 1 0.98967491126077756 -0.13887023572188292 -0.016968979095609481 -0.031155760301648683 0.71161331781486004 2.6892657616476479 0.61264705426244059 1 CAMERA 1 110
111 1 0.99196054229327002 -0.12112388617792455 -0.018470126509677307 -0.031656613165583221 0.76893575638274192 3.1760518194720206 0.81890325992744373 1 CAMERA 1 111
112 1 0.99517582182888265 -0.093554533040208124 -0.015877547597054956 -0.024910569586828052 0.62628915332123214 3.8597798536753403 1.3110706498684033 1 CAMERA 1 112
113 1 0.99432195166021398 -0.10134368779788894 -0.016684585748418669 -0.027837708033367648 0.67887782447395562 3.6900432679670887 1.1274712967594491 1 CAMERA 1 113
114 1 0.99272494826524493 -0.11797945257161123 -0.0075775622819937395 -0.022816801102088884 0.18665744465331177 1.7082417245121717 1.7681390572823985 1 CAMERA 1 114
115 1 0.99190295415530361 -0.12510418412044003 -0.0022114345455571272 -0.02173895606489688 -0.088612248858179726 1.1117050952307779 1.8550913221281047 1 CAMERA 1 115
116 1 0.98977788745242978 -0.13985601812529244 0.026448173545963474 -0.0089733951448619058 -1.4471150799421666 -2.5729140528957677 2.287019435678824 1 CAMERA 1 116
117 1 0.99217006523866824 -0.12171646430808288 0.027673963544869111 0.0042208651190588278 -1.6243267433142288 -3.7541920819961456 1.6735844616545243 1 CAMERA 1 117
118 1 0.99133844930374415 -0.12954896245075875 0.015014674333918846 -0.015482403386625172 -0.89275646588312274 -0.28884740169683848 2.2636768417813018 1 CAMERA 1 118
119 1 0.99208237676911648 -0.12442045901173121 0.0026088598046462015 -0.016890853559564264 -0.30258628312109165 0.60420525419872173 2.1005569327353135 1 CAMERA 1 119
120 1 0.99258711243570419 -0.11769628779450589 -0.01307556484468317 -0.027339306317755455 0.47573073978712183 2.225486254915265 1.4577735586480003 1 CAMERA 1 120
121 1 0.99136462526328717 -0.1293436525718985 0.016151849342009538 -0.014335866865146466 -0.92443103633829782 -0.63611524228472316 2.3010612577542493 1 CAMERA 1 121
122 1 0.98871836695408788 -0.14122064960177172 0.048638495758972403 -0.011270124400369293 -2.6300571845789231 -6.3521880067286745 1.4027534625373801 1 CAMERA 1 122
123 1 0.98860150635367616 -0.14687510883354435 0.031929206804088651 -0.0086769691274504387 -1.6984561039205253 -3.2799700101568696 2.2048692838617661 1 CAMERA 1 123
124 1 0.98965664946027598 -0.14057125384560673 0.025239521425767734 -0.013505751720386141 -1.3314772060747326 -1.9148944108485011 2.288687040539215 1 CAMERA 1 124
125 1 0.98972796851676847 -0.13904738688658916 0.032994700936245167 -0.0039651287254921144 -1.8311335814515994 -3.7521042348725016 1.9316823726721661 1 CAMERA 1 125
126 1 0.98802827966884454 -0.14795349000832581 0.043432549304237504 -0.0048473735068354559 -2.386402855931566 -5.2185289205868912 1.7927902306651664 1 CAMERA 1 126
127 1 0.98831136385710838 -0.1469187966141704 0.040045852743435008 -0.007200343769412366 -2.2687323804611585 -5.8982753673782167 1.6130217494424735 1 CAMERA 1 127
