# 3D point list with one line of data per point:
#   POINT3D_ID, X, Y, Z, R, G, B, ERROR, TRACK[] as (IMAGE_ID, POINT2D_IDX)
# Number of points: 575, mean track length: 7.3652173913043475
6 -7.3755453358770211 -0.038929668610637888 21.995052334022251 96 104 101 0.40664075180034159 127 5 117 5 126 5 125 3 116 5 123 4 124 6 122 4 121 8 118 10
7 -7.3183651394894387 -0.011643707954440405 21.863543073397171 96 104 101 0.50826338572815433 127 3 117 6 126 7 125 4 116 4 123 3 124 8 122 3 121 7 118 7 119 7 115 3 114 3 120 2
8 7.6980014204620444 -2.7179972461753765 27.299739461417232 112 115 116 1.1578010384704496 127 7 117 8 126 9 125 5 116 8 123 5 122 5
10 3.4360746201723287 1.7375722505733477 21.907159421186556 101 135 184 0.621438067138676 127 10 117 10 126 11 125 7 116 12 123 9 124 16 122 7 121 18 118 16 119 18
11 -1.8427555025615321 4.3424207604696852 20.60122230073533 73 108 146 0.33030795549252112 127 11 117 11 126 12 125 8 116 14 123 11 124 18 122 9
12 -0.17254212648713332 4.9707824380334307 22.38088272157265 25 28 26 0.68217121894138888 127 12 117 12 126 13 125 10 116 16 123 14 124 27 122 11 121 32 118 30
14 -1.7968216057901034 4.3418422005643995 20.449427864753044 73 108 146 0.47348560614954122 127 14 117 14 126 16 125 12 116 13 123 10 124 17 122 13 121 17 119 19
16 -2.030074382090381 2.0090490172232056 21.411160650720024 2 13 16 0.61787556662400145 127 16 117 16 126 17 125 14 116 19 123 15 122 8
17 -0.97315176039621665 6.023449394331668 19.597708290125613 82 110 143 0.72935342236062728 127 17 117 17 126 18 125 11 122 15
21 4.155458569641703 -0.43172164623422149 22.414500580923971 5 18 25 0.30091225796776477 127 30 117 24 126 33 125 30 122 19
25 -1.483067231535163 -2.5506379291653443 21.202835476833584 5 17 34 1.0293537757830549 127 33 117 30 126 27 125 22 116 32 123 24 124 45 122 48 121 28 118 28 119 30 115 31 114 17 120 17 111 16 112 19 113 15 108 12 110 14 107 21 109 17 106 20 105 12
26 4.2232630246527796 -0.4927028693323785 22.631156814457256 5 18 25 0.73309640651591779 127 24 117 31 126 28 125 25 116 30 123 31 124 39 122 32 121 43 118 41 119 42 115 38 114 38 120 40 111 56 112 33 113 40 108 47 110 46 107 60 109 48 106 48 105 43
27 5.1243709971739539 0.88241458459445588 22.291462777184208 0 14 28 0.52851512580683147 127 25 117 32 126 29 125 26 116 29 123 33 124 46 122 20 121 41 118 35 119 38 115 32 114 24 120 25 111 27 112 30 113 25 108 25 110 23 107 30 106 30
28 2.7970153736351198 3.4806522183927942 21.298627586309724 4 15 19 0.69489445569452324 127 26 117 33 126 30 125 27 116 37 123 21 124 40 122 21 121 40 118 33 119 37 115 42 114 33 120 57
30 -2.3404778606131944 1.0383782880667347 19.830828137851057 29 89 134 0.46520724429083493 127 47 117 37 126 44 125 38 116 40 123 44 124 56 122 40
31 -2.3404778606131944 1.0383782880667347 19.830828137851057 29 89 134 0.46520724429083493 127 41 117 40 126 40 125 46 116 47 123 46 124 55 122 36
32 -5.1062921341326453 1.0290871488949613 20.776966288104664 43 81 106 0.35074850396468138 127 42 117 41 126 41 125 39 122 53
33 2.3091762601620838 4.3619614302943592 20.351222263910426 143 163 201 0.45606399299232658 127 43 117 42 126 42 125 41 116 27 123 37 122 43
34 -3.7580799930656816 -0.76871372670424576 19.919655616281055 0 14 29 0.46845473526549325 127 38 117 45 126 36 125 35 116 56 123 48 124 61 122 49 121 53 118 50 119 48 115 50 114 44 120 45
35 4.9373483698798024 -0.073033851700790658 21.962243889431978 72 118 173 0.68605197729550871 127 39 117 46 126 38 125 36 116 39 123 42 124 62 122 50 121 58 118 59 119 56 115 66 114 60 120 60 111 57 112 56 113 47 108 48 110 44 107 59 109 53 106 47
36 -3.0453736228568551 0.43156051536189188 20.118188559671726 1 13 21 0.58212831648102681 127 40 117 47 126 39 125 37 116 48 123 43 124 51 122 51 121 59 118 57 119 54 115 69 114 61 120 61 111 42 112 48 110 38 107 56 109 51
37 -0.66402222637094899 4.3554905951836664 19.589819199553439 54 90 125 0.52479483850503694 127 69 117 48 126 55 125 58 116 86 123 66 124 82 122 56 121 76
44 -8.9921024055637933 -0.91497009210545088 20.464212488294425 82 95 92 0.78484955977256732 127 77 117 59 126 91 125 50 116 72 123 90 124 99 122 83 121 101 118 72 119 114 115 123 114 106 120 112 111 77 112 78 113 102 108 128 110 94 107 95 106 103 109 108
45 -0.64981795590881108 4.3624846487114599 19.450171996746128 54 90 125 0.44404027584934769 127 61 117 61 126 50 125 56 116 91 123 71 124 90 122 55
47 -1.5900061279631248 5.840770484172964 19.48718323226576 100 124 152 0.46388870996502496 127 71 117 63 126 58 125 61 122 58
55 -9.2694631705460928 -1.6659239086261441 19.991982027900441 94 97 94 1.022762678198275 127 89 117 77 126 109 125 89 116 55 116 121 123 72 124 100 122 107 121 103 118 110 119 62 119 116 115 172 114 159 120 79 111 125 112 103 113 162
56 3.7184755944095484 -0.91366490001726275 21.85971762339393 69 116 168 0.58208427080424474 127 78 117 78 126 93 125 91 116 80 123 89 124 105 122 60 121 108 118 105 115 116 120 248
58 3.3294357611552563 3.0543755935961103 20.968461150153143 131 150 189 0.34650881652055127 127 67 117 81 126 68 125 69 116 87 123 92 124 73 122 54 121 75 118 69 119 91 115 110 114 102 120 99 112 249
59 3.1995099413100787 4.0787143304970348 21.034333155789781 133 154 190 0.72826190779158773 127 82 117 83 126 115 125 70 116 127 123 74 122 112
60 -1.9382534630984669 5.20968945768574 19.033729797845112 94 121 148 0.49494926897081765 127 83 117 84 126 51 125 49 116 84 123 52 124 85
62 0.98788017748128176 5.616169041487721 19.557211264567833 4 22 39 0.60753044219150931 127 49 117 86 126 56 125 74 116 97 123 96 124 134 121 177
65 0.02392651250325474 5.346641027162641 23.030392575000068 40 48 42 0.81106140512513969 127 58 117 96 125 97 116 143
67 -3.3483009409023143 -0.15916853631995073 19.783347545805334 30 89 138 0.72446847828190009 127 85 117 99 126 75 125 82 116 93 123 86 124 91 122 76 121 97 118 108 119 113 115 114 114 104 111 78 112 79 113 79 108 55 110 68 107 77 109 79 106 74 105 46
69 3.850125360747251 2.9048257624418827 21.151586277719669 93 128 180 0.33659648805979442 127 111 117 101 126 114 125 118 116 102 123 125 122 110
72 -1.9594357204959578 -2.8633743452062168 20.831089054970761 3 26 53 0.53742141617533323 127 104 117 109 126 107 125 114 116 119 123 103 124 130 121 136 118 137 119 145 115 137 114 154 120 125 111 142 112 179 113 124 110 105 107 102
76 -5.0848392172156327 -5.801501733190503 21.179806283518509 99 100 94 1.1077930435374881 127 98 117 118 126 103 125 106 116 153 123 101 124 127 122 98 121 155 118 212 119 232 115 225 114 203 115 224 119 247
79 -8.8231131810447785 -1.8823316775509502 20.122580723419471 95 100 93 0.56879663899849431 127 106 117 122 126 147 116 161 124 161 122 106 118 151 119 244 115 199 120 193 111 224 113 204
80 -8.9822046201238823 -1.4800651464943442 20.316230359222729 54 57 56 0.67363521893595202 117 124 126 110 125 115 116 122 123 95 122 130 121 138 118 140 119 167 115 200 120 194 111 184 112 204 113 244
81 -4.0656156247314996 -1.2239582940743243 19.774344912067075 10 88 145 0.52028225692137986 127 107 117 125 126 111 125 116 116 123 123 105 124 131 122 147 121 139 118 152 119 182 115 201 114 184 120 195 111 222 112 206 113 243
82 2.75429124964195 5.5601617103163337 20.638714038723215 113 136 175 0.40842174392354991 127 159 117 129 126 162 125 180 122 143
83 5.877871953631252 0.30654620768290031 22.282302433187152 71 116 165 0.52662629358446023 127 109 117 130 126 175 125 163 116 134 123 156 124 177 122 108 121 161 118 201 120 250
84 -1.5541235471927071 -1.7064875863755817 20.701742475477761 13 74 122 0.85018540084176264 127 144 117 131 126 148 125 139 116 103 123 137 124 162 122 174 121 137 118 138 119 148 115 170 114 157 120 152 112 163 113 157 108 130 110 159 107 148 109 145 106 143 105 122
85 -2.0488351271007437 -2.4196755002195736 20.776571439881717 9 85 141 0.61798966651379406 127 142 117 136 126 142 125 138 116 196 123 104 124 180 122 150 121 146 118 162 119 146 115 198 114 182 111 182 112 262 113 183
86 11.701206893638281 -3.920582849092308 24.215259242616835 73 79 72 0.70708218455324645 127 103 117 137 126 106 125 136 116 157 123 134 124 181
88 -1.4770257835335894 -1.6648233179559253 20.503069205593356 13 74 122 0.43117884030644194 127 151 117 147 126 143 125 146 116 101 123 148 122 164
93 -2.4499889768516181 7.0826126035999915 14.36669587539831 120 125 120 0.038984484691174749 127 133 117 165
95 -2.1545006689155461 2.0119765102928757 21.673740615301444 2 11 20 0.50317714235152322 117 18 126 19 125 16 116 23 123 13 124 26 121 31 118 25 119 35 115 40 114 47 120 48
102 -1.2179730821564156 -0.43778857748820288 20.894409541570887 9 79 131 1.2967197415420963 127 28 126 37 125 24
104 2.304363264695811 4.382162953223915 20.152606409808545 139 159 196 0.39787141931024989 127 48 126 48 125 47 122 37
108 0.16384480894402895 5.2737482051356031 21.761045436190845 39 46 44 0.99635396927158082 117 95 126 69 125 72 116 137 121 183 118 161
109 8.2272767925653056 -8.0493124419579054 25.054228459324619 31 37 31 0.85799374636639414 117 91 126 79 125 151 116 140 123 165 124 145 121 217
111 8.0294177634330683 -7.7212725804679341 24.388991065248412 31 37 31 0.92221031187295033 117 72 126 83 125 155 116 152 123 163 121 210 118 217 124 126 123 99 115 279 114 206 120 171
116 8.7660189956393335 -8.2961940807356331 25.466937268914055 114 118 115 0.79126401284850389 117 107 126 96 125 103 116 151 123 97 124 169 121 172 118 219 119 190
118 -3.2988186862298381 -1.1829432162935931 20.165734134627705 21 89 140 0.65933666847506556 127 108 126 112 116 163 121 140 118 141 119 149 114 160 120 155 111 124 112 165 113 170 109 148
120 1.6713563899933761 4.6826250071435753 20.042353557297965 81 114 154 0.32707291420846551 117 133 126 116 125 71 116 128 123 110 124 133 118 118
128 3.5314906151321415 4.5193587310853784 20.513263077962073 118 137 174 0.41305902432236724 117 140 126 134 125 143 116 131 123 141 124 176 121 231
138 -1.6450828856639439 -3.1797544211021891 20.974430414901946 18 78 123 0.80051149019044565 117 139 126 177 125 134 116 159 123 138 124 160 121 159 118 192 119 144 115 165 114 153 120 147 111 170 112 157 113 152 107 124 109 142 105 119
148 0.34995080709403315 4.7213134371079981 6.8120190477672731 101 105 102 1.3122294154715044 117 162 126 172 123 174
167 -6.5145435583243891 -4.408361122483984 21.565588432323121 48 51 46 0.44792620566405911 125 110 127 125 116 100 123 112 124 146 122 119 121 134 119 227 115 205 114 176 120 233 112 239
168 -6.5145435583243891 -4.408361122483984 21.565588432323121 48 51 46 0.44792620566405911 125 129 127 101 116 117 123 124 124 128 122 104 121 154 119 240 115 197 114 185 120 245 112 255
169 -7.3027894604275545 2.1818764200840453 20.015774089785509 87 95 94 0.45566145945852077 126 149 116 124 118 199 115 173 120 160
173 0.36477214945720693 4.1569563224559669 19.887611348203908 59 98 134 0.57938236523581432 117 141 116 155 126 131 124 174 121 175 118 149 119 216 115 257
179 4.0812073940934921 4.347958511282747 20.729281856517158 129 157 196 0.67972801920234238 126 132 116 177 123 157 124 175 121 224 118 204
181 -4.1956151519343097 -0.34330681562781373 19.848627139252443 27 86 137 0.88483889572167318 125 164 127 155 116 180 123 129 124 163 122 149 121 160 118 154 119 183 114 162 120 157 112 207 113 174 109 150
182 -2.7329226949768715 -9.6170309953566786 23.829264254525231 94 93 85 1.6797609259460586 127 137 116 185 124 199 122 167 121 228
184 8.6850278936618235 -5.1781679312843893 22.880646841240907 33 39 30 2.2328294212333488 126 104 116 199 122 177 118 194 119 238 115 109
198 -0.35945518075144223 5.7515888928616334 18.352563194221393 90 116 147 0.8373891399212573 116 26 125 32 123 26 126 57 124 28
200 13.865304392147728 -6.594224710054216 27.839676819264938 68 71 64 0.93307032472153217 116 22 127 36 123 28 124 32 121 35 118 27 119 28 115 30 114 20 120 20 111 31 112 26 113 22 108 27 110 15 107 18 109 16 106 18 105 14 103 18 104 23 100 6
204 -2.9442073556909603 1.4790108511192817 20.436965165028621 34 93 141 1.3687382141785949 127 19 123 35 122 18 120 44 114 46 115 49 115 39
232 -1.7121117454199366 -4.4024521759790547 21.47353689515267 19 90 143 0.41134746832057828 117 76 125 87 127 65 123 91 126 73 122 102
269 5.7685457196436314 1.1833767866882481 23.034638722292907 83 121 165 1.7401492904083311 117 126 116 197 123 107 125 93 123 81 124 135 118 142
279 -2.9973978671903487 4.4980648885168648 20.121701276366448 83 91 92 0.34691088313328583 127 113 123 158 126 133 117 102 122 124
280 -3.0419927054868645 4.4998763209948942 20.310226288544634 83 91 92 0.33803582583672798 127 129 123 164 126 144 117 108
337 11.208575440938048 -7.9827923004762571 30.50454650085798 24 31 21 1.9418423136204972 125 0 126 1 127 1 117 0 123 0
339 2.2397507702531998 4.8660602450668202 23.241897195384961 116 139 172 0.8403466213584011 125 9 126 14 127 13 122 10 117 13
340 3.5037784671886434 1.6915918644468517 22.112816325400061 86 123 171 0.19990095445197201 126 15 127 15 122 12 117 15
341 -7.1623479891306383 -5.9248490673497392 18.695383771972676 112 118 115 0.46221763143577121 126 32 122 24 117 28 127 21
342 5.1288269282708949 0.8910268175366568 22.372748690094706 0 13 27 0.31488454463069088 126 26 127 31 122 33
343 -0.12483415008762935 5.4692871627562072 6.2648094698332217 90 101 97 0.24532674739114479 126 156 122 35
344 -2.3201445246406407 1.0250873844369495 19.87215045171704 27 88 132 0.087926333805553036 126 46 127 46 122 41
345 1.3507021058996462 5.5069303226773547 21.771796347343919 89 116 150 0.76455207279060733 126 54 127 45 122 57 117 62
346 -9.0952947548196974 -1.0912755303974868 20.769664272703704 82 94 92 1.9120731014010353 126 76 127 87 122 77 108 127
347 -0.61521139178134998 7.3917332361937085 18.668759404451539 103 122 144 0.28731352803334631 126 89 127 84 122 87
349 3.8251356331016573 2.9441306513519034 20.947223534627259 78 118 169 0.11692336369796552 126 130 127 127 122 120
350 5.5217887013179308 2.6294903747559601 21.343357221637213 74 122 179 1.9388436602452179 126 150 127 110 122 123 117 150 117 142 123 140
351 2.7371370559376742 5.5749667841052686 20.338116059832146 111 133 168 0.32424971557744914 125 174 127 176 122 127
352 -1.2311814936329935 6.7165871187797883 18.17544088696123 88 90 92 0.46848440383595219 126 169 127 134 122 129
353 -4.6847934096437855 -6.8389971569731571 22.145623732414588 91 95 88 0.38882800124836203 125 142 126 140 122 131
354 -11.709231975608684 -3.563623735912409 21.81711965529189 96 101 96 0.87026217440736098 125 135 122 154 121 106
355 -3.3808679842154405 7.0700743542324043 28.286828730610832 88 90 92 1.833782122888427 116 205 126 165 127 146 122 155 123 173 117 160
356 2.2446738117888052 2.0881689828197216 21.58746099086224 36 20 50 0.40894184103772241 126 113 127 130 122 161
358 -3.2122244175513441 0.02794736094366361 24.786573670970892 32 90 136 1.1053797908961018 116 1 124 1 123 1
359 -3.0366008042097117 -0.054491026961600506 25.04312245611025 32 90 136 2.0664795869541872 116 2 124 3 121 3
360 7.3822943136624186 -2.6377417313413121 27.602838431650042 117 117 117 1.6684658932584269 124 14 121 5 123 7 119 6 115 6 114 6 120 5 111 4 112 4 113 4 108 4 110 4 107 1 106 4 116 6
363 8.1580544916863662 -5.9078722196108098 24.973445980849252 29 35 27 0.27035659102044174 116 11 124 15 121 19
364 1.856787391411888 2.1248951472904265 21.198892833424608 1 15 17 0.68791639276053429 116 28 124 48 125 40 121 39 123 19 118 34 119 36 115 41 114 48 120 47 112 38 113 35
365 10.089236513746375 -9.1508282412113999 26.004086109311213 66 67 60 1.2270899074833832 116 24 124 36 121 46 123 23 117 20 118 42 119 43 115 35 114 35 120 39 111 41 112 32 113 34 108 35 110 39 107 28 109 32 106 36 105 29 103 26 104 22 102 11 100 11 101 13 99 12
366 4.9174981657161876 -0.078119359860641197 21.867156048658206 88 130 186 0.68770661986089587 116 44 124 53 125 45 121 55 123 45 118 56 119 53 115 52 114 59 120 56 111 59 112 50 113 49 108 50 110 48 107 55 109 49 106 45
367 -3.8029003851279732 -0.75163958379095175 20.066707630244473 0 13 23 0.56119356640233387 116 45 124 52 121 57 118 49 119 49 115 37 114 49 120 33 111 37 112 34 113 36 108 36 110 37 107 37 109 35 106 37
368 3.0064343111468013 -2.2101791407343359 21.987344881993163 9 20 34 0.70520601631892188 116 70 124 67 121 69 123 60 118 70 119 64 115 86 114 74 120 77 111 75 112 63 113 77 108 65 110 55 107 72 109 75 106 59 105 70
369 -1.8740106173644813 2.5580308298916155 21.375075257597803 64 72 66 0.45494835610966844 116 73 124 72 121 70 123 80 118 75 119 70 115 89 114 77 120 83 112 83
370 -2.1784700027519519 -9.9451048442249519 26.359807537965306 251 106 105 2.2613919050407514 122 25 121 84
371 11.657538834316894 -4.8615782683793611 25.859198418122524 81 82 73 1.0582366942078141 116 68 121 86 125 88 118 87 119 67 114 57
372 2.2807000621550846 2.786277218496064 21.094107121048594 142 165 199 0.26245954152620571 125 53 121 91 123 65
373 3.6804907061180714 -0.89303253525847548 21.714785877411146 94 131 181 0.44825266141765818 124 92 125 77 121 102 123 76 118 116 115 125 120 238
374 11.954598479406753 -3.5881960478161381 24.312276046273237 42 48 40 1.7405679559781555 116 69 125 165 121 107 123 93 118 88 119 143 115 84 114 151 115 164 112 124 113 106 108 62 106 71
375 9.4138009784978163 -7.9081683388633062 27.232301715944512 77 79 68 1.0080066323150625 116 79 124 103 121 109 118 97 119 120 115 111 114 115 111 167 112 154 113 151 108 147 110 150 107 141 109 137 106 118 103 93 104 123 102 95
376 1.3679679186636593 2.5839799604815159 20.782249980753086 108 132 162 0.93094701228469912 116 125 124 111 121 117 125 156 118 106 119 125 115 129 114 103 120 82 112 81 113 81 112 85
377 -11.936850451564998 -14.120085890199888 19.29397913109095 110 114 108 1.4976932309528674 116 148 121 125 123 135 124 154 116 168
378 2.1902794878078544 1.562453503940443 21.370796005879914 153 168 206 0.77240526855372482 116 165 124 165 125 161 121 142 117 172 123 108 118 156 119 184 114 174 120 253
379 3.8515826191564702 2.9067416112090387 20.825637073080422 103 141 195 0.66154910940855727 116 126 124 132 125 131 121 144 123 109 118 144 119 150 115 174 114 163 120 159 112 169 113 165
380 5.7240060428894495 2.4769446790019769 20.975471132504449 95 108 127 1.3847877325973152 124 170 125 152 121 147
381 -7.1462149412161002 -3.8887946783341021 20.861964368784147 90 93 86 0.48184211901556528 116 156 125 121 121 158
382 3.4852908317854969 2.1036742334312004 21.171827378098854 125 156 206 0.22103310718722913 116 130 124 178 121 162 118 157 119 237 115 266 114 234
383 -10.672414098209073 -13.990007624355803 18.149345031173336 90 88 78 0.87790201309621396 116 138 124 152 121 167 123 126 118 195 119 217 115 260 114 240
384 12.615566050868955 -4.4190467128730271 25.370254323196871 109 111 104 0.80316669852920619 124 182 121 171 118 191 119 141 115 163 114 114 120 72 111 46 112 88 113 86 108 51 110 49 107 61 109 55 106 44 105 31 127 126
385 4.4629704352281667 3.8788435306218219 20.766526505807541 116 148 197 0.14893784305782454 116 178 125 147 121 173
386 3.5516451776762947 3.5496034776887568 14.35762149739598 115 126 135 3.465807247787251 124 166 121 176
388 -0.5618109309148086 4.930474605024636 19.583995069145573 14 26 40 0.70150707686350777 124 84 121 184 116 49 118 119
389 3.2375074138604991 3.534276020927281 20.784882744305381 3 29 57 0.027644166125994098 116 195 121 223
395 -10.508625712000672 -14.313476229962886 18.444655468005394 190 179 166 0.92879612000098255 116 146 121 166 123 114 118 160 119 129 114 192
401 -4.9900365882377589 0.048804721080675087 18.827119474693053 10 88 141 1.4384335136669881 123 67 124 77 117 60 125 52 118 68 119 68 111 79 112 80 113 80 108 52 110 69 107 46 106 75
402 8.2628069694353883 -7.6457289735968628 25.554011750638217 29 34 28 1.1585493257460042 116 54 121 66 124 69 118 86 124 104 121 110 115 83 111 166 112 126 113 150 110 149 107 199 109 165
404 10.185404797108921 -4.8938735622228782 24.278434181279067 89 91 80 0.97247211528250221 116 104 118 135 119 176 115 196 119 140 111 168 109 169
405 -0.58301612955772719 4.9159227415546276 19.455051581717306 16 32 38 0.38898295247841336 121 180 124 89 118 145
406 4.6016715324695117 -1.2034315213236531 22.218508152957526 81 120 166 0.58152822653424041 121 211 124 179 118 198 111 225 109 234
407 3.7308141352959363 2.2966997568649155 21.093220118474271 137 170 225 0.43881019530235438 116 147 118 202 115 265
409 -6.3091234083970793 -4.8782706955768731 21.30561720566331 92 92 86 0.50247690588087346 121 156 123 102 118 209 127 100 122 101
410 9.2420820564477388 -4.953332764036336 23.25043821621604 37 39 30 1.3018060291064557 127 64 118 210 119 239 116 116 114 258 111 278
411 4.6016715324695117 -1.2034315213236531 22.218508152957526 81 120 166 0.58152822653424041 121 218 124 203 118 227 111 256 109 236
412 -2.5517041720182161 -9.6580709124567772 24.27099588287054 0 0 0 1.1038877532983129 123 139 124 157 125 150 126 118 127 119
413 -4.5501751621884798 -3.1206879002765771 20.874782681184239 90 96 93 0.20355543512712604 121 11 124 9 118 12 119 11 115 9
414 -4.5501751621884798 -3.1206879002765771 20.874782681184239 90 96 93 0.20355543512712604 121 12 124 13 118 13 119 13 115 11
415 1.6911287159818273 0.86269645174108955 21.600547450520793 122 149 190 0.50346407255977943 121 30 124 42 118 29 119 31 115 24 114 25 120 32 112 27
416 3.7203954411459796 0.70987396923483503 21.888699837261235 129 159 212 1.9565557060364231 121 42 124 49 118 36 119 39 115 80 114 45 120 50 120 81 111 126
417 13.34361983176346 -4.6169201722479407 25.767679581100762 113 115 110 0.26072020496206377 121 51 124 60 118 55
418 2.3233071554375431 -3.2067403174078439 22.563083335296966 9 18 33 0.76396891572936887 121 105 124 129 118 114 119 90 115 100 114 65 120 70 111 74 112 87 113 60 108 82 110 78 107 79 109 91 106 81
419 12.885137099457175 -4.4742551624960551 25.890617372527373 113 114 106 0.54099461670287163 121 186 124 209 118 179 119 161 115 135 114 110 120 76 111 53 112 74 113 74 108 44 110 47 107 47 109 46 106 50 105 36
420 11.667089725336032 -2.851914529921586 25.644338431166254 42 45 34 2.0521347480326573 116 194 118 207 113 185
423 8.3400547725804746 -6.1466182900971438 25.94438401289176 31 35 25 0.60402494156596798 121 15 124 19 118 14 119 21 115 17 114 13 120 14 111 12 112 13 113 11 108 11 110 11 106 13 102 8
424 9.837477446663371 -8.9617160146203982 25.39012578283846 66 67 60 1.1482642546952913 121 49 124 44 118 38 119 40 115 45 114 42 120 43 111 39 112 37 113 41 108 39 110 34 107 29 109 30 106 41 105 25 103 24 104 12 102 9 100 15 101 11 99 9 97 9
425 11.087769531039509 -6.1613065589171923 27.122109627945314 85 86 77 1.0088491080465309 121 47 124 37 118 48 119 29 126 35 117 35 115 25 114 21 120 26 111 24 112 29 113 24 108 30 110 21 107 32 109 33 106 27 105 20 103 19 104 14 102 17
427 10.523548655489558 -3.3512035354099923 24.737008342695272 38 40 31 0.61436152143440304 118 15 121 16 119 16 115 14 114 11 120 12 111 11 112 10 113 9 108 10 110 10 107 11 109 14 106 10 105 10 103 6
429 -1.1959241096650826 -4.0861486733388173 4.1563920770570588 0 0 0 1.4295721915839499 118 124 121 25
430 -5.268094023540697 -12.063678536385366 14.972318143612759 103 106 107 0.39664255227795681 121 62 119 34 118 51
432 -1.3175504320567077 3.1364437180084059 19.953076451411892 86 90 85 0.2103651022915875 118 77 119 92 115 124 114 71
433 -4.8661700967616754 -13.20467276239747 15.727263928278369 104 110 113 0.47547385071115622 121 121 119 95 111 92
434 -8.4173679087550752 -13.52135082048787 17.771250025073822 53 58 47 2.4716458263449099 118 127 119 96 121 123 115 61 115 148 114 63 114 137 120 35 120 136 111 154 112 40 112 136 113 30 113 137 108 40 110 133 107 180 109 185 106 155 105 112 106 42 109 43 105 40 110 40 107 52 103 169 104 47 104 186
435 2.9140416123789499 -3.0518414300307035 22.349976636916843 76 118 166 0.23690650124914137 118 113 121 104 119 119
436 2.3020853141776003 -3.1822695580828331 22.509484797262814 10 18 30 0.81194548570338332 118 115 121 94 119 122 115 85 114 73 120 73 111 71 112 76 113 76 108 64 110 65 107 70 109 87 106 72 105 55 109 63
437 -1.2745594154659594 -3.2428012028986943 21.410039912861805 7 24 47 0.81107430689599969 118 136 121 135 119 128 115 113 114 152 120 146 111 169 112 95 113 118 108 122 110 153 107 143 109 104 106 130 105 99
438 10.702886567683061 -3.9141001594882434 23.865379722756387 37 39 32 0.72508291036824779 121 113 119 142 112 99
439 -1.9345647832110913 -1.8188239805074311 20.482435675789606 2 24 47 1.0617903395132418 118 120 119 147 115 168 114 156 120 151 111 144 112 128 113 126 108 141 110 120 107 163 109 116 106 121 105 106
442 -1.9345647832110913 -1.8188239805074311 20.482435675789606 2 24 47 1.0617903395132418 118 148 119 164 115 138 114 126 120 126 111 122 112 162 113 156 108 126 110 158 107 147 109 115 106 142 105 101
443 -4.3052841425427548 -6.7667843966923762 22.180928901947251 50 47 42 0.31423195353350669 118 226 126 127 119 234
444 -4.3052841425427548 -6.7667843966923762 22.180928901947251 50 47 42 0.31423195353350669 118 215 126 102 119 236
445 -6.6397495630003869 -4.292104200581746 20.884672616821891 89 91 82 0.59537679242018748 118 203 126 146 125 109 124 159 119 241 115 221 111 230
448 8.4660467289239527 -6.2528935720378476 26.438664908736634 32 33 27 0.92279804648625818 118 17 119 15 115 12 121 20 114 12 120 13 111 10 112 12 113 10 108 17 110 9 107 20 106 19 105 9 103 5 104 6 102 6 100 13
449 2.4896897670150144 -2.6901219018697948 23.125521636392907 89 122 166 0.35909493916224616 118 18 119 22 115 19
450 0.33240473013287941 -0.26103669410955921 22.031697682637599 14 24 31 0.65254870049986491 119 25 115 20 114 18 120 18 111 14 112 16 113 12 108 18 110 13 107 22 109 18 106 11 105 24
451 -5.6698819350976795 -15.045622579025748 17.215983782398798 254 255 251 0.85759466118506045 118 24 119 26 115 23 114 16 120 16 111 18 112 18 113 13 108 15 110 16 107 16 109 23 106 16 105 17 103 17
452 1.9957719732925721 -1.8934619869844502 22.178887884588082 5 15 24 0.80752633655749351 119 65 115 87 118 111 114 75 120 71 111 68 112 77 113 78 108 66 110 67 107 73 109 76 106 73 105 72
453 0.075568792031600468 0.58498081568077953 23.131235676196045 74 84 81 0.84125025343812176 118 74 119 69 115 88 114 70 120 62 111 58 112 55 113 50 108 49 110 43 107 58 109 50 106 46
454 11.085757613803926 -8.6999200262219354 26.015772222547852 70 72 63 0.20839919061232981 124 106 115 107
455 2.4098885900577289 -2.4579397503503566 22.180743914267349 91 123 168 0.76634162801314853 118 112 119 117 115 108 114 117 120 113 111 110 112 106 113 104 108 99 110 95 107 71 109 74 106 92 105 104
456 -1.1326634764016406 -1.6562376929822 20.729992407394292 30 45 45 1.2038976747779075 119 178 115 140 114 128 120 127 112 129 113 128 110 121 106 173 107 208
457 -1.9986064605770384 -2.8657923154927269 21.073355358601756 0 22 48 0.52446593878774128 118 147 119 163 115 166 114 125 120 149 111 172 112 159 113 153 110 97 107 97
458 -1.1427014141512601 -1.6685859259405793 21.014831239742623 30 45 45 1.2532573905378588 119 189 115 171 114 158 120 153 111 175 112 164 113 158 110 160 106 167 107 228
460 2.4528195285447114 0.52198365645138034 21.315950596617906 120 150 201 0.69822669677558491 119 153 115 202 114 186 120 158 112 167 111 105 113 163 108 170 110 186 107 168 109 163 106 174
461 3.6908319904158793 -0.27691202227240941 21.530491016011652 29 43 63 1.5921710675619023 118 153 115 217 121 141 120 249 111 221 111 281 121 213 113 250 108 194 106 219 105 176
462 4.0791999202525693 -12.605101973577131 30.099096019522374 157 146 138 1.7013254541140701 119 223 124 188 115 229 114 256
463 -10.304759015430385 -13.500851509142995 18.186496680698038 170 170 165 0.49218471107609346 118 172 119 205 124 114 115 244 121 124 114 221 120 217
464 -5.8571897137120663 -6.2684019319068458 24.517540233916765 52 53 44 1.4991112439123027 119 226 115 275 114 229
466 -3.3638783055757253 -0.17972159848515934 19.850600263681475 30 89 138 0.51862053397123165 127 93 117 98 126 74 125 81 116 92 123 87 122 75 115 115 127 79 117 79 126 82 125 92 116 81 123 82 124 97 122 84 121 93 118 102 118 103 119 102 114 107 111 73 112 86 113 59 108 81 110 71 107 75 109 84 106 80
467 2.7042669144225386 0.55852164987551967 23.539740880630191 120 151 202 1.4785476160336104 119 12 115 10 114 9 120 9 111 8 112 7 113 7 108 7 110 7 106 8
469 10.023715153388221 -13.985403748398506 28.248296184879703 137 137 138 0.24698364097479494 118 79 115 91 121 81 119 97
470 -7.6565043536007433 -14.1891383161681 17.650442496102436 60 64 61 1.1573849767906652 118 125 115 146 121 122 124 112 114 135 111 151 113 134 108 110 110 131 107 130 106 123 105 111 102 81 101 95
473 13.798741379054739 -5.5990994730136343 28.145107510578647 65 66 59 0.8875576214883214 118 98 115 57 114 66
474 -10.338189339095035 -12.958719436880809 18.006641057139216 70 76 72 0.61356863001195516 118 53 119 79 115 79 121 64 114 96
476 -5.9116906722194651 -14.899628652159089 16.06085861617521 254 255 249 1.3829928533546629 118 62 119 94 115 101 114 94 111 90 112 120 113 89 108 86 110 90 107 111 109 122 106 83 105 127 103 105 104 106 102 101
478 -7.8988080796106477 -15.29609874588904 18.260014875151832 208 195 182 1.7195981873279125 118 170 119 187 115 184 124 205 116 166 111 138 120 165 112 171 113 168 108 135 110 166 107 156 106 134 105 146 109 192 102 179 107 219 106 194
480 -10.493626333306489 -13.365227526668384 19.188671302790617 126 125 126 0.97712012957326522 118 174 115 204 114 169 120 140
481 -8.0644748316250716 -15.684899335224127 18.731265955328478 208 195 182 1.153173963001473 118 164 119 174 115 214 120 133 111 132 112 135 113 133 108 108 110 128 107 127 106 116 105 138
483 -7.2352784524841915 -15.048212187184069 18.129589812399999 253 253 253 0.86299908825054095 118 196 119 207 115 255 121 165 124 149 116 167 111 200 108 187 110 223 107 221 109 194 106 196 105 181
484 -10.679760548506479 -14.054887327027282 18.226654582253051 82 83 74 0.47594081464939963 118 158 115 270 119 233 121 178
485 9.932014928549151 -5.3390665468297529 26.045837669112352 35 40 32 1.1908616807051635 115 2 119 2 114 2 120 1 111 0 112 0 113 0 108 0 110 0 107 0 109 0 106 0 105 0 104 0
486 13.368586260902699 -6.3285945700191411 26.705818920496299 67 67 60 0.2919469150980098 115 26 119 32 114 26
488 1.2954442295959481 -1.0943430253967921 22.816178718897639 96 129 175 1.0173387859931722 115 44 121 52 114 43 118 71 120 31
489 12.137541622427964 -2.5013222568196181 25.882309347662716 113 113 109 0.52979125123614101 121 50 114 58 120 75 111 55 113 46 110 66 107 44 109 47 105 42
490 9.0919082074328408 -7.7251023404470454 26.34218717781528 85 82 71 0.63053416048695721 115 119 119 104 114 111 111 140 112 178 113 123 110 117 106 140 103 99
492 1.93161129466569 -2.6276712013573604 22.17142019652378 87 121 166 1.0356055552817409 121 68 114 118 124 101 120 97 111 111 112 107 113 105 108 100 107 98 109 106 106 101 105 63
493 12.126655645682968 -3.6365012768361353 24.461829450171592 52 56 47 1.1320705500106556 115 136 119 162 114 124 112 122 113 98 108 83 106 82
494 -0.72470070818082366 -2.5466995406667468 20.245258554845989 0 28 57 1.2707733595331068 115 167 119 118 114 155 120 150 112 160 111 143 113 154 108 140 110 119 107 96 109 107 106 113 105 109
495 -8.5026377389075058 4.8504980974880079 26.484510354685277 90 99 98 1.1472750671722372 125 144 114 175
496 -7.9610460075478695 -2.8394837366240768 20.443888534708751 85 89 83 1.1346062311662601 114 198 120 236 118 193 112 203
497 9.6926834336044614 -5.7083156215603541 24.911732005396793 88 89 77 1.6506533910614982 119 231 125 133 114 204 120 204 111 180 113 210 110 235
498 12.607928714393699 -8.3005443390642277 27.201775676400992 77 79 70 0.81419193871319928 115 160 119 139 125 132 114 207 120 172 112 153 113 182 110 148 108 174 107 140 106 177
499 15.383731406592034 -11.431418248865983 28.443025063533238 121 127 125 0.77425144488748376 115 157 119 137 114 209 120 206 111 213
503 1.2482937743370828 -1.0714716570152185 20.729099616951917 101 134 181 0.65849093873659159 114 37 115 36 120 23 111 26 108 21 110 22 107 31 109 31 106 29 105 23
504 1.6197774637836153 0.8486823505531832 21.224299128117082 155 179 219 0.56158270171375235 114 27 115 27 120 30 111 23 112 21 113 20 108 29 110 24 106 31
505 -5.5608151948437472 -13.174394677491355 16.549036565034204 108 111 110 1.7851881919352781 114 29 115 256 120 34 111 21 112 36 113 18 108 28 110 20 109 29 106 24 105 148 111 204
507 -8.4849647587237023 -12.972044208869008 17.87365991611945 124 121 110 1.692125986986992 118 173 120 95 111 96 112 105 108 168 110 111 110 137 106 89 105 90 103 118 104 118
509 1.9772692771196512 0.067410311948077062 21.690543534852335 117 148 194 0.92965495504989526 114 105 115 120 120 103 111 108 112 102 113 101 108 98 110 92 107 74 109 78 106 105 105 76
510 2.4728409376638698 -2.4544009724548368 22.732229769478657 101 133 178 0.77531759524144261 114 108 115 127 120 106 111 106 112 110 113 110 108 94 110 104 107 78 109 90 106 96 105 97
511 -8.8086947766813548 -13.644498191945134 19.002108161303877 124 121 110 1.0399800450798322 120 111 111 206 112 192 113 200 108 148 110 246 107 181 106 156 106 192 106 203 107 193 110 244
513 2.0131472539874653 -0.57996730966337828 23.511506670968227 105 138 188 1.2613111691158048 114 246 120 169 111 183 112 190 113 254 109 168 105 143
514 -0.85015204983888759 -2.0659329292938393 21.716148603523049 39 90 127 0.67075812767574683 114 173 120 191 111 174 112 161 113 155 108 124 107 145 109 143
515 5.0188188826676585 1.5118385696835035 21.727758293295256 7 31 56 0.68106671452413714 114 233 115 253 120 196 107 154
516 5.1209205599113021 1.5695769050757733 22.056451487752781 7 31 56 0.97111403846850153 114 248 115 267 120 202 111 127 112 208 113 175 108 129 110 162 107 152 106 115
517 -9.1531986794367501 -12.541168585369032 16.296852934538805 175 177 170 1.8245304737813655 123 50 120 230 116 51
519 1.1736083055401101 2.5873679356022374 19.515408712893844 96 129 169 0.63570583464800801 114 253 115 262 120 254 112 211
521 13.896816596482767 -12.711911541536816 27.963590171213319 106 109 108 1.6749515890540807 118 185 115 78 119 121 121 187 114 93 120 68 111 61 112 73 113 71 108 78 110 62 107 69 109 61 106 69 89 134
522 1.4147681138105961 2.7546078291225955 19.078820799268822 99 131 174 1.3894830324175196 114 197 120 242 115 264 120 255
523 1.7648379245434906 -1.2957433591208518 22.239844866164049 119 149 196 0.79616600431381601 114 112 120 102 111 109 112 104 113 103 109 89
524 2.3353277694375216 -0.55196525810616881 22.997001203340908 139 168 218 0.82586734869806266 114 129 120 129 111 123 112 166 113 161 108 159 110 188 107 150 109 149 106 179 105 105
525 6.070595910264724 -7.756649938173708 13.840147132453891 0 0 0 1.8645451148703938 115 233 118 178
526 -0.023310550084208174 -4.127639040844679 20.150792786840583 0 0 0 0.32198622838158431 120 11 124 10
527 -3.8267244930421533 -15.794244232819864 15.300259684848413 253 255 242 1.2138387719036783 114 14 115 21 111 19 112 15 113 16 108 13 110 19 107 15 109 22 106 15 105 16 103 16
528 -0.32636051538209143 -1.4595302406354469 23.766584676356921 64 112 158 1.7064694929381912 120 22 111 25 114 36 112 28 113 27
529 -7.6548270448489593 -17.413600890145595 19.391834783539696 189 180 163 1.2490368528901101 114 22 115 28 118 61 119 33 120 28 111 32 121 60 124 96 112 22 113 23 108 20 110 28 107 26 109 27 106 23
531 11.144715655328985 -14.407430704534759 27.291376347186475 141 147 145 1.3058431023596384 114 55 115 93 120 54 111 52 112 57 113 45
533 -5.4408413286924251 -15.836755469163684 15.517150078074057 250 253 246 0.65435351958291177 114 80 115 75 120 65 111 66 112 62 105 53
535 -4.9706584283600987 -14.618490864420545 16.915297592247622 251 255 251 1.1121346890429353 114 95 115 98 119 78 120 94 111 91 112 119 113 91 108 87 110 89 107 110 109 96 106 84 105 164 112 228 113 198 120 170 110 221
538 -3.0345090883063244 -14.85940968320085 16.159608660836433 111 113 113 0.48069379562898995 114 191 115 212 111 149 119 173
539 -8.873415381013988 -12.030909533747304 17.482951889941614 110 111 111 1.9977734323552003 120 179 111 161 112 218 111 210 113 202
540 -1.9465127298051774 -7.9869622980137231 20.175810633962293 91 96 93 1.3853194705065528 114 180 111 165 112 151
542 -5.9971947371290995 -14.208993591317357 15.861888551677266 222 209 200 1.9433215664564203 111 181 112 229 108 145 106 152 103 172 124 107 102 190 100 153 101 117
543 5.1315216364290039 1.2959072428865817 22.810113373986045 60 74 72 0.7902808430620607 115 268 111 186 113 248 108 169 110 190 107 151 109 118 106 144
545 -3.9224290876221781 -15.590015599011048 16.259770277897864 72 62 57 0.92189135264142286 114 190 115 209 119 171 120 175 111 192 112 199 113 171 108 161 110 199 107 169 109 183 106 149 105 158 103 133 104 135
546 -6.4182972482683622 -14.281725942266457 16.911137993670255 127 135 236 1.9258762819782116 115 273 120 223 111 194 114 255 111 265 113 226 105 195
549 1.5090206035985358 1.4901416686699351 20.639639236726715 141 160 191 0.69586173237378901 121 143 111 218 113 251
550 -8.7991723654931064 -1.7064652465488901 20.383898559963509 49 52 47 1.3186185752574755 120 243 111 223 113 255
551 6.497362771562762 -10.466663024923593 17.474465415949435 134 142 138 1.8135794192500805 115 234 120 212 111 240 114 244 119 199 100 183
552 -7.8214023328740412 -13.21980979727971 16.887869195245905 194 189 180 0.90853588715248279 114 189 120 229 111 247 109 235 105 202 103 175 104 136 102 142 102 175
553 -9.4439566503052124 -2.2558915451895225 23.724578444862228 48 50 43 2.3341434635106406 119 188 111 255 112 241
554 -8.7991723654931064 -1.7064652465488901 20.383898559963509 49 52 47 1.3186185752574755 120 237 111 257 113 236
555 2.1119351159297675 1.8243237285556244 0.77194881334913523 0 0 0 0.019371963391763326 116 76 124 102
557 -3.9224290876221781 -15.590015599011048 16.259770277897864 49 53 56 0.92189135264142286 114 177 115 182 119 186 120 198 111 196 112 182 113 188 108 165 110 176 107 186 109 177 106 182 105 160 103 141 104 174
558 9.1266468833957255 -8.5766446272807038 25.953450132233382 114 118 115 1.9270798644677842 114 116 119 126 120 114 124 124 115 159 117 116 126 95 125 128 116 135 123 122 124 158 121 179 118 225 119 224 111 178 123 98 112 152 113 149 124 110 110 147 109 103
559 9.740911146272536 -14.069653984522102 27.550113178797549 132 134 133 2.1602508356317158 118 180 119 124 115 95 111 87 111 212 114 179 115 191 119 225 120 183 120 90 114 99 112 243 113 181 108 77 108 152 110 61 110 182 107 68 109 88 106 68 106 161 105 80
560 -3.1758774982778335 -15.440371577120517 16.319810223934873 239 230 221 1.2664022824164529 114 79 115 141 120 64 111 50 119 172 120 168 115 99 119 83 112 65 112 212 113 64 113 131 108 53 110 42 110 169 107 53 109 41 106 43 105 47 103 35 104 30 102 112 100 138 101 92
562 -3.9564561162786265 -15.285299573102165 16.668597417042495 48 52 56 0.48339827401992846 114 133 115 213 120 176 111 193 112 134 113 196 108 143 110 195 107 171 109 119 106 151 105 128
566 -0.91266060194095433 -3.0859146392206225 24.381960037230041 24 90 134 0.62015901195040768 111 171 120 148 112 108 110 154 107 120 109 105 105 98
567 13.058078634328192 -9.8295318563834915 30.679503014438609 72 73 65 1.7801070221496196 119 86 120 115 112 114 113 108 110 102 106 104 107 100
570 -2.6103318879578818 -6.3698750360280236 16.779206411922452 89 92 87 2.8676422584279631 114 208 112 155 108 155
575 14.480983772531328 -7.1048653526225438 27.102258020320885 108 116 110 0.85987398713199881 114 205 112 245 108 119 106 164
579 10.297832227641392 -12.907368398514796 26.776582043923167 43 47 45 1.5155707394380733 114 100 119 107 120 117 112 96 115 105 113 111 110 99 107 115
581 -6.0436739296544983 -15.097499718077543 18.349927215347417 249 255 254 1.9445304731831297 115 130 113 92 119 156 121 120 108 88 107 93 109 97 106 86 100 50
583 8.0960801830126616 -5.8537171201348848 22.02924401326483 86 84 74 1.3405252442377709 112 156 115 161 113 187 110 236 108 172 107 190 109 167 120 167
584 -6.86455808893305 -3.9688273279950197 21.436635882812467 41 44 38 0.36230786717196917 111 229 115 251 120 244 113 208
585 13.187697959388021 -9.3090047789285713 23.595570637488343 35 38 36 0.94573404502185454 112 256 115 227 113 213 108 176 106 186
586 -6.9666013773528714 -3.9740421932199261 21.732017519184087 41 44 38 0.56224428138472438 111 267 115 220 120 234 113 234 114 200
587 -2.0155194683489452 1.2027433397673883 19.7872900088927 74 107 142 2.5689170695789243 111 177 112 201 113 194 120 100 112 101
593 -0.79865117196569069 -2.4569107582581879 30.195406823600635 1 24 50 1.0702036578018865 111 173 112 127 108 123 113 125 110 155 107 101 106 111 105 103 103 86
594 2.7463640225171284 0.84452763133720954 23.527002691972356 127 160 212 0.80625880829975627 112 130 108 163 111 107 113 130 110 189 107 175 109 151 106 157
596 -1.9353181517116897 -13.743208339329735 19.203534941848844 104 104 100 1.0575571140950517 108 26 111 34 113 31 120 53 110 25 112 43 107 27 109 28 106 25 105 15 113 93
597 -0.5697261579342302 -2.4050877622019438 -1.2345447326181462 85 94 88 0.019584588775747293 108 121 120 173
601 1.852630633603467 0.5836907645132372 24.308313924284871 149 177 218 0.53544108347913311 111 279 113 172 110 228 107 235 109 171 106 210
602 12.647661149165147 -15.0363400892988 30.77927961971421 38 42 38 0.14881645302560348 118 182 110 240
611 2.9666782474921916 -9.1560337066813506 9.9367291331216325 242 242 242 1.323395229720723 108 32 107 34 110 30 109 59 106 33 105 89 111 35 113 29 112 41
616 -6.8106611749555821 -9.3754669659295296 15.402267276518407 126 130 129 0.50515537253140486 116 62 107 49 109 45
646 -6.0757696676692046 -15.480452045917023 15.922483793146201 208 193 186 1.0500046013189366 108 59 114 92 107 85 112 93 110 83 109 60 106 76 105 52 103 65 104 72
647 -6.0608304307104159 -15.50007265888742 15.937935307456508 208 193 186 0.6816657421079767 108 79 111 49 114 91 107 86 112 64 120 85 110 77 113 51 109 73 106 79 105 58 103 44
648 1.2838288543942618 -11.391584458856411 11.21804240404188 110 110 105 1.0517747414152945 107 4 109 4 110 1 108 1 106 1 105 1 111 1 103 2 104 2 102 2 100 2 113 1
649 1.224890795116673 -11.278795061474135 11.070222749839614 110 110 105 0.65016095418514452 107 6 109 6 110 6 108 6 106 7 105 3 111 5 103 3 113 6 112 1
650 -0.33923112990008031 -12.512850266004213 11.523434413159647 254 255 249 1.4412656051311894 111 17 107 14 109 21 110 18 108 14 106 14 105 18 103 15 104 18 113 17 112 20
651 -0.35190855461914794 -12.443198166298195 11.429495757649846 254 255 249 1.3182210592820558 111 13 107 23 109 19 110 12 108 19 106 12 105 11 104 9 113 14 112 17
669 6.6565580511097107 -8.5501740969141959 11.889453282419943 147 151 154 1.3347348042859541 108 182 111 84 107 197 108 72 110 57 107 63 109 132 106 65 105 150 103 89 89 93 112 146
675 -0.21628032901575747 -8.6931187600953308 12.195633745025395 253 107 110 0.84970660503663042 107 5 109 5 110 3 108 3 106 3 105 2 111 3 113 3 112 3
676 -0.21628032901575747 -8.6931187600953308 12.195633745025395 253 107 110 0.84970660503663042 107 7 109 7 110 5 108 5 106 5 105 4 111 6 113 5 112 5
678 0.62287475753986576 -9.771895746492822 12.187651586498749 238 73 76 0.79133386546732876 111 81 107 92 105 78 108 43 110 54 113 44
679 1.7283834636294264 -9.7194720766235978 11.390656837157891 236 84 83 0.16518679872843886 107 107 109 109 110 96 106 100 111 119
680 1.7283834636294308 -9.719472076623612 11.390656837157918 236 84 83 0.16518679872844103 107 108 109 110 110 101 106 99 111 120
681 1.7283834636294264 -9.7194720766235978 11.390656837157891 236 84 83 0.16518679872843886 107 109 109 98 110 88 106 87 111 118
684 2.8079121623530714 -9.0679119697393435 12.02960555593442 89 88 88 0.70887473133286638 108 149 107 166 109 188 110 198 106 200 111 208 103 139 104 149 99 146 113 179 95 112 112 196
685 2.3907563203003299 -8.5693170624469222 12.195968024300846 241 210 183 0.44129682793237113 108 180 107 215 109 222 110 205 106 190 105 192 111 239 103 177 104 182 102 182 100 180 101 158 99 173 97 124 98 150 113 218 95 109 89 109 112 215
686 2.3907563203003299 -8.5693170624469222 12.195968024300846 241 210 183 0.44129682793237113 108 202 107 227 109 207 110 213 106 204 105 170 111 249 103 164 104 198 102 169 100 142 101 149 99 162 97 139 98 145 113 231 95 121 89 119 112 238
687 1.7055403158048088 -8.0068083992878663 12.324450230418341 158 146 140 1.0813352603429531 108 205 107 243 109 210 110 247 111 236 99 182 97 130 113 215 89 136
688 -1.8524368005343319 -14.042731611101647 13.60363274610765 130 125 121 1.3295472014392542 107 9 110 8 111 9 109 10 108 9 113 8 106 9 105 7 103 4 104 4 102 3 100 3 112 8
689 8.4099094906335914 -9.4482259245684723 15.155042821530364 128 134 135 0.63506381403473455 107 13 111 29 109 20 112 24 113 26
690 12.073723948494331 -12.147402441098949 21.621816513659457 128 134 135 1.5438595669514785 107 17 110 17 111 22 109 24 108 16 106 17 103 32 104 28 102 19
691 0.67768067178781166 -14.417645831754164 13.032627331437883 113 116 114 1.2101795894351979 107 24 110 26 111 40 109 25 108 23 106 21 105 26
692 2.4844990480183422 -9.0633075991381649 12.053835379905779 102 92 92 0.39148216218539744 107 35 110 32 109 34 108 33 106 39 105 38 111 33 103 28 104 32 102 28 100 26 101 22 99 33 97 29 98 32 113 33 95 25 89 20 112 31
693 2.4883305988034707 -9.0783465816342002 12.06948202116936 102 92 92 0.31890702498261542 107 40 110 33 109 36 108 41 106 38 105 39 111 36 104 35 102 24 100 29 101 28 99 34 98 41 95 27 89 23
694 3.2427059802829068 -10.179141955067042 12.542893863154525 85 90 91 0.92990892857370067 107 91 110 53 109 42 108 60 106 77 105 30 111 69 103 20 104 26 113 61 112 68
695 7.0129319009779794 -9.9334210072039149 13.747701823735129 128 132 134 0.091674768297041798 107 51 110 76 109 54 108 68 106 63 105 37
696 2.6846338889605161 -10.814848682541756 10.903566559765281 249 253 250 0.57004600366897307 107 88 110 74 109 57 108 56 106 54 105 132 113 58
697 2.5806874199832115 -10.330806937428699 11.05721047230328 221 224 229 0.63888124016536818 107 89 110 51 109 58 108 67 106 78 111 67 103 104 104 105 100 99 97 81 113 83 89 84 112 66
698 2.6991770377385635 -10.890090846819977 11.022696518394044 249 253 250 0.79807680417382609 107 84 110 72 109 64 108 63 106 60 105 126 102 158 100 166 101 145 99 165 97 144 98 138 113 85 95 115 89 116
699 1.6141836641424618 -7.8028087643358583 12.42248685946803 157 132 128 1.2473668250216927 110 73 109 65 105 68 111 88 104 48 100 55 101 66 97 55 98 59 113 72
701 2.048572294713296 -8.2534485248321801 11.853288258160672 100 93 90 0.23691104944934369 107 66 110 59 109 67 108 75 106 66 103 80 104 87 113 68 112 91
702 1.7750520620563401 -8.4894404038753741 12.247959303641471 167 142 137 0.9896927608682905 107 64 110 58 109 68 108 73 111 85 103 39 104 59 102 64 100 53 101 55 99 61 97 52 98 63 113 55 89 35
703 1.9246202105754422 -9.0948322566321167 12.005236356370183 186 155 148 1.0281911371067078 107 62 110 56 109 69 108 69 106 64 105 57 111 82 103 49 104 64 102 62 100 56 101 51 99 59 97 51 98 62 113 54 95 43 89 33 112 69
704 3.8520223862738812 -10.053979539467507 11.017594966089357 95 103 101 1.1135355256037593 107 90 110 52 109 70 108 74 106 62 105 77 111 70 103 196 104 199 113 84 112 67
705 2.7269369195147659 -10.473878584214615 11.364399717216058 221 224 229 1.1497925997458158 107 83 110 82 109 71 108 58 106 58 105 48 111 62 103 36 104 44 102 34 100 48 101 43 99 46 97 42 98 52 113 69 95 39 89 26 112 92
706 12.380600476795884 -5.2959329053744675 23.467651094017921 114 115 113 1.3266967585584597 109 83 108 61 111 112 112 53 110 172 105 66
707 2.7197839693752286 -7.9941841804350044 11.829638131473256 245 233 223 0.37522854678703899 107 80 110 79 109 93 108 84 106 55 105 56 111 76 113 66 112 89
709 2.048572294713296 -8.2534485248321801 11.853288258160672 100 93 90 0.23691104944934369 107 82 110 81 109 95 108 57 106 57 103 76 104 84 113 56 112 70
710 7.4355261185064023 -8.263702580055158 12.263378041683252 133 138 142 1.1079676142019643 107 117 110 143 111 64 109 100 108 101 106 108 113 113 112 176
711 8.7059264244659751 -10.600110414957724 21.28828585384446 105 111 111 1.401774232390635 107 114 110 98 120 116 109 101 113 109
712 0.78526262298625793 -14.323468971303134 12.437876771542822 114 117 116 1.375113797550872 107 125 110 227 109 120 105 124 103 81
715 2.570110884580278 -10.404702347939629 11.329329986095194 219 219 222 0.1764854315054781 110 129 111 150 109 124
716 2.5996059392940847 -10.120013165878646 11.526237626667829 92 92 87 0.35491569341239093 107 129 110 130 109 125 108 109 106 120 105 130 111 152 113 135 112 137
718 2.6741991947445416 -9.9090611907149082 11.673351841665957 254 255 247 0.56381148711335138 107 131 110 132 109 127 108 111 106 122 105 131 111 153 103 109 104 111 102 113 100 92 101 111 99 116 97 100 98 97 113 139 95 91 89 76 112 138
719 2.0960549054248823 -9.0124909564051841 11.599839176513068 125 91 88 0.24390004368918847 107 134 110 138 109 128 106 168 111 160 113 143 112 143
725 2.0960549054248823 -9.0124909564051841 11.599839176513068 125 91 88 0.24390004368918847 107 158 110 113 109 157 106 178 111 137 113 122 112 174
726 3.0104855044279342 -7.9482016788904302 11.618700408787598 82 64 47 0.25582378107293724 107 159 110 116 109 159 108 137 106 139
727 -1.5402812491615885 -13.744371718619151 12.482607917596356 115 110 107 0.7726579374649627 107 185 110 174 109 176 108 164 106 181 105 162
728 -1.6149647778569451 -14.200553968414196 12.971902984569377 115 110 107 1.5400527360037271 107 183 110 200 111 190 109 184 108 160 112 185 113 195 106 183 105 157 103 149
729 3.0089172157960009 -8.4306276404822995 12.143792595872668 164 129 103 1.1883994695108255 107 170 110 175 109 189 108 151 106 159 111 211 103 123 102 154 101 113 113 216 99 138 112 202
730 2.7617356315169337 -9.9098067423974516 11.311698406311825 101 95 100 0.19843342216000129 107 218 110 225 109 191 108 185 106 193 111 272 113 223 112 221
731 3.8289118381229619 -10.087841264319209 11.417262626334033 83 82 82 0.39692599131857553 107 220 110 224 109 193 108 186 106 195 105 182 111 215 113 224 112 223
732 3.9495702746521344 -10.414580994899355 11.300530395220054 99 101 106 0.46426492341222975 107 223 110 222 109 196 108 188 106 197 105 184 111 270 113 242 112 225
734 1.590918055984281 -7.83454658024844 11.884577589693242 155 143 140 0.19230333118367793 107 242 110 245 109 217 108 204 113 233
736 3.1805997419187872 -8.5380433287663244 12.154102811057859 246 223 201 1.292874290501294 107 214 110 204 109 220 108 179 106 189 105 171 111 238 103 178 104 203 102 171 100 143 101 164 98 155 99 183
737 3.9495702746521344 -10.414580994899355 11.300530395220054 99 101 106 0.46426492341222975 107 241 110 210 109 221 108 195 106 202 105 200 111 246 113 228 112 234
738 -0.27230150968825662 -14.072758415348526 11.295361649678018 215 165 138 1.0343154861192043 107 226 110 215 109 226 108 192 106 211 105 194 103 195 104 172
739 2.6288749298108565 -11.411706886437374 11.169301632549999 95 100 99 0.54834708533092213 109 231 108 193 106 228 105 199 111 241 113 256
740 2.6696896671217512 -11.510370644018748 11.311247282194564 95 100 99 0.53191984368915335 109 232 108 191 106 224 105 186 111 260 103 190 104 181 113 239
744 3.7808016881197175 -9.6611148897051145 13.565432714368104 35 38 41 1.2507152780001551 107 119 109 131 108 92 106 91 112 144
757 -4.3718444974747754 -15.111793859178668 16.686389911804739 251 248 244 0.33005658409049538 107 224 110 219 111 262 109 166 106 214 108 198
758 -3.6181697801147412 -15.382061926463168 16.927221611321485 253 254 253 0.32700686869406459 110 218 111 261 109 211 106 225 108 190 113 259
764 -6.4728392905134555 -15.867420233914901 16.966079381661622 188 178 167 1.2601164266565184 115 211 106 150 103 193
766 -1.5539768228349748 -14.336531443105553 11.746312326463828 215 218 220 1.8397044511233822 108 156 109 172 106 160 105 161 103 142 104 173
768 8.5706693964202518 2.219447897189164 35.521665184013138 0 34 77 3.800719569660763 115 271 106 216
769 8.3323227870347107 -11.605721123318666 17.471138610686197 147 154 151 1.2290003773818436 107 135 108 113 109 130 110 140 106 128 111 159 105 115 104 90 102 91 100 67
778 7.3756531658095819 -8.2124371785757546 12.139202087086533 129 132 132 1.0386832858612733 107 105 108 95 110 115 111 72 106 109 113 97 112 148
780 -3.2407452313922418 -16.757829781880435 17.243838407838616 115 111 108 1.4193135723958967 107 126 108 133 109 121 110 163 111 147 113 132 106 136 112 133 120 132 114 127 115 208
785 -3.9185989074410834 -15.232331514409008 16.228994172010371 149 114 115 1.3853622996086845 107 87 108 70 109 72 110 50 111 65 113 82 106 61 105 60 103 55 104 71 102 35 100 30
786 -4.3985180965532891 -15.540992866315017 16.649121779174099 254 249 237 0.99488015898960513 107 112 108 96 109 114 110 84 111 89 113 88 106 98 105 87 112 121 120 119 103 69 104 76
787 -4.3848911045197401 -15.247445625348604 17.346301009720083 251 252 252 0.32550871336509402 107 188 108 167 109 155 110 179 111 198 113 190 106 169 112 231 120 224
788 -4.6962332122699282 -16.153160204938224 18.6901879039528 251 252 252 0.95153622160057583 107 174 108 144 109 123 110 192 111 179 113 197 106 176 112 246 120 225 89 91
789 -4.4263697060008829 -15.125608795705926 17.17179257459054 251 252 252 0.99859931661071255 107 189 108 166 109 154 110 178 111 199 113 189 106 184 105 129 112 230 103 70 104 77 102 60 100 52 101 48 99 44 97 30 98 33 95 21 89 15
790 1.8343633064678821 -10.40427580867367 11.844054261601585 238 84 80 1.1853601808168412 107 41 108 37 111 43 105 33 106 40 110 31 103 27 104 31 102 22 100 24 101 27 113 37 112 45
792 12.061020458005242 -5.1681249978651271 22.949607522077951 110 116 112 0.90233137239635253 109 92 112 49 105 62
793 1.9166439824200439 -7.2817675177467125 12.778856070415994 108 98 89 1.8998249612524971 107 48 109 80 105 65 102 47 100 63 113 42 112 46
794 -9.6964917603891188 -13.05274617277999 19.110616647062454 11 18 17 1.2872654981127254 107 106 109 82 111 114 105 81 110 108
795 8.7150392816864066 -10.414454944773819 16.842999163985873 141 147 148 0.06273914974485989 109 86 105 83
796 -5.8082543983610107 -16.689715275341701 15.447181086429303 252 255 251 2.0503391274921268 112 94 105 86 113 87 103 68
797 -0.95053283775513331 -7.7978412418890359 13.518293255783098 98 97 89 1.1704062558576098 109 102 105 93
798 -9.1215913917999139 -13.289492397716154 17.656155973699622 84 87 81 0.37248748313790991 108 90 109 99 111 113 112 117 105 95 113 100 106 53 110 75
799 -1.5425868730455878 -13.548627305641334 11.571499315398006 246 220 209 1.0123095509752853 105 102 103 100 104 91
800 -1.2225062661969304 -10.530429061549102 13.388929045610377 105 104 103 1.475748043477209 107 121 105 110 106 107
801 1.5949187732475292 -9.3287718699666868 11.93437655541331 52 33 27 0.56010879285277704 107 157 111 158 105 113 106 126 110 136 104 113 113 121 112 173
802 5.9848475801828185 -8.7036775864979408 12.144436684785427 122 128 129 1.7715353590171703 108 104 105 114 110 122 111 162
804 8.5848770887283656 -10.752049315281274 17.541824457268692 120 126 126 0.43240389262243667 109 134 105 118 106 131 107 136 108 115 110 142 103 92
805 8.2349937962508086 -10.444926587527398 16.860482858098322 120 126 126 0.20049656852403913 109 158 105 123 106 138 108 136 110 114
806 -2.9054083263961368 -11.164106501227566 11.503870956448724 59 61 64 0.75199027110197569 109 199 105 133
807 -3.9989001844688072 -15.522646164400673 16.999242052628095 59 61 64 0.664111612883999 107 187 111 197 105 134 110 177 115 185 120 199 114 168 118 169
808 1.5949187732475292 -9.3287718699666868 11.93437655541331 52 33 27 0.56010879285277704 107 132 111 136 105 135 106 137 110 110 104 130 113 142 112 142
809 1.9473932064748742 -11.167073342800355 14.728483954583851 52 33 27 1.9457127501696609 111 115 105 136 106 106 110 100
811 1.5564417364816598 -6.6381008731436442 12.161132369986921 106 95 86 0.063852461354995019 107 161 109 136 105 144
812 -9.3694202859967941 -13.953875695241639 19.631960665715628 125 123 111 1.2957402070911856 107 194 109 187 111 201 105 149 106 171 110 184 103 121 104 183
813 -1.3024078808237889 -13.041392978827099 10.646128805510306 194 200 202 1.6358891412151486 103 148 104 137 102 141 100 122 105 152
814 7.2656528977127772 -9.2613589028182783 13.250566624264836 171 175 176 0.81192535298946122 109 223 105 153 103 122
815 5.403927694230374 -6.2704978222204772 11.454611155681381 49 53 51 2.8106022989914545 107 113 105 154
816 0.57571043202123251 -14.579330765772099 12.596115160195954 254 255 251 1.8889677474710107 108 162 105 155 110 217 103 88 104 92 104 138 102 157 100 182
817 -7.8895276738058087 -13.913899314166578 19.064631626142337 226 217 215 1.7297992528795185 111 276 105 165 103 116 104 117 102 89 100 82 101 57
818 -8.9617302059628372 -12.589869983117616 17.711899039784651 104 102 88 1.1583497840265859 108 183 109 224 111 277 112 220 105 168 113 220 106 191 107 216 110 207
819 -7.8242942635411428 -13.668019214384254 17.943227801718386 230 222 219 0.47763042930303584 108 150 109 228 111 274 112 235 105 177 120 200 103 120 102 172 100 130
820 -7.8586320964408474 -13.266625338357922 16.964111843242964 204 200 197 0.95195522642761654 109 233 111 273 105 178 120 219 114 178 103 170 104 147 102 180
821 4.386618294279649 -10.237803096918375 11.527487682530552 123 123 120 1.4180955969723739 107 128 108 146 105 183 106 153 112 224
823 -8.9232526834168144 -12.520525542075495 17.551667063261622 104 102 88 1.3428324150016837 108 199 111 280 112 236 105 190 113 230
824 -0.52993290942737947 -14.603093671819968 12.167703360832343 196 152 125 0.4562457980232506 107 237 109 204 105 193
825 -0.52993290942737947 -14.603093671819968 12.167703360832343 196 152 125 0.4562457980232506 107 240 109 205 105 198
826 2.6793368491814249 -8.549984715939825 12.131537286435934 149 119 97 1.1804439553164712 109 133 111 237 105 116 110 202 109 219 106 188 103 90 103 161 104 119 102 84 100 108 101 96 99 88 97 68 98 71 98 151 97 125 113 147 113 217 95 80 95 108 89 52 112 147
827 -10.278568857266336 -14.93497352838253 22.87804415199707 116 123 122 0.22494480949837742 107 36 108 34 105 49 106 35
828 -9.8475763261615654 -13.086793536333589 19.225761130380352 11 18 17 1.4808047339588379 111 100 112 141 105 54 108 91 113 114 120 178 106 90 107 118 109 56 110 86
829 -8.842404817338501 -14.200924535718322 19.974893827957644 36 31 30 0.80289421214302836 109 225 111 205 112 191 105 163 113 199 114 187 106 125 110 135 103 119 104 180 100 60 102 66
830 1.9173630470907215 -10.367354913159808 11.782444945295936 242 88 86 2.139797596202976 107 76 108 71 109 81 105 79 111 83 106 32 110 36 107 33 108 31 111 38 105 35 103 29 103 37 104 34 104 42 102 31 102 36 100 28 100 31 101 21 113 28 98 31 112 39
831 3.2439709406313062 -10.833226381155084 10.440352352095026 252 255 251 1.6826447678533976 103 1 104 1 102 1 100 1 101 4 99 3 97 7 98 11
832 -6.5871387431353741 -17.048181269948412 19.937218110457987 252 255 251 0.87087165375627729 105 19 103 9 104 10
833 1.1760573627155237 -0.93886373833124248 12.241632277413188 159 190 250 1.6938724093859321 109 9 103 13 105 6
834 2.479089444341914 -9.0447805870063984 12.035812219661592 103 96 95 0.37880566068912497 106 34 111 44 103 30 107 38 108 38 110 29 99 35 97 33 98 42 113 38 112 42
835 0.55584504788142786 -13.835397176445827 12.350761928707685 116 117 115 1.4627742733318509 105 85 103 41 104 61 102 105 100 135
836 0.53061185309030712 -14.741141618780679 13.213475779093375 116 117 115 0.87657187315964324 105 51 103 52
837 5.3333690888773342 -9.4285542434181213 11.653190995782406 153 157 162 1.8903956971570086 105 137 103 71 104 202 111 101 106 52 110 41 112 97
838 -2.5677943447521105 -14.203980015596585 12.84945737925287 249 226 210 0.41318326653820253 106 145 103 78 107 153
839 -8.4934458487019686 -13.244957780366843 18.25439974939589 115 112 98 1.1251204649299136 105 100 106 97 103 97 102 135
841 -3.2421196613786352 -14.35401733792407 14.050560362479139 253 253 244 1.6050640522242177 105 197 103 102 102 108
842 -7.7036653463011984 -16.526817295904582 21.399533126961469 69 83 111 0.80509471488197626 105 179 103 111 104 79
844 2.9835335440888162 -8.4335057547957337 12.140934563934859 166 131 109 1.407585025927806 111 203 103 144 102 148 101 129 99 132 113 232 112 181
845 6.2709502715276715 -10.960909222775214 17.561238302248878 113 117 116 1.3879858162799878 103 156 102 130 101 105 99 141 97 93 105 172 95 129
846 -5.7581791434890475 -15.905906809626829 15.115090423063245 181 181 182 1.7084274910285018 103 187 104 140 102 107 100 129
847 -4.2728233645259017 -13.215224579349952 12.814664487057026 143 142 139 0.76701053917055118 105 204 103 189
848 -6.7820147890717211 -14.061541503592627 15.590442844983148 194 181 167 0.71471721154218371 109 198 103 198 104 196 102 188 100 154
849 -6.5320246876245598 -14.972337881864828 15.848452337680195 194 186 173 0.57314371036703027 103 21 105 28 104 27 102 26 100 23
850 1.940282846537922 -3.647929212700284 25.410010076577347 116 149 198 1.528399773496566 107 45 104 29 106 49 108 45 102 20 100 22
851 -1.0009390590994705 -12.709899544847948 10.662057531555716 154 158 161 2.1057976819963806 103 42 104 49 102 46 100 46 101 41 98 49
852 9.8981312862624762 -9.930385863146995 19.604174246355328 130 133 134 0.9165478206770773 103 54 105 50 104 50 102 74 100 38 101 34 99 39 97 39
853 3.8304319847696418 -10.206353542485543 11.326195048257352 99 110 110 1.5084215448707397 103 62 104 63 100 49 102 76 101 44
854 8.7744744864496873 -10.255294340350343 15.724107199773393 159 166 168 2.1393144499256045 105 91 104 68 102 70 100 36 101 33
855 5.4573989607736131 -7.0375544636552148 10.033083475647365 145 148 154 1.2621468934628046 103 159 104 81
856 6.7126741526998623 -8.2056248031081882 11.863317977240699 145 148 154 1.1753091943199383 103 180 104 85 102 155
857 2.6011825532597919 -10.302250284230142 11.385667572274341 166 169 172 0.66303537758177078 103 107 104 107 102 111 100 100 101 89 99 97 97 82 98 82 95 74 89 88
859 -7.6808259699544772 -13.63027302930746 18.269616298086664 113 110 105 1.2153281844974186 111 269 104 153 113 221 120 218
864 2.1795619713439138 -7.4947795799442902 12.003521463315248 98 95 92 0.68398761505277172 111 235 104 179 113 214 112 214
865 -7.2268569473955635 -14.046933381309806 16.105974957199457 220 212 200 1.0661700457800256 111 242 104 192 102 187 100 186 101 136 99 149
866 -0.50956121027238799 -11.93346217767489 11.302737283966081 250 177 147 0.98980633447539268 104 194 102 159
867 3.2313812383419589 -8.6550694538816995 12.310288848712306 243 222 204 0.26116547415286967 103 163 104 204 102 183
868 2.3503235335731198 -11.211693589208094 11.057011005831846 96 101 99 1.803811460749436 107 54 109 39 110 45 108 54 106 51 105 84 111 51 103 66 104 45 107 25 108 24 110 27 109 26 106 22 105 27 111 20 102 33 100 47 99 26 98 22 113 19 97 18 113 43 95 42 112 47 112 23
871 3.7515208815458525 -9.6201047978077696 11.656506896894999 112 116 115 0.60914408198810854 104 5 102 0 100 4 101 1 99 4 97 3 98 4 95 3
873 -1.0662071599520706 -13.274922110023727 17.767511309777557 100 98 93 0.99437257468274565 103 40 104 43 102 18 100 21
874 -6.846747081532758 -12.510503772258435 14.359264311645655 202 193 179 2.689780993088668 104 83 102 37
875 8.0784845792239146 -12.062108337031445 16.989227765597921 134 139 140 0.76141396056384814 104 62 102 39 103 50 100 44
876 13.37203519627573 -6.4825707294238697 32.967598683711287 90 88 80 0.82498028590431671 109 138 102 42 100 65
877 1.8245547813292786 -7.1007412281144839 11.818544012875719 0 0 0 0.878243591814028 103 38 111 45 104 38
878 8.198676857964001 -12.433916616310054 22.172079752509834 136 139 140 0.43054884791811698 118 234 102 73 121 195 100 57
879 -5.7926849531466074 -15.423065554585319 15.244206813946677 252 255 250 1.8554498895478253 104 73 102 77 103 67 100 70
880 3.074079893709238 -10.197940361475524 11.309583655887515 107 116 121 0.26762327016120202 104 108 102 78 100 101 101 109 99 115
881 -8.1120741857646053 -13.149326783517438 16.777802199284647 92 96 87 0.31398066774831118 103 75 104 114 102 82
882 7.7810453097599508 -8.4594211226077825 22.634801165275228 118 121 122 1.1456407201899017 103 87 102 90 101 36 99 87 97 61 95 48
883 -7.7652668458048391 -13.749202680841277 18.899326041145077 252 243 243 0.7228156681577188 104 132 102 92 100 84
884 -3.4027481999488631 -14.189112489634553 13.454401365529897 254 255 248 2.034594290893009 103 130 102 106 101 112 98 107 97 122
885 -7.8659891574254353 -13.46109327719307 16.985030097517772 223 216 212 0.30395499810490384 103 110 102 115 104 112 100 104
886 -5.9962305380630934 -13.686589113938554 17.266904606286349 251 255 254 0.39747873207911216 103 137 104 145 102 116 100 105 101 123 99 134
887 -6.8453759417385021 -13.610462744282261 17.818183609532564 70 74 93 0.45294353790211073 104 148 102 119 103 114 100 109 101 84
888 2.2355737921634375 -7.8785125786759336 12.395262136083479 128 119 114 0.67695318043749575 110 146 111 164 102 123 106 133 107 138 108 117 100 113 101 100 99 92 97 90 98 92 95 66 89 61
889 3.9750116736092442 -9.5221247102766107 14.338140478879005 104 106 105 1.3530526416479607 104 158 102 126 100 146
893 0.25875939594409836 -12.281106280769231 11.375889746089914 253 255 235 1.3420781491776994 104 93 102 143 100 137 89 10
894 -6.2541073519011539 -17.214590576945721 17.803104339749616 248 252 247 2.4434973180800945 103 132 104 189 102 145 100 160 101 137 100 156 99 152 102 150
895 -6.5370991209463014 -5.3513901670402282 26.280458241280495 59 61 60 1.1662275181599953 103 194 110 152 109 140 104 167 101 160 107 142
897 -5.261200376619021 -15.068269285258525 16.115380563586633 136 137 133 0.98974164073554538 104 200 102 191 100 191
898 -5.4328787978796003 -15.352818630902943 15.628618899033336 132 137 134 1.2383138773513636 104 190 102 193 100 161
901 -0.12562977609667886 -11.885008795501262 10.930734210017103 254 255 249 1.2831888138646377 102 15 115 187 100 9
902 11.081547183810715 -7.8188630425850976 25.422246387155781 65 69 60 0.88176331169751276 102 12 108 22 100 12 106 26
903 9.5601103924151101 -12.180872265257502 17.690750310918617 130 137 137 1.5800556428911148 102 27 104 11 103 23 100 27 101 24 99 32 98 34 97 24
904 4.8815383669967911 -10.25489568105022 12.051630177774294 117 123 123 0.89093036793143432 102 67 100 32 113 136
905 6.7680312324903182 -11.857582295145761 14.855568804541017 164 171 173 1.3001342372242615 102 38 100 33 101 26 99 21
906 7.5836062254391843 -10.825387692814376 18.19036457021679 140 144 145 0.936299745311584 102 40 105 41 100 37 101 25 99 31 97 25
907 0.16562989182765694 -3.9399918940156318 11.765106406601438 253 96 98 0.93203868568294246 103 34 104 40 100 39
908 -0.895315051180401 -8.6866397545532568 8.1529459984085939 150 148 146 1.0793446755667826 119 154 100 43
909 0.92279903760939608 -12.966889648332193 11.135456121440921 254 254 254 0.39441478120440898 102 104 100 69
910 -0.91474964484854415 -5.9378555030106916 10.334113949496418 0 0 0 0.12207088104516738 113 212 119 106
912 0.62712304989429835 -8.3911727997214633 10.918047254838699 225 71 73 0.88792258091432041 102 87 104 187 100 79
913 3.0287793979827224 -10.132745132211115 11.257709809051152 103 114 118 0.8204716024634312 102 88 100 91 101 90 99 98 97 83 98 83 95 75 89 89
914 2.6339456187166981 -9.760520483458162 11.581452170820228 255 255 240 0.42542887608691049 102 99 100 93 101 110 99 89 97 101 98 98 95 92 89 77
915 2.2488179430615691 -7.9065692609448268 12.411235062924181 125 121 111 0.8386667740728132 102 100 108 138 100 95 107 160 101 82 99 108 97 94 98 142 95 68 89 49
916 2.6339456187166981 -9.760520483458162 11.581452170820228 255 255 240 0.42542887608691049 102 98 100 102 101 91 99 100 97 85 98 85 95 78 89 90
918 8.6775470930948764 -9.7028719949392173 18.558623979866127 125 130 130 1.9494223551208121 103 125 100 115
919 6.5676553777796869 -10.769554094004517 18.538015714686939 106 110 112 0.38946957306745472 102 161 109 190 100 118
920 -0.27495397946212297 -8.6307071826838797 7.6507961281980705 0 0 0 2.9498226834627594 102 140 119 170
921 5.4734622996568421 -10.49213542700592 17.246684639367636 103 110 112 0.054247837375749071 104 122 100 121
922 -0.77339206932264426 -12.993594078618782 11.634481670153656 123 125 125 2.512701289669522 102 48 100 132 101 75 99 82
923 -0.71751886178527313 -12.283414505670589 10.968696564061727 123 125 125 1.6479394419399995 100 134 101 107 99 114 97 99 98 103 89 59
926 -5.891167329804917 -15.803731904404858 15.818421657797069 133 138 133 1.4762337902271021 100 163 101 139 99 176
927 2.6319172180448955 -10.717846515825832 10.933695287903531 188 196 199 0.70935661392301497 102 177 100 165 101 147 99 170 97 140 98 132 95 119 89 124
928 1.081497472471272 -9.2919809177605064 12.27194517786562 207 69 67 1.8488531281337577 104 152 100 168 99 104
930 -3.7809302285867474 -7.4240888455578045 23.662443884469127 58 62 55 1.4172758896558477 102 186 104 170 106 165 100 177
935 -2.5326721487619168 -12.698010873015532 13.003251524298998 134 121 119 1.1399042565893529 102 194 100 179 101 122 95 94
937 -7.7232084970365324 -13.616331302548476 17.793391845355917 193 188 184 0.88721643792439797 115 147 114 136 120 137 111 155 112 189 120 177 108 158 105 188 112 247 103 143 100 123 102 170 111 135 103 113 104 116 102 118 101 77 118 213
938 1.6316049011971459 -12.299234893430913 13.63586424514436 215 73 73 0.054909775016538903 100 0 101 0
939 -1.3545643235566314 -14.352563512555875 13.768603231748539 124 115 111 1.6877797124565759 101 3 99 2
940 -4.9861489740704332 -15.614741898913492 18.762180666039015 104 107 107 0.87283303647775501 100 25 102 29 101 16 99 22 97 22 98 25
941 8.0018133290967732 -11.418498098893471 15.207228529934076 197 204 209 0.78516263905112027 100 34 102 63 101 17 99 20 97 14 95 14 98 19
942 -0.27653505535225009 -1.8421371096637666 10.910847391288113 38 94 145 1.017522402449982 100 7 99 10
943 -6.3971296281029089 -16.564620483805466 19.342086930846566 250 255 251 1.2456708763260234 100 20 101 20 102 13 104 20 99 27 97 21 98 27
944 6.5151566759568338 -8.8694539995978641 12.257499973173639 150 156 161 1.4309783013706554 100 85 101 23 99 80
945 6.5151566759568338 -8.8694539995978641 12.257499973173639 150 156 161 1.4309783013706554 100 81 101 29 99 70
946 6.1836867308161718 -10.156389396888187 12.699320340309084 132 139 144 0.7363533964623763 101 49 99 37
947 8.0579311883620512 -12.71798904090682 15.73499150940464 192 198 203 0.72145955943305429 100 86 102 151 101 54 99 52
948 1.0170283556833757 -3.7639076193537719 21.276992078850206 91 130 179 1.4302685343268129 103 43 101 59 104 70
949 8.0579311883620512 -12.71798904090682 15.73499150940464 192 198 203 0.72145955943305429 100 88 102 137 101 61 99 62
950 3.0618396023526597 -10.242934297112512 10.870013407785471 130 140 145 1.3025514239411116 100 178 101 70 99 74 97 71 98 73 109 11 95 62 89 41
951 -3.8084680291425248 -14.91477437802328 15.461453926383724 253 254 246 1.1779573872928064 100 71 102 110 101 71 99 85 97 72
952 -6.4182607877833524 -13.82865872594008 17.73317565751686 75 85 114 1.2398148680594365 100 75 102 83 101 73 99 78 98 54 97 54
953 7.8568761118125279 -12.348088229583517 16.013189015055779 148 154 156 1.0784379636965391 100 107 102 117 101 79 99 107 97 64
954 -6.9090959390972468 -13.861734283741272 18.07138830459678 70 75 93 0.88045436012670886 100 94 101 81 99 79
955 9.296659423006961 -12.112322450088723 16.748619190159925 146 151 156 0.90583379465939273 100 110 102 120 101 101 99 111
956 9.7283227917774848 -12.07828587811097 16.874396392876125 163 168 171 0.87785151256057692 100 112 101 102 102 102 99 112
957 5.2019132383498015 -11.169673670674488 16.808369226997328 110 113 113 0.17841214672772004 100 127 101 104
959 -2.3377134352587192 -13.90373276253478 14.71494636307636 255 253 249 1.3055891667492865 100 158 101 119 99 101 97 50 98 75 95 37
960 5.8757912927233686 -9.0252024770207573 11.818554265791555 175 181 189 0.73718205070682408 102 114 101 121
961 -2.6278721325075409 -13.554890504894868 14.378681156172906 46 60 115 0.39357789847173513 100 159 102 178 101 124 99 123 97 103 98 86 95 90
962 -2.6278721325075409 -13.554890504894868 14.378681156172906 46 60 115 0.39357789847173513 100 189 102 192 101 126 99 131 97 87 98 99 95 77
963 2.9580217194096301 -8.9943587257924502 11.889726958311014 119 116 116 0.4307268333665018 102 196 101 135 99 147
964 -2.5225299769512932 -13.486249058527815 13.825890904944787 138 123 121 0.35287783756432622 100 164 101 140
965 -1.551410452034228 -7.8975111600792713 19.451416152777927 60 56 49 1.2293122828115601 102 185 101 166
966 -6.4088528747901803 -9.9272107369150397 15.356041798915342 31 35 37 2.6774683384445144 100 78 101 131
967 1.177057945831393 -8.9585011233464833 9.6775675281898206 0 0 0 0.72948506296445526 101 2 114 7
968 5.1151032070077438 -10.68421437027858 12.471645486229461 116 124 124 0.48827426018053827 101 15 99 18
969 -3.0485261800065953 -14.153227343262548 14.950233622003054 254 255 251 1.3282133179246021 100 19 101 14 102 23 99 19 97 12 98 15 95 17 89 11
970 1.6826223499892872 -12.651709600003676 11.159929044090818 106 110 110 1.6602352914891938 101 31 99 43 97 49 98 35 95 23 97 23
971 1.693161479993937 -12.707572567079531 11.179565517049671 106 110 110 1.4720642073429955 101 32 99 45 97 40 98 28 95 20 97 17 89 39
972 0.3109453729841386 -3.7571518722329222 11.757391353860411 252 98 98 0.58294039661776453 101 65 99 53
973 -4.8222359916305493 -15.098691951253571 16.203401100580411 254 255 249 1.6097270391028915 100 54 101 60 102 53 99 54 97 44 98 44 95 35 89 29
975 -5.6458166128532765 -15.723889238614031 18.711938060302625 250 255 251 1.5777896763978569 101 53 104 75 99 68 103 63 97 53 98 70 95 28 89 16 89 85
977 -0.65744294424610739 -12.648926767654519 11.454187938385864 118 120 124 0.87325714597570359 101 69 99 76
978 -6.2798187741300744 -16.034957283511734 16.407210955363276 252 255 248 1.7434378141191289 100 62 101 58 102 50 99 83 98 74 97 70
979 -6.229538793815431 -14.538894827920291 15.3314021419712 191 179 163 1.2789966147650877 100 61 101 52 99 84 97 86 98 76 95 95
980 -4.2743312432505984 -15.07577687250823 15.737937444916128 55 52 55 1.3439622408893099 100 136 101 127 102 139 99 91 98 100 95 60 89 57
981 -4.2743312432505984 -15.07577687250823 15.737937444916128 55 52 55 1.3439622408893099 100 128 101 116 102 146 99 103 98 87 95 58 89 42
983 9.645935447138573 -11.526163339943151 16.030449998539396 155 163 162 0.25174651579398366 101 125 99 140
985 -3.8132764956571594 -14.503006353034246 15.65814388710278 55 53 58 0.68815120521944972 100 192 99 151 97 123 98 120 95 100 89 107
987 -3.8132764956571594 -14.503006353034246 15.65814388710278 55 53 58 0.68815120521944972 100 190 99 159 97 148 98 143 95 103 89 98
988 1.4506703246016139 -12.69035788637806 10.914888337975139 253 254 253 1.2588338720588328 101 154 99 164 97 108 95 126
989 -5.9051056365686794 -15.857397321352048 16.493710892360479 106 110 107 1.4602355856144624 100 157 99 177 97 142 98 121 101 138
990 -2.8097743120860628 -13.915543373694542 13.607053748600272 173 171 168 2.0280063798659054 107 225 109 201 105 187 103 96 104 128 102 109 100 98 101 88 99 96 107 155 108 105 109 153 110 123 111 130 113 166 106 146 112 170 120 164 105 125 103 103 104 104 97 80 98 37 98 81 97 32
991 -6.3765594449666017 -14.720619378907692 18.208936242089536 248 249 252 0.47422264454528285 101 128 99 139 98 137
992 6.4383510031620617 -10.049579830701981 18.382711625458292 139 140 140 0.77453942939587561 101 40 99 55 95 31
993 -5.1928768297586094 -14.697724446702148 15.025800927121313 250 249 245 1.1909280119853349 99 155 97 84 98 84
994 0.49328649431792349 -9.0744423698987919 12.708155803938187 252 100 102 1.5548805618904264 99 6 97 4 98 7 95 6
995 0.49328649431792349 -9.0744423698987919 12.708155803938187 252 100 102 1.5548805618904264 99 5 97 5 98 5 95 5
996 0.36539350535495696 -12.551071812667816 11.032361010091364 254 255 249 0.35756085586146424 99 8 97 11 98 14 95 15
997 7.7505280996373713 -11.093992816265834 14.952515008107014 181 187 190 0.7192468461215793 99 17 97 13 101 19 95 10 98 16
998 -0.80895688631396379 -12.081392585680762 11.550935497494782 108 104 103 1.3191024512718184 99 15 97 15 98 21 95 7
999 -0.6286699576423127 -15.388192067909406 14.947017360966187 90 90 86 1.0408286233133432 99 42 97 19 98 40
1001 -5.6617425379285695 -14.055231381277309 17.921388412356805 250 255 253 1.1630012025381256 99 175 97 89 98 91
1002 -0.73498668998070493 -12.223480828487835 10.902289693987141 124 124 130 0.94784612290766312 99 94 97 97 101 87 95 70 89 60
1003 -0.16668835805629323 -12.131602716945139 10.247954944178339 191 157 133 1.2925515926935212 99 117 97 104 98 111 89 100
1004 -5.4541507365613926 -15.916342191503039 16.167300427606079 253 251 242 0.7258399828880947 99 153 97 112 98 118
1006 -0.11288402251569497 -12.745073500484244 10.545452145610577 218 172 150 2.4436498816903653 99 120 97 120 98 116 89 103
1007 -3.6058564126409256 -14.935509357040901 14.375178913269151 227 204 196 0.774990743746371 99 156 97 134 98 113
1008 -1.0511426479037023 -9.1459759195697004 10.915229325137249 121 112 103 0.48646906234268372 95 1 98 1
1009 0.56814016083429619 -9.3671582998211651 12.90019629199651 253 101 103 1.215311681172587 97 6 98 9 95 4
1010 1.7178157386541473 -11.329303831941274 11.143434310907763 104 104 104 1.4882985001048106 97 2 99 7 98 10 95 8
1011 1.5486686006954968 -12.058877868765313 11.11194648445626 109 112 112 2.2587797821501749 101 10 98 20
1013 3.3857907680931976 -9.8830958839429179 11.029197808901081 90 100 103 1.6147655425631537 97 28 99 38 98 30 89 27 95 40
1014 -0.67063237687141086 -14.707317826169501 14.516463997946424 94 94 90 0.88314658977996929 99 47 98 38
1016 -4.1988599844516452 -14.836112279717096 15.906861824922659 142 110 108 0.82421033688946621 99 49 101 47 98 45 95 24 89 14
1018 -1.0556826266022556 -12.490529233203786 10.778834534036326 135 136 137 1.8831786825531887 102 133 100 131 95 59 97 59
1021 5.1916434605967607 -9.076774770997428 12.114632272339424 151 157 157 1.6347066084334028 97 46 99 71 98 64
1023 -5.8037272593207474 -13.219183554967174 14.556263929876662 192 179 165 0.23001793600109047 97 102 98 68 95 102
1024 8.2696344444762637 -10.33801700050965 14.725524518782647 165 169 175 2.4412724526054315 97 56 98 78 95 47
1025 -0.03574341151086842 -14.133094282266876 11.897567755485905 238 175 146 0.45069845023050892 97 79 98 80 95 72
1029 -0.99424388902069538 -13.852796126219744 10.915816366496269 148 145 143 1.0939548714073382 97 95 99 127 101 118 98 110 95 99
1030 -3.3351158414368545 -13.922413336399956 14.187989372812224 239 216 202 0.81846727732831803 97 132 101 148 98 127
1032 -2.9544222672806777 -10.360983848267336 11.354548021436681 213 194 180 1.0138690011855498 97 141 98 134 95 73
1033 1.4828275007411349 -8.4826525826077361 12.312261765349525 194 63 56 0.64932649188395142 99 166 98 136
1034 0.82159219772447067 -12.129020454358798 11.167926058714956 254 255 249 1.5328768348200066 97 116 99 122 98 149 95 52
1035 -5.2697866718384754 -12.549357259119093 16.932543245714641 103 117 156 1.4311617061836515 99 65 98 156
1036 2.7566927930995009 -8.1892249577089036 12.227574707529159 245 233 223 1.1379401449870288 97 60 99 56 107 81 110 80 109 94 108 85 106 56 105 61 111 80 103 51 104 69 102 57 100 66 101 56 98 61 113 67 95 54 89 56 112 90
1037 2.7566927930995009 -8.1892249577089036 12.227574707529159 245 233 223 1.1379401449870288 97 65 99 50 107 67 110 60 109 66 108 76 106 67 105 82 111 86 103 53 104 60 102 65 100 51 101 67 98 60 113 70 95 51 89 51 112 72
1038 -2.7110248806911534 -13.258736326907295 13.179596429707587 111 103 97 1.6100214047589014 97 27 101 30 100 90 102 97 101 108 98 29
1041 1.6685397547872858 -8.9902369197897709 10.970046151792362 232 86 84 1.3388159857624262 98 39 120 41
1042 1.4089929557071597 -8.3808450662824754 11.243524783675015 219 84 80 0.48590649351373005 98 67 120 118
1043 0.61540385582808044 -6.6294009519887549 9.4399582137313498 0 0 0 2.5818401333255974 100 184 114 254
1044 13.843390754972381 -12.294449776792312 28.717372308803814 0 0 0 0.79963715470671659 115 195 120 187 118 186 113 173
1046 0.86390666850560704 -6.8165400003821972 10.518005303074904 0 0 0 1.7471819301330158 99 105 114 148
1047 1.0744014612891526 -9.0573018590194376 12.224995263482318 198 60 57 1.4427835319960947 108 114 107 167 110 141 109 117 106 129 105 167 111 209 103 117 104 155 100 106 102 134 113 146
1048 1.4321696252094533 -16.269570268995732 17.890306833763475 250 100 104 1.8006724259286149 97 0 98 0 95 0
1049 -1.0511426479037023 -9.1459759195697021 10.915229325137249 126 116 111 0.48646906234268716 98 2 95 2
1050 -0.64031822791397131 -0.81450226060774822 8.512307309138512 0 0 0 0.40101551812247038 97 8 98 8
1051 -2.2210032427965212 -12.117242267050885 12.458431060627431 124 119 114 2.4938455194733189 98 23 95 16
1053 5.36185186062837 -12.056688149507679 12.566682522906016 112 118 118 0.6503566544948377 97 20 95 19
1054 7.3795442390875463 -13.915070165409015 15.252559092755391 120 121 122 0.87548730050179513 97 45 95 33 98 46
1055 -6.4498668638630594 -14.511219946775052 18.124420413282778 67 80 122 2.0123632611467723 97 57 98 65 95 45 89 32
1056 -6.4324533349345661 -15.200300384946448 19.973521138564379 110 114 117 1.7133475089992896 101 9 95 46 99 16 89 50
1057 2.5368384169040574 -8.5374238917727432 12.304375290162486 239 239 220 0.26829504275552196 97 63 95 63 89 63
1060 6.2265241157459688 -11.733694625857106 18.497942826733617 113 115 117 1.453620135165371 103 157 95 82 104 178
1061 2.672501049159715 -12.947308900995735 13.986626376156673 52 36 28 1.1476619004217272 98 72 95 88
1063 -2.2167031864968463 -12.17808541197277 13.267052854816315 255 249 243 0.97916394476355273 97 143 95 97
1064 6.6758786796346898 -10.364335236246129 18.705466224443306 149 148 143 0.87301685056492817 103 155 95 114 104 201
1065 -1.1199907197462087 -12.522028828695598 10.824313400866755 140 144 144 2.2325717910070582 97 67 101 85 103 101 104 103 102 138 100 125 95 64 102 103 105 156
1066 5.3201259632525266 -8.5413475027529238 11.635442861319605 134 139 141 1.1432235071382804 97 16 95 18 98 24
1067 3.9859918605390563 -9.0345116972359687 11.516709352772491 108 114 114 1.1986533796056602 110 2 89 6 106 2 108 2 111 2
1070 2.2329962543967028 -6.9664955955110663 9.2277295697859056 108 115 115 1.4076167394669352 99 124 89 28
1071 -2.0164891806641512 -13.813887032943692 14.512775351284521 254 254 253 2.3759785829287976 98 122 89 37
1072 4.8184889513510294 -9.19916341740071 11.366306084407645 112 115 116 1.5862868081309955 99 72 89 38
1073 -0.32787549086257506 -12.130468086906525 10.764904418472083 212 178 169 0.29332686253296286 95 50 89 53
1074 -4.6974396387958786 -15.136402277116801 17.722936259944973 252 255 251 0.7409856424247887 95 56 89 78
1075 -1.3308780275381247 -13.390913238887961 13.714656946452727 151 138 128 0.04042915469221256 95 36 89 86
1076 -5.4641686988193801 -16.136183959684427 19.312587863287895 250 255 251 1.1589204360301835 110 209 112 232 89 92 120 180
1078 3.5966380559530253 -9.502869323814199 10.98089291166858 147 146 141 2.0107228737427971 95 133 89 112
1079 2.0760982871471088 -3.6719531151432094 11.537533156775559 123 123 123 1.0244480116470762 95 132 89 131
1080 11.816245587434588 -9.837975789883318 24.0084467291347 130 134 130 2.0951987950893165 112 150 89 133
1081 6.447013921099475 -10.502724033799721 17.541992481987997 0 0 0 1.5361612255383994 95 130 110 201 106 187
1082 2.0760982871471088 -3.6719531151432094 11.537533156775559 123 123 123 1.0244480116470762 95 134 89 137
1083 2.1753340042674019 -10.082224520580541 11.641378728668156 230 87 82 1.3913728979756839 99 81 97 66 95 41 89 62 110 164 109 156
1084 2.1468217453884799 -10.079077348037417 11.625069435419764 235 87 82 1.426497159502488 110 125 109 126 111 93 103 108 104 109 102 79 100 87 101 72 99 75 97 73 95 76 89 64 97 43 99 48 101 45 98 43 95 49
1085 4.6696652534649958 -6.5777667324315177 10.800240018155463 0 0 0 3.5736272873876924 98 89 99 57
1086 0.02999201970267612 -12.710582095715395 10.31170429371678 224 201 183 2.4033611024749932 101 68 99 73 89 125 100 120 101 146 99 125 97 111 98 109 95 98
1087 1.170149609739515 -11.016485177147237 10.729881905372707 0 0 0 0.11751360613021275 89 7 112 6
1089 -9.8680728842245671 -13.201828000808307 18.18453796641781 87 90 86 1.9206402341401663 110 139 111 157 120 123 112 140 109 129 106 127 118 129 119 131 115 149 121 126 124 115 114 138 120 138 113 140 111 156 112 131 108 112 110 134 107 133 106 124
1090 3.0716530025386497 -8.2010138271134796 12.143440312471403 82 63 47 1.9741204903659118 97 88 99 106 101 98 98 90 95 81 89 73 107 137 110 144 109 135 108 116 106 132 105 117 111 163 104 80 103 73 102 121 100 111 113 148 112 149
