# Frame list with one line of data per frame:
#   FRAME_ID, RIG_ID, RIG_FROM_WORLD[QW, QX, QY, QZ, TX, TY, TZ], NUM_DATA_IDS, DATA_IDS[] as (SENSOR_TYPE, SENSOR_ID, DATA_ID)
# Number of frames: 64
59 1 0.96411950035997152 -0.2319075800822879 -0.12796680342552297 0.017803385831634457 0.910981395231234 -1.9555352564389856 0.035747283783796754 1 CAMERA 1 59
67 1 0.96406681103354674 -0.23210252724701225 -0.12804000413748548 0.017588577248614637 0.91015928731750551 -1.9558710396361536 0.036591991633516695 1 CAMERA 1 67
70 1 0.96408793723044273 -0.23256041155100496 -0.12728238171628609 0.015789223242668599 0.90240906758160533 -1.9593669804971587 0.036985584107102482 1 CAMERA 1 70
71 1 0.96404735313834899 -0.23187523356388703 -0.12857180261586973 0.017772690813216079 0.91146056511371265 -1.9553483924188622 0.03657559222535256 1 CAMERA 1 71
72 1 0.96417588764073436 -0.23234964010079584 -0.12701362277903433 0.015685728092059186 0.90182714337784908 -1.9597185514565711 0.035625229368451243 1 CAMERA 1 72
73 1 0.96414908043105585 -0.23182164629191915 -0.12792960399225337 0.017586683508809462 0.91018553356703302 -1.955943942944022 0.035307256030402669 1 CAMERA 1 73
74 1 0.96406519863744988 -0.2317535240960498 -0.12857218140978488 0.018379091727438773 0.91379429004094093 -1.9539358900327695 0.036525942996933167 1 CAMERA 1 74
75 1 0.9640003474943355 -0.23100399098534938 -0.13026586375000765 0.019268910739991527 0.91909303809652942 -1.9509744413446701 0.036772164271247409 1 CAMERA 1 75
76 1 0.96398042424233876 -0.23246606215981863 -0.12792947869042251 0.018311747690065522 0.91247010663974493 -1.9533320679356654 0.038915956107990271 1 CAMERA 1 76
77 1 0.9642468127499616 -0.23176810169232501 -0.12747383767031201 0.016188015600428228 0.90453007592800139 -1.9571967992211694 0.035186935933584296 1 CAMERA 1 77
78 1 0.96414080173653582 -0.23209013317067148 -0.12760849421736525 0.016815371397227986 0.90681466903583818 -1.9553065246085244 0.037620771004629953 1 CAMERA 1 78
79 1 0.96422736150429644 -0.23234068747308895 -0.12667658898309483 0.015376673066801958 0.90014875345663381 -1.9571005942507516 0.037691674825985046 1 CAMERA 1 79
80 1 0.96425603802954141 -0.23087297675863419 -0.12862965160877116 0.019036135458253407 0.9165485923304848 -1.9484581842844826 0.037356840899339043 1 CAMERA 1 80
81 1 0.96409773600313953 -0.23212308819406174 -0.12771515268537187 0.017979631125933326 0.91117216293176917 -1.9525670192133904 0.038639763726718963 1 CAMERA 1 81
82 1 0.96414355735899615 -0.23172994782590889 -0.12810593182161312 0.017812981666693754 0.91097890802089021 -1.9529460602879238 0.037300831537005037 1 CAMERA 1 82
83 1 0.96431196513458528 -0.232415870495426 -0.1260080233018552 0.014397051909576245 0.89587467977444024 -1.9585309950138463 0.037518109745155487 1 CAMERA 1 83
84 1 0.9642050899907495 -0.23205168023054196 -0.12713062216331761 0.017273304445904115 0.90779199610048378 -1.9530669118794637 0.038222887779425382 1 CAMERA 1 84
85 1 0.96420508027494722 -0.23024529609198713 -0.13005025927727476 0.019560083369182125 0.92001856745747945 -1.9463525373989692 0.037882465042474625 1 CAMERA 1 85
86 1 0.96417423029672011 -0.23037891660644877 -0.13006490835773943 0.019409482962182728 0.91933457179001499 -1.9464134502670971 0.038706849775842891 1 CAMERA 1 86
87 1 0.9647600263290198 -0.23411899961047153 -0.1196016625455381 0.011037569268845355 0.86482893082125911 -1.977200460785737 0.089767211495886748 1 CAMERA 1 87
88 1 0.96423971187035218 -0.2316402882351366 -0.12758846389655198 0.017485388158158408 0.90898408434119604 -1.950674437823839 0.039151282816456495 1 CAMERA 1 88
89 1 0.96402539038538626 -0.23362002547455205 -0.12574193028159986 0.016300225723304015 0.90200984195001421 -1.9535231533769928 0.044007690491615389 1 CAMERA 1 89
90 1 0.96742205453251262 -0.2197965206445581 -0.12450372170588161 0.016819072448356034 0.90427994960440627 -1.891342144959258 0.088776696528345703 1 CAMERA 1 90
91 1 0.9643343644310014 -0.23329184676100786 -0.12424915573942305 0.014010535690528299 0.89242797386000428 -1.9553360602037244 0.049158223926114762 1 CAMERA 1 91
92 1 0.96123854314762858 -0.2495353082026876 -0.1073425782351098 -0.047224612496593515 -2.6383867202425102 10.06926764017877 -5.7524247442077643 1 CAMERA 1 92
93 1 0.96413209245688847 -0.22956256238124881 -0.13243712518957398 0.014517097477749515 0.95348873060685968 -1.9484938224685824 0.080471938270035917 1 CAMERA 1 93
94 1 0.96199333028594336 -0.24768202042521614 -0.10468379425244952 -0.04757890776755351 -2.6332624861450298 9.9603046571832046 -5.4179367608502202 1 CAMERA 1 94
95 1 0.96154774863350145 -0.2525815066342022 -0.095251566625087589 -0.050553423817857358 -2.0486203096607207 7.9203162931471294 -3.5687164804441829 1 CAMERA 1 95
96 1 0.96079078430947251 -0.25401688694361102 -0.10012375566229678 -0.048287922771043629 -2.3284263438603392 8.6330518297580188 -4.4847669503621752 1 CAMERA 1 96
97 1 0.96149233614291374 -0.25301654659794381 -0.095796070346048895 -0.04835522301000858 -2.2438595990411585 8.1794949908144297 -3.8717374041445174 1 CAMERA 1 97
98 1 0.95974097540474967 -0.25805432505695375 -0.098296088073729276 -0.051411132237497534 -1.7390648285141665 7.2041238920481421 -3.1089079247491447 1 CAMERA 1 98
99 1 0.96044242953990377 -0.25597090743364631 -0.095829289736755557 -0.053347739555031373 -1.6317658839774267 6.9673231377229357 -2.6927211110677747 1 CAMERA 1 99
100 1 0.96032173025136647 -0.25678467516964509 -0.094869890110635929 -0.053324562402681866 -1.2523398357519444 5.7988343411128342 -1.4431040922214071 1 CAMERA 1 100
101 1 0.96040746214178452 -0.25815769501251268 -0.091582348513556566 -0.050840777029314825 -1.6568120916514641 6.3063969240774593 -2.109077048008658 1 CAMERA 1 101
102 1 0.96084556865721205 -0.25560508561346712 -0.092382069522806698 -0.053920187601808833 -1.1827027675580122 5.5767486199782184 -1.1281364750085272 1 CAMERA 1 102
103 1 0.96159388402656387 -0.2526643754613711 -0.091852490065066766 -0.055326626901244749 -0.99653712870362599 5.1073961498821836 -0.51368027266878757 1 CAMERA 1 103
104 1 0.96116748758411807 -0.25358851013076084 -0.093807717487132625 -0.055227171580208581 -0.73085290754543186 4.4334110431592251 0.098256847303227701 1 CAMERA 1 104
105 1 0.96110165777175838 -0.25544912220834332 -0.087745640261976385 -0.057706602797084276 -0.65933608320124015 3.8671279960415061 0.79807200290514435 1 CAMERA 1 105
106 1 0.96077775170781254 -0.25551768121895252 -0.090988208574287799 -0.057775187651904404 -0.62476794469801611 3.946057647308864 0.60276848022365315 1 CAMERA 1 106
107 1 0.96021091490728905 -0.25796789091688727 -0.08863369063089574 -0.059930251409005271 -0.50105155138863267 3.5478498172752158 1.0706062911488867 1 CAMERA 1 107
108 1 0.96017486491530979 -0.25785452925907293 -0.089053454645510274 -0.060371787625913789 -0.48688787529728028 3.5553944532526951 1.0883878623330321 1 CAMERA 1 108
109 1 0.96583457543903983 -0.23972837591951984 -0.084947636905021814 -0.049777280457371495 -0.3824716535145567 2.0855856072548207 0.97494613468780078 1 CAMERA 1 109
110 1 0.96039299218066021 -0.25659684419240708 -0.089268035863543954 -0.061923968653834129 -0.3958548140193795 3.3314101852992288 1.0258311430694771 1 CAMERA 1 110
111 1 0.97016236474617978 -0.22755147184014532 -0.074631799313446087 -0.037886781662231285 -0.52109309370085621 1.5608461355742509 0.95464831867356204 1 CAMERA 1 111
112 1 0.97596233540480337 -0.21306614773252572 -0.045783275272270989 0.0020562750222742937 -0.76116420746502933 0.059508174876589846 0.86427917658111775 1 CAMERA 1 112
113 1 0.97365170514965604 -0.21954192584737692 -0.059966138005789316 -0.014413956676182128 -0.69551382696117148 0.54955791151516198 0.97581021568007165 1 CAMERA 1 113
114 1 0.97476737992846252 -0.2126619943438085 -0.063201155745190946 -0.024678839145849826 -0.6746929535193199 1.0994773955516215 0.94697705193757586 1 CAMERA 1 114
115 1 0.96032220521877998 -0.25746978727046488 -0.088288013579857771 -0.060793070861437253 -0.49177273325013543 3.5520683493100571 1.0900316493859628 1 CAMERA 1 115
116 1 0.96408208219815761 -0.24510259803045806 -0.087054176206926459 -0.053777556918458189 -0.36608962726930261 2.3149595109540915 0.99650347185702426 1 CAMERA 1 116
117 1 0.96129141454058775 -0.25347129799731394 -0.090033199907723169 -0.059708796140005904 -0.33910092037903239 2.7618279148115668 0.93836276948059372 1 CAMERA 1 117
118 1 0.97395136862912912 -0.22305573986276395 -0.038581500054421666 0.013279168395347631 -0.62830186460597048 -0.55416027621712871 0.77976929805277551 1 CAMERA 1 118
119 1 0.96789110567482917 -0.23561491482943339 -0.075868517367269961 0.043776563798085623 0.5518692824198449 -1.9313374991920651 -0.081911899876927111 1 CAMERA 1 119
120 1 0.97362150847958273 -0.22399011325523313 -0.03917884367610585 0.018830974431850576 -0.4829111271516548 -0.72239963870032831 0.77499943821317618 1 CAMERA 1 120
121 1 0.96956520144055292 -0.23349748705514922 -0.064176589093189088 0.036105527372335994 0.34441307291473039 -1.686372285225421 0.11050045774425148 1 CAMERA 1 121
122 1 0.97268873018168123 -0.22611313472499983 -0.045195869948682584 0.026586045624810789 -0.16123021207760169 -1.0454879612191146 0.56248164208247475 1 CAMERA 1 122
123 1 0.97221728255565543 -0.22338783376412993 -0.061294190756273986 0.033681647908020085 0.27960318162051617 -1.2728487924233969 0.257878888354376 1 CAMERA 1 123
124 1 0.96795790479959687 -0.2360759791104558 -0.075339203654605821 0.040615649886517176 0.56622082806069551 -1.9551414941280814 -0.053792867807718463 1 CAMERA 1 124
125 1 0.96907477987681701 -0.23090316147163192 -0.078379502971992185 0.037874193627952579 0.58009081459656076 -1.9145678247924829 -0.03901418459758537 1 CAMERA 1 125
126 1 0.97075618294874089 -0.19818471956756195 -0.12931807515456856 0.040399079631036859 0.93785283873611669 -1.7290245920643705 -0.00040459920048246478 1 CAMERA 1 126
127 1 0.97071250288809341 -0.19202799923645633 -0.13825226865719334 0.041578774117520811 0.99926310023787379 -1.6916351535704386 0.019272421961679703 1 CAMERA 1 127
128 1 0.97157599654312732 -0.2022381070626533 -0.11697678662555037 0.038161006062529798 0.84275280565844213 -1.744322646040154 -0.053210625988045795 1 CAMERA 1 128
129 1 0.97064973055406734 -0.19347859136155146 -0.13672208873436037 0.041378807524865467 0.98905766322694777 -1.6957786345538366 0.0043818666593619686 1 CAMERA 1 129
130 1 0.96973930903645322 -0.22110061622521021 -0.097235649414402256 0.035572721252304769 0.7145181167812068 -1.8718827533545797 -0.0073165067280945044 1 CAMERA 1 130
131 1 0.97057637409296871 -0.19268552551587409 -0.13806600662818819 0.042326919601623721 1.0008022878874658 -1.6939511991133807 0.018421863658929026 1 CAMERA 1 131
