# 3D point list with one line of data per point:
#   POINT3D_ID, X, Y, Z, R, G, B, ERROR, TRACK[] as (IMAGE_ID, POINT2D_IDX)
# Number of points: 621, mean track length: 7.7455716586151366
3 -3.8870068956975388 -2.8879052649924688 11.919489794382002 84 93 92 1.4862619755781898 124 5 123 2 121 3 119 4 125 6 122 4 120 7 128 1 130 2 126 3 129 3 131 3 127 3
4 -3.2266417729496766 -2.1712560093035336 10.138614305939541 84 93 92 1.0820515799825663 124 7 123 3 121 4 119 6 125 7 122 2 120 5 118 4 113 1 112 3 114 3 111 4 130 1
8 3.7646623348536536 -1.9153960523346996 9.8289737124758858 90 133 199 1.4877455105226649 124 13 123 7 121 9 119 12 125 13 122 10 120 10 118 8 128 17 130 13 126 20 129 22 131 22 127 26
9 2.3835572660331081 0.095065250052130068 9.5253017547297532 153 176 225 1.0379878916218901 124 14 123 8 121 10 119 13 125 14 130 7
10 3.8691388041495998 -1.927872267237035 9.9461392006353435 90 133 199 1.6911836205739188 124 16 123 11 121 13 119 15 125 15 122 14 120 13 118 10 113 9 112 10 114 12 111 10 117 9 109 8 116 10 110 10 105 4 115 8 108 8 107 8 128 12 130 10 126 16 131 26 129 25 127 20
14 0.088674977137145561 -1.2098163372870658 9.872023898617158 1 8 12 1.6475703341509347 124 22 123 15 121 17 119 17 125 22 122 15 120 18 118 18 112 25 128 19 130 11 126 18 129 24 131 23 127 18
17 4.652470713017351 -3.7444848464533607 10.562408772399181 3 19 35 0.70558795831021248 124 29 123 18 121 24 119 35 125 33 122 24 120 29 118 27 113 30 112 29 111 51 117 54 109 52 116 64 110 70 105 67 106 73 115 70 108 57 107 73 104 58 103 66 102 61 128 44 130 31 126 50 129 48 131 55 127 50
18 5.223072134358631 -2.7445264402499561 10.251976298600766 0 17 33 0.75019870818005407 124 27 123 19 121 31 119 28 125 29 122 25 120 30 118 32 113 32 112 31 114 40 111 42 117 39 109 32 116 41 110 56 105 34 106 33 115 54 108 26 107 30 128 43 130 28 126 35 129 40 131 43 127 36
19 2.6924660239249079 -1.4963854814297974 9.9793506809744486 6 15 19 0.73621469147875396 124 28 123 20 121 18 119 29 125 32 122 34 130 43
20 3.3099387710499286 -0.56814791592432812 9.6826807580068817 3 21 30 1.0087267439763887 124 19 123 21 121 22 119 21 125 31 122 28 120 37 118 35 128 41 130 27 126 47 129 36 131 41 127 40
21 1.6750525383463923 1.0533998862788394 8.7106877111223184 8 20 32 1.2523697431828689 124 23 123 22 121 19 119 30 125 30 128 42 130 20 126 45 126 49 129 44 131 54 127 52
25 1.0574854959578488 1.2669393719281743 8.261930164253954 68 105 146 1.1650254269570248 124 31 123 26 121 27 119 22 122 29
26 5.1236240268127631 -2.6286159172984753 10.025037693561785 0 17 33 0.66179654222377038 124 30 123 28 121 25 119 34 125 34 122 35 120 38 128 40 130 35 126 48 129 39 131 40 127 41
27 -1.5756354385918598 -3.2882074162043864 9.9832909903635709 0 11 24 0.5950325007264412 124 25 123 31 121 29 119 26 125 25 122 52 120 41 118 44 113 58 112 51 114 46 111 47 117 48 109 47 116 39 110 49 105 52 106 58 115 45 108 48 107 51 128 37 130 30 126 40 129 35 131 39 127 42
31 2.4162246491138717 0.77120219090238606 9.6603959522257128 157 180 228 0.57585602558501414 124 38 123 35 121 42 119 38 125 37 122 48 120 58 130 45 128 52
32 2.0851935828802652 0.22959422017652287 10.079538776997765 136 159 194 1.0960437232140268 124 50 123 37 121 32 119 39 125 38 122 47 120 63 118 61 113 62 112 59 114 68 111 44 109 79 116 82 130 49
33 -0.4402729643402381 -2.006964355619175 9.8199617424580765 20 81 126 1.1278688090184965 124 48 123 41 121 36 119 43 125 42 122 45 120 50 113 45 112 54 114 42 128 54 130 42 126 54 129 46 127 51 131 52
35 -0.90742034760722845 -2.4856147304924434 10.134421848386637 0 11 18 0.87380379898277061 124 47 123 43 121 37 119 42 125 43 122 54 130 41 128 48 126 52 127 43
36 5.0875004401661386 -3.3874633225323123 10.068011992044603 59 118 183 0.73151056448587815 124 46 123 44 121 43 119 41 125 44 122 43 120 54 118 45 113 57 112 50 114 47 111 50 117 58 109 56 116 59 110 71 105 66 106 78 115 74 108 81 107 84 104 44 103 52 128 60 130 46 126 53 129 55
37 -0.92925721714249221 -2.437823676949165 10.014367727675904 0 11 18 0.72051426341912628 124 40 123 45 121 33 119 46 125 46 122 44 120 49 118 46 113 44 112 52 114 44 111 45 117 62 109 60 116 56 110 60 105 51 115 56 128 56 130 47 126 56 127 45
41 3.6708499649433293 -4.896189108446606 10.127696895794543 5 20 40 0.29224365654608747 124 78 123 57 121 49 119 72 125 72 122 67 120 104 118 95
42 -4.8018030736728292 -3.1026236553630042 10.871734815703462 82 91 90 0.98335494185201067 124 56 123 58 121 50 119 71 125 62 122 96 120 85 118 99 113 73 112 78 114 63 111 114 109 99 116 76 128 69 130 63 126 67 129 73 131 61 127 56 117 96
43 -2.3093986979174019 0.12376085236383005 7.766408770575481 86 94 91 2.0387297686825385 124 119 123 67 121 123 119 108 122 93
45 -1.256875465809344 -2.8691316190497673 9.9298286162277236 23 80 124 0.66496163854518398 124 67 123 71 121 59 119 58 125 65 122 95 120 86 118 100 113 99 112 79 114 103 111 115 117 114 124 76 109 105 116 103 110 113 106 82 128 94 128 96 120 97 130 65 130 69 126 82 126 91 129 76 129 84 131 78 131 80 127 70 127 75
46 0.11038794561483201 -4.9518656048746834 10.547827010975311 1 8 19 1.7506150814957802 124 70 123 72 121 60 119 52 125 54 122 41 120 28 118 22 113 14 112 16 114 16 111 23 117 31 109 21 116 21 110 30 105 25 106 38 115 35 108 35 107 36 104 31 103 34 128 32 130 32 126 21 129 19 131 19 127 23
47 -1.2634018915288152 -2.8746557683271021 9.9604258751445514 23 80 124 0.61791350669638612 124 77 123 73 121 71 119 70 125 69 122 97 120 98 118 85 113 86 112 83 114 101 111 98 117 105 109 101 116 107 110 120 105 77 106 90 115 106 108 112 107 112 128 95 130 64 126 90 129 75 131 77 127 79
50 3.0769922779549006 -1.1230161644700729 10.102897760548103 120 147 197 0.62615480488440445 124 75 123 78 121 70 119 78 125 68 122 94 120 89 118 103 113 85 114 102 111 97 128 84 130 78 126 109
51 2.8859212427508396 -1.3203271282989135 10.560152398555942 7 17 22 0.075768557000066822 124 86 123 81 119 59 125 90
52 2.8859212427508396 -1.3203271282989135 10.560152398555942 7 17 22 0.075768557000066822 124 91 123 83 119 69 125 102
53 3.9852100499189191 -3.0566388570273375 9.9659490015127403 67 119 182 0.39630933706603794 124 85 123 85 121 88 122 119 126 122
54 -2.373413339727108 0.31151823724803762 8.6805084709843641 90 97 95 1.5100317698439367 124 104 123 86 121 139 119 57 125 145 120 133
55 2.545032905107405 0.2583027140244667 9.7009593088203019 111 140 195 0.27660430048732437 124 107 123 88 121 124 119 118 125 137 122 124 118 105 120 135 130 119
70 9.284209591509466 -7.9165728182792918 10.268249846681897 36 39 37 1.4492769594157617 124 155 123 122 121 117 119 126 122 112 129 157 131 125
71 2.5684429853545225 1.3420982622271822 9.4602782629123112 148 175 223 0.58310267547706818 124 96 123 128 121 165 119 167
73 4.6617627054843638 -5.8553000934182364 9.9595427763971429 110 118 122 1.4136429170358511 124 125 123 134 125 184 122 212
75 9.284209591509466 -7.9165728182792918 10.268249846681897 36 39 37 1.4492769594157617 124 162 123 138 121 127 119 125 122 104 129 178 131 127
76 4.6617627054843638 -5.8553000934182364 9.9595427763971429 110 118 122 1.4136429170358511 124 116 123 140 125 169 122 210
79 4.1174574106240698 -0.037137539830837341 10.290350871939495 105 140 198 0.32555563577266078 124 115 123 144 121 121 122 132 120 158 118 151 112 134
80 2.3990670505840512 0.38807994211606456 9.9321059802721265 95 127 179 0.3452624424921667 124 174 123 145 121 133 119 102 125 88 122 162 130 96
82 2.2656318056201599 1.6398551265660899 8.8058711478771556 142 170 211 1.6349530028200896 124 138 123 150 121 170 119 166 123 151 125 182
83 2.3898039078453621 1.1194388430524214 9.6708779706501673 133 153 195 0.24987899312252226 124 135 123 156 121 163 119 134 125 178
85 2.8204651385344164 -0.062084721292421818 10.005741819413174 134 160 212 0.20484177111017571 124 143 123 159 121 168 119 141 125 118 122 202 120 212 118 186
86 2.4900982310738868 -0.33704393171046831 10.018551311691567 117 145 194 0.30741795722823789 124 145 123 161 121 141 119 143 125 146
87 1.8497917983982006 -0.1621214349697766 8.8745230026568152 92 124 171 1.4995756731690335 124 146 123 163 121 140 125 147 119 144 124 103
92 2.0874075332856137 1.4667569780096983 9.6171376720486705 93 120 161 0.28204327757750203 124 137 123 189 121 172 119 132 125 187 130 136
95 0.62533528888963019 -1.3343641608944381 7.1527687381216083 252 91 92 1.1770612225781529 124 4 121 2 119 5 125 5 130 3
97 -0.93379605391754694 -8.2594293259219285 10.949951603911018 51 52 50 1.3676012059909459 123 10 124 11 121 11 119 10 125 11 122 8 120 15
114 3.1700254368141145 0.81579322581546876 9.6028296341542045 122 156 207 0.33241198366017005 123 66 124 64 121 67 119 76 125 71
136 2.1805428615669484 1.2785093027966923 7.313788928335498 132 162 215 1.7964922442311231 124 134 121 130 119 133 125 189
151 2.7990419665730997 -1.6379797581855655 10.471531226860975 4 16 22 0.54714109959012669 121 26 123 27 119 33 122 26 120 31 118 47 113 47 114 26 111 28 117 37 109 37 116 38 110 42 105 47 106 52 115 51 108 45 107 49
152 3.2330319541649715 -0.066904224049721961 10.422263659041278 156 183 247 0.31510406370061983 121 34 123 38 119 45 122 46 120 60 118 52 114 58
153 2.4451123413515461 0.36864446989238786 10.118518705504812 102 132 189 0.23467132148093089 121 128 123 141 119 121 125 103 122 157
159 -0.24228565464250096 -6.916820981583669 11.11759672727419 110 117 118 0.97732739251171397 123 50 125 154 122 74
166 -6.1667467940715142 -7.4507248104541759 11.741590967701427 100 107 101 1.1866119798031394 124 0 122 0 125 0 120 1 118 0 112 0
167 8.5878874434156955 -3.6638066550162876 11.930884282407874 112 118 118 0.84592920269165939 121 5 123 5 124 9 122 3 119 8 125 8 120 4 118 3 112 5 128 7 130 5 126 9 129 11 131 9 127 9 114 5 129 8 127 10 131 13
168 8.625617092076709 -3.6697740020790661 11.96467457464621 112 118 118 0.81099307688722289 121 7 124 10 122 5 119 9 125 10 120 6 128 8 126 11 129 12 131 11 127 11
169 6.6505696020215055 -5.3362444976701227 10.713673420876034 115 123 122 1.1450777743356548 121 6 123 4 124 8 122 6 119 7 125 9 120 8 118 5 112 4
170 1.5884224269659057 0.55126270127743737 10.289389767492935 16 20 22 1.1349752142478224 123 9 122 12 120 12 118 9
171 4.1262473290040589 1.6035251121759302 11.542756307042509 189 185 176 0.18411795879510406 123 61 122 56
172 3.8605998405978426 -1.0383885957430721 10.125651024051535 123 151 197 0.67419780483695313 121 79 123 69 122 80 120 90 118 76 113 75 112 58 114 65 111 69 117 73 109 77 116 97 110 109 105 283 130 71
174 3.3516154289348492 2.0924390015625249 11.127961602993878 169 167 157 0.38329042277773423 121 106 122 92 120 102 118 102
175 0.95952280334671514 0.14664659808045144 10.8640880834879 40 83 119 0.54684054403229942 123 96 122 106 120 94 114 78 113 83 111 76
176 3.7023569231471356 -8.2095567559485971 14.157333591262841 135 142 141 1.5672981625072337 121 99 122 115 119 97 123 108 124 92 125 93 120 119 118 108
177 -1.2118088692353695 -3.605075043925126 9.8957298391442237 15 82 128 0.65100907385794005 121 103 123 112 122 118 120 126 118 113 110 169 117 112 105 172 106 116 126 120
178 2.4708326984818996 -1.1349754750933698 10.101701344953312 86 115 156 0.5927097279441329 121 143 122 121 120 156 118 185
179 4.3089100780641161 -1.1805510070507808 10.229664178003986 83 128 191 0.4193845913660641 121 142 123 127 122 122 120 129 118 135 113 132 112 115 114 140
180 0.95952280334671514 0.14664659808045144 10.8640880834879 40 83 119 0.54684054403229942 123 87 122 123 120 91 114 67 113 97 111 71
181 3.0657634419387705 0.87817483670119145 10.073373959944092 146 172 216 0.19611313111290229 123 97 122 125 120 137 118 119
183 3.1552822907231644 -0.25321442928884608 10.088801258268063 164 185 227 1.4535001299429831 121 138 122 131 123 162 120 132 118 117
184 0.66812568123856408 -1.5494137384848727 11.835092282709752 10 18 37 1.6519348090193409 121 81 122 136 123 68 118 154
185 -1.8335859462282542 -3.5925431957789442 9.906744603805123 11 87 142 0.51499097589316589 121 102 123 111 124 118 122 137 111 131 114 121 117 156 109 129 116 143 128 111 126 106
187 -5.6671232348671197 -4.1432632868848032 11.920931397043546 87 95 89 1.0822040291484127 124 150 122 148 119 146 123 143 125 150 120 127 118 162 113 71 112 57 114 37 111 48 109 61 116 55 128 183 126 126 129 151 127 150
188 4.0092764857642464 0.71225934870290075 11.088231085956863 174 199 248 0.85700679876086627 121 135 122 151 119 129 124 169
189 3.7538927350313998 0.32317060340528769 10.045536901020569 128 154 204 0.15037839525803268 123 146 122 163 120 177 118 175
190 -1.096976339620312 -1.876835737389456 9.2757789736921268 28 81 129 1.6262147440093335 123 166 122 168 128 133
191 -3.2677939426692433 -3.2796061740509685 8.3755829048097894 88 91 87 0.09301093798468188 123 109 122 173
192 0.21856283008065702 -4.2167559390154565 11.994310442504457 22 72 125 0.45347444255729608 124 149 122 179
193 -1.011997314379812 -2.0207202824185515 9.9002997970345632 28 81 129 1.7934120537700928 123 177 122 184 105 188 110 202
194 2.8179381184365297 1.5064033542269044 9.803420346084863 121 148 186 0.14828912690943979 121 175 123 149 122 195
196 4.3394559888970434 -5.5392396129332155 9.4334365032630103 103 114 128 0.63921680099527567 123 139 122 213
199 9.9586666766668941 -8.3163988146659449 10.677424684117682 113 118 113 1.0231937332288441 121 158 123 191 122 145 120 145 118 128 112 96 125 155 113 153 128 117 126 129 129 167 131 165 127 153
201 2.5596465939131008 2.3601043213373032 10.330406335839598 100 105 104 0.34880505881158386 123 91 122 70
202 -4.9153956012387425 -4.2898852511425503 9.830205208115899 93 99 93 0.81501021881032365 119 14 122 21 120 16 121 8 123 6 124 15 125 16 118 13
203 1.0373727224797449 1.3154767597320642 10.694144089036058 81 114 153 0.97755018515916303 122 17 120 19 118 16 112 17 113 21 114 24
204 -0.098114325511801326 -1.5121852983238568 11.011364394196448 2 13 17 1.1783065501896444 122 18 120 20 118 15 112 18 113 19 114 22 111 26 117 36 109 35 116 37
206 3.65962583839746 -0.75360308180552238 10.933018171284289 3 16 25 0.65501841567822494 122 39 120 32 118 36 113 31 112 34 114 27 111 29 117 35 109 38 116 46 110 47 115 77 108 72 107 76
207 3.2812114802578662 -0.073146420982538984 10.630772402603725 151 173 218 0.30341406895419171 122 55 120 57 118 48 113 48 112 55 114 55
208 -2.5578830832815243 -2.6622400990222559 9.697610105215972 7 93 153 0.60139153414017332 122 66 120 62 118 59 113 74 112 70 111 113 109 75 115 59 108 83
209 9.1358985635273484 -6.9134138908759724 9.7893281823955931 82 82 73 1.4143930658088075 119 170 122 114 120 80 123 130 121 174 118 70 114 61 113 70 111 64 117 145 109 103 116 114 110 155 105 162 125 113 106 165 115 157 108 158 107 151 104 148 103 95 102 100 100 102 130 111
210 -5.6095857120868118 -3.9680700641572457 12.6936212808547 85 93 92 1.144731524427103 119 60 120 99 124 59 125 70 118 86 113 120 112 170 114 104 109 102 126 70 129 57 131 67 127 61
211 0.35611949387003961 1.2100119598319452 9.858021220350679 104 128 162 0.10135013011284805 122 69 120 103 118 98
212 10.102514172656925 -8.4391841962319631 10.84086783134137 110 117 111 0.95098044818815441 122 155 120 114 121 148 123 175 118 133 112 120 113 151 126 141 129 156 131 154 127 140
213 -5.5106999210562435 -6.7905355104460341 15.416990985099346 84 94 93 1.4348884808459108 119 98 122 117 120 124 124 68 125 63
214 3.5178800486875161 0.77936729591669973 10.531093592562115 118 146 187 0.31898982023680972 122 84 120 136 118 118 112 106
215 -0.34445826690938475 -4.6075664530314953 9.9674188055262221 9 81 134 0.55879977709836381 122 146 120 151 118 112 113 136 114 149 111 166 117 153 109 169 116 166 110 127 105 123 106 176 104 103 103 103 102 71 128 118 130 114 125 126 126 100
216 -0.90257444349668958 -2.0619255907242859 10.193848179984798 24 85 134 0.37492264520181834 122 167 123 124 120 154 118 153
217 1.684977278363931 -0.074751898556769447 10.33502956385621 54 90 129 0.8291365501710215 122 203 120 157 121 173 123 160 118 152 112 104 113 122 111 133 109 131 116 146
218 3.765756715043608 0.31897559412800547 10.085262829451608 127 152 197 0.15538436468800987 122 158 120 160 118 188
219 4.623295839016464 1.0200246601482377 12.497357582156383 192 187 177 0.49827402990328029 122 161 120 163 112 149 113 189
221 4.4409030559424423 -1.5678554655567041 10.437709829441246 81 123 185 0.22120996218914818 122 207 120 214 118 169 112 159
222 -4.2215715098192277 -3.1058396508299211 9.3754429748493067 87 95 89 1.6684279397840369 123 125 118 155 121 101 113 131 125 114 126 102
224 3.796865857919272 0.74252300522175574 10.537018143885007 182 202 245 0.80859056406947094 120 170 121 129 118 189 119 113 124 133 125 121
225 3.0826503340728095 -1.1331934693916992 10.152279944052225 117 144 191 0.39458411255880343 123 79 122 90 120 96 118 84 124 65 123 70 121 80 119 75 125 60 122 85 120 95 113 98 114 97 111 112 128 90 130 70
226 0.91392306345602492 1.2842295717186971 7.5772540040867398 72 108 148 1.9614753102486657 122 20 120 21 118 17 124 32 123 24 121 20 119 31 125 27
227 0.1795568467900921 0.089852723869171314 12.399224091100905 90 125 169 0.55569781390596928 122 16 113 10 120 11 112 11
228 0.1795568467900921 0.089852723869171314 12.399224091100905 90 125 169 0.55569781390596928 122 19 113 12 120 14 112 13
229 -4.9578805946546822 -3.2000597524850036 10.356323129041471 48 60 57 1.7347512214126637 118 51 113 42 120 43 112 42 114 41 111 27 109 44 110 117 108 109 115 105 107 110 105 99
230 -1.5951781517537142 -3.2964768787392131 10.038538670627304 0 15 36 0.41471558066553221 118 50 113 49 120 44 112 45 114 57 111 56 117 51 109 45 116 45 110 43 105 45 106 50 115 48 108 44 107 52
231 0.08431461138712848 -1.1348787774113589 11.156975691079992 67 75 76 0.61787791498380851 118 75 113 60 120 88 112 77 114 66 111 70 117 81 109 78 116 80 110 84
232 5.5665777181343401 -0.08199243796934752 11.76304628430546 166 167 158 0.35450810424537255 118 60 113 61 112 73
233 5.5665777181342833 -0.08199243796934752 11.76304628430546 166 167 158 0.35450810424518836 118 73 113 64 112 84
234 1.6085828700043976 0.68545459657093488 11.300171755634665 73 77 76 0.72457874796465316 118 104 113 69 112 60 114 70 111 73
236 -2.0558487989364949 -2.9655649346796054 9.9939191923749604 9 97 159 0.40729917853087555 118 72 113 76 112 68 111 57 117 93 109 63 116 91 110 85 115 89
237 -0.27897145422201675 -4.9749107341121999 9.9455171527649782 1 36 69 0.78238486360190729 118 110 113 116 120 120 112 99 111 129 117 150 109 125 116 140 110 182 105 122 115 179 108 182 107 173 130 89 129 94 126 97 128 106 131 92 127 94
238 0.063130653485984567 -4.2015646071658921 10.095565089561205 10 73 121 1.0802059006384055 118 167 113 118 120 185 112 141 114 106 111 108 109 127 116 142 117 155 110 168 105 171 106 196 115 163 108 163 107 242 105 178 104 216 103 131
239 6.0493223631571027 -3.4142398101562321 10.581765950969498 79 124 178 0.55004922003819257 118 146 113 119 120 153 112 101 114 99 114 105
240 4.2232896599791161 -1.1668955121883755 10.059227630539226 104 136 188 0.32866646274556527 118 115 113 121 120 111 112 103 114 122 111 132 117 128 109 130 116 144 110 133 105 143 115 165 108 168 107 161
241 2.192208057992957 0.94343636582925683 10.383439580235517 22 39 54 0.14993068319189604 118 89 113 123 112 89 114 151 111 134
242 -0.719414407251179 -1.5724920668765208 12.685618929949669 42 100 152 1.9005180134924586 122 206 113 150
243 6.7815754603443565 0.43628245987565606 20.501956002220368 118 142 183 1.9320675234809035 122 88 113 156 112 158 114 152
244 -3.447366619975071 -6.1335936696509634 11.390003638543021 88 91 86 1.3419345674275225 123 131 113 194 121 96 128 105 130 105
245 -2.6254767706082021 -6.2637707663473066 10.629237482219082 88 89 85 0.092778757936664569 123 171 125 171
246 -4.5771381765841852 -3.6680883968404032 9.3941872290070023 89 95 93 0.28116100112490588 113 33 124 17
247 10.223315908867505 -3.7472063265583984 10.190527782403933 38 41 31 1.0587892768419884 113 8 112 6 114 11 111 12
248 13.192732076980406 -10.669519025580485 12.656223334868514 77 78 73 1.0106982325754075 118 21 123 33 125 35 112 7 119 40 124 45 120 27 121 39 130 36
249 -1.5901775614502753 -4.8897884470150075 9.870910284684669 91 98 97 1.2645235333310174 113 7 112 9 114 10 111 8 110 5 105 5 106 8 115 4 108 4 107 4 104 9
250 2.2830232831198032 -2.0318767016301535 7.0198332449222107 228 70 58 0.70059396914959571 113 36 112 21
252 4.1359105976365527 -2.7084695898595328 10.223769123113811 90 129 181 0.47933938140380811 113 34 112 30 114 29 117 38 116 40 110 44 105 44 106 60 115 47 108 55 107 58
253 0.63520677964277183 1.6394997797622182 9.7022804033082366 113 136 170 0.10709556502978469 118 62 120 64 112 61
254 0.49122529923573666 -2.2116486074512522 11.530635580425951 25 85 131 1.2418346820196213 113 35 112 71 114 21
255 1.0175052471064419 2.2269331288523517 10.043359730644283 114 135 167 0.38610419492486553 118 78 120 82 112 88
256 0.28464978020349463 -5.3475227884230208 10.102062305516824 1 23 49 0.49468940267183581 113 114 112 98 114 118 111 126 117 147 109 132 116 137 110 160 105 166 106 172 115 159 108 180 107 170 104 106 103 100
257 -0.23464890743338174 -4.9434746199108304 9.8824788800960732 0 33 68 0.48053341830730295 113 129 112 123 111 147 117 165 109 147 116 150 110 164 105 100 115 160 108 161 107 155
258 4.0621010899889143 -0.026968929350687176 10.290572160018087 118 143 185 0.38703637635494287 113 137 112 135 111 169 109 158 117 187 116 153
259 0.61171008565037255 -4.2253200831119102 9.3761850304883865 27 72 114 0.32774848260810291 113 117 112 140 114 120
262 -3.0567259428698321 -5.7517025140020905 11.014630219740525 37 38 34 0.9264766636661006 123 93 121 66 125 183 111 128 128 86 130 82 131 163 127 139
264 -2.4713122357411521 -5.9756064960702133 10.659048471038204 37 38 34 1.6727285922400705 125 112 112 163 115 158 110 159
265 4.595476664949615 -0.17019009354157788 11.408056308027312 118 143 185 1.7859156327509909 113 154 118 163 112 142 113 191 112 153 120 176 114 199 111 190 109 171 117 247 116 181
266 4.9535050000014849 -3.4485274467233467 7.1294434781333393 117 119 121 0.52949040331149444 113 4 114 4
269 10.891451921388636 -5.8903034606098572 10.729771122895272 88 89 80 0.88858550209085463 112 20 113 18 114 20 111 21 117 30 109 20 116 26 110 23 105 30 106 34 115 38 108 22 107 26 104 22 103 18 102 21 100 20 101 15
270 1.4892006166573424 0.42958277695561264 12.726817782236594 17 28 34 1.0461236039997572 112 26 113 20 114 23 111 58
273 4.9318890974467422 -3.3139354701443153 9.6001199824466994 81 123 181 0.35626158054096774 113 50 114 54 111 55 117 72 109 53 116 54 110 65 105 69 106 67 115 75 108 86 107 79
274 9.5481330462401388 -5.091491205291959 7.2010784501431999 73 74 70 0.079456542306001035 113 87 114 62
276 9.5481330462401388 -5.091491205291959 7.2010784501431999 73 74 70 0.079456542306001035 113 100 114 77
278 5.7302630278414881 -3.2251447684345749 9.8648670692238056 80 125 180 0.46965164404506921 112 125 114 86
280 -4.9859229059983363 -3.6162527317032982 11.113990254908572 65 69 67 1.0265289807554483 113 130 114 100 109 107 117 127
281 4.1714486693546746 -4.055455600864434 10.237991135335051 73 116 169 1.1196005583010706 120 46 114 107 128 67 130 66
283 0.56959996868567941 -5.0453033591841177 9.4518176174262862 15 77 126 0.21731329093260957 113 115 114 119 111 127
288 1.0419594809649197 0.53625857671431731 10.515396955434767 11 22 33 0.34920018743622966 113 65 114 69 111 110
289 3.4426036329968497 0.84057556897482755 10.710608994095423 90 125 169 0.29578422261955378 113 96 114 81 111 72 109 80
290 2.4465013392415358 -1.2096002791770388 10.817533246358721 58 98 142 0.58926361491098578 113 155 114 98 111 68 117 80 109 114 116 79 110 110 108 106
291 2.1809804371108612 0.93769423984531386 10.344794624261226 26 46 58 0.086284378342763104 113 133 114 154 111 141
292 -2.4196636965655784 -4.076146314017933 9.7834287641458104 90 101 100 1.1682818062396831 118 19 111 16 120 22 109 13 116 19 106 15
293 1.0253213919806967 -9.5775656376754341 12.411666431542244 90 96 94 1.1625244677432893 117 42 109 43 116 44 109 46 110 54 105 54 106 44 106 63 115 50 108 49 107 56 104 50 103 48 102 35 100 27
294 1.0253213919806967 -9.5775656376754341 12.411666431542244 90 96 94 1.1625244677432893 117 49 109 31 109 48 116 51 110 55 105 42 106 47 115 55 106 31 108 43 107 55 104 52 103 45 102 38 100 31
295 3.1117675717467819 -1.9180764299187558 9.9419402054870716 117 141 184 0.60594180942709663 114 64 118 101 111 67 120 87 117 92 109 76 116 77 110 118 105 102 106 81 108 249
296 -0.0348083093433047 -5.4020758787241903 10.342391946844259 6 80 131 0.8136616464142582 114 117 111 125 117 148 109 124 116 138 110 161 106 173 108 187 107 131 104 145 100 91 103 99
297 0.28464978020349463 -5.3475227884230208 10.102062305516824 1 21 45 0.49468940267183581 113 128 114 138 111 145 112 122 117 164 109 146 116 149 110 181 105 138 106 135 115 178 108 159 107 152 104 112 103 110
298 -3.0567259428698321 -5.7517025140020905 11.014630219740525 50 58 56 0.92647666366610049 121 73 111 146 123 107 125 168 128 99 130 67 131 158 127 123
299 0.039023936302953643 -10.796247239616832 13.299432468820328 53 53 51 1.770940853604787 113 161 111 149 117 252 109 207
300 0.73373450720487199 -4.8361882225035515 9.9314596045272765 7 41 75 0.24504349607027259 114 144 111 165 117 124 109 126 116 180 110 183 105 139 106 136 115 180 108 183 107 174
301 -0.35923329693775941 -2.0558698553204522 7.7453166847712964 46 100 147 0.29336518271539586 113 193 111 167
302 0.097346618403207685 -7.8225090435844322 9.1754089780478125 53 53 51 0.4711733028986268 113 184 111 176
303 0.0079090835292277006 -2.9757448665454831 8.9819444610126311 0 0 0 2.8834218570908399 111 1 114 0
304 10.016421849277265 -3.7006208842099113 9.7696623572039698 40 45 35 0.83311137995671058 111 9 117 8 109 7 116 9 110 9 105 10 106 14 104 15 103 16 102 15
306 8.7494833582456408 -6.0321779637115469 10.348777838240949 37 38 34 0.26640755974000163 113 11 114 9 117 13 110 22 116 13 105 12 106 24 115 16 108 17 107 10
307 0.067249219506663849 -2.4704677133006498 10.019671050900342 48 103 152 0.37101120445545493 111 17 117 16 109 14 115 10 108 10 107 11
308 1.5417773829981911 -3.2887856186434874 10.729148403430713 13 27 34 0.70922752146218437 111 25 117 17 109 16 116 18 110 12 105 21 106 27 115 13 108 16 107 14
309 8.9259922618617793 -6.1301304827923104 10.662825721380386 37 38 34 0.413598310090948 114 13 117 18 110 14 116 12 105 19 106 22 115 15 108 14 107 15 104 24 101 17
310 12.507709279622759 -5.8554424605295026 10.140367179273767 66 66 60 0.43787269539266754 111 20 117 23 109 18 116 20 110 33 105 17 106 19 115 12 108 13 107 16 104 25 103 33 102 27 100 13 114 15 101 12
311 1.6839869878533023 -6.9700124753737782 11.076555738564934 0 14 33 1.1598805858011427 111 74 117 41 109 51 116 43 110 58 105 29 106 39 115 27 108 27 107 25 104 23 103 19 102 31 100 25
312 10.245679097560469 -8.0866296447645709 9.6001098389924664 66 71 62 0.50761177786040279 111 37 117 47 109 40 114 38 116 50 110 51 105 35 106 45 115 36 108 36 107 35 104 34 103 22 102 23 100 22 99 11 98 8 95 4
313 10.38092473873013 -8.130020630870149 9.7797759866047045 66 71 62 0.8166498740281648 111 39 117 53 109 36 114 28 113 28 116 35 110 40 105 24 106 32 115 26 108 34 107 24 104 41 103 28 102 28 100 18 129 127 131 104 99 9 98 7 95 6
314 -4.3623807408695257 -10.549043303524286 7.5664824149287142 123 129 127 1.8152583524319825 113 53 114 52 117 69 112 49 120 68 118 53 122 50 110 76
315 11.862114137318997 -4.3674906791991361 9.9479552549677237 116 117 113 0.75568364797142551 111 100 117 85 109 89 116 68 110 69 105 59 106 69 115 62 108 58 107 72 104 35 103 36 129 119 131 134 127 112
316 11.862114137318997 -4.3674906791991361 9.9479552549677237 116 117 113 0.75568364797142551 111 101 117 94 109 72 116 72 110 64 105 65 106 75 115 72 108 66 107 61 104 30 103 35 129 138 131 135 127 119
318 12.428482045855958 -8.6025567842543751 11.165916265839314 76 76 69 1.2984115964761316 113 63 117 113 115 124 108 76 127 111
320 0.75324464230948251 -4.9329441164736636 10.404449445017008 2 33 63 0.40059742160147233 111 177 117 151 109 148 116 163 110 165 105 168 106 175 115 161 108 162 107 156 104 188 103 135 102 133 100 123
321 8.9876844578948294 -6.8505208268834394 9.5580970695215228 90 83 75 0.64290406640728215 111 79 114 76 117 163 109 111 116 113 110 180 105 136 106 195 115 177 108 179 107 169 104 164 103 109 100 107
333 10.301337420970128 -5.3662677080772028 10.752903983112674 44 45 37 0.79753040808498987 117 2 109 2 110 2 116 2 105 2 106 2 115 2 108 2 107 2 104 3 103 1
334 0.40554016282516159 0.096110576204637255 12.221206119731164 107 136 172 1.4507842275249714 111 11 109 11
335 -3.4469380430601859 -18.801647865446512 9.1330182492964695 254 255 251 0.77426721501838824 111 14 117 20 109 12 116 17 110 17 105 15 106 17 115 21 108 20 107 19 104 26 103 25 102 29 100 17 101 20 99 13
336 0.049591258322493559 -2.6000319727809256 11.041068308953413 40 99 151 0.0019767314555537274 111 19 109 15
337 -6.0713087508065087 -23.745385606682703 11.509263602623378 195 187 175 1.0480453218871442 117 24 109 22 111 31 116 28 110 31 105 22 106 29 115 28 108 28 107 22 104 32 103 49 102 41 100 33 101 35
338 0.10507104599412287 -5.0394482481096929 11.103243684887275 0 14 32 0.60579423425841894 117 21 109 24 116 25 110 29 105 31 106 36 115 22 108 24 107 27 104 37 103 41 102 39
339 -3.2961079114988934 -15.408520821230013 8.3851426929385298 106 111 109 0.25681216716796501 117 33 109 27 116 29 110 32
340 -7.6761188380816634 -19.630594791395879 12.552741763481777 69 74 63 1.305807282419555 111 90 114 93 117 45 109 28 116 31 110 75 105 62 106 66 115 66 108 62 107 68 104 61
341 0.9096561005646322 -4.17006238659269 10.89306601158296 14 89 140 0.64425075814625277 117 27 109 39 116 47 105 26 115 23 108 25 107 29
342 20.279045415551423 -13.343522747353518 14.33970067960081 130 134 134 1.1815430130901636 111 164 117 90 109 62 116 70
343 -2.8120766889804258 -16.207979508826611 8.2834880489145917 105 112 118 0.95151421712292683 111 105 114 123 117 102 109 66 116 126 110 144
346 1.6608886705220129 -2.962385498686217 13.568347780337263 58 68 68 0.71768227594042278 117 78 109 73 116 74 110 81 106 101 108 99 107 87 104 84
347 0.4452484194138151 -1.764658179148455 8.9516892867699198 60 104 146 0.70009237345043418 117 79 109 87 116 78 110 203 105 182
348 10.291356525544984 -2.9986939202933627 9.3790195536176952 117 117 111 0.58254597222103555 117 71 109 88 106 74 108 113 116 65 104 45 103 47 102 44
349 -3.6327593126516717 -18.354564072781841 9.6715825327830771 240 255 254 1.3174299041795834 111 118 114 169 109 93 116 94 110 106 105 95 106 104 115 101 108 122 107 109 104 212 105 267 106 234 100 144 100 211
350 -3.5546770212020533 -12.546783502026756 6.7503875964387134 114 119 116 1.159246019944157 111 154 109 95 116 96
351 11.520937329830872 -3.820856214102605 9.8806915995552345 52 56 51 0.93352820283871574 111 95 114 112 109 96 115 115 108 120 107 153 129 112 126 83 127 92 131 99
353 -4.4727092153214016 -20.542509618421718 9.4833109880797792 254 255 251 1.1646521425638658 117 130 109 106 116 102 110 140 105 217 106 256 115 139 107 137 104 189 103 200 100 172 104 174 106 239
354 11.377680949095122 -3.7976153751155834 9.7263339185601581 52 56 51 0.6059105143360155 111 99 114 113 109 109 115 110 108 115 107 171 129 95
355 -8.6951868893402775 -20.545174942143831 14.26301927647205 117 118 109 0.60256413698541067 117 118 109 113 116 111 106 157 105 177 115 175 108 119 108 146 107 121 104 133
356 2.0394768764385276 -8.6023825388226669 10.605950036898776 27 87 142 1.3351723857461026 117 75 109 121 116 71 110 78 105 64 106 54 115 63 108 59 107 71 104 29 103 31
358 -0.88335804521813088 -26.577991923903937 11.540742329792806 107 110 129 1.3049949776121272 117 100 110 135 105 146 106 144 115 169 108 173 107 163 104 151 103 138 116 121 102 139 100 134 101 89 98 75 109 133 97 59 96 48 92 39 94 54
359 -0.56660851114162369 -18.618968491212172 8.1540507494127041 110 116 115 0.20053275808966128 117 131 109 136 116 123 110 141
360 -7.3013015190831538 -19.994226465181555 12.003181317053304 207 201 193 0.98205662921251591 111 139 117 196 109 139 114 71 116 128 104 128 103 147
361 4.1264480388160791 -1.1912788313009059 9.7551576398020643 108 143 202 0.17705407106379489 117 159 109 150 116 118 110 172 105 176 106 181 115 168 108 172 107 129
363 -1.5732183399035193 -19.901156686435797 8.2399411895011099 79 71 64 0.42875157060610042 117 182 109 156 116 152 110 221 105 216 106 222 115 186 108 200 107 181 104 171 103 180 102 175 100 119 101 94 99 98 98 88 97 82 95 79 96 60
365 -6.1829148815264148 -21.955833006826424 12.201024729002711 254 255 249 0.51456799653658836 111 152 117 185 109 161 116 161 110 187
367 1.2927113192222919 -7.2542464835569263 10.174044608940676 24 87 140 0.47682421596760971 111 157 109 167 116 115
368 -10.995329129242577 -26.734079650531839 16.646914580819271 165 166 155 0.22722785631798459 117 228 109 191 111 218 114 177
369 1.1576298751712102 -9.1319801318645659 9.1930039492817741 60 61 54 0.64776861266203289 117 232 109 197
370 -8.8502025276602581 -21.826977257827366 13.173622493233211 165 166 155 1.1666805108526188 117 203 109 202 111 183 110 257 114 171
371 1.1576298751712102 -9.1319801318645659 9.1930039492817741 60 61 54 0.64776861266203289 117 251 109 206
372 5.3329964589467522 -2.4356633015202078 10.175685736860942 98 136 187 1.868388005092013 117 245 109 209 108 251 104 224 127 122
373 -6.5658177859638158 -3.221762989240915 20.792088547224807 89 98 97 0.84906780134363125 109 4 117 5 116 5 106 4
374 3.58439784866124 -1.5138476159331731 9.6124269870165335 158 185 234 0.6100323578779876 117 32 116 22 110 26 105 48 106 70 115 37 108 29 107 31 107 34
375 0.84681611337589402 -5.4864851557799739 9.665446354070923 13 90 145 0.36360565972290709 117 40 116 42 107 53
376 4.1020577823910571 -2.711594599179989 10.18272704215633 133 161 218 0.50128998921132828 117 50 116 52 110 50 105 53 106 49 115 49 108 56 107 57 104 33
377 -4.8439860804284649 -22.35343914015948 9.8253940555451891 204 196 191 0.32136030151281769 117 65 116 61 110 94 105 121 106 87 115 118 108 84 107 77
378 -0.95325494041799175 -22.432496731187939 9.8305837370077143 248 239 236 1.0834783166702109 109 58 117 61 116 84 110 68 105 61 106 77 115 61 108 63 107 66 104 56 103 42 102 43 100 32 101 23 99 20 98 14 95 11 97 11 96 8
379 4.2624802638380856 -1.9088755129832862 10.00045321303719 143 177 237 0.15363010633847507 117 107 116 104 110 112 105 85 115 108 108 114 107 103 104 91
380 -0.24084118382432962 -4.341530390522621 10.717048390376021 1 27 59 0.50778843673294594 117 154 116 119 110 167 105 170 106 177 115 162 108 164 107 157 104 109 103 96
381 -5.9932331997937922 -17.906853179474865 10.715077780921433 225 214 208 1.0639574509828427 111 182 117 134 116 129 110 189 105 246 106 156 106 279 104 130 104 184 103 148 103 174
382 0.60345793350779786 -5.3494576780929037 10.727383159830651 13 79 129 0.61885398572843942 117 149 116 139 110 162 105 179 106 174 115 184 104 105 103 101 102 67 100 92
383 -6.1517289775351855 -18.436094881811186 11.119916147145886 225 214 208 0.86672011429290541 111 196 117 160 116 147 110 211 106 190 104 160 103 157 102 152
384 -0.24383011311800828 -4.3581615730699923 10.859378243986271 1 27 59 0.54056278714364037 117 125 116 151 110 184 105 140 106 137 115 181 108 184 107 175 104 104 103 111 102 72
386 -8.2953938629987647 -17.276716128578983 12.131136039190551 62 69 65 0.67100357330696692 109 152 116 164 110 104 117 139 105 90 115 117 108 132 107 120
387 0.54156235557803711 -10.263427161086838 11.480911424288593 93 93 87 0.04584628376944349 111 195 116 177
388 3.8649277514990672 -1.7478257821903753 9.7428129208913106 131 162 219 0.27957241613314854 117 194 116 179 110 251 105 251 108 248 107 237
390 0.46778035746507385 -4.1965526210988173 10.243765793199486 32 52 62 0.14537449838505984 109 175 117 193 116 215
391 -1.0784391763921235 -3.2129779122947184 9.5796630107456622 18 93 141 0.032071886501903249 117 235 116 216
393 0.44984933091956236 -4.0435456260438514 9.519283104241822 32 52 62 0.4396197789830843 109 170 117 178 116 225 110 166 115 213 108 189
396 4.548969674818693 -0.71655619892453615 9.4304240585265688 140 171 222 0.36496459103428375 109 182 111 217 116 232
397 4.2978709432800883 -1.5368348195777344 10.216229896702202 94 134 196 1.2378049272166174 122 185 120 205 118 173 113 202 112 156 114 193 111 223 109 181 116 230 113 185 117 240 110 205 110 256 105 180 105 268 106 258
399 -2.5797806006135033 -22.971376147211913 13.283953148242858 112 117 116 1.7425675185281291 110 7 106 10 103 7 102 8 100 6 101 6 99 3 98 5 95 3 96 5 97 4
400 -1.7818354938398215 -22.564225934790556 8.8180006135411304 254 255 249 0.50815302989509348 117 12 110 16 105 13 106 21 115 18 108 19 107 17 104 11 103 13 102 5
401 2.8127295046273844 -2.5022864694208238 11.598486709768167 94 133 180 0.30384955625519516 117 25 110 25 115 29 108 37
402 -1.0370801812973127 -2.4617126086520784 10.468858952639948 0 15 24 0.37745680098743872 117 57 110 59 105 46 106 51 115 58
408 -7.3339344090320537 -23.610792580198677 13.013909412410044 214 204 192 0.53140279387748213 116 172 110 143 109 172 105 150 106 151 115 167 107 138 104 124 102 115 100 95
409 9.5332996037897715 -5.1992337431665874 9.3935267308104358 89 91 80 1.2429693085364029 118 111 120 121 105 225 106 122 103 69 102 66 100 68 110 124
412 -1.5625039340999365 -19.858968381351588 8.1998549156077161 66 59 54 0.30412553179040674 116 171 110 185 105 203 106 206 115 187 108 202 107 194 104 182 103 173 102 170 100 121 101 77 99 118 98 79 97 91 95 92 96 65
413 10.099788538487928 -5.469725294673708 10.429852549329325 42 46 37 1.1551839531949963 118 157 110 186 120 186 128 141 125 151
414 -8.4831156374235661 -21.205053906126523 13.544387587799179 29 37 28 0.72047431525034433 117 135 110 188 105 220 106 155 106 217 115 144 108 195 107 184 104 129
415 5.1990295464880774 -2.5450500213521536 10.416441769229323 62 73 71 0.2074242031781228 117 255 110 200 105 184 106 178 115 183 108 191 107 176
420 -0.70910742479702549 -10.032917123710376 20.154925628314004 89 96 94 0.55882141233059801 110 8 105 9 106 12 115 7 108 7 107 7
421 3.8887371665128967 -4.0214984402678056 10.818254945386684 105 142 194 0.84782547011141851 110 24 105 32 106 35 115 24 108 23 107 28 104 28 103 20 102 32
422 2.2874134327582283 -3.9844351048582212 10.376081262290313 54 110 163 0.50322133218577869 110 57 105 43 106 37 115 32 108 47 107 54
424 4.8732108343849063 -3.2967723299973386 9.3764962827480076 121 157 217 0.24323666194137614 110 67 105 70 106 72 115 60 108 87 107 80
426 3.6920004953772718 -4.8561723503223675 10.237075920823486 5 17 29 0.18201195116079358 110 79 105 73 106 98 115 78 108 79 107 82 104 72 103 74 102 50 100 43
428 2.8581388588023628 -4.585213237699918 10.385188076276677 2 15 19 0.41919282554673376 110 80 105 84 106 99 115 80 108 80 107 83 104 73 103 55 102 59 100 40
429 -10.884578546813145 -23.088486782008886 15.936452333964667 87 88 82 0.96692686074079603 110 105 105 89 115 132 108 121 107 99 109 140
430 -3.487365597671328 -4.4693535049127604 10.117358878268533 94 105 103 1.4872569463072918 123 113 105 98 108 165 107 158 129 155 125 152 127 152
432 -2.0454942053801233 -19.432751490952114 8.4251243096176722 254 255 249 0.42562515797606149 110 116 105 107 106 117 115 137 110 138 108 139 107 135 104 100 103 88 102 79 100 77 101 47 99 60 98 36 97 37 95 31
433 -2.8700362719420696 -18.942045409527964 9.4447090338099997 252 255 251 0.31647692017818752 110 107 105 113 115 102 108 123 107 108 104 108 103 120 102 80 100 78 101 67 99 48 98 63 95 45
434 -1.631171046507859 -19.694807247953577 8.7781532939145563 58 62 64 0.24493947208487654 110 139 105 148 106 147 115 138 108 171 107 136 104 120 103 142 102 143 100 140 101 96 99 76 98 71 97 70 95 62 96 69
436 9.9345151362369393 -8.0065105859705454 10.057664327713383 71 72 67 0.28561909010321146 110 125 105 161 106 124 109 122 115 123 107 114
437 3.5122305575449673 -4.7699958313660318 11.144321412737895 78 119 169 0.51881402561928314 110 163 105 167 115 212 108 188 107 210
439 12.223938308905815 -13.988480073827986 11.351164727547257 104 110 114 0.23580713695605296 105 197 106 226 115 209 108 185 107 207 104 172 103 168 100 138
440 -2.0058025582233086 -19.225547452899264 9.1007108726377055 253 255 251 0.26587323236993998 110 207 105 204 106 186 115 196 108 203 107 195 98 66 95 55
441 -1.9986940376903135 -19.194553614697725 9.0604192417620197 253 255 251 0.29852771862756167 110 208 105 205 106 149 115 197 108 204 107 196 104 122 103 145 102 104 100 94 101 66 99 69 98 67 97 46 95 47
442 -2.0015532007762431 -19.197492560225328 9.0797435441256766 253 255 251 0.27228792636147009 110 196 105 218 106 185 115 190 108 201 107 183 103 155 95 56
443 17.711666505216442 -10.280933149180782 12.117971629603858 42 45 39 1.7065300891186379 117 176 105 231 103 203
444 1.5014698485446729 -3.8298076366329497 9.1887469879892478 44 97 144 0.45221146533053663 110 123 105 273 106 118
445 10.564785701951109 -3.2788638599206479 9.9316308191364442 49 49 34 0.52508363605196506 110 261 105 275
446 11.873507671748825 -13.167177154085948 11.184043335883189 127 132 132 0.38511500672766835 116 85 110 102 105 81 117 87 109 100 106 96 115 98 108 103 107 90 104 67 103 67 102 73 100 50 99 56 95 25
447 15.100535972529542 -11.600896674110118 10.702196221745908 137 142 142 0.59586977623269699 116 92 110 77 105 82 111 162 117 89 109 70 106 97 115 99 108 73 107 91 104 69 103 68 102 64 100 87 101 39 98 43 97 36
449 -12.802044307154347 -26.009123627210101 20.320465180533915 115 110 100 1.1458447949105857 110 243 105 239 106 273 104 203
451 -4.1900834859262659 -23.442010934551035 9.7800768100122468 253 255 251 0.9883018239977851 109 55 117 64 106 86
454 -1.9798701793889677 -2.955340026777094 9.9608836363859155 11 91 149 1.3353971587953526 123 167 122 147 120 128 118 114 110 171 105 175 106 111 118 74 113 72 112 62 111 46 117 91 109 74 116 75 110 82 115 81
455 8.0798193897052215 -6.643305231477143 8.8894998424115101 38 40 35 1.5837992774190539 116 136 110 91 105 229 106 230 114 115 109 123 108 70 107 65
457 -0.12263644706268906 -2.4899975438570436 14.782099750582915 59 109 157 0.69262018490372568 106 16 115 11 105 11 108 11 107 13
458 0.44861065795413424 -7.5070574304802449 9.8069668780593702 86 92 91 0.29239659877452973 106 18 115 14 108 12 107 12
459 0.44861065795413424 -7.5070574304802449 9.8069668780593702 86 92 91 0.29239659877452973 106 25 115 17 108 15 107 18
460 0.82288775808615355 -3.8911878471435557 8.456290173723005 25 94 147 0.40654294317092499 106 41 115 33 105 33 108 31 107 38
461 3.5776471796438045 -6.7202717873155962 3.6925434714539733 105 96 86 1.4762721730437987 106 164 110 45 115 64 108 60 107 70 105 196
463 1.1280334279387034 -3.9788745222322177 12.082495704017788 29 91 142 0.88077592867804333 106 199 110 90 115 107 107 100
464 -6.4696057383586663 -19.864033980688646 11.426914232987201 62 65 63 0.26398836878553128 106 140 115 141 105 152 108 141 107 139 104 127 103 89 102 121
466 -3.0272867211293715 -6.1994596142540104 11.003779909109653 86 89 83 0.839918998799007 125 111 123 123 128 104 130 103 126 127
469 -7.3380368311332518 -19.015611044977049 12.767825074250823 14 22 25 0.40817194770975335 106 274 110 190 115 205 105 240 108 213 107 188 104 179 103 165
470 -7.7614132788864367 -20.583096657833721 12.823313223398259 208 202 198 0.49185076896561314 106 204 117 200 115 216 108 267
471 -7.7614132788864367 -20.583096657833721 12.823313223398259 208 202 198 0.49185076896561314 106 221 117 230 115 231 108 240
472 8.2896675955313981 -6.2099435561035534 10.953776520118254 43 42 47 0.13845529389909647 106 198 115 236 105 249
473 8.2896675955313981 -6.2099435561035534 10.953776520118254 43 42 47 0.13845529389909647 106 202 115 247 105 228
474 -4.5414130551981771 -3.4680470373880325 8.9960166557490311 80 88 85 0.43211799562185671 110 170 115 164 117 106 107 187
476 4.262480263837972 -1.9088755129832862 10.000453213037076 156 187 244 0.15363010633820987 105 80 110 119 115 103 108 111 107 111 104 76 116 100 117 104
477 14.24936243965368 -12.944508610808043 11.800961828029926 103 111 111 2.2340385641934022 117 116 108 127 103 170
478 3.7373798955383677 -1.3488913724900158 11.349033767923402 125 153 197 1.2309664417887725 105 266 110 201 115 243 108 227 107 236
479 5.3154996865523003 -2.422979424817413 10.317978582077217 6 20 34 1.1892934682084417 117 238 108 243 104 209 129 144 119 89 131 171 127 120
480 3.887279490700962 -1.7389712934457293 9.8136896767458666 122 152 206 0.23380121449505173 105 269 108 244 106 212 107 228
481 3.1072012825241586 -2.0393763561321521 8.5171856858740966 121 154 203 1.1420090063424353 105 270 110 260 115 224 108 250 107 238
482 4.225746608139616 -3.4255346603449652 9.845350577596264 66 71 70 0.38435361833136128 110 249 108 252 107 241 106 260
483 8.9400989502956918 -5.5269466460222247 6.1127336795067322 74 75 68 0.18025658186794033 105 109 108 269 107 249
484 -4.9780976248954971 -16.619246044909232 8.2731945697413494 223 213 203 1.6312026396296546 110 232 105 189 106 254 115 218 108 223 116 160 110 175 109 159 104 183
485 -1.0572233878335737 -27.282244699190642 12.031072643403832 139 134 129 0.65378193821492891 106 182 110 174 115 170 105 131 108 137 107 130 104 156 103 151 102 147 100 147 101 109 98 76 97 72 92 52 96 49 94 46
494 6.8137002963479745 -12.907820589015955 12.270502249308265 0 0 0 1.0209235979085236 119 24 123 34 121 40 122 58 124 44 125 39
496 0.6505307321666578 -4.488004851355754 10.142814780641402 26 88 137 0.1408469216787647 105 97 106 100 107 113
498 4.313198249278571 -1.5848077090040533 8.5571968117172901 137 171 231 0.1574898128658262 106 110 108 167 107 160
500 3.2234713860408419 -5.0072054104016388 10.320900359982602 237 93 92 0.53621523207836896 105 114 108 160 115 120 107 172 108 107
501 -4.4028746218406809 -3.3766785106620318 9.4668519372346509 83 90 90 1.1466235516749304 105 141 117 158 107 178 110 269 106 138
506 4.6619081961977713 -3.7552152329481032 10.565128671694538 4 19 34 0.69389561490461082 105 68 108 67 106 68 107 60 124 26 123 25 121 30 119 27 125 26 122 36 120 39 118 31 113 40 112 38 104 63 103 62 102 58 100 41 128 39 130 29 126 51 129 51 131 59 127 54
507 4.7836385180980301 -1.3853206598316774 8.9046220710906709 91 135 195 1.9986304477152546 105 258 107 235 117 172 116 231 106 259 108 247
515 11.164582941593039 -5.9095140927586272 11.203192456520583 93 92 81 0.49962030238403382 106 43 104 20 103 24 102 24 100 19
517 -1.816546654673175 -3.3598567766491669 11.190496430944677 0 20 42 0.22124880074564338 105 50 106 59 104 42
519 15.339307740596439 -13.373034552977742 9.7704052854492147 152 156 156 0.189976362675563 105 92 106 103 108 131 104 66 107 119 110 115 115 129 103 87 102 62 100 85
520 3.1223282672936534 -5.5639449399745899 10.625364689531011 1 16 33 0.41725336982679967 105 164 106 121 104 71 103 73 102 52 100 53
523 14.482400315720895 -14.77924569420793 9.620602492600824 160 164 163 0.23793334232480634 105 154 106 158 108 148 104 135 107 143 110 147 115 147 103 116 102 111 100 97 101 72 99 86 98 65 97 51 95 68
524 14.940742419524838 -13.695602414253926 10.096966048312652 126 132 132 0.26302730857458845 105 156 106 161 108 151 104 137 107 146 110 151 115 150 106 192 107 167 105 133 103 126 102 128 117 141 100 139 100 148
529 -9.1615312037898775 -21.480321663786071 15.164023419261866 127 124 114 0.25313818888080941 106 191 108 134 104 161 107 107 115 146
531 -7.2088226694048103 -20.170148700213304 12.86870409449773 251 244 245 0.25100784722498526 105 243 106 232 104 176 103 169
532 16.066297286316967 -14.212690726674737 9.1915480290875848 178 184 184 0.34411783820498176 105 194 106 214 108 217 104 185 107 177 110 271 115 257 103 164 102 135 100 163 101 105
533 14.246836315458552 -10.93684209025264 10.424998704536165 48 52 46 1.0404444338653416 105 233 106 266 108 257 104 186 107 252 110 199 103 193 102 158 101 124 98 77
534 -2.8098587349722948 -19.289229751871972 7.9608155938034315 139 140 139 1.2520217790955588 116 234 104 190 100 167 103 181 98 153
536 5.6101496757140694 -4.544524819948947 8.8348612045250547 142 145 144 0.24791690685918402 104 4 103 2
545 -2.9741170824900109 -24.141253512649655 14.35089645085236 114 118 117 1.499438990176446 103 10 102 14 100 4 101 8 97 6 95 5 96 7
546 -0.19144118118640563 -6.7124880386243149 10.164321908774241 91 99 96 0.46076213474631339 107 9 103 12 108 9 115 9 110 11
547 3.3743614641082331 -4.9931789251447753 11.396460965609322 40 91 133 1.3585423649456745 106 23 103 14 105 20 102 4 100 10
548 11.400321830263749 -5.9486334643011105 11.577711643125099 95 93 83 0.67411066254813112 104 18 103 27 102 20 100 21 101 13
550 15.213252209610403 -12.108520416567899 9.4334908390090959 121 124 126 0.70361527204044727 104 53 106 46 107 39 103 38 102 37 100 28 101 25 99 21 117 22
552 -6.4065047418728227 -19.594084607852437 11.969936786138305 253 250 247 0.162438980162083 104 85 103 76 102 82
554 12.108045494498128 -13.433278872060782 11.560706369086688 148 150 151 0.68528561706014368 104 86 103 85 100 56 111 61 114 141
555 20.285136025728718 -17.254907711618671 11.653928775386589 154 160 162 1.637859515962472 104 134 107 193 103 91 108 215 115 206
556 13.008106848447255 -12.964481465410927 11.56144796158037 111 118 121 0.20637525568835718 106 125 107 116 103 94 105 104 108 128 115 126 100 86
557 1.8019308576700723 -6.6541236894113354 11.72917237157867 58 68 71 0.39751519826993542 104 144 103 98 102 65 100 88 101 52
558 0.0075998271634603043 -4.6236625143305901 12.064427096621557 72 85 80 0.77199133996052416 104 110 106 197 103 102 102 69
562 2.4093184438353319 -6.9280445161084572 9.7926359276988251 22 92 145 0.83246063897488354 106 167 103 129 100 135
563 1.0037274101197227 -6.5468488497101589 10.608752486400135 12 95 152 1.0870801205954281 106 203 103 130 100 103
564 -0.64318751548086084 -5.2642990715971791 11.133713227614862 44 114 174 0.51098621814561695 104 146 103 137 102 132 100 126
567 12.820376512808934 -14.557087524285635 11.52955369451513 46 51 54 0.0078859333818401354 107 254 100 212
569 -2.4531709278322182 -19.261436020032306 7.3959188627808317 137 133 131 1.1037827066539092 104 225 103 217 102 207 100 202
571 6.0996074029018814 -36.70215711103333 28.371899592742921 116 115 113 0.91780152681555849 100 0 101 0 99 0 98 0 97 0 95 0 102 0
572 -4.87547380904806 -6.5371007823962373 26.167989382432893 102 112 111 0.70992506535812339 104 10 102 11 100 9
573 -3.7689067933573597 -19.632048687960378 9.9094480006950789 254 255 249 0.92972440838345438 103 21 102 17 99 17
574 15.682742951144064 -15.310996914043471 9.199222653386073 157 161 162 0.99616868734889186 103 26 102 19 104 39
576 1.8884868657290212 -8.4731396394672629 10.230061617593037 13 89 145 0.23652784925615614 103 60 102 49 100 52
577 2.5654828423748199 -5.1158925643940165 9.5063843725280321 50 108 161 0.38948978304864901 103 61 102 51 100 54
578 14.043588433075001 -4.645715367771345 14.713820272735575 95 95 83 2.2834253620427165 103 72 105 106 102 53
579 14.494259327863517 -15.9543100305591 9.5018697961087355 140 146 146 0.19861599654098686 103 78 104 93 102 56 100 45 101 40 99 39 98 35 97 27 95 23
580 -2.3422721430089268 -18.952127211281777 9.7018773055733618 118 124 122 0.35032789351510568 104 54 102 57 101 27
581 -2.044343860971594 -19.439374711786286 8.3985190495974393 254 255 249 0.30814398326228332 103 106 102 74 100 69 101 59 99 47 98 44 95 35
582 -3.3729397513378103 -19.577192493590019 7.3561372461975907 253 255 249 0.34816945089849094 103 70 105 71 102 78 101 57
584 13.559984937592048 -10.838486633576849 9.4981443905833203 139 142 141 1.5757097970406702 110 198 102 130 101 115 104 197 98 107
585 -1.5931878313654124 -19.596895760158986 8.6926231953204933 70 71 72 0.27620116491491209 103 154 102 149 100 131 101 78 99 72 98 68 97 62 95 67 96 59
586 15.336529660570477 -15.00412107548982 9.8279215213844964 128 135 139 0.13387472756578281 105 192 102 153 106 223
588 -2.5424056901356948 -18.141123337077943 8.8685786454219624 0 0 0 0.23668348838347639 104 204 110 241
591 14.447281151301524 -13.985352759053967 11.97143808373221 141 143 142 0.83290126550761767 110 258 102 187 101 154
592 -5.5244427181326046 -20.670184079041064 11.434380322570405 119 125 211 0.18222569050544601 103 216 102 197 100 192 101 142
593 -7.0872896162680377 -23.394581484864375 13.589963387023431 253 253 253 0.39944123370843365 104 215 102 198 100 185
594 -7.4316619915974229 -22.876720993963545 12.534918412587558 231 222 214 0.069615221116412052 104 219 102 199 106 237
595 -0.95193778771829329 -25.119442902250285 11.126644952752144 253 254 250 0.40892073747425972 104 193 102 206 106 251 100 197
596 13.663523796425977 -11.64787032665663 10.057325087842401 126 133 131 2.6281779883736869 116 109 110 254 104 222 102 157 117 115 109 69 103 163 101 156 103 188 99 71
597 14.535739762576782 -14.581593289647344 8.5310631440305542 157 161 162 0.5830409912613429 103 23 100 29 101 24 99 22 98 18 97 16 95 16 96 18 94 10 92 13
600 1.6249814828150306 -6.6602577310582092 8.5177879673003645 2 19 43 0.42029458809516268 102 34 100 23 101 31
601 12.917101801951105 -12.878783641426025 11.445343002041227 113 120 122 0.11168275209231804 105 116 107 104 108 116 115 112 100 65
602 0.68011823192551901 -5.3477481810309655 10.155597322592257 59 121 184 0.028782701785757078 102 97 100 67
603 16.684398664929006 -14.062056769789933 8.8114768831627543 182 190 194 0.33676546162651616 102 114 103 159 100 98 101 104
604 2.253968271726194 -5.3248640050267113 1.3393488053442297 0 0 0 0.32774262838150831 108 155 110 103 107 150 115 154
608 12.067886651144136 -17.52124976252162 8.3411974872175279 113 118 118 1.2485335744251627 102 120 100 130 110 96 101 117 99 74 98 62 97 63 115 92 107 95 108 98 95 75 96 54 105 87 106 93 94 49
609 -1.1959808673244083 -19.810301664745339 7.933003054451774 253 254 248 2.2364386960317275 103 140 100 136 101 147 99 77 99 133 98 64 98 138 97 61 97 95 95 43 95 106 96 44 96 131
610 15.60507048490598 -13.917593925379151 8.7990847240067751 173 179 180 0.27603136340246254 102 145 103 176 100 151 101 82
611 -1.2253909545019042 -19.883421734436979 8.7011051394114247 65 62 68 0.34111676693906784 103 190 100 182 101 145 99 168 98 135 97 127 95 133 96 97
613 -2.8658289130538037 -19.346393953038842 7.3672389458583893 128 133 130 0.81847191136255915 116 201 100 203 109 179 101 127
615 0.77207491598136357 -4.3329400925592836 -0.51451213337497848 0 0 0 0.075129270849204025 104 143 110 267
616 -3.3068037065978615 -19.843086921802524 7.1905289247417841 249 254 251 0.047192335129338098 103 212 100 207
617 11.849094893697043 -16.399241746748658 11.893236314519186 35 34 37 1.0581108912924311 102 211 100 213 109 110 101 134
618 3.2177577100643475 -5.0033509424229123 10.275083822872602 162 104 127 0.37489594285597866 105 115 106 113 104 107 102 68 100 90 105 105 108 181 115 111 107 154 108 108 106 119
619 13.390346632376804 -13.862823641816931 10.683093503425312 145 150 151 0.20518764880044188 117 68 103 59 100 48 116 62 110 72 99 27 98 28 95 24 97 28
620 11.968474719672088 -14.786388657576254 10.792650955510226 121 127 121 0.60767762407002968 110 266 102 182 117 173 99 155 97 101 95 126 96 76 94 81 92 67
625 15.74835875625547 -14.209313583834273 8.670886972401604 169 174 177 0.31223548947649427 100 47 102 86 101 37 98 32 99 36
629 -0.86662306003938738 -25.844647796265463 12.008069169032979 252 255 249 1.2322216606875034 102 174 101 92 99 96 98 33 99 43 97 34 95 32 95 77 96 38 94 43 92 34
630 10.834241067775736 -14.313863281937756 10.429454435912476 112 120 120 0.7478707327491706 101 106 99 81 98 60 97 66 100 178 102 183
632 -2.4597101735549813 -19.93130494270963 7.538092028907613 251 254 249 0.37209663819262689 100 189 102 171 101 126 99 116 98 84
633 -2.3542884772236903 -19.595272863494984 7.6919553280864648 252 254 251 0.033474108211383295 100 186 101 148 95 136
634 -0.70275405213197928 -26.687522299560669 12.173019280693438 138 125 121 0.52693155744888587 102 205 101 151 99 151 98 152 97 94 95 137 96 132 94 85 92 86
635 -5.5594266609351735 -20.736758761766396 11.500910285345981 123 125 198 0.16430104527388253 100 183 101 152 102 193
636 10.660464699380782 -11.526296599333818 8.0870881761837836 57 58 56 1.7760891367819713 102 156 101 155
641 -3.071888938505424 -19.050128823868135 7.5121571288070754 245 250 248 1.6139287073141555 109 54 116 156 100 76 101 46 117 214 103 202 99 59 117 60
647 -0.34903604532894406 -1.877588120471728 3.2809846681906265 253 255 242 0.84287113534519609 119 18 125 20 124 20 130 16 93 10 90 8 87 8 91 8 89 10 88 11
648 -1.0281397770922922 -2.4696286768580649 13.398500704787466 13 76 118 0.77947076685120043 119 16 125 18 128 18 124 18 130 12 126 19 129 21 131 21 127 25
653 1.335855746537618 2.8923631247621415 8.9224068945110275 13 40 55 1.066962587243633 119 131 125 94 128 63 124 88 124 177 130 73 121 107 126 68 129 58 131 63 127 46
654 2.4314512099455214 -3.5400572140590612 7.5112922927309 130 134 127 1.4647386404035256 120 55 128 65 118 43 126 64 129 69 131 65 127 68
655 0.46675914493886239 -0.50742020755888007 3.2159689331297159 179 160 151 0.37502395708705416 119 49 125 56 124 54 130 56 126 72 128 66 129 62 131 70 127 64 93 32 90 37 87 35 91 28 89 32 88 32 86 26 85 26 80 25 83 27 79 25 81 23 82 31 84 21 78 24 77 18 76 26 74 36 59 35 71 26 70 27 73 38 72 22 75 21 67 36
656 1.1001519484379969 2.7434969162923153 7.9823399228474727 13 40 55 0.54364715643824291 125 95 128 74 130 80 126 71 129 74 131 66 127 55
657 3.1099332162037285 0.0017016680312735843 8.5047711462392499 109 140 195 1.1031343579067139 125 59 128 79 130 72 126 86 129 114
659 -6.4999037843365954 -5.4541448287097865 14.578212453316951 56 58 50 1.1487931219807859 123 84 128 92 121 104 130 84 126 80 131 148 129 150 127 148
661 -0.4525977769740166 -2.7826462315319986 5.169045311168702 40 43 39 1.3742874796089377 125 193 128 102 130 160 131 175 127 128
663 9.9878293030662348 -15.026582595008449 20.099384526309336 0 0 0 1.3946155328104002 119 96 120 116 123 106 125 98 124 83 118 106 121 95 122 113
664 1.3199850919276628 1.749210229100072 7.8949647803091239 121 145 188 0.77820627918747198 119 53 125 83 128 114 124 63 130 97 126 111 129 146
666 0.39356611440348388 -0.60961870202072532 3.2870439970463394 56 47 40 0.56686159718873519 119 101 125 110 124 113 130 110 126 128 128 132 129 132 131 124 127 113
667 -0.59759327752641411 -2.594392856560944 9.4883099684147965 26 77 120 1.1633412278791153 123 100 128 143 130 93 131 145
668 1.5917404496702829 1.9132985865799128 6.7186365183317776 159 162 171 0.48071211902852229 125 194 128 147 130 149 126 136
669 0.3940280126286666 -0.58663620226388957 3.2718439638157406 56 47 40 0.47353101815023041 119 119 125 133 124 124 130 121 126 146 128 150 129 140 131 126 127 117 93 104 90 72 87 97 91 79 89 87 88 86 86 75 85 81 80 78 83 84 79 67 81 64 82 74 84 72 78 63 77 71 76 69 74 67 59 62 71 61 70 68 73 77 72 65 75 51 67 64
670 0.74379874423175352 -0.28854428649833608 3.1917234764561044 133 103 80 0.43585019267011205 119 148 125 153 124 154 130 138 126 156 128 162 131 152
671 -0.29359081088779249 0.57842800876937872 1.7958402385761474 0 0 0 2.028294425678371 119 151 125 107
672 -0.14565982548106149 -1.6034050186792683 3.1516969485649042 172 158 142 2.737224247198617 119 114 125 143 124 147 130 132 93 103 90 92 87 87 91 71 89 81 88 59 88 85 86 54 86 117 85 50 80 52 80 74 83 63 83 81 79 64 79 73 81 69 82 49 82 81 84 60 84 78 78 41 77 38 76 66 74 38 59 61 77 67 78 60 74 60 93 105 71 47 71 60 70 37 70 61 73 54 73 71 72 49 72 62 75 34 75 53 67 48 67 79
673 1.5298893093504375 1.3081949800907751 8.8530974334596522 91 92 89 0.72085390663874382 119 164 125 123 128 177 124 95 121 137 130 120 129 179
675 1.376312876003567 -2.4910834921931837 9.2617304775376397 0 0 0 0.72168559823720391 118 6 128 2
676 -0.22877779768612072 -6.732096748267395 8.9391458162433537 41 40 39 1.169444857422713 118 11 128 4 126 6 129 9 131 7 127 7
677 -0.86230480072219962 -3.7182701423685103 4.6911774698845647 103 105 99 0.44636789425136741 124 37 125 28 130 15 119 37
678 0.8098696172282871 -0.65501769992192749 3.0954456974395725 69 77 76 0.29797522665958764 124 34 125 21 130 18 119 20 126 25 128 31
679 -0.4686588513674792 -0.21624584155870252 8.6927141865375006 23 81 124 0.40542098198073956 128 22 130 19 126 27 129 28 131 27
680 0.046961646524607659 -0.99420459290308827 3.2341235242852235 238 73 70 1.2248379541399015 124 33 125 23 130 24 119 23 128 35 127 34
682 -0.64690589557926614 -2.1799655417767099 3.6872247872881871 89 95 96 0.63283569762224912 124 98 125 80 130 44 119 64 93 15 86 7 78 11 79 10 83 6 85 10 88 13 82 12 84 6 74 8 81 12 77 8 59 13 76 8 80 9 71 8 70 9 73 13 72 9 75 5 67 13
683 0.98368746536476692 0.57356126111676531 8.4731237964485899 2 11 17 0.55042828407896682 128 51 130 51 126 46 129 37 131 42 127 39
685 0.52037120336927956 -0.15821847952611279 3.1700180590726177 80 81 81 1.5973028296213612 124 55 125 53 130 58 119 51 126 78 128 80 129 86 131 50 129 49 127 53 127 76
686 1.2253092551234204 0.69945074513725558 9.6887187890588393 73 76 68 1.2037537733791555 124 81 125 82 130 74 119 111 121 134 126 168
692 0.39099234987816089 -0.60540636946825543 3.287197321917688 56 47 40 0.4553026885803324 125 134 130 122 126 145 128 149 129 139 131 115 127 116
694 0.57683836850372927 -0.49550474919396947 3.2505141227799186 81 80 79 0.3268423465796681 125 156 130 140 128 167 131 173
696 -0.24441502044595609 -3.1269117962815471 6.2933184419376857 28 89 135 2.1792874809655189 128 182 130 142 126 144
697 -1.5360764639046351 -8.5244558086283178 11.605709520652113 89 89 85 1.9172039119898829 123 192 130 143 119 160 121 94 130 101 124 182 125 125 126 155
699 1.2906827319239369 1.6657821777628214 6.9132802548340351 160 178 223 0.71505877238083215 124 139 125 176 128 180 130 148 119 162 126 177 129 176
701 1.2294134093477282 1.5033508160768179 6.7351838292125876 134 157 199 1.139189280870494 125 188 130 153 126 179 129 177
710 -0.38259516213366851 -1.7863380902942936 3.3519754519604703 254 255 217 1.7431555613391687 124 93 125 99 130 87
711 -0.42020156508112905 -0.62876801864535992 2.5601768514310379 254 255 217 1.3989466354261157 125 142 130 88 124 176
716 -0.45004643105579589 -1.7899419319346634 2.7961291517009386 183 147 125 0.76476708424147188 124 129 125 129 130 131 119 106
721 0.70612705979789325 -0.5685286849413842 3.2581251831799136 76 81 81 0.97619435710583502 124 35 125 24 130 25 119 25 126 34 128 27 131 31 127 29 93 20 90 23 87 23 91 21
723 1.9586201986767833 1.9173547912482718 8.0651890138493627 168 190 238 1.0554772473073042 124 105 125 96 130 98 119 169 126 112 129 123 131 123 127 102
725 0.57848687566678336 2.4166705934837864 6.3459081821252994 48 55 53 0.85011067950194874 128 21 130 9 126 17 129 27 131 24 127 21
726 0.29954593766194648 -2.53570483848398 4.0036495910329677 226 89 84 0.56438336444071635 128 62 126 59 129 56 131 48 127 65 130 23
730 0.63704433296362595 -0.90367233910274081 2.923040387707033 157 162 158 0.39707002265259683 125 50 130 55
731 0.42515656946653735 -0.42983106921406034 3.138556547388248 179 160 151 0.34837891936373327 128 71 126 63 130 59 129 68 131 64 127 66 93 38 90 44 87 36 91 36 89 34 88 38 86 37 85 30 80 34 83 31 79 28 81 26 82 33 84 28 78 26
734 1.1164916969858041 -0.88145209392951074 3.4396019968447717 125 125 124 0.3603542534166001 128 168 130 102 126 160 131 157
735 0.86908963893768032 -0.47751085120512471 3.3994147476464605 127 98 74 0.31073357217743747 128 125 130 106 93 81 90 62 87 74 91 57 89 59 88 81 86 74 85 54 80 45 79 59 81 55 82 57 78 49 77 42 76 51 74 54 59 45 71 54 70 48 73 66 72 41 75 45 67 59
737 0.77153261997329992 -0.47868029051755911 3.4519803007731298 230 196 163 0.33379014478882646 128 163 126 159 130 139 129 180 131 153 93 132 90 122 87 114 91 116 89 113 88 124 86 108 85 102 80 84 83 118 79 126 81 111 82 122 84 110 78 119 77 126 76 111 74 123 59 101 71 92 70 112 73 103 72 92 75 113 67 96
739 1.3128082425708953 -4.1025331030180041 4.6435624724592799 49 44 42 1.4404634537752059 128 178 130 157 126 167 125 144 119 65 124 148
742 2.1754933155888807 -0.43423545354676207 3.5039688420461061 35 39 32 1.1673192466813189 124 3 126 2 119 3 125 4 128 0 127 2 129 2 131 2
746 2.7871635136896771 0.31436303776899877 9.8615119401305265 0 0 0 2.1730149888580201 122 11 128 11
757 -0.26179503649495928 0.1314557317841718 3.0873959740257533 253 92 95 0.22433726302383095 128 68 126 41
772 -0.14745498712983363 -2.7301828558331636 6.588523324961443 2 28 54 1.1207569237804336 128 164 130 112 126 95 129 103 131 105 127 85
775 1.2140121838151003 -0.57519963212507719 3.6523607610225781 85 59 42 0.45899650165698108 128 108 126 101 130 90 129 108 131 98 127 89 93 65 90 63 87 75 91 59 89 60 88 83 86 68 85 55 80 47 83 57 79 60 81 57 82 58 84 55 78 50 77 43 76 35 74 55 59 72 71 39 70 49 73 67 72 42 75 28 67 61
777 0.79725444728381945 0.051809896449185544 3.0693347408777072 123 128 130 1.1066844959964224 128 110 126 107 130 123 129 111
785 1.20707451392434 -0.50068132663113829 3.8095903119070726 96 85 79 0.99295065978226893 128 151 126 148 130 115 129 117 131 129 127 118
795 -0.34632820569152045 1.1673361985328938 6.278978144547068 33 70 102 1.6167471106049156 130 129 126 181 125 97 119 83 124 130
801 -0.61836960860659929 -3.3560768332320094 9.5422379468284362 11 83 137 0.65843835200113088 113 13 126 23 128 16 129 20 131 20 127 24
802 0.63519972822547288 -0.44975335992944565 3.0983762271487194 69 75 75 0.56656232198386725 126 33 128 25 129 31 131 32 127 30
803 1.2956244755865214 -4.4999388880955848 5.0536976501950903 33 32 24 1.2770550864558083 124 21 125 17 126 24 129 32 130 14 119 19 131 36
805 0.70965147926699501 -0.18969247051290949 3.136963183664875 231 181 150 0.29023008901624869 126 42 128 36 129 34 131 38 127 35
806 -0.21768099176222222 -1.5790255645499656 3.4468683569285758 77 47 35 0.47000573900614129 126 44 128 34 129 38 131 37 127 33
807 0.70965147926699501 -0.18969247051290949 3.136963183664875 231 181 150 0.29023008901624869 126 38 128 46 129 41 131 44 127 37
808 0.70965147926699501 -0.18969247051290949 3.136963183664875 231 181 150 0.29023008901624869 126 37 128 47 129 42 131 45 127 38
810 7.8480391952963373 -6.0305576548557838 8.8745969618803429 0 0 0 0.04148562613949696 120 40 122 40
811 0.48054829570003221 -0.33641824555638777 3.3872855634499501 126 131 126 0.44675291565965669 126 74 128 72 130 60 129 60 131 69 127 63 93 29
812 0.47335885879823536 -0.31904839317689948 3.3637308383100617 126 131 126 0.14596990524046258 126 73 128 73 129 61
813 9.2270297569467061 -17.188025483903857 22.349175270582691 0 0 0 1.2354451417661669 118 127 119 63 120 144 121 82 122 111 123 105 124 71 125 76
814 0.79519363845503221 -0.42890524588824519 3.4418476689459112 232 225 204 0.34329901384389749 128 98 130 77 129 63 131 71 93 52 90 54 87 51 91 39 89 43 88 43 86 51 85 33 80 37 83 41 79 30 81 30 82 45 84 35 78 28 77 28 76 30 74 24 59 36 71 27 70 28 73 46 72 33 75 22 67 34
817 0.42861307369520318 1.0215461582490661 3.5608210740660979 117 147 202 1.1830578946761958 128 50 130 40 129 82
820 0.73276615291740654 0.021530497724143061 3.095177699629744 99 89 82 0.24589044223082271 126 135 128 142 129 96 131 113 127 110
821 2.9452050202778537 -0.048437014517958232 8.8228595785707284 10 18 35 1.5478651795527285 119 81 124 87 129 97 131 90
826 3.0489578853916441 -0.10074595613900783 9.0266548984932342 10 18 35 1.7600097869369906 119 127 129 118 131 88
829 12.86938714656003 -5.1541940564206925 10.791439111020168 73 74 68 1.3066185631175975 111 78 114 87 126 113 129 126 113 158 127 109
830 4.3995143479112357 -1.7992046350179862 8.907098393317824 0 20 41 0.78511788377071501 119 85 129 129 131 141
832 0.39638691649656721 -0.017923539157891355 3.1961868216515086 134 128 120 0.19337392855207045 126 134 128 137 130 159 129 131 131 133 127 106
835 0.43997732977896931 -0.081931243244071084 3.2864161598058672 134 128 120 0.14728678507377199 126 147 128 136 129 141 131 128 127 114
836 12.965248580064213 -5.2069756901428264 10.898068278464621 73 74 68 1.2455646405053205 111 65 114 108 126 108 129 143 113 145
837 0.69302064017796283 1.6270806126776733 5.6718728072809199 113 135 176 1.2948395135977118 130 130 129 149 127 132
839 -4.0897694619680465 -4.1548953768071897 10.565728125959026 28 26 15 0.85230990857576061 119 174 122 171 129 153 131 151
842 -3.6086584209967327 -4.8924764277037411 10.783618876113906 9 12 9 0.56634201714761045 125 174 129 168 127 141
843 -4.0897694619680465 -4.1548953768071897 10.565728125959026 28 26 15 0.85230990857576061 119 173 122 209 129 169 131 168
845 0.69327527460279725 -0.95814340139509113 3.1642330405301209 115 78 76 0.33272900765003344 124 161 128 170 129 174 131 176
847 3.0211579520210989 0.96395323953220213 8.4199053250571296 121 128 147 0.65842469658165792 125 177 129 187
849 -3.6897506507132789 -0.81117705454926181 11.497892203374704 82 86 83 1.3815875767892158 122 170 129 182 120 130 123 164 131 139 131 140 127 100
852 0.46380358817935985 0.1853525492801964 2.970366043645754 126 117 111 0.82035935418636041 126 81 129 72 131 60 127 69 128 91 130 91
853 -0.22718001049230452 -1.8903866114737866 3.4155837862373346 254 255 249 0.60028665503151568 126 94 128 101 129 89 131 87 127 81
854 -0.22718001049230452 -1.8903866114737866 3.4155837862373346 254 255 249 0.60028665503151568 126 93 128 100 129 90 131 89 127 80
855 -0.83961688515751121 -2.021239652962322 3.2372645905535364 91 97 96 1.3364286888012831 128 121 129 98
856 0.80858742752167245 -0.9339954457955173 2.9432285497160819 100 110 110 1.2838769748225509 126 116 128 116 129 100 131 101 127 82 80 69 84 61 85 61 88 65
857 -2.8572749661995545 0.87567608304470923 13.036724928590957 80 86 83 1.3253866083180117 121 161 125 149 119 90 127 138
863 -0.35606509419932308 -2.1835976318423036 3.6458021261006479 254 255 249 0.81530391301546712 126 22 128 14 129 18 131 18 127 22
867 3.287318665020166 -1.8280537156947503 6.2428336622469942 124 128 128 0.79998574212232698 126 12 129 14 130 6 131 14 127 14
868 -0.0063988761206701383 -0.71632086160479957 6.4374099646227023 24 87 133 1.8039312815887241 121 58 131 53 124 66 125 61
869 -2.4532921116037869 -9.0234948740676373 13.362841134254722 23 25 17 2.0354489354702126 123 121 131 178 128 131
870 -0.16124040817385321 -1.2490328057283477 3.0161667004243782 69 47 35 2.3550663801263125 126 133 128 176 129 133 131 121 130 133 127 107 127 130 93 83 124 101 119 115 125 104 87 88 83 75
872 -0.16258868328822018 -2.6044182754530993 3.5154983886955051 117 112 108 0.6465613544227653 126 58 129 45 131 47 128 61 127 49
874 -0.2008555464981896 0.83374014513742623 1.5417807275536006 101 110 110 0.71610292275383713 125 3 129 10 131 8 127 8
875 -0.47291179264584571 -2.2586350816391132 4.6264719917784305 29 29 27 0.24613689795051746 126 10 128 9 129 13 131 10 127 13
876 -0.35606509419932308 -2.1835976318427583 3.6458021261008753 254 255 249 0.81530391301614402 126 15 128 15 129 23 131 25 127 19
877 0.55975681960546808 0.13191839246087511 7.4174997930809923 50 100 145 0.67377752752239095 123 46 129 26 131 30 127 27
881 0.45965931323621589 0.19478418940047959 2.9616092981843849 123 116 107 0.72231553654504299 128 97 129 64 131 68 127 62 130 107
882 -0.20327865245076282 -1.2539106972419631 4.6694003681250251 74 102 121 0.097523029714799453 126 130 128 165 129 104 131 93 127 86
883 0.28537858184199649 -0.025358691851351978 2.0901984419240307 158 169 169 0.4470205129118483 128 152 129 99 131 96 127 97
884 -0.54500104827405949 -2.536935847333325 3.4771850177286296 172 136 114 1.0036572070696501 126 137 128 122 129 134 131 119 127 108
885 -0.45519690229400567 -2.5000524927697825 3.344294181978853 191 146 119 0.90855038360976259 126 140 128 138 129 175 131 181 127 131
886 2.1398625110480225 1.1420314477873035 8.8196259230944634 146 167 219 1.1484156797873437 125 191 127 133 124 171
887 0.10567476617433158 0.84728807094052172 1.7198514159558727 29 34 24 1.5264585257217702 125 85 127 44 129 53
891 1.4552424867153491 -35.251915385291113 16.393643645275915 111 112 106 1.0289197893032387 101 3 107 5 100 2 103 5 105 6 106 7 108 5 115 5 117 6 102 6 104 6 110 6
893 17.667354842668999 -18.158719482195011 10.465633749468452 223 229 236 0.96877307445017957 100 66 99 40 102 113 103 183 101 36 98 26 97 20 95 20 96 13 94 8 92 8
894 13.911396810261976 -15.482472991884606 8.9506456983416456 141 147 147 0.043666914275698833 100 57 99 46 101 38
895 15.096415605712878 -15.352303089809993 8.3252622173679356 161 164 171 0.22668758140698217 100 124 99 103 101 101 98 92 97 64 96 56
896 80.491865072690189 -54.692568441352705 56.534746336604144 173 180 182 1.6430752245724323 101 116 93 26 92 20 94 19 100 150 86 48
897 -0.54161371350056697 -23.526170472096283 8.5597563620177652 250 235 212 0.90109133246766049 107 133 99 113 108 138 95 71
898 15.778395165732604 -14.374163927835752 8.5301261166782751 173 180 182 0.23315014893496355 100 162 99 120 101 128 98 82
899 -3.4500700236856687 -21.738450178555695 8.3875941135700032 160 159 156 2.3309212175086778 101 130 99 128
912 15.515147622347683 -15.407773282600829 8.2216197324361247 191 196 198 0.052991008888056829 101 137 98 119 95 114
914 -2.9619451282879368 -19.265801260720764 8.1699992589490193 248 252 248 0.23700196829718156 101 146 102 213 98 136 99 149
915 -1.0329811360149392 -19.922993456363201 8.3732697315923588 252 251 246 0.33401052711889406 99 139 102 202 98 137 95 134 96 96
918 15.165328027110718 -15.064450542848135 7.7864920780597231 191 196 198 1.7475032197091447 99 160 101 149 98 151 95 124 96 116
922 14.153964315720089 -16.790278772370584 8.5723477359614435 156 158 162 0.25270421622722516 99 101 101 99 98 90 100 118 102 178 97 73 95 83 96 72 94 58 92 50
923 9.2550427924696805 -6.5501647743435569 10.286867875354687 228 210 193 0.28916364333331651 99 106 98 108 95 69
928 14.323033458016482 -18.093347673333028 8.8983026864394787 183 183 187 0.5058615236224886 98 25 97 15 99 25 95 18 96 11
933 15.842734188383304 -15.303630502125998 8.5660758715256407 169 176 178 0.12330175166216165 98 93 97 65 99 104 95 70
935 4.2736681072018996 -47.825166042201772 20.280068376546183 91 90 94 1.5314369658200664 100 105 101 69 97 85 102 107 95 88 96 45 94 52 92 45 117 110
936 10.355293257131905 -17.201500594796698 11.423623295359562 54 53 54 0.66789553347670272 97 89 95 109 98 148 96 147
937 -0.78091444689897571 -21.091801931774398 7.6364121018016249 227 213 201 0.26477503078188253 98 155 97 93 96 94
939 4.1252228068425438 -31.962872373284199 12.426013462063224 91 92 88 0.35151979705210012 98 99 97 106 99 111 95 86 96 109
940 15.469537711820692 -16.791390274699324 8.705176036764442 222 222 226 0.17177283338900348 98 163 97 119 99 146
971 15.03096370730475 -16.046425530359556 9.0888678349358543 184 187 190 0.076930598504708736 100 146 95 64 101 81
972 15.03096370730475 -16.046425530359556 9.0888678349358543 184 187 190 0.076930598504708736 100 122 95 72 101 100
977 10.355293257131905 -17.201500594796698 11.423623295359562 54 53 49 0.66789553347670272 97 83 98 147 95 111 96 119
978 19.405820413625463 -17.267460663674456 10.426979360866767 171 180 181 1.2086381275486719 97 99 98 105 95 113 99 141 96 145
982 -1.5055903580575887 -19.476968795978792 8.4285528664140656 119 102 104 1.4138145775989679 110 95 105 76 106 92 115 91 108 97 107 88 104 83 103 54 100 61 101 33 99 42 98 41 97 23 95 61 104 159 103 153 102 148 100 145 101 79 99 73 98 70 97 75
1003 10.714377896466431 -16.725994023951216 12.235389014312545 109 109 109 1.027726171505811 97 50 99 87 96 53
1020 14.857872649150636 -16.774839602229804 7.8623558757740284 187 188 192 0.42429071109352162 97 140 99 167 96 123 92 132 94 118
1023 11.809410895334167 -19.046382339961156 14.144283434599743 48 47 47 0.93109376314178127 95 115 97 88 96 146 94 116
1026 2.423176446283378 -18.431904811088316 5.4416330108530246 150 139 132 0.26987775814256743 95 116 96 154
1050 11.046703939492033 -15.934934230567251 10.753326458792458 0 0 0 0.17610420871468632 96 99 98 121
1069 34.906197311117523 -29.236756511762906 24.341353260227152 0 0 0 1.1773357183497453 96 15 97 14 102 25 95 19
1070 1.9434425355252074 -0.4779689900892663 2.9902855717950843 145 149 153 0.29029124683281127 130 26 93 13
1071 14.530373518516114 -17.302104798917298 8.2184282638476134 213 213 218 0.30455350280539023 96 30 97 48 98 61 95 46 99 68 101 113 94 31
1072 14.530373518516114 -17.302104798917298 8.2184282638476134 213 213 218 0.30455350280539023 96 31 97 55 98 69 95 58 99 82 101 119 94 36
1075 21.995297522442741 -20.261457286693485 12.114986320195271 0 0 0 0.54491187868544633 97 26 98 31 95 36 99 70
1077 14.757628070618694 -16.886843942361338 7.6363715062886968 207 208 216 0.4580487006494578 96 90 97 115 95 127 98 131 94 119 92 93
1078 15.406054277736871 -15.674746477602184 7.8147758672314467 182 183 185 0.52244499876862505 96 115 97 98 98 96 95 108 99 138 94 96 92 94
1085 130.14524392472089 -114.00434301562632 211.7076121437982 102 102 98 1.3490275126116549 93 1 94 1 92 1 59 2 71 2 70 2 73 2 72 2 67 2
1104 14.785565407611898 -16.060803179131199 7.6848846002526443 199 198 203 0.57271455692999618 95 107 94 74 98 103 92 66
1111 89.937246100884636 -69.724960126279257 70.03897571118921 170 169 172 0.78057125954560913 93 82 94 103
1112 11.67933896848217 -15.234587082864209 10.921814180323736 110 110 105 0.82606171101806147 96 100 94 114
1113 10.469225609401178 -16.316763019307473 10.5424195337431 101 101 97 0.52529699364190208 96 117 94 115
1115 -0.47925185149756544 -28.402189656381097 13.186380285188875 126 118 109 0.82828896063346347 96 126 94 135 92 147
1116 -0.69375937116063824 -29.264673145831011 13.765697718437877 126 118 109 0.031874048431091206 96 138 94 142
1203 10.074332822767303 -8.7352336317189838 10.329317937242308 124 128 128 1.0746485153462502 96 26 94 40 103 71 104 142 102 109 100 101 101 55 99 53 98 51 97 52 95 44 107 115
1283 4.244792261866337 -37.375033727114896 15.560708643940984 0 0 0 0.4963868541329467 92 114 97 113 94 91 96 105
1320 -0.63235626907197684 1.7216032041123981 1.2977325714065273 110 110 106 0.9123181920989758 90 2 89 4 88 5 91 3 86 3 85 4 80 5 83 2 79 2 81 2 82 1 84 2 78 1 77 1 76 0 74 1 59 1 71 1 70 1 73 1 72 1 75 1 67 1
1347 -0.82344415264333293 0.67558929686242664 1.6493887230981272 113 110 103 0.57868186719763592 90 47 87 52 91 43 89 48 88 54
1352 0.84300507303851191 -1.0279856599652248 3.2734959907988923 254 255 240 0.3174343223647515 90 67 93 68 87 58 91 62 89 69 88 66 86 63 85 63 80 56 83 65 79 52 81 45 82 50 84 63 78 57 77 52 76 41 74 44 59 54 129 91 127 98 71 49 70 40 73 56 72 51 75 36 67 50
1355 -0.857360480848115 0.53321450280895988 1.7209550287660704 180 168 160 1.527504929695775 90 89 87 64 91 124 85 124
1356 -1.0736564874368923 0.79234831032454167 1.7484359734937698 180 172 164 1.0540745813393664 90 101 87 68 91 82 89 134 86 83
1373 -0.8045978480728877 0.6175338335831384 1.7136763055374331 126 127 123 0.47291204318856872 90 120 87 105 91 119
1390 -1.1853843659888526 0.81606060402850744 1.9085428281093755 241 218 222 1.2629331432377395 87 15 90 38 91 15 89 18
1391 -1.1295706855818821 0.86877431181937936 1.7827367792335735 105 95 83 1.272895824104052 87 34 90 53 91 27 89 36 88 29 86 31 85 49
1393 -1.1295706855818821 0.86877431181937936 1.7827367792335735 105 95 83 1.272895824104052 87 41 90 49 91 33 89 28 88 39 86 30 85 46
1397 -0.81184630466253793 0.59671058934577559 1.676101443656421 190 179 171 0.80469066057544403 87 84 90 76 91 74
1398 -0.76873399160814415 0.65725593984643638 1.6549913111122123 204 192 183 1.44762147128995 87 86 90 81 91 81 89 91 88 89 86 84
1400 -0.76792096860526726 0.62956955549293525 1.671250506739284 204 192 183 1.2549815106680322 90 97 91 88 89 97 88 90
1407 -0.6669009379364752 1.5202058608645075 1.3272472669711988 92 88 80 1.3349753515387113 87 19 90 93 91 18 89 14 88 19 86 13 79 17
1416 -1.0918178104869867 0.77656929176851008 1.870400405305304 147 136 120 2.2025763536584968 90 85 89 75
1418 -0.86890920396928095 1.0140195945482446 1.4990317208074657 227 210 202 2.5190422699782635 90 77 89 127
1421 -0.73060801366221995 1.5304723301014747 1.2408321153430961 92 93 87 1.0135726785220147 89 0 91 0 88 0 87 0 86 0 85 0 80 2
1481 -0.68579066702733371 1.7374635018638855 1.0879685001369808 135 138 133 0.52760413615666646 86 17 88 18 85 16 80 14 83 8 79 15 81 15 82 20 84 9 78 16 76 10 89 19
1500 -0.68678790154706348 1.7358958430825169 1.0887021883304442 140 136 138 0.48348454220108789 86 16 88 20 85 15 80 15 83 9 79 14 81 14 82 19 84 8 78 15 77 6 76 14 74 11
1502 -0.68976086857605878 1.7354763828063824 1.0883701749507964 136 136 136 0.60820452014385984 86 61 88 70 85 64 80 48 83 60 79 63 81 40 82 37 78 35 77 33 74 31 71 46 73 47 72 36
1503 -0.68947953037428533 1.7355339989726417 1.0887426359875008 136 136 136 0.32784796491752966 86 66 88 62 85 65 80 57
1504 -0.68969526310837637 1.7354920156772096 1.0884945939376394 136 136 136 0.54013057963450728 86 65 88 71 85 66 80 58 78 31 77 29 74 30 70 31 73 40 72 29
1513 -0.71772555924650305 1.715606909376902 1.077590605053274 233 212 219 0.62439406005118758 86 24 80 64 85 18
1514 -0.71531643847919213 1.7204579380629639 1.0741585106802631 106 109 105 0.45127094349570251 86 45 80 65 85 47
1515 -0.69412706210016495 1.7232538088560432 1.0894841139981963 50 35 30 1.6624604300137849 86 58 80 73 83 113 81 59 77 45 78 52 76 55 71 44 59 77 74 39 70 44 73 78 72 46 75 30 67 44
1519 -0.6898552330902703 1.724003408065073 1.0735605216303838 173 173 175 0.7312245490342395 89 104 80 97 88 139
1520 -0.7198195702793555 1.6976655094788384 1.0858602480678883 220 208 200 1.1939404441106016 86 94 80 115 88 92
1521 0.77832659726300335 -0.47103761664448029 3.4525182405637906 220 195 165 0.81880607497489999 128 174 126 165 130 151 131 166 93 113 90 119 87 125 91 103 89 126 88 111 86 122 85 118 80 103 124 79 125 73 130 76 119 73 126 79 128 89 129 67 131 62 127 58 83 93 79 86 81 74 82 90 84 89 78 136 77 141 76 84 74 81 59 108 71 72 70 78 73 88 72 83 75 92 67 81
1522 1.0117708153579201 -1.0458383359723484 3.743548481394555 99 100 100 0.61753772835760379 90 22 93 18 87 17 91 17 89 13 88 15 86 12 85 17 80 12 126 30 128 26 129 33 131 34 127 31 83 7
1523 0.70532125334358398 -0.79301838280389347 3.0810581089419884 254 248 233 0.59660268383836867 90 60 93 78 87 73 91 55 89 80 88 80 86 73 85 52 80 44 124 100 125 86 130 100 119 94 126 117 128 103 129 101 131 100 127 83 83 56 79 58 81 44 82 61 84 53 78 56 77 51 76 40 74 43 59 53 71 48 70 57 73 55 72 50 75 35 67 49
1524 0.82138151894201883 -0.56939655142878109 3.2708059840713304 96 97 97 0.98802220224865978 90 90 87 106 91 80 89 89 88 114 86 76 80 83 124 114 130 141 119 175 129 158 131 155 127 155
1527 -0.69254207725811057 1.7295012349470653 1.0852734359126543 49 49 45 1.8353364935021745 86 99 80 92 88 138 83 109 81 85 79 109 82 64 82 89 84 103 78 78 77 149 78 91 78 90 86 98 76 107 89 106 74 105
1528 -0.69136171631299703 1.7292078396856141 1.0870340339037057 49 49 45 0.29338634416101106 86 125 80 106 88 134 83 122 82 79 78 82 89 129
1536 -0.70045537091749566 1.7281875345818207 1.0806596461238769 252 128 112 1.5161661168930585 80 93 83 85 82 67 78 76 85 93
1545 -0.67342638775039632 1.7156149193331203 1.0861363697312072 170 168 175 1.0157563135322605 80 42 79 35 83 38 89 45
1556 -0.68389783445661578 1.7376124086183609 1.0869201735745264 52 59 57 1.0941956089153466 80 107 79 99 86 129 85 95
1563 -0.70185089859302252 1.7305936353657216 1.0764370291718706 250 84 75 1.7317149146512707 80 88 79 68 83 111 81 48 82 52 84 68
1568 -0.69428000084133146 1.7284529979924628 1.0839746894815789 43 40 37 0.86308825011316248 83 110 79 72 81 84 78 89 86 93
1572 -0.69016556769304316 1.7349141448726186 1.0886766984481255 133 133 133 0.53817919614802745 79 53 80 50 81 47 85 79 88 61 82 51 84 66 78 55 77 53 76 43 74 47 59 57 78 58 70 42 73 59 72 53 75 38 67 54
1577 -0.68199805514524314 1.7370162291688303 1.0900426193007888 52 58 53 1.8705143331541885 79 97 80 89 83 78 81 93 83 99 82 101 81 94 78 44 78 70 79 128 76 63 70 58 59 51 71 71 75 54 75 52
1581 -0.68646419686581339 1.734256925983118 1.088187865439977 100 109 107 0.49735482357582339 79 96 83 100 81 113 80 91 82 115 84 96 78 85 77 76 76 59 74 62 59 64 71 68 70 62 73 85 72 75 75 67
1582 -0.68380814188242312 1.7388241321423266 1.085813950075476 58 64 66 1.9151621911375596 83 73 81 60 80 109 83 74 79 69 84 83 84 126 89 109 86 132 88 103
1593 -0.70285649455536259 1.7255817102545734 1.0838542942354934 66 40 34 1.1570787517864374 79 111 81 82 82 97 84 107 78 64 77 44 77 84 76 71 71 106 59 82 73 95 72 101 71 75
1599 -0.67851937946596763 1.7410221454474595 1.092627523686474 125 129 124 0.60231560819101471 79 16 82 21 83 12 84 19 81 16
1600 -0.68665522056551254 1.7257534516311352 1.0787989743922708 154 154 156 0.53733148450800072 82 32 83 29 84 24 79 20 81 24
1609 -0.68435781657285588 1.736366786123881 1.0880042545678634 57 61 61 1.755666485194618 79 93 82 72 83 130 84 125 78 69 77 48 74 66 59 68 71 32 71 70 77 148 74 41 78 114 81 130 79 95 82 100 70 54 70 64 73 53 73 87 72 60 67 69
1611 1.1454515552587168 -0.82803999417910745 3.8088455656599081 149 116 93 0.39450457513617143 90 118 87 103 91 102 89 112 88 110 86 107 85 101 80 85 83 95 79 87 81 76 82 92 84 91 128 107 129 105 126 173 131 94 131 167 127 87 78 138 77 144 76 85 74 82 59 97 71 73 70 79 73 98 72 77 75 106 67 82
1617 -0.69612613355980102 1.7295375345390767 1.0897766484429212 98 94 87 1.4467288773385827 79 9 86 14 78 7 85 14 88 17 77 5 91 20 76 6 74 7 59 10 71 7 70 8 73 10 72 8 75 4 67 10 89 17
1618 -0.496499498561775 1.5648590843372858 1.7905892644442929 252 106 102 0.46305240459023028 90 16 78 8 59 12 73 9 67 11
1619 -0.496499498561775 1.5648590843372858 1.7905892644442929 252 106 102 0.46305240459023028 90 15 78 9 59 9 73 12 67 9
1623 -0.70856330786335775 1.7332599938049498 1.0823929141669169 115 121 121 1.1922054678083305 86 59 78 53 85 58 80 41 74 92 72 88
1629 -0.6906611406848242 1.7365775834557553 1.0907135934617145 138 135 131 0.40776437889165357 81 67 86 127 78 67 88 100 77 61
1632 -0.69481952713925921 1.7265871331512699 1.0853262920502402 89 88 80 2.4525254523448972 79 71 78 87 84 106
1634 -0.68880098193227468 1.734395539099296 1.0887545037815016 135 132 134 0.023090730922145485 79 94 78 95
1636 -0.68493941385219159 1.7366787993410071 1.0861139490912137 123 130 125 0.4790046740823507 83 98 78 111 77 66 76 116 75 94
1638 -0.68617134592955153 1.7354382424505275 1.0859118346253354 132 137 133 0.63228119881330136 86 134 78 116 74 79
1641 -0.68851511676712107 1.7321150022530674 1.0873074831530403 50 52 53 1.7655316141953541 79 104 83 105 81 65 82 117 84 100 78 83 88 98 82 65 86 100 83 71
1642 -0.690119190295718 1.7349037458034218 1.0887522896164228 133 133 133 0.54897108950336027 79 62 80 61 83 59 81 42 85 80 86 60 88 69 82 60 84 58 78 43 77 47 76 38 89 65 74 40 59 50 78 54 71 45 70 52 73 52 72 47 75 32 67 45
1643 -0.68490028108971046 1.7380244560290521 1.085099828851753 61 70 65 1.3326716758028208 79 124 86 130 78 125 82 76 86 131 88 102 85 96 80 108
1644 -0.68374845779879934 1.7377152726232907 1.0877775242873895 95 105 104 1.6860380700260478 79 101 81 98 78 71 74 59 70 59 76 65
1649 -0.68861274385091065 1.7321497658736007 1.0879515917945355 95 103 101 1.1415645329435071 78 92 81 107 77 83 76 98 74 97 59 78 71 65 70 77 76 97 73 79 72 70 67 72
1650 -0.69574782804875213 1.7236837792763708 1.0946855645000824 252 120 108 0.19738185524054069 81 83 77 89
1651 -0.68657894465974323 1.7295688021022215 1.0919640532849826 117 115 109 1.7352805741023001 81 87 77 97 78 62 79 107 82 70 76 56 74 128 71 85 73 91 72 104 73 117 67 90
1652 -0.71378335226887657 1.7368854242092766 1.0891176433997316 108 112 112 0.63350451299789712 81 99 77 109
1653 -0.6876010913372852 1.7337834099862448 1.087420981336777 98 107 107 0.93340757531507645 81 103 77 122 83 124 74 77 59 63 59 93 71 66 73 84 72 73 72 74 75 66 67 73
1664 -0.68392689145457553 1.7240529637808777 1.0807152526231221 0 0 0 0.95056605777894865 77 14 78 22 76 22
1667 -0.67631425033704318 1.7390049653565711 1.0943816353739066 95 106 104 1.4914198254530502 82 108 79 131 83 82 81 101 78 74 76 67
1671 -0.68245937863935069 1.7348100504882495 1.0914263304463248 51 45 44 1.6437749440528528 77 64 78 99 82 114 76 99 74 94 59 67 83 72 80 104 79 129 82 106 71 58 77 65 70 53 75 68 78 61 67 46
1672 -0.68985190219018477 1.7344822377599485 1.0880623271179957 229 223 218 0.57270347888841866 78 97 82 66 76 101 81 90 86 103 74 63 59 65 71 69 70 63 73 86 72 76 75 88 67 68
1673 1.2430916477525784 -1.2855342296898016 3.1308486794138162 103 110 112 1.5825140842644334 90 17 89 25 88 26 86 22 85 20 80 18 83 17 79 21 81 20 84 18 78 13 77 9 76 11 124 159 125 51 130 54 124 53 125 160 130 152 119 50 128 70 126 60 129 43 131 49 127 60 74 14 59 14 71 9 70 10 73 17 72 10 75 9 67 14 82 15 91 16 119 155 87 25 93 16
1676 -0.69216177734921303 1.7152750242378261 1.1136354183634012 251 106 101 0.59333063209667691 78 4 74 3 76 2 77 3 59 3 71 4 70 4 73 4 72 4 75 2 67 4
1680 -0.70898145423825554 1.7336143683244245 1.0827070339896636 107 112 111 0.80169945993212632 78 84 74 71 70 76 75 50
1681 -0.6889310882976929 1.7344079396382313 1.0893518098621371 225 219 212 0.50934939010279157 78 127 74 73 81 119 82 80 75 103
1682 -0.71100336997517388 1.7361784862926015 1.0820416823218011 107 110 108 0.88829569437483313 78 110 74 80 75 49
1685 -0.50187483686232781 1.5678400048598178 1.7731709084879412 253 100 96 0.29244642104815 90 10 59 11 73 11 67 12
1692 -0.70511619115683288 1.7354878249252579 1.0664640786699238 0 0 0 0.11812079913664889 76 18 77 121
1711 -0.68474610980348416 1.7376457045850202 1.0889888827267669 145 148 147 0.6599464903072918 59 17 74 12 77 11 71 12 70 13 73 16 72 13 75 7 67 17
1722 -0.70460808741876235 1.7277736547971472 1.0834396223997373 37 32 21 0.70592226220438381 77 87 71 64
1723 -0.70943397727972979 1.7341099994146134 1.0825643806016387 104 107 106 0.65267443667844705 59 94 77 123 71 81
1725 -0.71028629620843731 1.7355904163716787 1.081400075126794 108 113 115 0.40294050434205853 77 104 71 84 72 81 67 97
1726 -0.70814922871727504 1.7323560330153214 1.0832656277681281 94 98 97 0.58067534151422207 77 98 71 88 70 96
1748 -0.7027661076023719 1.7223024600375538 1.0903353778509199 43 37 25 1.3857401224308388 76 88 70 60 75 57
1749 -0.70938910608941796 1.7333756144789731 1.0824046265056495 124 121 113 0.63047435632012006 74 70 70 73 77 81 75 63
1750 -0.68768292906821671 1.7336129536349745 1.0861279655271119 151 152 146 0.4475696772879732 76 104 70 85 75 77
1751 -0.69342456239434114 1.726932841388134 1.0862892165840776 101 98 90 0.78962059581223498 76 90 70 100 78 88
1754 -0.68151089770304907 1.7202272236841054 1.0849163869794438 169 169 173 1.5664982536992258 74 75 76 86 70 115 75 111
1823 -0.67970937973132095 1.7201484441891353 1.0846282871982567 179 182 185 1.0643442122770428 74 58 77 27 75 29 59 56 70 41 71 52 72 44 73 50 67 52
1828 -0.69345750807275408 1.737662055322744 1.07850674125973 95 106 104 1.2006507622574694 59 52 75 48 70 55 72 48 67 47
1829 -0.6894661761335783 1.731514122790486 1.0862741651915258 130 130 126 0.73191804593064413 70 70 77 105 75 61
1830 -0.68935605719605064 1.7250593560586367 1.0812007452892658 133 133 136 0.72331955292839034 71 62 74 85 75 70 70 69 67 70
1833 -0.70855375333059101 1.7300038096939261 1.0894853177397863 97 102 99 1.9143551755673005 74 103 77 95 75 74 71 105 73 113 70 98
1843 -0.34193792395257105 -0.99479056843074432 2.9326325887176381 251 207 186 1.0378164804857328 76 76 77 113 82 134 71 91 75 85 78 105 79 80 81 71 84 120 88 96 90 127 59 89 73 106 74 100 80 80 70 94 85 109 86 116 91 93 83 128 89 138 72 91 87 110 93 122 130 146 124 151 67 98 128 172 126 166 127 129 129 173 131 174
1849 -0.6943998951490471 1.7300930447026985 1.0747644132511596 196 196 198 0.49209466514786715 74 116 75 71
1877 10.345695126337944 -4.9434925272967121 10.044667087364928 90 91 82 1.2472463483727798 116 112 118 149 120 152 130 85 126 121 110 158 105 277 106 168 117 146
