# Image list with two lines of data per image:
#   IMAGE_ID, QW, QX, QY, QZ, TX, TY, TZ, CAMERA_ID, NAME
#   POINTS2D[] as (X, Y, POINT3D_ID)
# Number of images: 4, mean observations per image: 111.25
138 0.99719700490668806 -0.05032167383161068 -0.054462044255111218 0.0099874062433643485 -0.18477954158667584 0.99232634294547029 0.2428282521862544 1 000140.png
161.61782836914062 193.05764770507812 1 209.03611755371094 150.11351013183594 2 91.64556884765625 82.070816040039062 89 66.542488098144531 170.8555908203125 3 91.64556884765625 82.070816040039062 -1 246.78785705566406 53.403427124023438 4 150.53082275390625 65.561050415039062 5 175.41911315917969 148.69119262695312 90 127.89450073242188 81.199241638183594 6 120.76380157470703 142.81562805175781 7 92.650009155273438 197.21632385253906 8 138.70237731933594 161.29057312011719 9 101.95234680175781 177.7254638671875 10 101.95234680175781 177.7254638671875 11 201.02653503417969 51.981990814208984 12 122.26399993896484 114.88078308105469 13 148.96015930175781 114.91497802734375 14 130.42578125 213.84599304199219 -1 150.51019287109375 91.6666259765625 16 136.52635192871094 102.65103912353516 17 107.06232452392578 127.07884979248047 18 136.14129638671875 129.24613952636719 19 121.07366943359375 132.90275573730469 96 80.950294494628906 155.3135986328125 93 150.51019287109375 91.6666259765625 94 150.51019287109375 91.6666259765625 95 186.916259765625 183.55140686035156 20 107.10932922363281 22.550315856933594 21 237.24343872070312 46.611034393310547 22 213.46475219726562 60.603275299072266 23 109.84357452392578 101.99897766113281 24 108.69940948486328 113.90902709960938 25 121.65914154052734 125.09420776367188 26 94.735687255859375 160.55509948730469 27 112.44626617431641 160.78092956542969 28 112.44626617431641 160.78092956542969 29 94.735687255859375 160.55509948730469 30 178.678955078125 173.06227111816406 31 150.85890197753906 129.46018981933594 32 155.50846862792969 162.56098937988281 33 150.85890197753906 129.46018981933594 100 123.05099487304688 46.527065277099609 99 157.26536560058594 52.415275573730469 101 122.56204223632812 100.09829711914062 34 149.80387878417969 101.84279632568359 35 136.02320861816406 115.20058441162109 36 123.05099487304688 46.527065277099609 98 161.75265502929688 128.90963745117188 37 15.386423110961914 9.1832942962646484 38 108.34001159667969 6.4724483489990234 105 164.68632507324219 56.051033020019531 102 218.54356384277344 46.256755828857422 39 225.04983520507812 57.906272888183594 40 173.84452819824219 61.539402008056641 41 158.36546325683594 102.2080078125 42 13.134207725524902 248.87725830078125 -1 164.68632507324219 56.051033020019531 133 158.36546325683594 102.2080078125 -1 113.42837524414062 128.62774658203125 43 245.13067626953125 144.58467102050781 -1 249.82740783691406 153.13172912597656 44 103.71561431884766 160.2288818359375 45 203.56781005859375 192.60435485839844 104 28.771867752075195 202.38157653808594 46 1.6246957778930664 247.41011047363281 -1 104.47139739990234 12.864300727844238 109 176.56578063964844 48.452579498291016 48 158.17491149902344 78.494438171386719 121 163.96241760253906 78.096023559570312 110 131.08963012695312 99.200279235839844 49 141.61773681640625 99.46551513671875 50 164.48377990722656 104.00798797607422 -1 136.41673278808594 106.76531982421875 51 131.08963012695312 99.200279235839844 52 158.17491149902344 78.494438171386719 119 164.48377990722656 104.00798797607422 -1 141.61773681640625 99.46551513671875 108 136.41673278808594 106.76531982421875 53 203.56781005859375 192.60435485839844 103 103.71561431884766 160.2288818359375 54 103.71561431884766 160.2288818359375 55 113.42837524414062 128.62774658203125 56 136.41673278808594 106.76531982421875 57 173.25582885742188 87.038352966308594 120 194.69198608398438 147.09602355957031 107 174.44094848632812 73.864265441894531 58 103.03952789306641 120.63014984130859 59 112.37467956542969 120.87422943115234 60 106.12732696533203 134.43869018554688 61 171.35612487792969 55.891288757324219 62 170.51554870605469 103.77721405029297 112 173.25582885742188 87.038352966308594 117 194.69198608398438 147.09602355957031 106 215.61457824707031 69.360298156738281 63 174.44094848632812 73.864265441894531 64 162.54336547851562 98.964248657226562 65 136.45771789550781 101.45284271240234 66 204.57368469238281 191.98197937011719 67 103.03952789306641 120.63014984130859 68 112.37467956542969 120.87422943115234 69 54.484375 127.81717681884766 -1 106.12732696533203 134.43869018554688 70 99.208099365234375 156.12242126464844 71 168.62858581542969 167.08517456054688 72 204.57368469238281 191.98197937011719 73 101.06386566162109 252.38894653320312 74 112.64962005615234 252.41816711425781 113 134.17497253417969 252.39131164550781 114 223.03981018066406 50.614269256591797 75 115.25466918945312 129.20257568359375 -1 161.553466796875 49.023471832275391 -1 175.76275634765625 48.077831268310547 140 208.18226623535156 63.406108856201172 -1 208.18226623535156 63.406108856201172 76 98.307418823242188 128.90641784667969 77 201.792236328125 63.135841369628906 -1 79.548141479492188 188.00309753417969 135 79.548141479492188 188.00309753417969 78 102.02012634277344 132.60848999023438 -1 98.307418823242188 128.90641784667969 79 219.80157470703125 58.506790161132812 111 229.23260498046875 51.53363037109375 80 161.553466796875 49.023471832275391 81 175.76275634765625 48.077831268310547 139 120.22846984863281 40.582412719726562 -1 104.47824859619141 15.497239112854004 118 201.792236328125 63.135841369628906 -1 115.25466918945312 129.20257568359375 -1 115.71683502197266 44.843097686767578 82 202.76100158691406 45.633975982666016 83 84.483009338378906 47.128719329833984 84 205.86103820800781 191.18910217285156 -1 7.1255893707275391 252.92391967773438 -1 152.01847839355469 189.64584350585938 -1 83.645881652832031 252.8741455078125 116 163.17012023925781 134.44949340820312 -1 205.86103820800781 191.18910217285156 -1 115.80997467041016 129.33145141601562 85 228.54421997070312 43.363330841064453 -1 217.05859375 74.964408874511719 -1 136.51654052734375 99.155128479003906 86 217.05859375 74.964408874511719 87 214.63449096679688 73.797050476074219 -1 115.80997467041016 129.33145141601562 88 196.81376647949219 49.159236907958984 -1 228.54421997070312 43.363330841064453 -1 170.56666564941406 170.28167724609375 123 
140 0.99875144755186129 -0.010513082997506593 -0.048361455485354705 0.0067963756729017286 -0.82214109818160475 5.0131069763308238 0.22803025534261998 1 000139.png
163.49638366699219 194.10026550292969 1 94.188201904296875 80.001419067382812 89 66.606719970703125 171.00289916992188 3 150.72772216796875 63.673740386962891 5 125.70348358154297 79.560943603515625 6 175.05015563964844 149.07014465332031 90 194.95094299316406 48.863986968994141 -1 180.71463012695312 122.07749176025391 -1 120.7271728515625 142.8778076171875 7 92.648208618164062 197.202392578125 8 122.25865173339844 114.91049957275391 13 149.03575134277344 114.88539123535156 14 138.68084716796875 161.28616333007812 9 102.12807464599609 177.62962341308594 10 102.12807464599609 177.62962341308594 11 136.51144409179688 102.66013336181641 17 151.2213134765625 91.370361328125 95 107.08559417724609 127.08506774902344 18 176.25686645507812 130.14056396484375 -1 121.24970245361328 132.28402709960938 96 81.050895690917969 156.05387878417969 93 187.45802307128906 183.38015747070312 20 129.875 213.84902954101562 -1 136.15623474121094 129.26148986816406 19 151.2213134765625 91.370361328125 16 151.2213134765625 91.370361328125 94 94.753044128417969 160.52198791503906 27 112.44696807861328 160.79954528808594 28 238.798095703125 40.628829956054688 22 107.08940887451172 22.329835891723633 21 168.05606079101562 49.028438568115234 102 214.37498474121094 56.067863464355469 23 112.44696807861328 160.79954528808594 29 109.84622955322266 102.00743865966797 24 108.616943359375 113.90447235107422 25 121.66049957275391 124.98386383056641 26 94.753044128417969 160.52198791503906 30 150.88937377929688 129.39210510253906 32 150.88937377929688 129.39210510253906 100 156.70529174804688 77.193695068359375 119 155.40618896484375 162.62956237792969 33 156.70529174804688 77.193695068359375 121 122.60090637207031 100.31798553466797 34 149.77040100097656 101.82096862792969 35 136.49351501464844 115.22283172607422 36 161.77787780761719 128.90309143066406 37 108.36980438232422 6.3919143676757812 105 162.2347412109375 65.505584716796875 -1 158.20005798339844 102.12911224365234 42 226.33065795898438 52.726325988769531 40 219.58818054199219 40.881847381591797 39 122.66635894775391 41.420570373535156 -1 162.2347412109375 65.505584716796875 -1 122.66635894775391 41.420570373535156 98 203.65031433105469 55.871902465820312 -1 113.32511901855469 128.60086059570312 43 194.49382019042969 149.02223205566406 106 250.0001220703125 153.38658142089844 44 103.70297241210938 160.27983093261719 45 80.5074462890625 188.77665710449219 -1 141.60452270507812 99.476737976074219 50 131.09416198730469 99.1907958984375 49 164.11325073242188 74.093299865722656 110 152.60328674316406 54.115924835205078 -1 104.56410217285156 12.975420951843262 109 224.47882080078125 45.308219909667969 75 115.25889587402344 49.900562286376953 -1 136.45884704589844 106.78787994384766 53 80.5074462890625 188.77665710449219 -1 103.70297241210938 160.27983093261719 54 134.95973205566406 185.88912963867188 -1 194.49382019042969 149.02223205566406 107 113.32511901855469 128.60086059570312 56 136.45884704589844 106.78787994384766 57 136.45884704589844 106.78787994384766 51 141.60452270507812 99.476737976074219 108 131.09416198730469 99.1907958984375 52 164.86517333984375 51.369457244873047 133 115.25889587402344 49.900562286376953 -1 164.86517333984375 51.369457244873047 102 103.70297241210938 160.27983093261719 55 103.05893707275391 120.66152191162109 59 112.40840911865234 120.79013824462891 60 174.895751953125 69.794960021972656 64 114.80008697509766 129.0784912109375 -1 106.11758422851562 134.57765197753906 70 79.665550231933594 188.06486511230469 78 71.169837951660156 252.31954956054688 -1 201.54792785644531 40.895637512207031 83 156.28182983398438 45.038433074951172 -1 220.06536865234375 45.290550231933594 134 121.37014007568359 50.465740203857422 -1 148.83221435546875 53.349361419677734 -1 220.40757751464844 53.626296997070312 111 174.78424072265625 60.165031433105469 41 159.49212646484375 73.004875183105469 119 219.76695251464844 94.609764099121094 -1 167.9835205078125 95.363502502441406 -1 162.74722290039062 98.963912963867188 65 136.46023559570312 101.46172332763672 66 170.86181640625 101.4161376953125 -1 103.05893707275391 120.66152191162109 68 112.40840911865234 120.79013824462891 69 114.80008697509766 129.0784912109375 -1 241.03392028808594 135.31733703613281 -1 47.463199615478516 147.33914184570312 -1 45.316482543945312 153.63943481445312 -1 41.337974548339844 164.54838562011719 -1 23.734785079956055 212.32807922363281 -1 101.43341827392578 252.34028625488281 74 112.94125366210938 252.42160034179688 113 106.11758422851562 134.57765197753906 61 79.665550231933594 188.06486511230469 135 71.169837951660156 252.31954956054688 -1 220.06536865234375 45.290550231933594 136 220.06536865234375 45.290550231933594 -1 174.78424072265625 60.165031433105469 -1 174.78424072265625 60.165031433105469 -1 174.895751953125 69.794960021972656 58 167.9835205078125 95.363502502441406 -1 115.59780120849609 34.126407623291016 -1 221.96310424804688 38.559349060058594 -1 169.90438842773438 83.599952697753906 122 230.87985229492188 46.025535583496094 80 122.15422821044922 42.949092864990234 99 118.88320922851562 44.670719146728516 -1 81.127288818359375 55.790058135986328 -1 104.51679229736328 15.485148429870605 118 221.96310424804688 38.559349060058594 -1 122.15422821044922 42.949092864990234 98 98.314056396484375 128.8907470703125 77 158.72964477539062 131.35560607910156 -1 98.314056396484375 128.8907470703125 79 158.72964477539062 131.35560607910156 -1 102.14926910400391 132.6890869140625 -1 173.794189453125 56.474525451660156 -1 168.17996215820312 167.27708435058594 72 170.91372680664062 73.755134582519531 -1 163.34184265136719 80.433738708496094 -1 163.34184265136719 80.433738708496094 -1 3.3985891342163086 248.52296447753906 -1 216.37191772460938 45.516635894775391 -1 175.61407470703125 45.720439910888672 139 99.804328918457031 11.989824295043945 -1 94.507827758789062 47.173976898193359 -1 175.61407470703125 45.720439910888672 140 216.37191772460938 45.516635894775391 -1 163.90194702148438 80.359977722167969 -1 168.988037109375 105.30731964111328 -1 115.80131530761719 129.33966064453125 88 219.7999267578125 36.148998260498047 -1 166.50877380371094 77.792945861816406 126 99.804328918457031 11.989824295043945 -1 130.32014465332031 216.46241760253906 -1 195.78416442871094 188.53096008300781 -1 194.64649963378906 145.79579162597656 107 115.39608001708984 188.48497009277344 -1 115.80131530761719 129.33966064453125 85 168.988037109375 105.30731964111328 -1 194.64649963378906 145.79579162597656 106 163.90194702148438 80.359977722167969 -1 187.16879272460938 41.324455261230469 -1 218.08836364746094 70.717475891113281 87 163.50028991699219 52.800319671630859 -1 196.77239990234375 48.788337707519531 -1 84.560958862304688 47.139179229736328 84 166.50877380371094 77.792945861816406 -1 163.50028991699219 52.800319671630859 -1 167.14816284179688 81.364570617675781 -1 
141 0.99578019110667348 -0.071813528723128781 -0.056061196829947382 0.011034958173152504 0.00013972541869396927 -1.1822376001936026 0.24272821652640411 1 000141.png
160.16654968261719 192.476806640625 1 208.97917175292969 150.2685546875 2 66.407676696777344 171.2470703125 3 89.604179382324219 84.420074462890625 89 89.604179382324219 84.420074462890625 -1 246.22702026367188 56.390270233154297 4 150.412841796875 66.358795166015625 5 175.74514770507812 148.46168518066406 90 128.33038330078125 81.848358154296875 6 120.58951568603516 142.84880065917969 7 92.49798583984375 197.22840881347656 8 192.26942443847656 198.96620178222656 91 143.04647827148438 179.83786010742188 92 102.03218078613281 177.63075256347656 10 138.5631103515625 161.44851684570312 9 148.888916015625 115.02297973632812 14 122.25234222412109 114.91832733154297 13 102.03218078613281 177.63075256347656 11 80.685707092285156 156.02264404296875 93 130.01106262207031 214.16691589355469 -1 136.05950927734375 129.32046508789062 19 150.34640502929688 91.831695556640625 94 150.34640502929688 91.831695556640625 95 187.3631591796875 183.74244689941406 20 202.53584289550781 54.111713409423828 12 150.34640502929688 91.831695556640625 16 136.56086730957031 102.7265625 17 106.98751068115234 127.10288238525391 18 121.02066802978516 132.95417785644531 96 107.18272399902344 22.581958770751953 21 236.45951843261719 49.157508850097656 22 178.81327819824219 55.029827117919922 48 212.99757385253906 62.850894927978516 23 135.17474365234375 68.277687072753906 -1 112.28966522216797 160.87828063964844 28 94.605049133300781 160.57444763183594 27 121.62862396240234 125.20114898681641 26 108.53397369384766 113.93231201171875 25 178.71908569335938 173.14738464355469 31 112.28966522216797 160.87828063964844 29 94.605049133300781 160.57444763183594 30 135.17474365234375 68.277687072753906 97 109.80548095703125 102.02294921875 24 155.08460998535156 163.72895812988281 33 123.76922607421875 48.403095245361328 98 123.76922607421875 48.403095245361328 99 151.09754943847656 129.67552185058594 100 157.16940307617188 54.017642974853516 101 166.54768371582031 56.695156097412109 102 173.44180297851562 63.114551544189453 41 122.55638885498047 100.15406036376953 34 136.23748779296875 115.27439117431641 36 151.09754943847656 129.67552185058594 32 161.72947692871094 128.97285461425781 37 165.33708190917969 186.3731689453125 -1 224.38067626953125 60.211254119873047 -1 203.39582824707031 192.74635314941406 103 217.95643615722656 48.983737945556641 39 203.39582824707031 192.74635314941406 104 108.30390167236328 6.7226719856262207 105 224.38067626953125 60.211254119873047 40 158.38870239257812 102.30029296875 42 249.16171264648438 153.32884216308594 44 131.09918212890625 99.264701843261719 49 141.60012817382812 99.543647766113281 50 136.41363525390625 106.84426116943359 53 113.21501922607422 128.60899353027344 43 194.48040771484375 148.78794860839844 106 194.48040771484375 148.78794860839844 107 113.21501922607422 128.60899353027344 56 136.41363525390625 106.84426116943359 57 136.41363525390625 106.84426116943359 51 141.60012817382812 99.543647766113281 108 1.62738037109375 247.44491577148438 -1 104.61661529541016 12.813376426696777 109 163.636474609375 80.078407287597656 110 131.09918212890625 99.264701843261719 52 106.0135498046875 134.71662902832031 70 107.78050231933594 48.7969970703125 -1 199.46443176269531 49.571754455566406 83 222.34513854980469 53.004184722900391 75 218.52983093261719 60.937038421630859 111 174.06109619140625 75.986572265625 58 181.12187194824219 76.49957275390625 -1 178.79238891601562 95.3870849609375 -1 66.324455261230469 96.050643920898438 -1 168.01252746582031 96.039451599121094 -1 162.27752685546875 98.970878601074219 65 136.43995666503906 101.52762603759766 66 170.32734680175781 105.3214111328125 112 112.27900695800781 120.91716003417969 69 52.829200744628906 132.64921569824219 -1 41.529354095458984 164.62252807617188 -1 112.849365234375 252.40774536132812 113 134.31816101074219 252.50836181640625 114 167.17509460449219 252.66035461425781 -1 204.87669372558594 191.88108825683594 -1 102.76680755615234 120.63185119628906 59 167.17509460449219 252.66035461425781 -1 102.76680755615234 120.63185119628906 68 106.0135498046875 134.71662902832031 61 204.87669372558594 191.88108825683594 -1 107.78050231933594 48.7969970703125 -1 174.06109619140625 75.986572265625 64 181.12187194824219 76.49957275390625 -1 136.43995666503906 101.52762603759766 115 112.27900695800781 120.91716003417969 60 83.599021911621094 252.84049987792969 116 168.062744140625 167.44439697265625 72 228.46046447753906 54.026741027832031 80 173.02896118164062 88.638526916503906 117 104.43936920166016 15.765296936035156 118 151.82548522949219 204.91567993164062 -1 171.24351501464844 57.999725341796875 62 218.22088623046875 52.962669372558594 -1 218.22088623046875 52.962669372558594 136 159.32463073730469 79.601058959960938 119 173.02896118164062 88.638526916503906 120 214.69752502441406 71.944404602050781 63 98.147041320800781 128.96040344238281 77 159.32463073730469 79.601058959960938 121 215.25105285644531 86.017112731933594 -1 169.14054870605469 89.666191101074219 122 125.52759552001953 54.144966125488281 -1 145.88261413574219 52.630161285400391 -1 107.77823638916016 119.5228271484375 -1 98.147041320800781 128.96040344238281 79 218.22088623046875 52.962669372558594 134 178.7269287109375 205.6036376953125 -1 170.718505859375 170.50350952148438 123 115.79150390625 129.32772827148438 85 139.04083251953125 102.81856536865234 124 211.18214416503906 85.371467590332031 125 165.4842529296875 83.848419189453125 126 166.38169860839844 80.214225769042969 -1 216.44564819335938 77.093910217285156 87 163.51615905761719 73.906478881835938 -1 174.568359375 69.586402893066406 127 161.05364990234375 62.647018432617188 -1 84.569648742675781 47.201316833496094 84 113.98381805419922 44.705852508544922 82 115.79150390625 129.32772827148438 88 163.51615905761719 73.906478881835938 -1 174.568359375 69.586402893066406 128 161.05364990234375 62.647018432617188 -1 166.38169860839844 80.214225769042969 129 139.04083251953125 102.81856536865234 130 3.8199570178985596 248.76994323730469 -1 139.04083251953125 102.81856536865234 131 166.38169860839844 80.214225769042969 132 93.18267822265625 253.20071411132812 -1 
143 0.99190110993145142 -0.10757308533489525 -0.065928165197719532 0.014618360439806712 1.0392165814141174 -4.8046712106803229 0.32726108843336593 1 000142.png
159.5716552734375 192.46951293945312 1 208.95596313476562 151.07005310058594 2 65.776985168457031 171.38505554199219 3 238.43269348144531 60.762908935546875 -1 149.84075927734375 68.858566284179688 5 120.01116943359375 143.11691284179688 7 91.69818115234375 197.35903930664062 8 191.78962707519531 199.90223693847656 91 101.85281372070312 177.9835205078125 10 101.85281372070312 177.9835205078125 11 135.59864807128906 129.28718566894531 19 131.97669982910156 82.539176940917969 6 122.00821685791016 115.23680877685547 13 148.6903076171875 115.58192443847656 14 105.2799072265625 145.79119873046875 -1 138.07330322265625 161.88325500488281 9 141.51496887207031 180.65142822265625 92 141.51496887207031 180.65142822265625 -1 149.92790222167969 92.013710021972656 16 136.32467651367188 102.96561431884766 17 106.64205932617188 127.25844573974609 18 176.621826171875 130.62696838378906 -1 186.80839538574219 184.67304992675781 20 204.21611022949219 58.560737609863281 12 211.32936096191406 68.387123107910156 23 109.61937713623047 102.156494140625 24 162.09761047363281 214.06475830078125 -1 148.67155456542969 105.08621978759766 -1 108.40386962890625 114.09475708007812 25 121.30484008789062 125.10183715820312 26 94.044532775878906 160.68185424804688 27 111.69763946533203 161.17478942871094 28 177.97096252441406 173.90267944335938 31 107.21854400634766 22.653232574462891 21 111.69763946533203 161.17478942871094 29 147.88630676269531 52.5775146484375 -1 234.60636901855469 55.168117523193359 22 94.044532775878906 160.68185424804688 30 154.86636352539062 163.73809814453125 33 15.865056991577148 9.3058013916015625 38 166.1383056640625 61.131259918212891 102 172.69960021972656 67.98004150390625 41 136.19697570800781 69.686286926269531 -1 122.4857177734375 100.36944580078125 34 149.840576171875 102.11350250244141 35 158.60089111328125 102.88044738769531 42 135.80873107910156 115.66458892822266 36 150.84266662597656 129.35697937011719 32 161.40849304199219 129.45210266113281 37 136.19697570800781 69.686286926269531 97 15.865056991577148 9.3058013916015625 -1 222.40762329101562 65.709312438964844 -1 175.61370849609375 59.212871551513672 48 222.40762329101562 65.709312438964844 40 130.96734619140625 99.493927001953125 49 141.54032897949219 99.753868103027344 50 136.35447692871094 107.12398529052734 53 250.26658630371094 153.50347900390625 44 103.0166015625 160.56024169921875 45 168.89486694335938 167.15956115722656 -1 205.87539672851562 198.59172058105469 -1 28.813732147216797 202.4761962890625 46 25.140762329101562 212.30924987792969 -1 216.64442443847656 54.627574920654297 39 205.87539672851562 198.59172058105469 -1 103.0166015625 160.56024169921875 54 103.0166015625 160.56024169921875 55 163.11416625976562 84.579429626464844 -1 136.35447692871094 107.12398529052734 57 136.35447692871094 107.12398529052734 51 130.96734619140625 99.493927001953125 52 210.82876586914062 54.744388580322266 -1 104.58649444580078 12.680639266967773 109 108.05330657958984 7.9418931007385254 105 113.42346954345703 129.03646850585938 56 113.42346954345703 129.03646850585938 43 168.0220947265625 168.31599426269531 72 233.98086547851562 4.7330660820007324 -1 225.89836120605469 4.9806780815124512 -1 228.80636596679688 8.348480224609375 -1 202.49159240722656 55.066600799560547 83 220.78483581542969 58.222782135009766 75 170.1861572265625 62.125205993652344 62 158.08598327636719 63.925029754638672 -1 213.6640625 76.657417297363281 63 168.94978332519531 79.02197265625 -1 161.99520874023438 99.071113586425781 65 136.38993835449219 101.83742523193359 66 102.92896270751953 120.98021697998047 68 111.99718475341797 121.10508728027344 69 105.72464752197266 134.48060607910156 70 98.811309814453125 156.29226684570312 71 41.353733062744141 164.70297241210938 -1 204.11630249023438 193.16615295410156 73 137.87565612792969 247.95022583007812 -1 100.96212005615234 252.33757019042969 74 204.11630249023438 193.16615295410156 67 168.13259887695312 94.178749084472656 122 170.1861572265625 62.125205993652344 -1 158.08598327636719 63.925029754638672 -1 136.38993835449219 101.83742523193359 115 102.92896270751953 120.98021697998047 59 111.99718475341797 121.10508728027344 60 105.72464752197266 134.48060607910156 61 227.15911865234375 58.755359649658203 80 225.56130981445312 67.228729248046875 -1 3.2788312435150146 248.49339294433594 -1 173.02865600585938 80.360130310058594 58 162.45272827148438 92.150032043457031 -1 111.98016357421875 36.590057373046875 -1 164.70263671875 66.992195129394531 -1 164.98796081542969 132.75955200195312 -1 97.910972595214844 129.06394958496094 79 164.98796081542969 132.75955200195312 -1 164.70263671875 66.992195129394531 -1 227.15911865234375 58.755359649658203 -1 173.02865600585938 80.360130310058594 64 97.910972595214844 129.06394958496094 77 148.11825561523438 205.43849182128906 -1 84.665565490722656 47.515316009521484 84 118.68721771240234 52.806938171386719 -1 225.97206115722656 52.217330932617188 -1 156.13371276855469 57.794422149658203 101 173.63508605957031 73.79486083984375 127 160.61378479003906 57.378974914550781 81 112.48677062988281 44.704658508300781 82 80.30853271484375 185.60350036621094 -1 78.126548767089844 188.12455749511719 78 160.61378479003906 57.378974914550781 -1 206.12800598144531 74.996467590332031 76 173.63508605957031 73.79486083984375 128 171.07135009765625 74.508293151855469 -1 165.42518615722656 84.694915771484375 132 138.45285034179688 102.84977722167969 130 138.45285034179688 102.84977722167969 131 115.58065032958984 129.50444030761719 88 115.58065032958984 129.50444030761719 85 138.45285034179688 102.84977722167969 124 160.93240356445312 160.18943786621094 -1 136.49327087402344 99.665977478027344 86 209.58012390136719 90.111183166503906 125 164.42015075683594 88.46343994140625 126 78.126548767089844 188.12455749511719 -1 165.42518615722656 84.694915771484375 129 215.04351806640625 81.975028991699219 87 212.64175415039062 80.656303405761719 -1 171.07135009765625 74.508293151855469 -1 163.29167175292969 253.4703369140625 -1 
