# 3D point list with one line of data per point:
#   POINT3D_ID, X, Y, Z, R, G, B, ERROR, TRACK[] as (IMAGE_ID, POINT2D_IDX)
# Number of points: 136, mean track length: 3.2720588235294117
1 5.6774591155216854 -5.940369479351217 49.780868279618232 5 45 77 1.2326433498642746 143 0 138 0 141 0 140 0
2 5.8010666299170142 -6.0555271982542394 49.777898445565995 148 130 120 0.051699793666081656 143 1 138 1 141 1
3 5.4340708728579337 -5.9967500227009953 49.830526515976267 123 130 128 0.11578780863738762 143 2 138 3 141 2 140 2
4 5.9122368012006632 -6.3261284078001712 49.908003235884742 130 135 136 0.12073113778992754 138 5 141 5
5 5.6494192407461119 -6.2780135190824247 49.824337236389951 45 44 33 0.1283360877446959 143 4 138 6 141 6 140 3
6 5.5892186678122906 -6.2326259543814118 49.79388616072707 157 152 148 1.9669065894332127 143 11 138 8 141 8 140 4
7 5.5712006883815999 -6.0709507488799312 49.798213663718577 74 115 168 0.13204636783124074 143 5 138 9 141 9 140 8
8 5.5025484714652393 -5.9294480096265243 49.825107437674902 8 50 79 0.103858284584139 143 6 138 10 141 10 140 9
9 5.6192218925655322 -6.0240241414108873 49.801471612841254 1 32 58 0.098250296736599657 143 15 138 11 141 14 140 12
10 5.5260079336869747 -5.9803552356998937 49.815841984663727 66 126 200 0.18575455918875711 143 8 138 12 141 13 140 13
11 5.5260079336869747 -5.9803552356998937 49.815841984663727 66 126 200 0.18575455918875711 143 9 138 13 141 17 140 14
12 5.7903001134461265 -6.3197288757379679 49.854446139983246 56 59 65 1.4738100276448474 143 23 138 14 141 24
13 5.5734671318545574 -6.143082773342984 49.788633437302863 90 131 194 0.038017838848646165 143 12 138 15 141 16 140 10
14 5.642601196763291 -6.1441226612444959 49.783264884560943 90 125 177 0.043754204028327699 143 13 138 16 141 15 140 11
16 5.645242748375825 -6.2047649048638558 49.776853885419655 92 140 210 0.36971159386041497 143 18 138 18 141 25 140 24
17 5.6092381983761781 -6.1750310828212003 49.778953637605255 91 127 177 0.049587274235618921 143 19 138 19 141 26 140 15
18 5.5350143854574512 -6.1111416043354314 49.796954906437641 0 27 60 0.069691335438008539 143 20 138 20 141 27 140 17
19 5.6096276527610387 -6.1062439070507768 49.785218749276233 6 33 60 0.13715661252384095 143 10 138 21 141 20 140 23
20 5.7469738427484369 -5.9683967452644708 49.798082372875136 77 92 129 0.22150547885448826 143 22 138 26 141 23 140 21
21 5.5276989502843943 -6.3819820064705839 49.762968586280991 152 152 152 0.19514366856110033 143 33 138 27 141 29 140 29
22 5.8866414397323039 -6.3445297621760277 49.912257962053673 131 138 138 0.57725718206235377 143 36 138 28 141 30 140 28
23 5.8221114048112064 -6.302920986164656 49.89491514888406 254 255 251 0.40129928180711683 143 24 138 29 141 32 140 31
24 5.5403755636309233 -6.1758828251251616 49.787055204150406 0 30 68 0.071227526885252329 143 25 138 30 141 42 140 33
25 5.5381818978444555 -6.1451502221041734 49.791830826545905 72 131 209 0.058863677955613009 143 28 138 31 141 37 140 34
26 5.5723588685308796 -6.1167339652364596 49.790156661307165 84 125 180 0.12706330813779421 143 29 138 32 141 36 140 35
27 5.5055464748917311 -6.02442793147637 49.812617658721969 2 31 58 0.087481108923391657 143 30 138 33 141 35 140 26
28 5.551358503962434 -6.0244531781377031 49.808842946740874 1 27 56 0.096598418645065742 143 31 138 34 141 34 140 27
29 5.551358503962434 -6.0244531781377031 49.808842946740874 1 27 56 0.096598418645065742 143 34 138 35 141 39 140 32
30 5.5055464748917311 -6.02442793147637 49.812617658721969 2 31 58 0.087481108923391657 143 37 138 36 141 40 140 36
31 5.7242462792224771 -5.9958330281018704 49.798576852269989 15 59 106 0.18568831050426196 143 32 138 37 141 38
32 5.6478232104948169 -6.1059712514956228 49.778006598622781 85 115 156 0.23941197573789447 143 47 138 38 141 52 140 37
33 5.6633053967225075 -6.0211831241683171 49.804461859975554 87 105 143 0.32289241528882467 143 38 138 39 141 43 140 40
34 5.5728932082344205 -6.1807241531637489 49.780103570227297 96 140 211 0.06488540642036518 143 43 138 43 141 50 140 42
35 5.6432662068188444 -6.1774729598041809 49.772493027313217 92 135 196 0.10125424338751626 143 44 138 44 140 43
36 5.6095763325722245 -6.1428434530658187 49.785756208348459 94 127 177 0.18128771806340926 143 46 138 45 141 51 140 44
37 5.6762344999903718 -6.1082210496643938 49.781019869751759 3 20 42 0.084776893600179953 143 48 138 47 141 53 140 45
38 2.3271608058166526 -9.3138678641038037 49.431261645240973 134 135 134 0.59129503982429432 143 39 138 48
39 5.8367505255724046 -6.3427468249524939 49.90704317023183 124 127 128 0.22254638023110335 143 63 138 51 141 57 140 50
40 5.8530467343219428 -6.3120797587165658 49.900112933816715 111 113 109 0.55866443041899827 143 53 138 52 141 60 140 49
41 5.7134308103100571 -6.2908266439570024 49.850458872339843 56 52 41 0.86449408812352779 143 41 138 53 141 49 140 94
42 5.6659551584702799 -6.1771014971133891 49.774385271110511 0 23 46 0.1877472562203929 143 45 138 54 141 61 140 48
43 5.551769746185526 -6.1074292357234388 49.796687901340839 10 41 70 0.17230187155961335 143 75 138 58 141 66 140 55
44 5.9049651400942453 -6.0469336013103741 49.748283247694609 139 128 122 0.3917263230185784 143 57 138 60 141 62 140 57
45 5.5287882033073039 -6.0254647960785883 49.8109560096701 62 113 174 0.081018892016600341 143 58 138 61 140 58
46 5.3384904553292829 -5.9128890003511341 49.846292553804467 108 115 115 0.47983986933320488 143 61 138 63
48 5.7363700770878765 -6.3371516724945902 49.967336140497238 111 113 116 1.539872722062724 143 52 138 66 141 31
49 5.595043372900089 -6.1837973545248408 49.779700092455016 7 36 67 0.042503167238486954 143 54 138 69 141 63 140 61
50 5.6220609032349591 -6.1833337879031545 49.775319611420223 7 34 62 0.048115932025751554 143 55 138 70 141 64 140 60
51 5.6093735396663087 -6.1643835820774839 49.780438930548939 9 33 61 0.041640373778416971 143 69 138 72 141 71 140 74
52 5.595043372900089 -6.1837973545248408 49.779700092455016 7 36 67 0.042503167238486954 143 70 138 73 141 76 140 76
53 5.6093735396663087 -6.1643835820774839 49.780438930548939 9 33 61 0.041640373778416971 143 56 138 77 141 65 140 67
54 5.5287882033073039 -6.0254647960785883 49.8109560096701 62 113 174 0.081018892016600341 143 65 138 79 140 69
55 5.5287882033073039 -6.0254647960785883 49.8109560096701 62 113 174 0.081018892016600341 143 66 138 80 140 80
56 5.551769746185526 -6.1074292357234388 49.796687901340839 10 41 70 0.17230187155961335 143 74 138 81 141 69 140 72
57 5.6093735396663087 -6.1643835820774839 49.780438930548939 9 33 61 0.041640373778416971 143 68 138 82 141 70 140 73
58 5.7193855843690988 -6.2646646586299672 49.889594801095889 252 228 213 0.11331128263008164 143 107 138 85 141 82 140 118
59 5.5243767768544272 -6.1276735506658673 49.797304566954352 4 41 80 0.16018900746975112 143 101 138 86 141 97 140 81
60 5.548423319002822 -6.1275276745856599 49.794646596213148 1 38 78 0.073480877043477291 143 102 138 87 141 106 140 82
61 5.5328170089596584 -6.0916288051063869 49.797009776419145 0 15 34 0.10524440686970346 143 103 138 88 141 100 140 111
62 5.7101310306947921 -6.3108527065318398 49.880614035252336 249 252 247 0.0784187587840499 143 82 138 89 141 113
63 5.8273430757703775 -6.2798615730633944 49.89271982403455 109 108 109 0.30212963615453919 143 84 138 93 141 118
64 5.7193855843690988 -6.2646646586299672 49.889594801095889 252 228 213 0.11331128263008164 143 116 138 94 141 103 140 83
65 5.6754087201141212 -6.1853181722402777 49.766561521972115 77 131 202 0.22955477263010116 143 86 138 95 141 87 140 98
66 5.6090989971944714 -6.1781443260764553 49.779113361113772 99 135 190 0.035124914449671162 143 87 138 96 141 88 140 99
67 5.7933642983952165 -5.9476758342225091 49.799709150917259 2 39 67 0.02648841193247365 143 96 138 97
68 5.5243767768544272 -6.1276735506658673 49.797304566954352 4 41 80 0.16018900746975112 143 88 138 98 141 99 140 101
69 5.548423319002822 -6.1275276745856599 49.794646596213148 1 38 78 0.073480877043477291 143 89 138 99 141 90 140 102
70 5.5328170089596584 -6.0916288051063869 49.797009776419145 0 15 34 0.10524440686970346 143 90 138 101 141 77 140 85
71 5.5167808514614975 -6.035612908878746 49.807683785817893 2 44 82 0.042029413209740643 143 91 138 102
72 5.696624600578736 -6.0097422937767364 49.796796070235004 190 74 77 0.33009209326765709 143 76 138 103 141 108 140 136
73 5.7933642983952165 -5.9476758342225091 49.799709150917259 2 39 67 0.02648841193247365 143 93 138 104
74 5.5284899791528277 -5.7856602781889466 49.83463950362485 204 201 201 0.30678838607172682 143 95 138 105 140 109
75 5.8475605106108901 -6.3310354851577229 49.897310181143922 252 255 251 0.48401311937986813 143 81 138 108 141 80 140 65
76 5.8195807314659538 -6.3050872788567833 49.988102392395618 254 255 246 0.043709479502300641 143 129 138 113
77 5.5125948449407831 -6.1061877395345334 49.800884043619725 10 44 84 0.078874801979405773 143 117 138 114 141 119 140 130
78 5.4679508027996091 -5.9528624569150068 49.828122322393362 4 50 86 0.35251571267140408 143 127 138 117 140 86
79 5.5125948449407831 -6.1061877395345334 49.800884043619725 10 44 84 0.078874801979405773 143 112 138 119 141 126 140 132
80 5.86371448597066 -6.3289696109283655 49.893323650338488 168 178 183 0.56727971890704609 143 104 138 121 141 109 140 123
81 5.6899111874138244 -6.3328816715143663 49.926460257912105 142 138 142 0.31562626564498664 143 124 138 122
82 5.5473505968738577 -6.3249259588395814 49.770726441170503 55 51 48 1.0929018850328984 143 125 138 128 141 140
83 5.7935435234251678 -6.3417838404765776 49.91295775877358 128 127 128 1.6421842035073859 143 80 138 129 141 79 140 88
84 5.471544046372034 -6.3173114542665427 49.780738545396915 120 124 126 0.19166338956514586 143 119 138 130 141 139 140 165
85 5.5577071028472727 -6.105502588855531 49.793565492575681 2 43 86 0.047766243127923436 143 136 138 137 141 130 140 157
86 5.609346723226472 -6.1841706555698863 49.780030785028529 98 134 193 0.086871796520284622 143 139 138 140
87 5.8308759098046172 -6.2644015516809137 49.88481949634825 254 255 242 0.36205903687137708 143 144 138 141 141 135 140 162
88 5.5577071028472727 -6.105502588855531 49.793565492575681 2 43 86 0.047766243127923436 143 135 138 143 141 141 140 149
89 5.5031170020781506 -6.2359586898141073 49.888271514548421 152 148 144 1.5984171581600812 138 2 141 3 140 1
90 5.7109760412865738 -6.0559340967744975 49.765125659603221 246 82 81 0.35539310989739764 138 7 141 7 140 5
91 5.7626092388271681 -5.9306001667239929 49.809840739505077 1 38 68 0.028325313949900104 143 7 141 11
92 5.6339668206100066 -5.9807609461728255 49.83157562465265 47 102 156 0.48303128838616327 143 16 141 12
93 5.4693173560495545 -6.0358874013227881 49.811750512260325 117 124 124 0.32448904097182302 138 23 141 18 140 20
94 5.6462415831534658 -6.2050787972411028 49.782362506724915 96 138 213 0.31571928159199847 138 24 141 21 140 25
95 5.6462415831534658 -6.2050787972411028 49.782362506724915 96 138 213 0.31571928159199847 138 25 141 22 140 16
96 5.5732397820905142 -6.0983538887580826 49.808585340985964 82 122 173 0.12804796210726829 138 22 141 28 140 19
97 5.6078585540567758 -6.2673903233474313 49.793934183920626 148 148 142 0.63521707208300437 143 49 141 41
98 5.5834102949940698 -6.3340706713573356 49.892293219215034 252 255 251 0.94581773368112931 138 46 141 44 140 53 140 129
99 5.5818619821858366 -6.3315232626542244 49.87365594330489 252 255 251 0.73408344092141764 138 41 141 45 140 124
100 5.6487274963391352 -6.1066021463234073 49.786995386514782 84 114 159 0.16723795792694809 138 40 141 46 140 38
101 5.6713970144961277 -6.3178173973546263 49.867221594584016 92 88 78 0.16519059311298165 138 42 143 122 141 47
102 5.6969927187696481 -6.3141340997140603 49.887708148473976 252 255 251 1.6033502789352216 138 50 143 40 141 48 140 30 140 79
103 5.7897379213949565 -5.9451671395104677 49.791534479462946 2 39 71 0.057514271475673388 138 78 141 56
104 5.7897379213949565 -5.9451671395104677 49.791534479462946 2 39 71 0.057514271475673388 138 62 141 58
105 5.5311586399371384 -6.4249176062096094 49.773513998989841 156 158 158 0.31389634840821401 138 49 143 73 141 59 140 46
106 5.763948348012109 -6.062001766277044 49.792922972994248 96 110 158 1.1797666488720926 138 92 141 67 140 56 140 159
107 5.763948348012109 -6.062001766277044 49.792922972994248 96 110 158 1.1797666488720926 138 84 141 68 140 71 140 155
108 5.6222223381861411 -6.1834670835650822 49.777127051217164 7 36 65 0.023719692878922838 138 76 141 72 140 75
109 5.5194069652041398 -6.4062150180771367 49.753058186223512 189 192 195 0.25508302446181053 138 65 143 72 141 74 140 64
110 5.6914871158382851 -6.2526780095994434 49.886167686976655 250 250 242 0.20685771785002807 138 68 141 75 140 62
111 5.8379758877513028 -6.3088822153535453 49.891723156927995 254 255 251 0.36114905598569397 138 120 141 81 140 93
112 5.7068861252519705 -6.182456228987192 49.857185006727434 128 127 133 0.0040277915697795423 138 90 141 89
113 5.5581119728690567 -5.7860429524313668 49.831423348944767 239 235 231 0.14853783635127379 138 106 141 93 140 110
114 5.614104549015388 -5.7867259058508225 49.825345094556695 227 224 213 0.10175050022900788 138 107 141 94
115 5.6091159596679203 -6.1780432305655699 49.778571192568812 99 135 190 0.029768537898269207 143 100 141 105
116 5.4817667572376028 -5.7826013831787542 49.831832016050171 147 156 157 0.010535812563136954 138 134 141 107
117 5.7131701136647672 -6.226279798429263 49.854676777365697 168 163 164 0.012201525042810949 138 91 141 110
118 5.5209764968369495 -6.400294807054359 49.766975158777328 186 185 189 0.22966194526589154 138 125 141 111 140 127
119 5.6737052996746504 -6.2488917152919967 49.856494084806876 54 51 39 1.7126718307514603 138 74 141 116 140 39 140 95
120 5.7131701136647672 -6.226279798429263 49.854676777365697 168 163 164 0.012201525042810949 138 83 141 117
121 5.6674862424452215 -6.2421369304452785 49.804886327103802 54 51 39 1.0434507523269987 138 67 141 120 140 41
122 5.7074535387313272 -6.2287567473456802 49.895518902014722 92 97 109 0.18714319343482699 143 97 141 122 140 122
123 5.7031864219295088 -6.0022239789657963 49.797318066493197 35 53 98 0.11240348238807774 138 146 141 129
124 5.6146730625157426 -6.174338181622538 49.773780894747347 96 134 185 0.26933666371912635 143 137 141 131
125 5.8180966893581658 -6.2451336594273839 49.900428059178616 111 103 101 0.28366172758984631 143 140 141 132
126 5.6979998966115026 -6.2438660159741222 49.896797694901537 62 63 66 0.18450610848122273 143 141 141 133 140 151
127 5.7203506223637586 -6.2816502208719109 49.88766502058273 83 55 49 0.0071539519934410937 143 123 141 137
128 5.7203506223637586 -6.2816502208719109 49.88766502058273 83 55 49 0.0071539519934410937 143 130 141 143
129 5.7011906822278302 -6.2552813126852946 49.90404382306717 247 240 226 0.068170186891248236 143 143 141 145
130 5.6146730625157426 -6.174338181622538 49.773780894747347 96 134 185 0.26933666371912635 143 133 141 146
131 5.6146730625157426 -6.174338181622538 49.773780894747347 96 134 185 0.26933666371912635 143 134 141 148
132 5.7011906822278302 -6.2552813126852946 49.90404382306717 247 240 226 0.068170186891248236 143 132 141 149
133 5.6944434861001572 -6.3124216310702961 49.904015338119706 254 255 252 0.24873724080787823 138 56 140 77
134 5.8369042881828355 -6.3308956197510389 49.896980913172456 131 128 131 0.28542501367781559 141 127 140 90
135 5.4684881075697378 -5.9526752245800161 49.826668450231942 2 49 83 0.059418683107197015 138 116 140 112
136 5.8369042881828355 -6.3308956197510389 49.896980913172456 131 128 131 0.28542501367781559 141 115 140 114
139 5.7142513358222331 -6.3255136791054278 49.82220552989574 34 34 34 0.24277877897434125 138 123 140 142
140 5.7142513358222331 -6.3255136791054278 49.82220552989574 34 34 34 0.24277877897434125 138 111 140 145
