# Frame list with one line of data per frame:
#   FRAME_ID, RIG_ID, RIG_FROM_WORLD[QW, QX, QY, QZ, TX, TY, TZ], NUM_DATA_IDS, DATA_IDS[] as (SENSOR_TYPE, SENSOR_ID, DATA_ID)
# Number of frames: 10
39 1 0.99751482220572363 6.8088428797451786e-05 0.067211653571789695 0.02113689825861979 -6.5610180396444324 -0.0069132303058660168 1.3712571461960321 1 CAMERA 1 39
46 1 0.99445468384856694 0.00095702666092422088 0.10302924269587453 0.021069907952618989 -2.6157857898687666 -0.0017555021161286895 -0.26729232810500425 1 CAMERA 1 46
48 1 0.99783551714742236 -1.8106854665350904e-05 0.062317593994548288 0.020995186829572424 0.1017884284207578 -0.00027107347468701299 -0.22165609199051708 1 CAMERA 1 48
51 1 0.99713633423336356 0.00019566623520084179 0.07261301364818247 0.021129195803512774 3.2122741618798578 0.0023416703352333213 1.245384292620362 1 CAMERA 1 51
55 1 0.99820338335213021 -0.00013509267416023644 0.056136806436952895 0.02094388162184117 0.84431879760805273 0.0014025486480893211 -0.67509458480178486 1 CAMERA 1 55
59 1 0.9978466845534476 -2.5049825334797152e-05 0.062152315022836642 0.020954313052469163 2.8732083280981269 0.0033411639374081857 -1.0584248504157332 1 CAMERA 1 59
62 1 0.99723847080655537 0.00017290016631464251 0.071193496105056653 0.021139738912178022 2.1994644373227552 -0.00070780404285252744 0.41554743393495891 1 CAMERA 1 62
69 1 0.99786314757461525 -1.0097225677863168e-05 0.061883259811429725 0.020966658428051843 1.1504889069619544 0.00093933120796868856 -0.53216651765448886 1 CAMERA 1 69
70 1 0.99782012895240546 2.2211857742564629e-07 0.062576144230014355 0.020957491039243707 2.1667635680681618 0.0023614592771067197 -0.85435194957353477 1 CAMERA 1 70
71 1 0.99766518646888913 6.1443927227990665e-05 0.064942817565091696 0.021132969014024693 -3.3419387936829064 -0.0029437929372980575 0.77761483271716181 1 CAMERA 1 71
