# Image list with two lines of data per image:
#   IMAGE_ID, QW, QX, QY, QZ, TX, TY, TZ, CAMERA_ID, NAME
#   POINTS2D[] as (X, Y, POINT3D_ID)
# Number of images: 10, mean observations per image: 2.1000000000000001
39 0.99751482220572363 6.8088428797451786e-05 0.067211653571789695 0.02113689825861979 -6.5610180396444324 -0.0069132303058660168 1.3712571461960321 1 000038.png
132.26260375976562 116.91850280761719 -1 138.63789367675781 201.08291625976562 -1 172.748046875 129.1883544921875 -1 172.748046875 129.1883544921875 -1 129.65179443359375 137.35203552246094 -1 112.91902923583984 24.669988632202148 -1 228.66487121582031 126.30398559570312 -1 151.06871032714844 156.71688842773438 -1 130.45579528808594 173.40606689453125 15 244.60015869140625 93.809150695800781 -1 202.2958984375 63.019515991210938 -1 244.60015869140625 93.809150695800781 -1 118.07850646972656 178.44583129882812 -1 223.63983154296875 205.78865051269531 -1 237.89826965332031 220.01141357421875 -1 126.61290740966797 13.493901252746582 -1 187.36248779296875 51.870864868164062 -1 201.976318359375 60.916454315185547 -1 227.55670166015625 108.96456909179688 -1 151.48947143554688 121.01699829101562 -1 104.36483764648438 127.72107696533203 -1 79.568199157714844 148.87110900878906 -1 135.45396423339844 34.914363861083984 -1 94.146957397460938 135.03387451171875 -1 135.45396423339844 34.914363861083984 -1 144.68711853027344 21.704317092895508 -1 156.43595886230469 77.002593994140625 -1 167.92570495605469 90.765426635742188 -1 164.2359619140625 102.75157165527344 -1 161.33377075195312 114.30792236328125 -1 249.71205139160156 212.58580017089844 -1 174.65298461914062 40.249683380126953 -1 156.43595886230469 77.002593994140625 -1 181.02212524414062 44.815975189208984 -1 121.62906646728516 26.48614501953125 -1 164.61758422851562 49.114154815673828 -1 103.56284332275391 50.818038940429688 -1 169.90863037109375 63.064552307128906 -1 183.38922119140625 69.936576843261719 -1 231.15557861328125 76.275581359863281 -1 171.83416748046875 88.171607971191406 -1 179.98118591308594 94.543159484863281 -1 169.00119018554688 95.908248901367188 -1 251.51316833496094 102.56794738769531 -1 244.31050109863281 106.09159851074219 -1 187.40730285644531 148.36871337890625 -1 200.09088134765625 196.64002990722656 -1 231.51231384277344 199.71502685546875 -1 169.90863037109375 63.064552307128906 -1 169.90863037109375 63.064552307128906 -1 251.51316833496094 102.56794738769531 -1 187.40730285644531 148.36871337890625 -1 200.09088134765625 196.64002990722656 -1 112.99579620361328 43.872222900390625 49 251.76261901855469 220.46371459960938 -1 122.48525238037109 40.456226348876953 -1 119.87400817871094 34.722312927246094 -1 209.17451477050781 176.38728332519531 -1 151.56184387207031 75.716018676757812 -1 105.08290100097656 12.41562557220459 -1 247.60658264160156 85.487442016601562 -1 255.67156982421875 95.860771179199219 -1 161.0390625 119.71947479248047 -1 182.57281494140625 185.89515686035156 -1 242.91957092285156 126.09275054931641 -1 122.48525238037109 40.456226348876953 -1 182.57281494140625 185.89515686035156 -1 221.06916809082031 188.31550598144531 -1 224.60296630859375 192.13690185546875 -1 190.4031982421875 209.68220520019531 -1 245.58222961425781 214.12031555175781 -1 166.26837158203125 88.938179016113281 -1 253.25491333007812 88.977706909179688 -1 172.09727478027344 89.308998107910156 -1 226.65263366699219 106.95301818847656 -1 34.404266357421875 179.05606079101562 -1 203.80978393554688 189.83052062988281 -1 241.5062255859375 203.21279907226562 -1 197.41239929199219 210.27801513671875 -1 21.029993057250977 190.07330322265625 -1 108.86933135986328 4.8302040100097656 -1 104.89730834960938 6.9369850158691406 -1 116.99314117431641 36.596771240234375 -1 32.252864837646484 180.65547180175781 -1 125.62101745605469 38.137973785400391 -1 220.82771301269531 178.31866455078125 -1 205.39532470703125 171.836181640625 -1 199.97773742675781 166.5872802734375 -1 169.41754150390625 40.374691009521484 -1 107.39240264892578 68.129188537597656 -1 110.74820709228516 40.754558563232422 49 172.35423278808594 60.308319091796875 -1 166.26837158203125 88.938179016113281 -1 253.25491333007812 88.977706909179688 -1 226.65263366699219 106.95301818847656 -1 197.41239929199219 210.27801513671875 -1 169.41754150390625 40.374691009521484 -1 166.93157958984375 42.562229156494141 -1 196.41700744628906 56.507030487060547 -1 172.35423278808594 60.308319091796875 -1 158.5330810546875 80.593727111816406 -1 243.75967407226562 83.10284423828125 -1 108.86933135986328 4.8302040100097656 -1 156.832763671875 97.445960998535156 -1 243.81631469726562 202.41719055175781 -1 
46 0.99445468384856694 0.00095702666092422088 0.10302924269587453 0.021069907952618989 -2.6157857898687666 -0.0017555021161286895 -0.26729232810500425 1 000044.png
131.78273010253906 117.99681091308594 -1 136.50984191894531 201.60240173339844 -1 173.95390319824219 130.32893371582031 -1 199.90895080566406 74.591499328613281 -1 130.56356811523438 134.75309753417969 -1 112.96865081787109 24.637710571289062 -1 225.74995422363281 121.95188140869141 -1 225.74995422363281 121.95188140869141 -1 152.00372314453125 155.96672058105469 -1 203.51655578613281 189.60310363769531 -1 203.51655578613281 189.60310363769531 -1 98.034011840820312 28.921459197998047 -1 118.46537780761719 178.17243957519531 -1 221.43450927734375 200.983154296875 -1 235.67994689941406 215.14706420898438 -1 239.07937622070312 89.454971313476562 -1 239.07937622070312 89.454971313476562 -1 124.96994018554688 11.211609840393066 -1 224.065673828125 105.44140625 -1 101.90398406982422 126.00782012939453 -1 101.90398406982422 126.00782012939453 -1 201.75027465820312 59.814643859863281 -1 151.6075439453125 121.18643188476562 -1 132.44795227050781 180.93212890625 -1 141.55819702148438 19.794355392456055 -1 181.41325378417969 45.704090118408203 -1 132.44795227050781 180.93212890625 15 134.8551025390625 33.719383239746094 -1 140.49188232421875 179.99580383300781 -1 167.84027099609375 90.530441284179688 -1 151.89021301269531 104.09903717041016 -1 203.21533203125 197.18426513671875 -1 203.21533203125 197.18426513671875 -1 156.46440124511719 76.961296081542969 -1 156.46440124511719 76.961296081542969 -1 164.39947509765625 48.423267364501953 -1 174.60232543945312 40.266075134277344 -1 164.42401123046875 102.67958068847656 -1 175.32380676269531 95.257362365722656 -1 175.32380676269531 95.257362365722656 -1 180.00318908691406 94.373687744140625 -1 109.17237091064453 34.998889923095703 -1 161.1378173828125 119.92876434326172 -1 121.72048950195312 26.509304046630859 -1 113.0030517578125 43.721828460693359 49 169.0704345703125 46.383872985839844 -1 169.92910766601562 63.0263671875 -1 181.47172546386719 77.208892822265625 -1 171.86793518066406 88.10516357421875 -1 168.93353271484375 95.901458740234375 -1 247.20428466796875 97.6781005859375 -1 239.87809753417969 101.10475921630859 -1 197.97416687011719 192.66459655761719 -1 229.189208984375 195.13267517089844 -1 169.92910766601562 63.0263671875 -1 169.92910766601562 63.0263671875 -1 247.20428466796875 97.6781005859375 -1 197.97416687011719 192.66459655761719 -1 238.94438171386719 121.12874603271484 -1 126.36891937255859 37.908496856689453 -1 249.68281555175781 83.001182556152344 -1 251.13845825195312 87.770652770996094 -1 100.02641296386719 5.4565467834472656 -1 229.41453552246094 74.58441162109375 -1 218.62065124511719 183.65409851074219 -1 243.67652893066406 209.47590637207031 -1 222.31953430175781 187.55709838867188 -1 205.28662109375 188.61508178710938 -1 238.98446655273438 204.81126403808594 -1 141.14595031738281 18.519458770751953 -1 151.59881591796875 75.64990234375 -1 241.460205078125 108.43746185302734 -1 116.64968872070312 126.94956207275391 -1 211.84980773925781 177.00030517578125 -1 126.36891937255859 37.908496856689453 -1 251.13845825195312 87.770652770996094 -1 113.96343994140625 146.05636596679688 -1 207.87370300292969 173.45582580566406 -1 239.65162658691406 80.266647338867188 -1 244.37168884277344 88.361351013183594 -1 166.36729431152344 88.832870483398438 -1 172.09550476074219 89.1356201171875 -1 225.85647583007812 95.604270935058594 -1 154.0748291015625 102.86543273925781 -1 223.48320007324219 103.56981658935547 -1 15.016519546508789 191.09133911132812 -1 217.92340087890625 173.8936767578125 -1 189.59796142578125 64.31256103515625 -1 197.62625122070312 162.84904479980469 -1 101.82146453857422 0.59874677658081055 -1 20.607540130615234 186.27301025390625 -1 203.55032348632812 168.5584716796875 -1 64.846809387207031 149.74043273925781 -1 73.094085693359375 139.8619384765625 -1 91.769599914550781 127.492431640625 -1 108.89579010009766 4.8856978416442871 -1 151.86790466308594 116.43997192382812 -1 251.24510192871094 111.70614624023438 -1 126.62425231933594 30.637165069580078 -1 108.89579010009766 4.8856978416442871 -1 244.37168884277344 88.361351013183594 -1 244.37168884277344 88.361351013183594 -1 166.36729431152344 88.832870483398438 -1 166.36729431152344 88.832870483398438 -1 154.0748291015625 102.86543273925781 -1 180.98141479492188 89.128936767578125 -1 116.97389221191406 36.613307952880859 -1 169.45339965820312 40.42523193359375 -1 37.345962524414062 172.566162109375 -1 174.84733581542969 53.17987060546875 -1 248.13287353515625 103.44029998779297 -1 158.52542114257812 80.580978393554688 -1 73.094085693359375 139.8619384765625 -1 231.32424926757812 187.06369018554688 -1 156.79362487792969 97.474319458007812 -1 102.09325408935547 35.602092742919922 -1 
48 0.99783551714742236 -1.8106854665350904e-05 0.062317593994548288 0.020995186829572424 0.1017884284207578 -0.00027107347468701299 -0.22165609199051708 1 000047.png
131.67741394042969 117.89594268798828 -1 136.59512329101562 201.16130065917969 -1 174.467529296875 128.99221801757812 -1 200.09344482421875 74.713661193847656 -1 130.89247131347656 134.19853210449219 -1 112.96428680419922 24.653066635131836 -1 126.11503601074219 98.640632629394531 -1 225.97160339355469 121.84200286865234 -1 225.97160339355469 121.84200286865234 -1 151.8912353515625 156.03898620605469 -1 203.78501892089844 189.50712585449219 -1 203.78501892089844 189.50712585449219 -1 98.062850952148438 29.100608825683594 -1 185.37733459472656 51.217761993408203 -1 118.54476165771484 177.94233703613281 -1 221.58673095703125 200.56196594238281 -1 235.54603576660156 214.51126098632812 -1 124.99782562255859 11.280591011047363 -1 102.37494659423828 125.89704895019531 -1 239.28791809082031 88.352165222167969 -1 132.45283508300781 178.96858215332031 -1 201.70327758789062 59.9796142578125 -1 239.28791809082031 88.352165222167969 -1 224.45970153808594 104.79985046386719 -1 151.80215454101562 120.64290618896484 -1 102.37494659423828 125.89704895019531 -1 76.135414123535156 147.37965393066406 -1 183.923828125 154.96856689453125 -1 132.45283508300781 178.96858215332031 15 140.32443237304688 180.67739868164062 -1 232.35499572753906 77.503158569335938 -1 141.75617980957031 19.81578254699707 -1 135.05729675292969 33.672950744628906 -1 167.88693237304688 90.610519409179688 -1 135.05729675292969 33.672950744628906 -1 156.44850158691406 76.976852416992188 -1 180.88230895996094 44.801383972167969 -1 156.44850158691406 76.976852416992188 -1 164.44773864746094 102.69763946533203 -1 121.64352416992188 26.549716949462891 -1 121.64352416992188 26.549716949462891 -1 198.01969909667969 192.36393737792969 -1 250.34034729003906 215.9384765625 -1 169.92155456542969 63.048828125 -1 169.92155456542969 63.048828125 -1 175.39277648925781 95.345901489257812 -1 248.39320373535156 97.881500244140625 -1 198.01969909667969 192.36393737792969 -1 169.0323486328125 91.434005737304688 -1 239.71501159667969 100.73207092285156 -1 174.53279113769531 40.043312072753906 -1 112.94174194335938 43.751865386962891 49 169.92155456542969 63.048828125 -1 171.78372192382812 87.972755432128906 -1 180.01188659667969 94.40625 -1 175.39277648925781 95.345901489257812 -1 168.95698547363281 95.913894653320312 -1 248.39320373535156 97.881500244140625 -1 161.38059997558594 114.49332427978516 -1 161.35284423828125 119.48533630371094 -1 126.29042816162109 30.640020370483398 -1 229.08110046386719 74.226898193359375 -1 183.90385437011719 69.839683532714844 -1 151.58726501464844 75.688446044921875 -1 92.618080139160156 123.56789398193359 -1 92.618080139160156 123.56789398193359 -1 126.29042816162109 30.640020370483398 -1 212.82101440429688 177.55210876464844 -1 218.27922058105469 182.78904724121094 -1 222.73382568359375 187.59843444824219 -1 25.401737213134766 182.17158508300781 -1 21.900005340576172 184.9033203125 -1 19.864156723022461 186.65420532226562 -1 15.20318603515625 190.49481201171875 -1 6.3779821395874023 197.52375793457031 -1 3.6157517433166504 199.93669128417969 -1 246.49053955078125 201.97380065917969 -1 240.26254272460938 205.26473999023438 -1 203.67948913574219 173.10066223144531 -1 197.74851989746094 162.51351928710938 -1 53.906116485595703 158.85708618164062 -1 117.02304077148438 36.575862884521484 -1 189.72216796875 64.178726196289062 -1 151.82962036132812 116.91657257080078 -1 172.11061096191406 89.098136901855469 -1 166.35800170898438 88.75531005859375 -1 166.35800170898438 88.75531005859375 -1 169.4310302734375 40.168003082275391 -1 195.97737121582031 56.913814544677734 -1 242.94941711425781 82.466346740722656 -1 29.675260543823242 178.43656921386719 -1 184.753662109375 72.925048828125 -1 158.52574157714844 80.46484375 -1 206.55799865722656 171.22088623046875 -1 203.5986328125 167.83718872070312 -1 100.15070343017578 6.2844562530517578 -1 
51 0.99713633423336356 0.00019566623520084179 0.07261301364818247 0.021129195803512774 3.2122741618798578 0.0023416703352333213 1.245384292620362 1 000050.png
131.06871032714844 117.51630401611328 -1 136.63429260253906 201.08642578125 -1 172.97946166992188 129.59162902832031 -1 200.09202575683594 74.706977844238281 -1 130.85873413085938 134.39352416992188 -1 113.00441741943359 24.640554428100586 -1 130.77427673339844 170.78659057617188 -1 151.74717712402344 155.65219116210938 -1 130.77427673339844 170.78659057617188 -1 130.77427673339844 170.78659057617188 -1 97.993911743164062 28.870763778686523 -1 118.75009155273438 177.54170227050781 -1 221.53817749023438 200.05148315429688 -1 187.57525634765625 51.876216888427734 -1 124.87989044189453 11.087244987487793 -1 201.77931213378906 60.099514007568359 -1 239.93057250976562 88.488250732421875 -1 224.67864990234375 104.6077880859375 -1 151.689697265625 120.67788696289062 -1 239.93057250976562 88.488250732421875 -1 239.93057250976562 88.488250732421875 -1 135.29545593261719 34.133411407470703 -1 140.32247924804688 180.78456115722656 -1 132.63761901855469 179.54270935058594 15 132.63761901855469 179.54270935058594 -1 135.29545593261719 34.133411407470703 -1 156.5115966796875 76.911544799804688 -1 167.9149169921875 90.575973510742188 -1 164.33834838867188 102.72946166992188 -1 151.991943359375 103.7578125 -1 141.74798583984375 19.768239974975586 -1 180.85841369628906 44.772090911865234 -1 156.5115966796875 76.911544799804688 -1 169.93087768554688 63.016304016113281 -1 236.09962463378906 82.578056335449219 -1 175.36497497558594 95.306221008300781 -1 197.90155029296875 192.06242370605469 -1 121.71288299560547 26.631080627441406 -1 174.3604736328125 39.958667755126953 -1 195.32968139648438 62.435947418212891 -1 169.93087768554688 63.016304016113281 -1 181.5009765625 77.034988403320312 -1 236.09962463378906 82.578056335449219 -1 171.92961120605469 88.132858276367188 -1 179.99678039550781 94.394760131835938 -1 175.36497497558594 95.306221008300781 -1 169.01585388183594 95.850074768066406 -1 161.51679992675781 119.57286834716797 -1 197.90155029296875 192.06242370605469 -1 251.52461242675781 217.14697265625 -1 121.71288299560547 26.631080627441406 -1 195.32968139648438 62.435947418212891 -1 169.93087768554688 63.016304016113281 -1 164.97579956054688 49.275215148925781 -1 154.06439208984375 102.70481109619141 -1 238.99787902832031 197.67501831054688 -1 119.90617370605469 34.702423095703125 -1 116.04750823974609 45.373542785644531 -1 126.29353332519531 30.627521514892578 -1 151.56935119628906 75.688835144042969 -1 177.6514892578125 90.940460205078125 -1 177.6514892578125 90.940460205078125 -1 240.54751586914062 121.85406494140625 -1 207.11317443847656 171.76242065429688 -1 222.45973205566406 187.46513366699219 -1 126.29353332519531 30.627521514892578 -1 116.04750823974609 45.373542785644531 -1 202.40133666992188 188.4761962890625 -1 238.63385009765625 203.74188232421875 -1 243.93316650390625 209.16151428222656 -1 111.02816772460938 85.346038818359375 -1 166.42184448242188 88.850517272949219 -1 172.06796264648438 89.090522766113281 -1 180.94229125976562 89.134124755859375 -1 177.95060729980469 90.090599060058594 -1 226.65577697753906 95.744941711425781 -1 252.36795043945312 109.08833312988281 -1 114.51681518554688 111.10572814941406 -1 151.81315612792969 116.39641571044922 -1 92.611404418945312 123.42024230957031 -1 241.44827270507812 200.09031677246094 -1 207.50221252441406 230.69366455078125 -1 184.37928771972656 69.888717651367188 -1 108.92857360839844 5.0670065879821777 -1 100.10749816894531 6.0368361473083496 -1 117.02466583251953 36.583572387695312 -1 216.97093200683594 181.52445983886719 -1 212.11117553710938 176.68264770507812 -1 203.64138793945312 168.00096130371094 -1 194.95761108398438 159.35206604003906 -1 54.363925933837891 158.41935729980469 -1 60.793754577636719 153.15043640136719 -1 108.92857360839844 5.0670065879821777 -1 169.38145446777344 40.534408569335938 -1 111.02816772460938 85.346038818359375 -1 169.38145446777344 40.534408569335938 -1 166.42184448242188 88.850517272949219 -1 177.95060729980469 90.090599060058594 -1 133.48355102539062 184.03123474121094 -1 207.50221252441406 230.69366455078125 -1 177.02175903320312 44.16888427734375 -1 196.13449096679688 56.768360137939453 -1 83.844581604003906 134.38534545898438 -1 133.48355102539062 184.03123474121094 15 189.58193969726562 64.309814453125 -1 158.53752136230469 80.517868041992188 -1 242.9949951171875 82.657752990722656 -1 19.998590469360352 186.50904846191406 -1 6.7379140853881836 197.16342163085938 -1 166.42184448242188 88.850517272949219 -1 200.997314453125 165.34162902832031 -1 86.279502868652344 132.11907958984375 -1 
55 0.99820338335213021 -0.00013509267416023644 0.056136806436952895 0.02094388162184117 0.84431879760805273 0.0014025486480893211 -0.67509458480178486 1 000054.png
131.82478332519531 117.91004180908203 -1 136.64295959472656 201.24864196777344 -1 173.177978515625 129.62799072265625 -1 200.07572937011719 74.668083190917969 -1 131.01512145996094 134.83479309082031 -1 112.95415496826172 24.638874053955078 -1 126.37728881835938 98.596549987792969 -1 226.31015014648438 121.76713562011719 -1 226.31015014648438 121.76713562011719 -1 130.80201721191406 169.89265441894531 -1 152.1673583984375 155.47157287597656 -1 130.80201721191406 169.89265441894531 -1 130.80201721191406 169.89265441894531 -1 98.083053588867188 29.090764999389648 -1 185.46940612792969 51.281387329101562 -1 120.14163970947266 99.044204711914062 -1 119.2421875 177.74313354492188 -1 221.4981689453125 199.99787902832031 -1 235.67005920410156 214.46540832519531 -1 124.92766571044922 11.166312217712402 -1 240.05427551269531 88.710342407226562 -1 151.7147216796875 120.77037048339844 -1 201.7322998046875 60.057010650634766 -1 240.05427551269531 88.710342407226562 -1 75.605598449707031 147.55545043945312 -1 240.05427551269531 88.710342407226562 -1 224.4835205078125 104.65702056884766 -1 140.27963256835938 180.71498107910156 -1 135.30418395996094 34.193222045898438 -1 132.67033386230469 179.46200561523438 -1 132.67033386230469 179.46200561523438 15 181.33970642089844 45.419116973876953 -1 135.30418395996094 34.193222045898438 -1 185.2696533203125 154.55911254882812 -1 167.88014221191406 90.57647705078125 -1 152.04376220703125 103.58648681640625 -1 241.16456604003906 116.02973937988281 -1 232.96183776855469 77.279220581054688 -1 156.54524230957031 76.880531311035156 -1 156.54524230957031 76.880531311035156 -1 174.65373229980469 40.322830200195312 -1 164.31730651855469 47.942535400390625 -1 164.38758850097656 102.84877777099609 -1 235.73307800292969 82.534759521484375 -1 171.9423828125 88.196029663085938 -1 180.00978088378906 94.39630126953125 -1 168.98023986816406 95.930099487304688 -1 248.00642395019531 97.980903625488281 -1 198.04327392578125 192.468505859375 -1 251.0416259765625 216.66140747070312 -1 121.69809722900391 26.615531921386719 -1 169.91667175292969 63.034629821777344 -1 169.91667175292969 63.034629821777344 -1 235.73307800292969 82.534759521484375 -1 248.00642395019531 97.980903625488281 -1 198.04327392578125 192.468505859375 -1 109.16672515869141 34.948818206787109 -1 141.53338623046875 19.17918586730957 -1 121.69809722900391 26.615531921386719 -1 169.91667175292969 63.034629821777344 -1 161.39675903320312 119.332275390625 -1 126.23392486572266 30.625518798828125 -1 100.09556579589844 117.12522888183594 -1 24.743144989013672 182.82064819335938 -1 222.59100341796875 187.46147155761719 -1 202.41587829589844 188.53793334960938 -1 239.87870788574219 205.14851379394531 -1 233.95716857910156 77.045562744140625 -1 116.06037902832031 45.465774536132812 -1 110.48910522460938 70.414459228515625 -1 184.05242919921875 70.076499938964844 -1 202.41587829589844 188.53793334960938 -1 100.09556579589844 117.12522888183594 -1 126.23392486572266 30.625518798828125 -1 116.06037902832031 45.465774536132812 -1 110.48910522460938 70.414459228515625 -1 151.53533935546875 75.712013244628906 -1 242.01644897460938 101.43608093261719 -1 224.04342651367188 103.21121978759766 -1 242.01182556152344 108.01689147949219 -1 181.0029296875 89.089439392089844 -1 36.416278839111328 172.91853332519531 -1 218.83378601074219 183.51615905761719 -1 9.5516748428344727 195.16943359375 -1 204.00225830078125 168.40118408203125 -1 216.02293395996094 180.35140991210938 -1 70.151542663574219 145.33949279785156 -1 72.859725952148438 139.92762756347656 -1 92.89361572265625 123.13204956054688 -1 239.53768920898438 121.03921508789062 -1 154.00715637207031 102.98947906494141 -1 226.26397705078125 95.297874450683594 -1 166.37223815917969 88.829559326171875 -1 222.84849548339844 75.062355041503906 -1 117.19346618652344 36.478172302246094 -1 169.42376708984375 40.251548767089844 -1 72.859725952148438 139.92762756347656 -1 110.69066619873047 40.928298950195312 49 168.81755065917969 44.528846740722656 -1 196.01693725585938 56.94122314453125 -1 154.00715637207031 102.98947906494141 -1 189.70159912109375 64.160995483398438 -1 201.75625610351562 166.03506469726562 -1 245.28392028808594 84.07073974609375 -1 166.37223815917969 88.829559326171875 -1 172.12422180175781 89.19683837890625 -1 166.37223815917969 88.829559326171875 -1 100.26496887207031 6.345670223236084 -1 27.447759628295898 179.99433898925781 -1 95.852363586425781 123.9146728515625 -1 
59 0.9978466845534476 -2.5049825334797152e-05 0.062152315022836642 0.020954313052469163 2.8732083280981269 0.0033411639374081857 -1.0584248504157332 1 000060.png
132.08441162109375 118.03857421875 -1 136.662353515625 201.22325134277344 -1 173.06330871582031 129.56806945800781 -1 130.99775695800781 134.78581237792969 -1 200.06733703613281 74.643898010253906 -1 113.04781341552734 24.703123092651367 -1 126.38127899169922 98.243400573730469 -1 226.02944946289062 121.99398803710938 -1 226.02944946289062 121.99398803710938 -1 130.89361572265625 169.85008239746094 -1 152.10557556152344 155.90948486328125 -1 130.89361572265625 169.85008239746094 -1 130.89361572265625 169.85008239746094 -1 98.08575439453125 29.131378173828125 -1 185.51158142089844 51.258518218994141 -1 119.24420928955078 177.51473999023438 -1 221.64199829101562 200.46783447265625 -1 235.31623840332031 213.68342590332031 -1 124.86716461181641 11.06768798828125 -1 201.7513427734375 60.031326293945312 -1 239.93818664550781 88.286460876464844 -1 224.58126831054688 104.41777801513672 -1 151.66764831542969 121.03150939941406 -1 103.42947387695312 124.31545257568359 -1 184.29046630859375 155.15267944335938 -1 103.42947387695312 124.31545257568359 -1 239.93818664550781 88.286460876464844 -1 239.93818664550781 88.286460876464844 -1 126.26650238037109 23.756370544433594 -1 181.39138793945312 45.481029510498047 -1 231.33523559570312 77.270797729492188 -1 140.40200805664062 180.51193237304688 -1 141.7049560546875 19.705558776855469 -1 135.16117858886719 33.469253540039062 -1 174.57081604003906 40.299980163574219 -1 156.43656921386719 76.9732666015625 -1 167.93563842773438 90.614547729492188 -1 241.33992004394531 116.36514282226562 -1 156.43656921386719 76.9732666015625 -1 135.16117858886719 33.469253540039062 -1 164.32194519042969 102.78877258300781 -1 109.15887451171875 35.064289093017578 -1 121.76837158203125 26.565692901611328 -1 112.97840118408203 43.656505584716797 49 169.92173767089844 63.024253845214844 -1 171.83250427246094 88.175910949707031 -1 175.44483947753906 95.405632019042969 -1 168.8990478515625 96.005531311035156 -1 248.5203857421875 97.82440185546875 -1 239.65133666992188 100.49198913574219 -1 197.99174499511719 192.049560546875 -1 243.51727294921875 208.77096557617188 -1 251.24520874023438 216.6229248046875 -1 169.92173767089844 63.024253845214844 -1 169.92173767089844 63.024253845214844 -1 175.44483947753906 95.405632019042969 -1 248.5203857421875 97.82440185546875 -1 197.99174499511719 192.049560546875 -1 90.316886901855469 4.6242246627807617 -1 210.36543273925781 72.361534118652344 -1 99.930931091308594 5.4492373466491699 -1 126.38275909423828 30.629123687744141 -1 151.60414123535156 75.622756958007812 -1 219.00682067871094 183.60923767089844 -1 222.62480163574219 187.73049926757812 -1 202.43238830566406 188.47457885742188 -1 229.88224792480469 74.767715454101562 -1 229.02180480957031 193.97279357910156 -1 239.66119384765625 204.82693481445312 -1 242.08197021484375 108.01506042480469 -1 141.39775085449219 18.785148620605469 -1 239.05970764160156 89.796943664550781 -1 179.93913269042969 94.525222778320312 -1 241.84922790527344 97.49334716796875 -1 90.085517883300781 125.55040740966797 -1 210.36543273925781 72.361534118652344 -1 241.84922790527344 97.49334716796875 -1 161.466796875 119.3431396484375 -1 207.22724914550781 171.74929809570312 -1 212.2921142578125 176.71272277832031 -1 181.00370788574219 89.116401672363281 -1 226.48719787597656 95.293754577636719 -1 114.05852508544922 104.98923492431641 -1 252.42245483398438 109.09004211425781 -1 114.40648651123047 111.83180236816406 -1 3.1213231086730957 200.52677917480469 -1 115.86019897460938 45.461822509765625 -1 189.76748657226562 64.144943237304688 -1 108.96551513671875 4.9539504051208496 -1 116.89512634277344 36.644325256347656 -1 169.40725708007812 40.490036010742188 -1 133.48611450195312 184.13870239257812 -1 25.065464019775391 182.51626586914062 -1 216.80368041992188 181.06080627441406 -1 36.366661071777344 172.96438598632812 -1 195.13148498535156 159.31324768066406 -1 104.04779815673828 51.534069061279297 -1 172.06707763671875 89.085502624511719 -1 169.40725708007812 40.490036010742188 -1 196.81053161621094 60.113468170166016 -1 166.39996337890625 88.865386962890625 -1 166.39996337890625 88.865386962890625 -1 133.48611450195312 184.13870239257812 15 115.86019897460938 45.461822509765625 -1 174.80751037597656 53.292873382568359 -1 196.81053161621094 60.113468170166016 -1 167.93128967285156 60.294219970703125 -1 165.13459777832031 72.519111633300781 -1 166.39996337890625 88.865386962890625 -1 108.96551513671875 4.9539504051208496 -1 22.546628952026367 184.25776672363281 -1 207.5025634765625 230.30697631835938 -1 207.5025634765625 230.30697631835938 -1 88.357887268066406 130.39509582519531 -1 38.711505889892578 171.00851440429688 -1 
62 0.99723847080655537 0.00017290016631464251 0.071193496105056653 0.021139738912178022 2.1994644373227552 -0.00070780404285252744 0.41554743393495891 1 000062.png
132.45510864257812 118.32328033447266 -1 136.62028503417969 201.18043518066406 -1 173.78448486328125 129.72694396972656 -1 200.07533264160156 74.644454956054688 -1 130.91078186035156 134.8272705078125 -1 113.08463287353516 24.70399284362793 -1 126.41002655029297 98.589912414550781 -1 152.17926025390625 155.45616149902344 -1 117.92740631103516 178.21124267578125 -1 98.266510009765625 29.656917572021484 -1 221.61749267578125 200.24705505371094 -1 235.55320739746094 214.29078674316406 -1 187.54425048828125 51.962562561035156 -1 239.62239074707031 88.277130126953125 -1 102.41487121582031 125.65299987792969 -1 132.459228515625 178.83784484863281 15 239.62239074707031 88.277130126953125 -1 132.459228515625 178.83784484863281 -1 102.41487121582031 125.65299987792969 -1 201.77749633789062 59.959915161132812 -1 231.07405090332031 77.665809631347656 -1 224.67976379394531 104.89620971679688 -1 151.72412109375 120.77091217041016 -1 184.95256042480469 154.45170593261719 -1 132.74531555175781 180.23629760742188 -1 140.20463562011719 180.7454833984375 -1 132.74531555175781 180.23629760742188 -1 135.18218994140625 33.547267913818359 -1 174.69172668457031 40.310325622558594 -1 180.87950134277344 44.773975372314453 -1 156.52867126464844 76.929519653320312 -1 164.46388244628906 102.71757507324219 -1 152.00296020507812 103.77991485595703 -1 156.52867126464844 76.929519653320312 -1 135.18218994140625 33.547267913818359 -1 141.74681091308594 19.79167366027832 -1 167.96302795410156 90.654708862304688 -1 171.87290954589844 88.181770324707031 -1 169.09925842285156 91.456680297851562 -1 180.02597045898438 94.351318359375 -1 175.3350830078125 95.273284912109375 -1 168.99008178710938 95.846855163574219 -1 248.37022399902344 97.69140625 -1 239.75189208984375 100.63534545898438 -1 161.37712097167969 114.51560211181641 -1 161.53376770019531 119.48349761962891 -1 197.91438293457031 191.77622985839844 -1 121.73098754882812 26.592309951782227 -1 169.92765808105469 63.038597106933594 -1 169.92765808105469 63.038597106933594 -1 175.3350830078125 95.273284912109375 -1 248.37022399902344 97.69140625 -1 239.75189208984375 100.63534545898438 -1 197.91438293457031 191.77622985839844 -1 109.21065521240234 34.899509429931641 -1 121.73098754882812 26.592309951782227 -1 169.92765808105469 63.038597106933594 -1 226.55690002441406 95.557212829589844 -1 110.47132873535156 70.369026184082031 -1 238.43580627441406 197.10244750976562 -1 151.90528869628906 116.43283843994141 -1 89.917434692382812 125.69690704345703 -1 129.18009948730469 36.293144226074219 -1 243.39472961425781 208.51881408691406 -1 126.38373565673828 30.621309280395508 -1 115.97107696533203 45.423240661621094 -1 247.19694519042969 81.553695678710938 -1 151.55607604980469 75.751983642578125 -1 245.9166259765625 84.493858337402344 -1 115.97107696533203 45.423240661621094 -1 110.47132873535156 70.369026184082031 -1 177.42359924316406 91.036552429199219 -1 177.42359924316406 91.036552429199219 -1 218.91433715820312 183.53727722167969 -1 223.08132934570312 187.65766906738281 -1 202.418212890625 188.46109008789062 -1 166.34989929199219 88.757308959960938 -1 114.57823944091797 111.22775268554688 -1 10.599720001220703 194.39720153808594 -1 17.611551284790039 188.4677734375 -1 3.0367860794067383 200.64810180664062 -1 133.55549621582031 184.11054992675781 15 7.00634765625 197.20538330078125 -1 229.7525634765625 74.701889038085938 -1 215.90275573730469 180.16670227050781 -1 212.85105895996094 177.1661376953125 -1 205.01519775390625 169.35696411132812 -1 201.53041076660156 165.63526916503906 -1 197.99971008300781 162.58836364746094 -1 83.553825378417969 131.03604125976562 -1 172.1343994140625 89.110885620117188 -1 108.82435607910156 5.1560673713684082 -1 83.553825378417969 131.03604125976562 -1 133.55549621582031 184.11054992675781 -1 117.01314544677734 36.560249328613281 -1 169.52217102050781 40.234664916992188 -1 195.9638671875 56.932537078857422 -1 166.34989929199219 88.757308959960938 -1 189.7862548828125 64.032112121582031 -1 207.54238891601562 172.26322937011719 -1 184.43037414550781 69.495452880859375 -1 158.53141784667969 80.51251220703125 -1 243.140869140625 82.707321166992188 -1 108.82435607910156 5.1560673713684082 -1 114.08647155761719 104.88759613037109 -1 248.85420227050781 92.528106689453125 -1 31.798261642456055 176.56173706054688 -1 
69 0.99786314757461525 -1.0097225677863168e-05 0.061883259811429725 0.020966658428051843 1.1504889069619544 0.00093933120796868856 -0.53216651765448886 1 000067.png
132.25843811035156 118.19131469726562 -1 136.65998840332031 201.23165893554688 -1 173.934326171875 129.73594665527344 -1 200.01913452148438 74.652877807617188 -1 130.93199157714844 134.82919311523438 -1 126.58242034912109 98.568023681640625 -1 113.08889007568359 24.738044738769531 -1 226.47041320800781 121.98316192626953 -1 226.47041320800781 121.98316192626953 -1 130.97772216796875 170.44046020507812 -1 152.09518432617188 155.61068725585938 -1 130.97772216796875 170.44046020507812 -1 130.97772216796875 170.44046020507812 -1 98.109725952148438 29.206323623657227 -1 185.51533508300781 51.276317596435547 -1 118.50527191162109 177.57049560546875 -1 221.69407653808594 200.37158203125 -1 235.36911010742188 214.08439636230469 -1 124.98150634765625 11.233297348022461 -1 184.16375732421875 155.12413024902344 -1 239.92192077636719 88.455368041992188 -1 151.72352600097656 120.94327545166016 -1 224.53616333007812 104.71485900878906 -1 201.76078796386719 60.037330627441406 -1 239.92192077636719 88.455368041992188 -1 239.92192077636719 88.455368041992188 -1 181.35923767089844 45.561508178710938 -1 140.44517517089844 180.58119201660156 -1 231.35057067871094 77.631660461425781 -1 132.82264709472656 179.6387939453125 -1 132.82264709472656 179.6387939453125 15 156.51893615722656 76.913688659667969 -1 152.06379699707031 103.75421905517578 -1 174.708251953125 40.298046112060547 -1 167.87104797363281 90.561317443847656 -1 135.03837585449219 33.595611572265625 -1 156.51893615722656 76.913688659667969 -1 135.03837585449219 33.595611572265625 -1 164.25053405761719 102.72260284423828 -1 175.31495666503906 95.309310913085938 -1 141.59255981445312 19.29595947265625 -1 175.31495666503906 95.309310913085938 -1 248.55810546875 97.849296569824219 -1 239.4027099609375 100.35888671875 -1 161.57281494140625 119.59815979003906 -1 198.26240539550781 192.7921142578125 -1 229.26441955566406 194.40855407714844 -1 251.72264099121094 217.2984619140625 -1 121.7265625 26.622652053833008 -1 169.92160034179688 63.029609680175781 -1 169.92160034179688 63.029609680175781 -1 251.18339538574219 87.930259704589844 -1 248.55810546875 97.849296569824219 -1 239.4027099609375 100.35888671875 -1 198.26240539550781 192.7921142578125 -1 109.16349792480469 34.937122344970703 -1 121.7265625 26.622652053833008 -1 112.94166564941406 43.753440856933594 49 169.92160034179688 63.029609680175781 -1 171.92750549316406 88.257423400878906 -1 251.18339538574219 87.930259704589844 -1 179.99176025390625 94.363899230957031 -1 169.04179382324219 95.842742919921875 -1 18.91148567199707 187.70756530761719 -1 151.56050109863281 75.672584533691406 -1 251.52584838867188 84.374710083007812 -1 247.25125122070312 212.38883972167969 -1 242.29669189453125 101.50108337402344 -1 202.40980529785156 188.45501708984375 -1 240.16514587402344 205.10111999511719 -1 223.86361694335938 102.96197509765625 -1 240.6181640625 121.55696868896484 -1 207.64630126953125 172.32762145996094 -1 219.36489868164062 183.6898193359375 -1 126.28205108642578 30.621297836303711 -1 240.6181640625 121.55696868896484 -1 242.89016723632812 208.10609436035156 -1 241.94131469726562 107.89406585693359 -1 99.927558898925781 5.6072897911071777 -1 126.28205108642578 30.621297836303711 -1 245.06573486328125 87.467430114746094 -1 166.37603759765625 88.80255126953125 -1 172.10273742675781 89.050285339355469 -1 158.55207824707031 80.500228881835938 -1 154.02958679199219 102.85462951660156 -1 30.96192741394043 177.27682495117188 -1 108.76190948486328 5.0663332939147949 -1 212.2816162109375 176.62469482421875 -1 40.058437347412109 169.96266174316406 -1 203.59078979492188 168.00180053710938 -1 200.27876281738281 164.65245056152344 -1 191.57028198242188 147.06990051269531 -1 86.258590698242188 132.25238037109375 -1 251.7337646484375 111.50857543945312 -1 226.1549072265625 95.239479064941406 -1 245.06573486328125 87.467430114746094 -1 166.37603759765625 88.80255126953125 -1 14.619982719421387 190.95721435546875 -1 116.98500823974609 36.584426879882812 -1 108.76190948486328 5.0663332939147949 -1 169.4796142578125 40.111339569091797 -1 110.64209747314453 40.910591125488281 -1 189.66227722167969 64.289306640625 -1 228.02755737304688 190.93086242675781 -1 207.51866149902344 230.39988708496094 -1 2.4652335643768311 200.81607055664062 -1 246.71543884277344 84.982337951660156 -1 151.787353515625 116.70516967773438 -1 207.51866149902344 230.39988708496094 -1 
70 0.99782012895240546 2.2211857742564629e-07 0.062576144230014355 0.020957491039243707 2.1667635680681618 0.0023614592771067197 -0.85435194957353477 1 000069.png
132.34417724609375 118.2255859375 -1 136.71636962890625 201.21537780761719 -1 173.94505310058594 129.75141906738281 -1 200.02499389648438 74.645065307617188 -1 130.924560546875 135.16297912597656 -1 113.11400604248047 24.740947723388672 -1 226.10592651367188 121.79974365234375 -1 226.10592651367188 121.79974365234375 -1 152.11167907714844 156.3577880859375 -1 98.182907104492188 29.398731231689453 -1 185.45791625976562 51.303836822509766 -1 118.55905151367188 177.57542419433594 -1 221.79437255859375 200.77867126464844 -1 235.48359680175781 214.09135437011719 -1 125.01094055175781 11.298957824707031 -1 224.59219360351562 104.47126007080078 -1 201.8997802734375 60.122371673583984 -1 231.10505676269531 77.550621032714844 -1 151.62712097167969 120.98632049560547 -1 102.42130279541016 125.41472625732422 -1 75.587211608886719 147.64421081542969 -1 102.42130279541016 125.41472625732422 -1 156.595947265625 76.883995056152344 -1 140.38754272460938 180.6556396484375 -1 132.92448425292969 179.97027587890625 -1 156.595947265625 76.883995056152344 -1 132.92448425292969 179.97027587890625 15 151.92753601074219 104.22583770751953 -1 241.1005859375 116.40318298339844 -1 202.517578125 196.31289672851562 -1 135.17304992675781 33.535533905029297 -1 180.97665405273438 44.756969451904297 -1 135.17304992675781 33.535533905029297 -1 167.86962890625 90.558609008789062 -1 164.34721374511719 102.79564666748047 -1 141.84538269042969 19.831586837768555 -1 202.517578125 196.31289672851562 -1 202.517578125 196.31289672851562 -1 175.30616760253906 95.256744384765625 -1 175.30616760253906 95.256744384765625 -1 169.92173767089844 63.035129547119141 -1 171.84635925292969 88.12115478515625 -1 180.02024841308594 94.332748413085938 -1 168.89860534667969 95.969085693359375 -1 248.4720458984375 97.859992980957031 -1 239.56071472167969 100.34889984130859 -1 161.55345153808594 119.5433349609375 -1 198.01448059082031 192.10350036621094 -1 250.04617309570312 215.523193359375 -1 121.70254516601562 26.582197189331055 -1 169.92173767089844 63.035129547119141 -1 169.92173767089844 63.035129547119141 -1 248.4720458984375 97.859992980957031 -1 198.01448059082031 192.10350036621094 -1 109.15525817871094 35.054187774658203 -1 121.70254516601562 26.582197189331055 -1 174.28562927246094 39.736259460449219 -1 112.96109008789062 43.677825927734375 49 248.576416015625 82.379104614257812 -1 240.90542602539062 121.82500457763672 -1 238.388427734375 203.30203247070312 -1 119.86290740966797 34.726234436035156 -1 126.27659606933594 30.625165939331055 -1 230.26683044433594 74.958709716796875 -1 241.60205078125 107.89167022705078 -1 151.549560546875 75.747039794921875 -1 184.08543395996094 69.912246704101562 -1 99.861648559570312 5.5513448715209961 -1 110.46616363525391 70.521186828613281 -1 226.52397155761719 95.412399291992188 -1 207.28915405273438 171.91714477539062 -1 110.46616363525391 70.521186828613281 -1 126.27659606933594 30.625165939331055 -1 216.82518005371094 181.11769104003906 -1 218.84779357910156 183.2078857421875 -1 222.52629089355469 187.42898559570312 -1 202.41220092773438 188.46595764160156 -1 172.06584167480469 89.36602783203125 -1 153.96466064453125 102.88947296142578 -1 115.81616973876953 45.526569366455078 -1 195.76856994628906 61.170673370361328 -1 14.720704078674316 190.96903991699219 -1 158.51484680175781 80.424613952636719 -1 166.39012145996094 88.824615478515625 -1 17.939931869506836 188.22135925292969 -1 133.52207946777344 184.07966613769531 -1 29.481147766113281 178.55961608886719 -1 213.3040771484375 177.54173278808594 -1 48.086460113525391 163.42042541503906 -1 64.086929321289062 147.04367065429688 -1 108.91590881347656 5.1043643951416016 -1 117.10122680664062 36.529552459716797 -1 166.39012145996094 88.824615478515625 -1 64.086929321289062 147.04367065429688 -1 133.52207946777344 184.07966613769531 15 169.48431396484375 40.134616851806641 -1 115.81616973876953 45.526569366455078 -1 166.39012145996094 88.824615478515625 -1 195.91334533691406 56.879875183105469 -1 189.66526794433594 64.204254150390625 -1 243.24678039550781 82.629562377929688 -1 114.03229522705078 105.05828094482422 -1 249.86820983886719 86.927513122558594 -1 108.91590881347656 5.1043643951416016 -1 195.66014099121094 159.86979675292969 -1 102.06993103027344 35.43084716796875 -1 
71 0.99766518646888913 6.1443927227990665e-05 0.064942817565091696 0.021132969014024693 -3.3419387936829064 -0.0029437929372980575 0.77761483271716181 1 000070.png
132.28872680664062 118.15129852294922 -1 136.69549560546875 201.15089416503906 -1 173.4393310546875 129.62712097167969 -1 200.04042053222656 74.65264892578125 -1 130.91572570800781 134.7301025390625 -1 126.54377746582031 98.003219604492188 -1 113.12530517578125 24.742282867431641 -1 152.17787170410156 155.95574951171875 -1 98.078804016113281 29.326799392700195 -1 185.54789733886719 51.286834716796875 -1 118.75752258300781 177.5477294921875 -1 221.64537048339844 200.38824462890625 -1 235.55059814453125 214.15608215332031 -1 124.88538360595703 11.075494766235352 -1 224.51225280761719 104.68399810791016 -1 201.74189758300781 60.006309509277344 -1 240.40890502929688 88.652374267578125 -1 151.68482971191406 120.67134857177734 -1 183.95353698730469 155.40995788574219 -1 240.40890502929688 88.652374267578125 -1 240.40890502929688 88.652374267578125 -1 181.48095703125 45.649284362792969 -1 231.49317932128906 77.584564208984375 -1 140.19140625 180.93626403808594 -1 134.93891906738281 33.626537322998047 -1 141.75759887695312 19.773700714111328 -1 156.52154541015625 76.923851013183594 -1 167.94692993164062 90.625694274902344 -1 164.3223876953125 102.70551300048828 -1 151.91792297363281 104.20685577392578 -1 156.52154541015625 76.923851013183594 -1 134.93891906738281 33.626537322998047 -1 243.04144287109375 202.5089111328125 -1 121.69695281982422 26.637014389038086 -1 174.28558349609375 39.847652435302734 -1 112.9637451171875 43.789077758789062 49 169.92903137207031 63.023765563964844 -1 195.02670288085938 62.746719360351562 -1 183.41792297363281 69.932334899902344 -1 179.96907043457031 94.373039245605469 -1 175.46614074707031 95.360984802246094 -1 168.87643432617188 96.042831420898438 -1 248.31597900390625 97.740936279296875 -1 239.58602905273438 100.29450225830078 -1 161.53033447265625 119.51729583740234 -1 198.04226684570312 192.31515502929688 -1 203.4913330078125 195.83009338378906 -1 121.69695281982422 26.637014389038086 -1 169.92903137207031 63.023765563964844 -1 169.92903137207031 63.023765563964844 -1 195.02670288085938 62.746719360351562 -1 175.46614074707031 95.360984802246094 -1 248.31597900390625 97.740936279296875 -1 203.4913330078125 195.83009338378906 -1 171.83349609375 88.052726745605469 -1 109.17062377929688 34.943065643310547 -1 164.98521423339844 49.255859375 -1 234.12379455566406 77.217819213867188 -1 229.20671081542969 194.22142028808594 -1 229.3985595703125 74.437461853027344 -1 126.38111114501953 30.62598991394043 -1 151.5439453125 75.747062683105469 -1 223.93089294433594 103.23698425292969 -1 145.61892700195312 124.53586578369141 -1 100.09932708740234 117.02838134765625 -1 207.62185668945312 172.22489929199219 -1 219.82220458984375 184.03826904296875 -1 145.61892700195312 124.53586578369141 -1 222.80778503417969 187.58306884765625 -1 202.44322204589844 188.43617248535156 -1 239.10977172851562 204.18074035644531 -1 245.84085083007812 210.79972839355469 -1 166.36955261230469 88.841102600097656 -1 172.08673095703125 89.212196350097656 -1 226.7509765625 95.466964721679688 -1 116.10652923583984 102.14807891845703 -1 154.068115234375 102.71947479248047 -1 242.10116577148438 107.80653381347656 -1 151.84027099609375 116.77976226806641 -1 103.55632781982422 253.53114318847656 -1 119.72039031982422 34.804889678955078 -1 35.837203979492188 173.30711364746094 -1 54.045398712158203 158.66267395019531 -1 108.83656311035156 5.3070154190063477 -1 15.286355972290039 190.50473022460938 -1 198.025634765625 162.59065246582031 -1 115.90100860595703 45.694801330566406 -1 99.828079223632812 6.277644157409668 -1 57.460987091064453 155.65711975097656 -1 74.687713623046875 141.59443664550781 -1 180.98452758789062 89.12359619140625 -1 116.9998779296875 36.582237243652344 -1 166.36955261230469 88.841102600097656 -1 207.57754516601562 230.59065246582031 -1 115.90100860595703 45.694801330566406 -1 128.20742797851562 36.571010589599609 -1 108.83656311035156 5.3070154190063477 -1 169.54541015625 40.142314910888672 -1 189.60768127441406 64.294563293457031 -1 158.50936889648438 80.509773254394531 -1 246.96826171875 85.015533447265625 -1 207.57754516601562 230.59065246582031 -1 251.04351806640625 111.21830749511719 -1 108.21047973632812 83.166419982910156 -1 184.39115905761719 72.817298889160156 -1 60.810150146484375 152.97026062011719 -1 114.10717010498047 104.90631866455078 -1 8.2654399871826172 195.79774475097656 -1 108.21047973632812 83.166419982910156 -1 
