# Frame list with one line of data per frame:
#   FRAME_ID, RIG_ID, RIG_FROM_WORLD[QW, QX, QY, QZ, TX, TY, TZ], NUM_DATA_IDS, DATA_IDS[] as (SENSOR_TYPE, SENSOR_ID, DATA_ID)
# Number of frames: 13
35 1 0.99868311869112214 -0.024341570832631058 -0.044935739333238592 -0.0045050750659006477 0.7240259594301891 0.44236485213684629 -6.1974394943604656 1 CAMERA 1 35
39 1 0.99886967492825229 -0.023435070197520762 -0.041353857618493493 0.00016868205083437113 -0.52585503124060795 2.4254568764906601 -1.5444702742377112 1 CAMERA 1 39
42 1 0.99869807550429623 -0.021304375139051326 -0.045718560652260598 -0.0076217318133991472 0.12434921579218709 2.7768131324964127 -5.0450880398712767 1 CAMERA 1 42
49 1 0.99868193930214333 -0.022840353495320855 -0.04456495792277268 -0.011254638566416838 0.68304426972436427 0.92368320307728813 0.58677262096077043 1 CAMERA 1 49
50 1 0.99818425156107182 -0.026731524925646188 -0.046270575675797142 -0.027796750479922357 0.55829683776557915 -0.86517331647178741 -2.9936723683457798 1 CAMERA 1 50
51 1 0.99874250010052867 -0.024530471890314775 -0.042912894638414974 -0.0083760322072176808 0.39061847869594618 -2.7007296419930018 4.484144746253321 1 CAMERA 1 51
52 1 0.99878820780376587 -0.021762804351422319 -0.043568254839787157 -0.007092493857501843 -0.60895996470215696 0.15053231963215835 -0.29103866767585185 1 CAMERA 1 52
53 1 0.99822996623831872 -0.02702782825245937 -0.045659265275863746 -0.026863776694074408 0.50450321962536604 -1.2006704988561272 -2.0999396666823014 1 CAMERA 1 53
54 1 0.99839533607029973 -0.027090230276073098 -0.043657507329521138 -0.023809544103898829 -0.020682430251518939 -1.9224242558666154 2.2793351029956583 1 CAMERA 1 54
58 1 0.99874932177005726 -0.022115420355568922 -0.043058170013764871 -0.012517765032668328 -0.2202231521989311 1.459799832812176 1.1534724874186173 1 CAMERA 1 58
61 1 0.99855068287765292 -0.02420230794582966 -0.042637059902309718 -0.022200521109991343 -1.4616094647151405 0.39509631809847584 0.69128314718531036 1 CAMERA 1 61
65 1 0.99867298284164041 -0.023262219455868947 -0.045215875334920351 -0.0081649927045089887 2.7892238401937077 -1.4385540106445232 3.4943926086708705 1 CAMERA 1 65
71 1 0.99878360390624277 -0.023352663462976358 -0.041587358295378754 -0.012508289541509596 -1.1698112039363462 -0.48075393257627536 3.7931215092946755 1 CAMERA 1 71
