# Image list with two lines of data per image:
#   IMAGE_ID, QW, QX, QY, QZ, TX, TY, TZ, CAMERA_ID, NAME
#   POINTS2D[] as (X, Y, POINT3D_ID)
# Number of images: 13, mean observations per image: 1.3076923076923077
35 0.99868311869112214 -0.024341570832631058 -0.044935739333238592 -0.0045050750659006477 0.7240259594301891 0.44236485213684629 -6.1974394943604656 1 000034.png
138.70066833496094 202.0277099609375 -1 200.83711242675781 75.684661865234375 -1 129.71488952636719 136.31462097167969 -1 112.92678833007812 24.632139205932617 -1 227.0616455078125 124.55806732177734 -1 227.0616455078125 124.55806732177734 -1 150.82624816894531 157.2305908203125 -1 98.058982849121094 28.936878204345703 -1 202.108642578125 62.650634765625 -1 117.82065582275391 178.66156005859375 -1 222.39968872070312 204.47209167480469 -1 236.43948364257812 218.28498840332031 -1 187.46284484863281 51.881038665771484 -1 130.81065368652344 177.39173889160156 -1 169.60693359375 101.68662261962891 -1 225.75343322753906 106.9866943359375 -1 151.38685607910156 120.78985595703125 -1 103.19720458984375 126.24333953857422 -1 77.663703918457031 147.516845703125 -1 103.19720458984375 126.24333953857422 -1 126.28919982910156 23.782865524291992 -1 135.31719970703125 34.893302917480469 -1 190.50379943847656 69.3089599609375 -1 131.9722900390625 181.75877380371094 -1 131.9722900390625 181.75877380371094 -1 135.31719970703125 34.893302917480469 -1 174.58984375 40.239368438720703 -1 180.92117309570312 44.715995788574219 -1 156.43304443359375 77.0797119140625 -1 167.93739318847656 90.710212707519531 -1 151.78761291503906 104.11226654052734 -1 161.17794799804688 114.23529815673828 -1 198.21456909179688 194.504150390625 -1 156.43304443359375 77.0797119140625 -1 164.30654907226562 102.79820251464844 -1 113.02249908447266 44.383140563964844 -1 121.6109619140625 26.494430541992188 -1 121.6109619140625 26.494430541992188 -1 253.33096313476562 107.85383605957031 -1 160.79580688476562 120.38024139404297 -1 230.28266906738281 198.17829895019531 -1 109.21046447753906 34.782604217529297 -1 169.89923095703125 63.064056396484375 -1 169.89923095703125 63.064056396484375 -1 175.37113952636719 95.379310607910156 -1 249.72651672363281 100.17576599121094 -1 253.33096313476562 107.85383605957031 -1 109.21046447753906 34.782604217529297 -1 169.89923095703125 63.064056396484375 -1 230.70912170410156 75.867538452148438 -1 171.8883056640625 88.138442993164062 -1 179.99504089355469 94.507560729980469 -1 175.37113952636719 95.379310607910156 -1 168.97308349609375 95.886177062988281 -1 249.72651672363281 100.17576599121094 -1 119.80391693115234 34.723796844482422 -1 126.23829650878906 30.623693466186523 -1 151.59133911132812 75.664344787597656 -1 123.38803100585938 40.267051696777344 -1 243.26139831542969 110.38179779052734 -1 227.63407897949219 97.658981323242188 -1 126.23829650878906 30.623693466186523 -1 43.834140777587891 168.51799011230469 -1 123.38803100585938 40.267051696777344 -1 207.93377685546875 175.23443603515625 -1 219.94155883789062 186.72369384765625 -1 222.97222900390625 190.4654541015625 -1 241.31526184082031 209.16680908203125 -1 213.21333312988281 180.12567138671875 -1 26.983772277832031 181.67256164550781 -1 202.57112121582031 192.02420043945312 -1 3.6809301376342773 200.38516235351562 -1 204.85653686523438 171.48698425292969 -1 47.285198211669922 165.231689453125 -1 99.971855163574219 122.34344482421875 -1 253.44979858398438 114.45713043212891 -1 224.89578247070312 104.83685302734375 -1 116.87350463867188 36.658672332763672 -1 166.33819580078125 88.918678283691406 -1 125.76494598388672 38.281948089599609 -1 166.33819580078125 88.918678283691406 -1 184.75639343261719 69.66693115234375 -1 202.57112121582031 192.02420043945312 -1 202.57112121582031 192.02420043945312 -1 125.76494598388672 38.281948089599609 -1 189.443359375 64.554100036621094 -1 184.03451538085938 73.569259643554688 -1 245.32997131347656 84.112190246582031 -1 158.525390625 80.486968994140625 -1 241.59147644042969 81.6356201171875 -1 90.113578796386719 127.18608856201172 177 31.382034301757812 178.1656494140625 -1 90.113578796386719 127.18608856201172 -1 
39 0.99886967492825229 -0.023435070197520762 -0.041353857618493493 0.00016868205083437113 -0.52585503124060795 2.4254568764906601 -1.5444702742377112 1 000037.png
132.56462097167969 116.99075317382812 -1 138.82170104980469 201.26869201660156 -1 172.77351379394531 128.92996215820312 -1 172.77351379394531 128.92996215820312 -1 129.63888549804688 137.87417602539062 -1 112.90799713134766 24.669660568237305 -1 156.20332336425781 36.041080474853516 -1 228.90719604492188 126.32836151123047 -1 151.28759765625 156.59904479980469 -1 202.349853515625 62.917243957519531 -1 118.03714752197266 178.47238159179688 -1 223.98237609863281 205.63278198242188 -1 238.35348510742188 219.70803833007812 -1 187.52436828613281 51.8770751953125 -1 244.63807678222656 93.087501525878906 -1 244.63807678222656 93.087501525878906 -1 131.49520874023438 178.67724609375 -1 131.49520874023438 178.67724609375 -1 135.88591003417969 35.7550048828125 -1 119.25394439697266 162.43327331542969 -1 135.88591003417969 35.7550048828125 -1 228.18106079101562 108.58937072753906 -1 151.46151733398438 120.97749328613281 -1 79.954475402832031 148.89472961425781 -1 119.25394439697266 162.43327331542969 -1 135.88591003417969 35.7550048828125 -1 144.93675231933594 21.787250518798828 -1 151.82818603515625 104.11041259765625 -1 161.21711730957031 114.18766784667969 -1 164.31179809570312 102.83503723144531 -1 156.44406127929688 76.996612548828125 -1 156.44406127929688 76.996612548828125 -1 180.92996215820312 44.797229766845703 -1 167.87651062011719 90.699310302734375 -1 113.02082824707031 44.380592346191406 -1 175.26747131347656 95.298614501953125 -1 121.63945007324219 26.42234992980957 -1 175.26747131347656 95.298614501953125 -1 251.8831787109375 102.50315856933594 -1 109.19156646728516 34.864913940429688 -1 169.21022033691406 45.865280151367188 -1 103.31423187255859 50.591178894042969 -1 169.91647338867188 63.051792144775391 -1 183.51980590820312 69.842597961425781 -1 171.74699401855469 88.009719848632812 -1 179.96910095214844 94.472808837890625 -1 169.00735473632812 95.904731750488281 -1 251.8831787109375 102.50315856933594 -1 243.923095703125 105.55014801025391 -1 161.32577514648438 119.83448791503906 -1 200.51608276367188 196.63641357421875 -1 231.98631286621094 199.73318481445312 -1 174.23284912109375 39.943305969238281 -1 250.77909851074219 218.89918518066406 -1 169.91647338867188 63.051792144775391 -1 169.91647338867188 63.051792144775391 -1 246.90130615234375 214.73280334472656 -1 151.67802429199219 115.94671630859375 -1 209.72898864746094 176.38345336914062 -1 151.67802429199219 115.94671630859375 -1 214.77420043945312 181.25094604492188 -1 221.75436401367188 188.21279907226562 -1 224.95109558105469 192.03028869628906 -1 151.60372924804688 75.640068054199219 -1 249.37074279785156 83.210372924804688 -1 249.37074279785156 83.210372924804688 -1 100.15135192871094 121.823974609375 -1 126.23644256591797 30.653417587280273 -1 126.23644256591797 30.653417587280273 -1 123.75608062744141 39.904876708984375 -1 100.15135192871094 121.823974609375 -1 119.82310485839844 34.753215789794922 -1 123.75608062744141 39.904876708984375 -1 172.11471557617188 89.200859069824219 -1 229.70147705078125 99.804931640625 -1 244.36503601074219 101.15174865722656 -1 154.02450561523438 102.62261962890625 -1 227.34188842773438 107.07662963867188 -1 92.615898132324219 128.412841796875 177 86.923385620117188 133.15669250488281 -1 83.563705444335938 135.98947143554688 -1 68.856475830078125 148.02444458007812 -1 243.38575744628906 211.15817260742188 -1 209.70341491699219 235.89523315429688 -1 90.179756164550781 130.44889831542969 177 6.561582088470459 202.55502319335938 -1 204.56922912597656 193.45852661132812 -1 22.722984313964844 189.05262756347656 -1 25.167482376098633 187.0810546875 -1 200.36433410644531 166.59902954101562 -1 60.118412017822266 155.1285400390625 -1 110.61495971679688 40.820674896240234 -1 166.28619384765625 88.963386535644531 -1 244.36503601074219 101.15174865722656 -1 154.02450561523438 102.62261962890625 -1 92.615898132324219 128.412841796875 -1 116.86616516113281 36.665321350097656 -1 86.923385620117188 133.15669250488281 -1 83.563705444335938 135.98947143554688 -1 68.856475830078125 148.02444458007812 -1 65.985710144042969 150.46748352050781 -1 204.56922912597656 193.45852661132812 -1 204.56922912597656 193.45852661132812 -1 209.70341491699219 235.89523315429688 -1 110.61495971679688 40.820674896240234 -1 189.49966430664062 64.494499206542969 -1 248.27558898925781 86.02679443359375 -1 251.62567138671875 88.019783020019531 -1 166.28619384765625 88.963386535644531 -1 65.985710144042969 150.46748352050781 -1 90.179756164550781 130.44889831542969 -1 42.779315948486328 172.52720642089844 -1 108.24037170410156 79.697860717773438 -1 
42 0.99869807550429623 -0.021304375139051326 -0.045718560652260598 -0.0076217318133991472 0.12434921579218709 2.7768131324964127 -5.0450880398712767 1 000041.png
132.61231994628906 118.0142822265625 -1 136.87454223632812 201.63648986816406 -1 199.75433349609375 74.673919677734375 -1 129.88313293457031 136.53091430664062 -1 112.92996978759766 24.638395309448242 -1 225.00294494628906 123.3658447265625 -1 225.00294494628906 123.3658447265625 -1 151.15365600585938 156.428955078125 -1 98.149971008300781 29.237735748291016 -1 118.22585296630859 178.73651123046875 -1 220.86354064941406 201.67619323730469 -1 234.74241638183594 215.36793518066406 -1 187.3564453125 51.876880645751953 -1 240.78311157226562 90.867706298828125 -1 240.78311157226562 90.867706298828125 -1 131.41850280761719 178.68643188476562 -1 131.41850280761719 178.68643188476562 -1 125.05615997314453 11.417293548583984 -1 201.71070861816406 59.755893707275391 -1 223.84738159179688 105.99362945556641 -1 151.45819091796875 121.1683349609375 -1 102.39469909667969 126.156982421875 -1 91.693428039550781 134.64801025390625 -1 131.69961547851562 180.50045776367188 -1 131.69961547851562 180.50045776367188 -1 102.39469909667969 126.156982421875 -1 141.61907958984375 19.955564498901367 -1 156.55628967285156 76.953201293945312 -1 135.08132934570312 34.664821624755859 -1 181.36854553222656 45.630542755126953 -1 139.07173156738281 182.21815490722656 -1 135.08132934570312 34.664821624755859 -1 167.79586791992188 90.608573913574219 -1 164.28335571289062 102.76315307617188 -1 152.02932739257812 103.97012329101562 -1 175.27845764160156 95.2821044921875 -1 175.27845764160156 95.2821044921875 -1 112.98554992675781 44.056056976318359 -1 169.033203125 46.729244232177734 -1 169.9090576171875 63.079452514648438 -1 194.85650634765625 62.969749450683594 -1 171.79177856445312 88.034049987792969 -1 237.91444396972656 91.031150817871094 -1 179.97834777832031 94.4600830078125 -1 168.94692993164062 95.975868225097656 -1 247.2835693359375 99.167724609375 -1 238.37692260742188 101.573974609375 -1 197.33697509765625 193.47625732421875 -1 228.18952941894531 195.25863647460938 -1 121.68973541259766 26.594364166259766 -1 169.9090576171875 63.079452514648438 -1 169.9090576171875 63.079452514648438 -1 194.85650634765625 62.969749450683594 -1 247.2835693359375 99.167724609375 -1 197.33697509765625 193.47625732421875 -1 109.15804290771484 35.028297424316406 -1 121.68973541259766 26.594364166259766 -1 174.236572265625 39.903202056884766 -1 160.62611389160156 120.25511169433594 -1 96.95977783203125 120.48310852050781 -1 81.966140747070312 133.39483642578125 -1 42.454322814941406 165.71461486816406 -1 206.83818054199219 231.97390747070312 -1 218.35000610351562 184.71083068847656 -1 221.81669616699219 188.51362609863281 -1 242.97209167480469 210.04872131347656 -1 197.792236328125 195.009521484375 -1 238.21652221679688 205.13764953613281 -1 52.182331085205078 158.01286315917969 -1 52.182331085205078 158.01286315917969 -1 96.95977783203125 120.48310852050781 -1 81.966140747070312 133.39483642578125 -1 42.454322814941406 165.71461486816406 -1 197.792236328125 195.009521484375 -1 206.83818054199219 231.97390747070312 -1 187.86297607421875 70.320037841796875 -1 151.53172302246094 75.737945556640625 -1 100.04737854003906 5.9569344520568848 -1 126.53705596923828 30.655660629272461 -1 116.95510101318359 36.615283966064453 -1 195.923828125 57.149532318115234 -1 167.74935913085938 60.504573822021484 -1 250.57754516601562 87.269981384277344 -1 166.3328857421875 88.847991943359375 -1 172.1236572265625 89.391983032226562 -1 250.09040832519531 92.03875732421875 -1 225.29263305664062 96.426918029785156 -1 239.51388549804688 97.774787902832031 -1 244.81681823730469 101.95876312255859 -1 154.01101684570312 102.89622497558594 -1 223.18742370605469 104.16664123535156 -1 151.76852416992188 116.54876708984375 -1 31.204513549804688 178.62261962890625 -1 239.51388549804688 97.774787902832031 -1 212.22898864746094 178.73529052734375 -1 37.260669708251953 173.45497131347656 -1 42.854770660400391 169.10359191894531 -1 14.043087959289551 193.25810241699219 -1 58.773708343505859 155.96208190917969 -1 90.5439453125 129.47421264648438 177 87.075592041015625 129.06988525390625 177 243.03016662597656 82.494293212890625 -1 166.3328857421875 88.847991943359375 -1 2.5502524375915527 202.38703918457031 -1 233.13296508789062 216.47994995117188 -1 24.361154556274414 184.57778930664062 -1 87.075592041015625 129.06988525390625 -1 103.02713775634766 44.027351379394531 -1 99.174468994140625 122.02076721191406 -1 
49 0.99868193930214333 -0.022840353495320855 -0.04456495792277268 -0.011254638566416838 0.68304426972436427 0.92368320307728813 0.58677262096077043 1 000044.png
131.78273010253906 117.99681091308594 -1 136.50984191894531 201.60240173339844 -1 173.95390319824219 130.32893371582031 -1 199.90895080566406 74.591499328613281 -1 130.56356811523438 134.75309753417969 -1 112.96865081787109 24.637710571289062 -1 225.74995422363281 121.95188140869141 -1 225.74995422363281 121.95188140869141 -1 152.00372314453125 155.96672058105469 -1 203.51655578613281 189.60310363769531 -1 203.51655578613281 189.60310363769531 -1 98.034011840820312 28.921459197998047 -1 118.46537780761719 178.17243957519531 -1 221.43450927734375 200.983154296875 -1 235.67994689941406 215.14706420898438 -1 239.07937622070312 89.454971313476562 -1 239.07937622070312 89.454971313476562 -1 124.96994018554688 11.211609840393066 -1 224.065673828125 105.44140625 -1 101.90398406982422 126.00782012939453 -1 101.90398406982422 126.00782012939453 -1 201.75027465820312 59.814643859863281 -1 151.6075439453125 121.18643188476562 -1 132.44795227050781 180.93212890625 -1 141.55819702148438 19.794355392456055 -1 181.41325378417969 45.704090118408203 -1 132.44795227050781 180.93212890625 -1 134.8551025390625 33.719383239746094 -1 140.49188232421875 179.99580383300781 -1 167.84027099609375 90.530441284179688 -1 151.89021301269531 104.09903717041016 -1 203.21533203125 197.18426513671875 -1 203.21533203125 197.18426513671875 -1 156.46440124511719 76.961296081542969 -1 156.46440124511719 76.961296081542969 -1 164.39947509765625 48.423267364501953 -1 174.60232543945312 40.266075134277344 -1 164.42401123046875 102.67958068847656 -1 175.32380676269531 95.257362365722656 -1 175.32380676269531 95.257362365722656 -1 180.00318908691406 94.373687744140625 -1 109.17237091064453 34.998889923095703 -1 161.1378173828125 119.92876434326172 -1 121.72048950195312 26.509304046630859 -1 113.0030517578125 43.721828460693359 -1 169.0704345703125 46.383872985839844 -1 169.92910766601562 63.0263671875 -1 181.47172546386719 77.208892822265625 -1 171.86793518066406 88.10516357421875 -1 168.93353271484375 95.901458740234375 -1 247.20428466796875 97.6781005859375 -1 239.87809753417969 101.10475921630859 -1 197.97416687011719 192.66459655761719 -1 229.189208984375 195.13267517089844 -1 169.92910766601562 63.0263671875 -1 169.92910766601562 63.0263671875 -1 247.20428466796875 97.6781005859375 -1 197.97416687011719 192.66459655761719 -1 238.94438171386719 121.12874603271484 -1 126.36891937255859 37.908496856689453 -1 249.68281555175781 83.001182556152344 -1 251.13845825195312 87.770652770996094 -1 100.02641296386719 5.4565467834472656 -1 229.41453552246094 74.58441162109375 -1 218.62065124511719 183.65409851074219 -1 243.67652893066406 209.47590637207031 -1 222.31953430175781 187.55709838867188 -1 205.28662109375 188.61508178710938 -1 238.98446655273438 204.81126403808594 -1 141.14595031738281 18.519458770751953 -1 151.59881591796875 75.64990234375 -1 241.460205078125 108.43746185302734 -1 116.64968872070312 126.94956207275391 -1 211.84980773925781 177.00030517578125 -1 126.36891937255859 37.908496856689453 -1 251.13845825195312 87.770652770996094 -1 113.96343994140625 146.05636596679688 -1 207.87370300292969 173.45582580566406 -1 239.65162658691406 80.266647338867188 -1 244.37168884277344 88.361351013183594 -1 166.36729431152344 88.832870483398438 -1 172.09550476074219 89.1356201171875 -1 225.85647583007812 95.604270935058594 -1 154.0748291015625 102.86543273925781 -1 223.48320007324219 103.56981658935547 -1 15.016519546508789 191.09133911132812 -1 217.92340087890625 173.8936767578125 -1 189.59796142578125 64.31256103515625 -1 197.62625122070312 162.84904479980469 -1 101.82146453857422 0.59874677658081055 -1 20.607540130615234 186.27301025390625 -1 203.55032348632812 168.5584716796875 -1 64.846809387207031 149.74043273925781 -1 73.094085693359375 139.8619384765625 -1 91.769599914550781 127.492431640625 177 108.89579010009766 4.8856978416442871 -1 151.86790466308594 116.43997192382812 -1 251.24510192871094 111.70614624023438 -1 126.62425231933594 30.637165069580078 -1 108.89579010009766 4.8856978416442871 -1 244.37168884277344 88.361351013183594 -1 244.37168884277344 88.361351013183594 -1 166.36729431152344 88.832870483398438 -1 166.36729431152344 88.832870483398438 -1 154.0748291015625 102.86543273925781 -1 180.98141479492188 89.128936767578125 -1 116.97389221191406 36.613307952880859 -1 169.45339965820312 40.42523193359375 -1 37.345962524414062 172.566162109375 -1 174.84733581542969 53.17987060546875 -1 248.13287353515625 103.44029998779297 -1 158.52542114257812 80.580978393554688 -1 73.094085693359375 139.8619384765625 -1 231.32424926757812 187.06369018554688 -1 156.79362487792969 97.474319458007812 -1 102.09325408935547 35.602092742919922 -1 
50 0.99818425156107182 -0.026731524925646188 -0.046270575675797142 -0.027796750479922357 0.55829683776557915 -0.86517331647178741 -2.9936723683457798 1 000050.png
131.06871032714844 117.51630401611328 -1 136.63429260253906 201.08642578125 -1 172.97946166992188 129.59162902832031 -1 200.09202575683594 74.706977844238281 -1 130.85873413085938 134.39352416992188 -1 113.00441741943359 24.640554428100586 -1 130.77427673339844 170.78659057617188 -1 151.74717712402344 155.65219116210938 -1 130.77427673339844 170.78659057617188 -1 130.77427673339844 170.78659057617188 -1 97.993911743164062 28.870763778686523 -1 118.75009155273438 177.54170227050781 -1 221.53817749023438 200.05148315429688 -1 187.57525634765625 51.876216888427734 -1 124.87989044189453 11.087244987487793 -1 201.77931213378906 60.099514007568359 -1 239.93057250976562 88.488250732421875 -1 224.67864990234375 104.6077880859375 -1 151.689697265625 120.67788696289062 -1 239.93057250976562 88.488250732421875 -1 239.93057250976562 88.488250732421875 -1 135.29545593261719 34.133411407470703 -1 140.32247924804688 180.78456115722656 -1 132.63761901855469 179.54270935058594 -1 132.63761901855469 179.54270935058594 -1 135.29545593261719 34.133411407470703 -1 156.5115966796875 76.911544799804688 -1 167.9149169921875 90.575973510742188 -1 164.33834838867188 102.72946166992188 -1 151.991943359375 103.7578125 -1 141.74798583984375 19.768239974975586 -1 180.85841369628906 44.772090911865234 -1 156.5115966796875 76.911544799804688 -1 169.93087768554688 63.016304016113281 -1 236.09962463378906 82.578056335449219 -1 175.36497497558594 95.306221008300781 -1 197.90155029296875 192.06242370605469 -1 121.71288299560547 26.631080627441406 -1 174.3604736328125 39.958667755126953 -1 195.32968139648438 62.435947418212891 -1 169.93087768554688 63.016304016113281 -1 181.5009765625 77.034988403320312 -1 236.09962463378906 82.578056335449219 -1 171.92961120605469 88.132858276367188 -1 179.99678039550781 94.394760131835938 -1 175.36497497558594 95.306221008300781 -1 169.01585388183594 95.850074768066406 -1 161.51679992675781 119.57286834716797 -1 197.90155029296875 192.06242370605469 -1 251.52461242675781 217.14697265625 -1 121.71288299560547 26.631080627441406 -1 195.32968139648438 62.435947418212891 -1 169.93087768554688 63.016304016113281 -1 164.97579956054688 49.275215148925781 -1 154.06439208984375 102.70481109619141 -1 238.99787902832031 197.67501831054688 -1 119.90617370605469 34.702423095703125 -1 116.04750823974609 45.373542785644531 -1 126.29353332519531 30.627521514892578 -1 151.56935119628906 75.688835144042969 -1 177.6514892578125 90.940460205078125 -1 177.6514892578125 90.940460205078125 -1 240.54751586914062 121.85406494140625 -1 207.11317443847656 171.76242065429688 -1 222.45973205566406 187.46513366699219 -1 126.29353332519531 30.627521514892578 -1 116.04750823974609 45.373542785644531 -1 202.40133666992188 188.4761962890625 -1 238.63385009765625 203.74188232421875 -1 243.93316650390625 209.16151428222656 -1 111.02816772460938 85.346038818359375 -1 166.42184448242188 88.850517272949219 -1 172.06796264648438 89.090522766113281 -1 180.94229125976562 89.134124755859375 -1 177.95060729980469 90.090599060058594 -1 226.65577697753906 95.744941711425781 -1 252.36795043945312 109.08833312988281 -1 114.51681518554688 111.10572814941406 -1 151.81315612792969 116.39641571044922 -1 92.611404418945312 123.42024230957031 -1 241.44827270507812 200.09031677246094 -1 207.50221252441406 230.69366455078125 -1 184.37928771972656 69.888717651367188 -1 108.92857360839844 5.0670065879821777 -1 100.10749816894531 6.0368361473083496 -1 117.02466583251953 36.583572387695312 -1 216.97093200683594 181.52445983886719 -1 212.11117553710938 176.68264770507812 -1 203.64138793945312 168.00096130371094 -1 194.95761108398438 159.35206604003906 -1 54.363925933837891 158.41935729980469 -1 60.793754577636719 153.15043640136719 -1 108.92857360839844 5.0670065879821777 -1 169.38145446777344 40.534408569335938 -1 111.02816772460938 85.346038818359375 -1 169.38145446777344 40.534408569335938 -1 166.42184448242188 88.850517272949219 -1 177.95060729980469 90.090599060058594 -1 133.48355102539062 184.03123474121094 -1 207.50221252441406 230.69366455078125 -1 177.02175903320312 44.16888427734375 -1 196.13449096679688 56.768360137939453 -1 83.844581604003906 134.38534545898438 -1 133.48355102539062 184.03123474121094 -1 189.58193969726562 64.309814453125 -1 158.53752136230469 80.517868041992188 -1 242.9949951171875 82.657752990722656 -1 19.998590469360352 186.50904846191406 -1 6.7379140853881836 197.16342163085938 -1 166.42184448242188 88.850517272949219 -1 200.997314453125 165.34162902832031 -1 86.279502868652344 132.11907958984375 -1 
51 0.99874250010052867 -0.024530471890314775 -0.042912894638414974 -0.0083760322072176808 0.39061847869594618 -2.7007296419930018 4.484144746253321 1 000051.png
130.44180297851562 117.20941925048828 -1 136.597412109375 201.10476684570312 -1 173.31167602539062 129.69744873046875 -1 200.07199096679688 74.680305480957031 -1 130.84954833984375 134.0831298828125 -1 113.00364685058594 24.654911041259766 -1 226.0450439453125 121.89972686767578 -1 226.0450439453125 121.89972686767578 -1 130.78726196289062 170.46543884277344 -1 151.70401000976562 155.66020202636719 -1 203.80072021484375 189.28218078613281 -1 203.80072021484375 189.28218078613281 -1 130.78726196289062 170.46543884277344 -1 130.78726196289062 170.46543884277344 -1 98.037162780761719 29.15580940246582 -1 118.83960723876953 177.78114318847656 -1 222.17088317871094 201.04794311523438 -1 235.69490051269531 214.31591796875 -1 181.84605407714844 155.66311645507812 -1 125.00556945800781 11.276131629943848 -1 151.63748168945312 120.76283264160156 -1 239.78366088867188 88.462547302246094 -1 224.49263000488281 104.80260467529297 -1 201.67283630371094 59.964370727539062 -1 75.534904479980469 147.52470397949219 -1 184.16470336914062 155.24858093261719 -1 132.470703125 178.88072204589844 -1 132.470703125 178.88072204589844 -1 239.78366088867188 88.462547302246094 -1 239.78366088867188 88.462547302246094 -1 135.27076721191406 34.265914916992188 -1 231.53086853027344 77.487998962402344 -1 140.405029296875 180.58708190917969 -1 135.27076721191406 34.265914916992188 -1 181.35383605957031 45.620262145996094 -1 174.50093078613281 40.193859100341797 -1 151.98213195800781 104.48567962646484 -1 164.34866333007812 102.72567749023438 -1 156.47384643554688 76.928421020507812 -1 156.47384643554688 76.928421020507812 -1 167.89912414550781 90.597923278808594 -1 121.67337799072266 26.610200881958008 -1 141.611572265625 19.331682205200195 -1 121.67337799072266 26.610200881958008 -1 109.21206665039062 34.845355987548828 -1 239.55108642578125 204.72160339355469 -1 112.92837524414062 43.738513946533203 -1 169.11312866210938 46.637100219726562 -1 169.92176818847656 63.029888153076172 -1 183.22103881835938 70.113655090332031 -1 171.91128540039062 88.11431884765625 -1 180.02398681640625 94.390731811523438 -1 168.97535705566406 95.906883239746094 -1 161.50028991699219 119.51881408691406 -1 198.11021423339844 192.59379577636719 -1 169.92176818847656 63.029888153076172 -1 169.92176818847656 63.029888153076172 -1 198.11021423339844 192.59379577636719 -1 177.61369323730469 91.024917602539062 -1 221.97235107421875 186.79002380371094 -1 115.92709350585938 45.485065460205078 -1 251.3726806640625 88.034454345703125 -1 126.24019622802734 30.615222930908203 -1 229.06387329101562 194.09664916992188 -1 229.57527160644531 74.546195983886719 -1 207.33399963378906 172.08609008789062 -1 25.750785827636719 182.0177001953125 -1 83.464225769042969 131.18647766113281 -1 93.140068054199219 123.04685974121094 177 226.27354431152344 95.443695068359375 -1 126.24019622802734 30.615222930908203 -1 93.140068054199219 123.04685974121094 -1 83.464225769042969 131.18647766113281 -1 115.92709350585938 45.485065460205078 -1 251.3726806640625 88.034454345703125 -1 177.61369323730469 91.024917602539062 -1 151.58689880371094 75.6707763671875 -1 249.14166259765625 82.931175231933594 -1 195.9521484375 56.965206146240234 -1 214.94078063964844 179.59063720703125 -1 54.084304809570312 158.51237487792969 -1 21.870460510253906 185.01901245117188 -1 15.520726203918457 190.08964538574219 -1 241.68278503417969 200.28977966308594 -1 207.57174682617188 230.37300109863281 -1 35.613548278808594 173.68046569824219 -1 133.42753601074219 184.12226867675781 -1 82.047401428222656 135.67999267578125 -1 86.599281311035156 131.83973693847656 -1 100.06923675537109 5.9001297950744629 -1 116.95016479492188 36.615005493164062 -1 242.17898559570312 108.13626861572266 -1 154.17532348632812 102.77946472167969 -1 169.51542663574219 40.217533111572266 -1 177.97795104980469 89.964981079101562 -1 180.98789978027344 89.115386962890625 -1 108.87265777587891 4.9447031021118164 -1 166.44120788574219 88.918891906738281 -1 110.60686492919922 40.928340911865234 -1 177.97795104980469 89.964981079101562 -1 154.17532348632812 102.77946472167969 -1 168.99806213378906 44.395950317382812 -1 174.82304382324219 53.251529693603516 -1 133.42753601074219 184.12226867675781 -1 207.57174682617188 230.37300109863281 -1 246.71040344238281 84.935501098632812 -1 108.87265777587891 4.9447031021118164 -1 168.13307189941406 60.166683197021484 -1 189.63735961914062 64.298606872558594 -1 172.07290649414062 89.1534423828125 -1 243.04660034179688 82.565467834472656 -1 166.44120788574219 88.918891906738281 -1 166.44120788574219 88.918891906738281 -1 177.00157165527344 139.92098999023438 -1 195.46656799316406 159.78372192382812 -1 
52 0.99878820780376587 -0.021762804351422319 -0.043568254839787157 -0.007092493857501843 -0.60895996470215696 0.15053231963215835 -0.29103866767585185 1 000049.png
131.4901123046875 117.70196533203125 -1 136.59031677246094 201.13575744628906 -1 173.64483642578125 129.79214477539062 -1 200.02729797363281 74.688087463378906 -1 130.87043762207031 134.80305480957031 -1 112.97945404052734 24.646787643432617 -1 226.00259399414062 122.04306030273438 -1 226.00259399414062 122.04306030273438 -1 151.99066162109375 155.43115234375 -1 97.983718872070312 28.826894760131836 -1 118.94847106933594 177.778076171875 -1 221.377685546875 200.13119506835938 -1 235.61444091796875 214.26472473144531 -1 187.59413146972656 51.892192840576172 -1 124.93072509765625 11.176050186157227 -1 230.824462890625 77.561203002929688 -1 201.78401184082031 59.962753295898438 -1 239.73611450195312 88.377418518066406 -1 224.58567810058594 104.75179290771484 -1 151.7545166015625 120.67926788330078 -1 75.626724243164062 147.698486328125 -1 183.62179565429688 154.87318420410156 -1 239.73611450195312 88.377418518066406 -1 156.49577331542969 76.949859619140625 -1 181.22976684570312 45.253387451171875 -1 140.32948303222656 180.28141784667969 -1 156.49577331542969 76.949859619140625 -1 174.55136108398438 40.249526977539062 -1 167.94017028808594 90.634963989257812 -1 134.96929931640625 33.474895477294922 -1 134.96929931640625 33.474895477294922 -1 164.27700805664062 102.61397552490234 -1 151.99539184570312 104.22821807861328 -1 113.77991485595703 121.882080078125 -1 183.29934692382812 69.916038513183594 -1 249.02989196777344 92.456466674804688 -1 121.70874786376953 26.284795761108398 -1 112.96583557128906 43.751621246337891 -1 169.925537109375 63.040695190429688 -1 171.76106262207031 87.942138671875 -1 180.03779602050781 94.347702026367188 -1 175.412353515625 95.308982849121094 -1 168.97062683105469 95.863983154296875 -1 248.24174499511719 97.9471435546875 -1 239.45916748046875 100.43010711669922 -1 161.49554443359375 119.57832336425781 -1 198.08645629882812 192.42764282226562 -1 228.82025146484375 193.92240905761719 -1 251.96812438964844 217.55390930175781 -1 169.925537109375 63.040695190429688 -1 169.925537109375 63.040695190429688 -1 175.412353515625 95.308982849121094 -1 248.24174499511719 97.9471435546875 -1 198.08645629882812 192.42764282226562 -1 109.18144989013672 34.913509368896484 -1 141.51663208007812 19.11811637878418 -1 184.0338134765625 69.990753173828125 -1 210.10337829589844 72.299766540527344 -1 207.5673828125 172.36561584472656 -1 229.71311950683594 74.691856384277344 -1 222.32646179199219 187.32598876953125 -1 151.56118774414062 75.753524780273438 -1 252.25860595703125 105.73876190185547 -1 251.28555297851562 87.949615478515625 -1 126.39933013916016 30.613861083984375 -1 177.57846069335938 91.218986511230469 -1 243.56915283203125 208.95883178710938 -1 202.37460327148438 188.54107666015625 -1 211.96231079101562 176.60780334472656 -1 177.57846069335938 91.218986511230469 -1 210.10337829589844 72.299766540527344 -1 251.28555297851562 87.949615478515625 -1 252.25860595703125 105.73876190185547 -1 14.034329414367676 191.74945068359375 -1 240.29682922363281 205.461669921875 -1 246.99801635742188 212.11212158203125 -1 151.78994750976562 116.58670806884766 -1 90.082405090332031 125.56327056884766 177 54.290069580078125 158.60061645507812 -1 226.36441040039062 95.354133605957031 -1 242.44784545898438 101.78706359863281 -1 243.01475524902344 82.523651123046875 -1 172.061279296875 89.161186218261719 -1 108.72708892822266 5.010836124420166 -1 100.24124908447266 6.0730695724487305 -1 207.36106872558594 230.64761352539062 -1 25.441303253173828 182.22305297851562 -1 37.836353302001953 171.75802612304688 -1 204.07557678222656 168.41267395019531 -1 108.72708892822266 5.010836124420166 -1 116.92927551269531 36.630096435546875 -1 169.40225219726562 40.190879821777344 -1 166.41096496582031 88.892173767089844 -1 207.36106872558594 230.64761352539062 -1 189.60087585449219 64.365516662597656 -1 166.41096496582031 88.892173767089844 -1 166.41096496582031 88.892173767089844 -1 180.95933532714844 89.105789184570312 -1 240.61085510253906 96.468116760253906 -1 113.95173645019531 105.13617706298828 -1 251.20698547363281 111.27144622802734 -1 168.24223327636719 47.835659027099609 -1 169.40225219726562 40.190879821777344 -1 107.04190063476562 57.854846954345703 -1 241.910888671875 108.11558532714844 -1 241.910888671875 108.11558532714844 -1 
53 0.99822996623831872 -0.02702782825245937 -0.045659265275863746 -0.026863776694074408 0.50450321962536604 -1.2006704988561272 -2.0999396666823014 1 000053.png
130.50801086425781 117.30615234375 -1 136.69880676269531 201.18830871582031 -1 173.48194885253906 129.72993469238281 -1 200.05642700195312 74.619056701660156 -1 130.817138671875 134.60166931152344 -1 112.95335388183594 24.630596160888672 -1 126.11661529541016 97.869674682617188 -1 151.9722900390625 155.93721008300781 -1 98.020805358886719 29.027936935424805 -1 118.68240356445312 177.44606018066406 -1 221.83099365234375 200.54086303710938 -1 187.52897644042969 51.869968414306641 -1 124.97662353515625 11.23287296295166 -1 240.33987426757812 88.585472106933594 -1 201.70574951171875 60.032695770263672 -1 224.56974792480469 104.55127716064453 -1 151.75596618652344 120.60575866699219 -1 101.15137481689453 126.92005157470703 -1 75.552001953125 147.92559814453125 -1 183.80813598632812 155.21839904785156 -1 101.15137481689453 126.92005157470703 -1 240.33987426757812 88.585472106933594 -1 240.33987426757812 88.585472106933594 -1 231.591064453125 77.331710815429688 -1 140.40866088867188 180.50276184082031 -1 167.86238098144531 90.549171447753906 -1 248.90481567382812 92.356193542480469 -1 164.2974853515625 102.75420379638672 -1 174.4898681640625 40.146751403808594 -1 180.87849426269531 44.7945556640625 -1 164.42892456054688 48.159900665283203 -1 156.54171752929688 76.896270751953125 -1 135.0875244140625 33.672225952148438 -1 156.54171752929688 76.896270751953125 -1 135.0875244140625 33.672225952148438 -1 121.70162963867188 26.280210494995117 -1 141.59707641601562 19.24470329284668 -1 190.15657043457031 68.790863037109375 -1 171.75820922851562 87.979438781738281 -1 180.00546264648438 94.412429809570312 -1 175.34432983398438 95.29248046875 -1 168.97087097167969 95.912193298339844 -1 248.51451110839844 97.83087158203125 -1 239.58639526367188 100.32448577880859 -1 161.48637390136719 114.33560943603516 -1 161.50648498535156 119.47750854492188 -1 229.26338195800781 194.37474060058594 -1 251.00677490234375 216.40422058105469 -1 169.90402221679688 63.048030853271484 -1 169.90402221679688 63.048030853271484 -1 175.34432983398438 95.29248046875 -1 248.51451110839844 97.83087158203125 -1 112.96063995361328 43.747951507568359 -1 169.90402221679688 63.048030853271484 -1 109.01467132568359 35.772941589355469 -1 238.63319396972656 203.63594055175781 -1 207.58346557617188 172.28971862792969 -1 151.56138610839844 75.704338073730469 -1 119.85203552246094 34.741447448730469 -1 234.72900390625 77.358474731445312 -1 126.3568115234375 30.645139694213867 -1 252.12911987304688 88.538955688476562 -1 177.58024597167969 91.230400085449219 -1 83.81591796875 130.87513732910156 -1 211.65213012695312 176.48040771484375 -1 93.054389953613281 123.18099975585938 -1 177.58024597167969 91.230400085449219 -1 93.054389953613281 123.18099975585938 -1 83.81591796875 130.87513732910156 -1 202.37295532226562 188.55311584472656 -1 218.75119018554688 182.8966064453125 -1 222.400390625 187.29850769042969 -1 202.37295532226562 188.55311584472656 -1 54.290283203125 158.71778869628906 -1 133.4912109375 184.16934204101562 -1 12.997028350830078 192.47915649414062 -1 9.7046976089477539 194.74726867675781 -1 239.37005615234375 197.90870666503906 -1 16.087612152099609 189.92594909667969 -1 117.01728057861328 36.560890197753906 -1 169.41278076171875 40.218185424804688 -1 27.26209831237793 180.55683898925781 -1 189.45333862304688 64.728912353515625 -1 61.516822814941406 149.20819091796875 -1 81.048530578613281 133.18869018554688 -1 184.35786437988281 69.974693298339844 -1 151.88999938964844 116.43770599365234 -1 169.41278076171875 40.218185424804688 -1 158.54336547851562 80.499961853027344 -1 166.40065002441406 88.78515625 -1 243.14894104003906 82.616363525390625 -1 81.048530578613281 133.18869018554688 -1 61.516822814941406 149.20819091796875 -1 133.4912109375 184.16934204101562 -1 166.40065002441406 88.78515625 -1 246.82725524902344 85.057540893554688 -1 180.97242736816406 89.116432189941406 -1 172.07485961914062 89.266471862792969 -1 226.20086669921875 95.175544738769531 -1 39.844139099121094 170.08491516113281 -1 166.40065002441406 88.78515625 -1 114.09755706787109 104.94377899169922 -1 86.883102416992188 131.55715942382812 -1 
54 0.99839533607029973 -0.027090230276073098 -0.043657507329521138 -0.023809544103898829 -0.020682430251518939 -1.9224242558666154 2.2793351029956583 1 000052.png
130.39283752441406 117.08270263671875 -1 136.71458435058594 201.09184265136719 -1 173.78684997558594 129.78782653808594 -1 200.06666564941406 74.726478576660156 -1 130.86442565917969 134.12945556640625 -1 126.50311279296875 98.702796936035156 -1 113.00215148925781 24.658660888671875 -1 130.85472106933594 170.27821350097656 -1 151.54998779296875 156.02070617675781 -1 130.85472106933594 170.27821350097656 -1 130.85472106933594 170.27821350097656 -1 98.0103759765625 29.036033630371094 -1 119.33242797851562 177.72718811035156 -1 221.49783325195312 200.29322814941406 -1 235.44500732421875 214.02195739746094 -1 187.69984436035156 51.882804870605469 -1 183.95796203613281 154.83758544921875 -1 151.62062072753906 120.98499298095703 -1 224.54266357421875 104.93437957763672 -1 201.71250915527344 59.895427703857422 -1 132.52818298339844 178.89442443847656 -1 132.52818298339844 178.89442443847656 -1 231.34025573730469 77.558258056640625 -1 140.26078796386719 180.57447814941406 -1 156.52272033691406 76.9453125 -1 156.52272033691406 76.9453125 -1 164.42263793945312 48.130298614501953 -1 180.94557189941406 44.816120147705078 -1 135.11651611328125 33.490253448486328 -1 141.74650573730469 19.746936798095703 -1 164.20855712890625 102.75704193115234 -1 151.9237060546875 104.02992248535156 -1 241.19696044921875 116.27555847167969 -1 167.93635559082031 90.594100952148438 -1 248.91387939453125 92.507408142089844 -1 135.11651611328125 33.490253448486328 -1 121.74185943603516 26.573112487792969 -1 174.244140625 39.877658843994141 -1 169.11134338378906 46.430976867675781 -1 169.93113708496094 63.024299621582031 -1 183.79319763183594 69.761848449707031 -1 209.65695190429688 71.934585571289062 -1 171.89570617675781 88.000968933105469 -1 180.02189636230469 94.323135375976562 -1 169.05335998535156 95.761199951171875 -1 248.35505676269531 97.898284912109375 -1 161.37345886230469 114.42220306396484 -1 161.4964599609375 119.48575592041016 -1 198.02764892578125 192.01490783691406 -1 169.93113708496094 63.024299621582031 -1 169.93113708496094 63.024299621582031 -1 209.65695190429688 71.934585571289062 -1 248.35505676269531 97.898284912109375 -1 198.02764892578125 192.01490783691406 -1 109.18877410888672 35.066829681396484 -1 250.98886108398438 87.655708312988281 -1 219.15483093261719 183.71192932128906 -1 223.85581970214844 103.12110137939453 -1 177.71022033691406 91.188484191894531 -1 241.21847534179688 101.47130584716797 -1 151.60029602050781 75.631362915039062 -1 113.59305572509766 105.77651977539062 -1 233.582275390625 76.99462890625 -1 207.6710205078125 172.28961181640625 -1 222.61737060546875 187.54548645019531 -1 229.19830322265625 194.37565612792969 -1 177.71022033691406 91.188484191894531 -1 250.98886108398438 87.655708312988281 -1 241.21847534179688 101.47130584716797 -1 202.41465759277344 188.48384094238281 -1 239.931640625 205.03523254394531 -1 244.06468200683594 209.20314025878906 -1 251.28619384765625 216.54258728027344 -1 156.74435424804688 97.446334838867188 -1 154.05508422851562 102.91328430175781 -1 239.73641967773438 121.03649139404297 -1 93.074119567871094 123.06224822998047 177 89.680885314941406 129.3232421875 177 207.41807556152344 230.70843505859375 -1 9.6250448226928711 194.97792053222656 -1 244.932373046875 87.77752685546875 -1 189.73373413085938 64.193695068359375 -1 108.79378509521484 4.9176440238952637 -1 213.5516357421875 178.05256652832031 -1 126.55287170410156 30.620967864990234 -1 116.94610595703125 36.616291046142578 -1 31.412919998168945 177.00848388671875 -1 39.342803955078125 170.55888366699219 -1 47.126453399658203 164.08631896972656 -1 54.06304931640625 158.89312744140625 -1 108.79378509521484 4.9176440238952637 -1 196.9404296875 59.938392639160156 -1 172.09507751464844 89.133895874023438 -1 169.46517944335938 40.123470306396484 -1 154.05508422851562 102.91328430175781 -1 93.074119567871094 123.06224822998047 -1 207.41807556152344 230.70843505859375 -1 195.86289978027344 57.090633392333984 -1 244.932373046875 87.77752685546875 -1 166.41218566894531 88.919570922851562 -1 196.9404296875 59.938392639160156 -1 243.19187927246094 82.612709045410156 -1 166.41218566894531 88.919570922851562 -1 181.01068115234375 89.136215209960938 -1 226.13948059082031 95.254287719726562 -1 166.41218566894531 88.919570922851562 -1 86.550056457519531 131.80474853515625 -1 
58 0.99874932177005726 -0.022115420355568922 -0.043058170013764871 -0.012517765032668328 -0.2202231521989311 1.459799832812176 1.1534724874186173 1 000057.png
132.11953735351562 118.118896484375 -1 136.67076110839844 201.11277770996094 -1 173.84652709960938 129.75477600097656 -1 200.08058166503906 74.640106201171875 -1 130.96900939941406 134.86041259765625 -1 112.95652770996094 24.650114059448242 -1 226.36491394042969 121.75522613525391 -1 226.36491394042969 121.75522613525391 -1 130.88589477539062 169.93568420410156 -1 152.1585693359375 155.67184448242188 -1 130.88589477539062 169.93568420410156 -1 130.88589477539062 169.93568420410156 -1 98.0380859375 28.993316650390625 -1 185.53842163085938 51.278598785400391 -1 118.4296875 177.48481750488281 -1 221.56973266601562 200.41108703613281 -1 235.72001647949219 214.33592224121094 -1 124.91578674316406 11.142828941345215 -1 163.85234069824219 134.27445983886719 -1 75.466552734375 147.80323791503906 -1 239.80078125 88.519515991210938 -1 163.85234069824219 134.27445983886719 -1 201.72315979003906 59.980644226074219 -1 239.80078125 88.519515991210938 -1 239.80078125 88.519515991210938 -1 224.60075378417969 104.56783294677734 -1 151.67938232421875 120.95260620117188 -1 231.60444641113281 77.321220397949219 -1 132.71856689453125 179.47311401367188 -1 135.38874816894531 34.157600402832031 -1 132.71856689453125 179.47311401367188 -1 135.38874816894531 34.157600402832031 -1 141.75776672363281 19.710271835327148 -1 180.94462585449219 44.811183929443359 -1 164.28204345703125 47.904495239257812 -1 156.4949951171875 76.956184387207031 -1 241.11227416992188 116.22919464111328 -1 152.00677490234375 104.13446044921875 -1 202.28440856933594 196.13009643554688 -1 202.28440856933594 196.13009643554688 -1 156.4949951171875 76.956184387207031 -1 167.87716674804688 90.566276550292969 -1 164.39260864257812 102.75402069091797 -1 249.32342529296875 92.749794006347656 -1 202.28440856933594 196.13009643554688 -1 117.34116363525391 108.1689453125 -1 175.34608459472656 95.280792236328125 -1 248.56483459472656 97.927825927734375 -1 161.34135437011719 114.50757598876953 -1 161.56193542480469 119.52446746826172 -1 198.17137145996094 192.66508483886719 -1 169.91795349121094 63.045166015625 -1 169.91795349121094 63.045166015625 -1 175.34608459472656 95.280792236328125 -1 248.56483459472656 97.927825927734375 -1 168.91816711425781 95.972389221191406 -1 109.16429138183594 35.004302978515625 -1 121.76948547363281 26.204442977905273 -1 174.42890930175781 39.914806365966797 -1 112.91271209716797 43.814048767089844 -1 169.00369262695312 46.709461212158203 -1 169.91795349121094 63.045166015625 -1 171.87019348144531 88.093963623046875 -1 180.00523376464844 94.441635131835938 -1 243.82144165039062 208.96708679199219 -1 166.31344604492188 44.061229705810547 -1 126.19929504394531 30.635173797607422 -1 110.501708984375 70.601478576660156 -1 116.08335113525391 45.296401977539062 -1 202.43124389648438 188.54515075683594 -1 184.3455810546875 69.659858703613281 -1 230.00825500488281 74.843994140625 -1 110.501708984375 70.601478576660156 -1 100.01993560791016 5.5330953598022461 -1 126.19929504394531 30.635173797607422 -1 116.08335113525391 45.296401977539062 -1 250.77615356445312 87.672836303710938 -1 151.569091796875 75.715957641601562 -1 250.77615356445312 87.672836303710938 -1 222.23989868164062 187.26322937011719 -1 243.29249572753906 79.699089050292969 -1 8.8960714340209961 195.51557922363281 -1 6.2769618034362793 197.69316101074219 -1 2.9954802989959717 200.41804504394531 -1 21.797866821289062 184.84410095214844 -1 218.56803894042969 183.02706909179688 -1 168.16535949707031 47.713863372802734 -1 116.97611999511719 36.591091156005859 -1 30.974609375 177.25364685058594 -1 206.72128295898438 171.17552185058594 -1 201.574951171875 165.71409606933594 -1 201.574951171875 165.71409606933594 -1 91.282432556152344 127.95703887939453 177 251.48750305175781 111.41371154785156 -1 166.36058044433594 88.787322998046875 -1 226.49566650390625 95.449310302734375 -1 180.95796203613281 89.108619689941406 -1 133.47932434082031 184.10377502441406 -1 195.95938110351562 57.016242980957031 -1 168.02200317382812 60.248184204101562 -1 133.47932434082031 184.10377502441406 -1 189.56430053710938 64.426841735839844 -1 246.84088134765625 84.991241455078125 -1 172.1407470703125 89.207237243652344 -1 240.32109069824219 205.29649353027344 -1 166.36058044433594 88.787322998046875 -1 197.84834289550781 162.21896362304688 -1 207.58792114257812 230.30068969726562 -1 73.764396667480469 142.31179809570312 -1 207.58792114257812 230.30068969726562 -1 
61 0.99855068287765292 -0.02420230794582966 -0.042637059902309718 -0.022200521109991343 -1.4616094647151405 0.39509631809847584 0.69128314718531036 1 000060.png
132.08441162109375 118.03857421875 -1 136.662353515625 201.22325134277344 -1 173.06330871582031 129.56806945800781 -1 130.99775695800781 134.78581237792969 -1 200.06733703613281 74.643898010253906 -1 113.04781341552734 24.703123092651367 -1 126.38127899169922 98.243400573730469 -1 226.02944946289062 121.99398803710938 -1 226.02944946289062 121.99398803710938 -1 130.89361572265625 169.85008239746094 -1 152.10557556152344 155.90948486328125 -1 130.89361572265625 169.85008239746094 -1 130.89361572265625 169.85008239746094 -1 98.08575439453125 29.131378173828125 -1 185.51158142089844 51.258518218994141 -1 119.24420928955078 177.51473999023438 -1 221.64199829101562 200.46783447265625 -1 235.31623840332031 213.68342590332031 -1 124.86716461181641 11.06768798828125 -1 201.7513427734375 60.031326293945312 -1 239.93818664550781 88.286460876464844 -1 224.58126831054688 104.41777801513672 -1 151.66764831542969 121.03150939941406 -1 103.42947387695312 124.31545257568359 -1 184.29046630859375 155.15267944335938 -1 103.42947387695312 124.31545257568359 -1 239.93818664550781 88.286460876464844 -1 239.93818664550781 88.286460876464844 -1 126.26650238037109 23.756370544433594 -1 181.39138793945312 45.481029510498047 -1 231.33523559570312 77.270797729492188 -1 140.40200805664062 180.51193237304688 -1 141.7049560546875 19.705558776855469 -1 135.16117858886719 33.469253540039062 -1 174.57081604003906 40.299980163574219 -1 156.43656921386719 76.9732666015625 -1 167.93563842773438 90.614547729492188 -1 241.33992004394531 116.36514282226562 -1 156.43656921386719 76.9732666015625 -1 135.16117858886719 33.469253540039062 -1 164.32194519042969 102.78877258300781 -1 109.15887451171875 35.064289093017578 -1 121.76837158203125 26.565692901611328 -1 112.97840118408203 43.656505584716797 -1 169.92173767089844 63.024253845214844 -1 171.83250427246094 88.175910949707031 -1 175.44483947753906 95.405632019042969 -1 168.8990478515625 96.005531311035156 -1 248.5203857421875 97.82440185546875 -1 239.65133666992188 100.49198913574219 -1 197.99174499511719 192.049560546875 -1 243.51727294921875 208.77096557617188 -1 251.24520874023438 216.6229248046875 -1 169.92173767089844 63.024253845214844 -1 169.92173767089844 63.024253845214844 -1 175.44483947753906 95.405632019042969 -1 248.5203857421875 97.82440185546875 -1 197.99174499511719 192.049560546875 -1 90.316886901855469 4.6242246627807617 -1 210.36543273925781 72.361534118652344 -1 99.930931091308594 5.4492373466491699 -1 126.38275909423828 30.629123687744141 -1 151.60414123535156 75.622756958007812 -1 219.00682067871094 183.60923767089844 -1 222.62480163574219 187.73049926757812 -1 202.43238830566406 188.47457885742188 -1 229.88224792480469 74.767715454101562 -1 229.02180480957031 193.97279357910156 -1 239.66119384765625 204.82693481445312 -1 242.08197021484375 108.01506042480469 -1 141.39775085449219 18.785148620605469 -1 239.05970764160156 89.796943664550781 -1 179.93913269042969 94.525222778320312 -1 241.84922790527344 97.49334716796875 -1 90.085517883300781 125.55040740966797 177 210.36543273925781 72.361534118652344 -1 241.84922790527344 97.49334716796875 -1 161.466796875 119.3431396484375 -1 207.22724914550781 171.74929809570312 -1 212.2921142578125 176.71272277832031 -1 181.00370788574219 89.116401672363281 -1 226.48719787597656 95.293754577636719 -1 114.05852508544922 104.98923492431641 -1 252.42245483398438 109.09004211425781 -1 114.40648651123047 111.83180236816406 -1 3.1213231086730957 200.52677917480469 -1 115.86019897460938 45.461822509765625 -1 189.76748657226562 64.144943237304688 -1 108.96551513671875 4.9539504051208496 -1 116.89512634277344 36.644325256347656 -1 169.40725708007812 40.490036010742188 -1 133.48611450195312 184.13870239257812 -1 25.065464019775391 182.51626586914062 -1 216.80368041992188 181.06080627441406 -1 36.366661071777344 172.96438598632812 -1 195.13148498535156 159.31324768066406 -1 104.04779815673828 51.534069061279297 -1 172.06707763671875 89.085502624511719 -1 169.40725708007812 40.490036010742188 -1 196.81053161621094 60.113468170166016 -1 166.39996337890625 88.865386962890625 -1 166.39996337890625 88.865386962890625 -1 133.48611450195312 184.13870239257812 -1 115.86019897460938 45.461822509765625 -1 174.80751037597656 53.292873382568359 -1 196.81053161621094 60.113468170166016 -1 167.93128967285156 60.294219970703125 -1 165.13459777832031 72.519111633300781 -1 166.39996337890625 88.865386962890625 -1 108.96551513671875 4.9539504051208496 -1 22.546628952026367 184.25776672363281 -1 207.5025634765625 230.30697631835938 -1 207.5025634765625 230.30697631835938 -1 88.357887268066406 130.39509582519531 177 38.711505889892578 171.00851440429688 -1 
65 0.99867298284164041 -0.023262219455868947 -0.045215875334920351 -0.0081649927045089887 2.7892238401937077 -1.4385540106445232 3.4943926086708705 1 000065.png
132.22190856933594 118.13588714599609 -1 136.71090698242188 201.105712890625 -1 173.43978881835938 129.69377136230469 -1 200.00933837890625 74.623207092285156 -1 130.93669128417969 135.22476196289062 -1 113.06816864013672 24.705938339233398 -1 126.35022735595703 98.379753112792969 -1 226.41452026367188 121.92776489257812 -1 226.41452026367188 121.92776489257812 -1 130.98081970214844 170.30381774902344 -1 118.44000244140625 177.61219787597656 -1 152.09060668945312 155.25788879394531 -1 130.98081970214844 170.30381774902344 -1 130.98081970214844 170.30381774902344 -1 98.1353759765625 29.224519729614258 -1 120.10395050048828 99.029067993164062 -1 221.57574462890625 200.14767456054688 -1 235.43814086914062 214.24003601074219 -1 187.48123168945312 51.883022308349609 -1 124.85484313964844 11.018167495727539 -1 102.911865234375 125.04709625244141 -1 201.64823913574219 59.923843383789062 -1 230.84593200683594 77.545806884765625 -1 239.613525390625 88.508323669433594 -1 224.53778076171875 104.56269073486328 -1 151.62956237792969 120.99182891845703 -1 102.911865234375 125.04709625244141 -1 75.503875732421875 147.72833251953125 -1 239.613525390625 88.508323669433594 -1 140.55802917480469 180.46321105957031 -1 132.78216552734375 179.74777221679688 -1 132.78216552734375 179.74777221679688 -1 164.40234375 102.64337158203125 -1 151.93093872070312 103.81719970703125 -1 156.46563720703125 76.983108520507812 -1 156.46563720703125 76.983108520507812 -1 134.98616027832031 33.611160278320312 -1 180.92544555664062 44.887287139892578 -1 134.98616027832031 33.611160278320312 -1 141.72091674804688 19.69542121887207 -1 167.88462829589844 90.551284790039062 -1 169.91624450683594 63.043121337890625 -1 171.89179992675781 88.173126220703125 -1 180.00315856933594 94.365974426269531 -1 175.37117004394531 95.310905456542969 -1 169.0189208984375 95.875648498535156 -1 248.27619934082031 97.769874572753906 -1 239.29830932617188 100.28531646728516 -1 161.57688903808594 119.56507873535156 -1 197.99699401855469 192.06806945800781 -1 169.91624450683594 63.043121337890625 -1 169.91624450683594 63.043121337890625 -1 175.37117004394531 95.310905456542969 -1 248.27619934082031 97.769874572753906 -1 239.29830932617188 100.28531646728516 -1 197.99699401855469 192.06806945800781 -1 109.16639709472656 35.006237030029297 -1 121.72269439697266 26.572822570800781 -1 174.45216369628906 40.033905029296875 -1 246.57090759277344 81.276535034179688 -1 126.24482727050781 30.644430160522461 -1 151.52713012695312 75.765785217285156 -1 246.57090759277344 81.276535034179688 -1 116.06062316894531 45.651382446289062 -1 230.1083984375 74.834495544433594 -1 212.22776794433594 176.86376953125 -1 202.39276123046875 188.44511413574219 -1 166.04217529296875 44.303478240966797 -1 202.39276123046875 188.44511413574219 -1 126.24482727050781 30.644430160522461 -1 116.06062316894531 45.651382446289062 -1 238.91632080078125 89.759674072265625 -1 223.8560791015625 103.13595581054688 -1 184.39697265625 69.775047302246094 -1 166.39633178710938 88.868537902832031 -1 172.13465881347656 89.082687377929688 -1 225.98672485351562 95.177482604980469 -1 154.05697631835938 102.90332794189453 -1 242.07839965820312 107.88516998291016 -1 240.26205444335938 205.35816955566406 -1 8.4618005752563477 195.7786865234375 -1 3.0833399295806885 200.5745849609375 -1 207.51544189453125 230.41561889648438 -1 14.649378776550293 191.11610412597656 -1 251.0810546875 206.06851196289062 -1 206.70848083496094 171.17098999023438 -1 38.854473114013672 171.03887939453125 -1 203.69367980957031 168.01473999023438 -1 86.877273559570312 131.70256042480469 -1 239.70257568359375 121.03560638427734 -1 114.55262756347656 111.28382873535156 -1 180.98233032226562 89.116874694824219 -1 99.87091064453125 6.2321548461914062 -1 239.70257568359375 121.03560638427734 -1 133.56881713867188 184.12825012207031 -1 207.51544189453125 230.41561889648438 -1 117.04458618164062 36.537956237792969 -1 169.51426696777344 40.174880981445312 -1 166.39633178710938 88.868537902832031 -1 133.56881713867188 184.12825012207031 -1 246.7337646484375 84.845054626464844 -1 246.7337646484375 84.845054626464844 -1 167.87835693359375 60.329551696777344 -1 189.57752990722656 64.368255615234375 -1 166.39633178710938 88.868537902832031 -1 120.74594879150391 40.472347259521484 -1 120.74594879150391 40.472347259521484 -1 95.423683166503906 124.20317840576172 177 115.8603515625 102.23442840576172 -1 200.74583435058594 164.80081176757812 -1 
71 0.99878360390624277 -0.023352663462976358 -0.041587358295378754 -0.012508289541509596 -1.1698112039363462 -0.48075393257627536 3.7931215092946755 1 000071.png
132.49201965332031 118.34930419921875 -1 136.714111328125 201.17085266113281 -1 173.75538635253906 129.63705444335938 -1 199.98030090332031 74.606414794921875 -1 130.88273620605469 135.43099975585938 -1 126.49883270263672 98.227798461914062 -1 225.94343566894531 121.80854034423828 -1 225.94343566894531 121.80854034423828 -1 113.18861389160156 24.792354583740234 -1 130.99253845214844 169.42776489257812 -1 152.22526550292969 155.64961242675781 -1 130.99253845214844 169.42776489257812 -1 130.99253845214844 169.42776489257812 -1 98.139549255371094 29.41077995300293 -1 118.68318939208984 177.40107727050781 -1 221.49652099609375 200.42335510253906 -1 235.80813598632812 214.29415893554688 -1 187.56471252441406 51.946346282958984 -1 119.94368743896484 98.5938720703125 -1 124.94755554199219 11.175000190734863 -1 102.33437347412109 125.45896148681641 -1 240.14103698730469 88.670585632324219 -1 224.65153503417969 104.83411407470703 -1 240.14103698730469 88.670585632324219 -1 184.17616271972656 154.974365234375 -1 201.90707397460938 60.120204925537109 -1 231.20472717285156 77.710601806640625 -1 240.14103698730469 88.670585632324219 -1 151.69664001464844 120.90391540527344 -1 102.33437347412109 125.45896148681641 -1 91.350654602050781 134.09077453613281 -1 75.819679260253906 147.51654052734375 -1 132.49775695800781 178.60015869140625 -1 132.49775695800781 178.60015869140625 -1 140.34207153320312 180.57559204101562 -1 181.31715393066406 45.497032165527344 -1 141.81521606445312 19.791587829589844 -1 135.05770874023438 33.542472839355469 -1 156.49411010742188 76.929237365722656 -1 174.51744079589844 40.294651031494141 -1 202.59083557128906 196.24935913085938 -1 151.84446716308594 104.13755798339844 -1 202.59083557128906 196.24935913085938 -1 156.49411010742188 76.929237365722656 -1 135.05770874023438 33.542472839355469 -1 164.23661804199219 102.70551300048828 -1 167.91900634765625 90.585334777832031 -1 202.59083557128906 196.24935913085938 -1 175.39682006835938 95.334342956542969 -1 168.95843505859375 95.850715637207031 -1 248.21018981933594 97.839767456054688 -1 240.39939880371094 100.98157501220703 -1 197.9769287109375 191.91366577148438 -1 242.62770080566406 201.96601867675781 -1 121.74220275878906 26.637903213500977 -1 169.90599060058594 63.039222717285156 -1 169.90599060058594 63.039222717285156 -1 175.39682006835938 95.334342956542969 -1 248.21018981933594 97.839767456054688 -1 197.9769287109375 191.91366577148438 -1 109.19342803955078 35.135555267333984 -1 100.1329345703125 4.4096231460571289 -1 121.74220275878906 26.637903213500977 -1 112.93488311767578 43.809116363525391 -1 169.90599060058594 63.039222717285156 -1 183.53048706054688 69.666099548339844 -1 171.86735534667969 88.209671020507812 -1 179.97492980957031 94.425094604492188 -1 89.876670837402344 125.69168090820312 177 92.541954040527344 123.61318206787109 177 81.060836791992188 133.21971130371094 -1 126.25082397460938 30.639192581176758 -1 64.051864624023438 147.11231994628906 -1 229.14633178710938 74.379806518554688 -1 87.221420288085938 127.97056579589844 -1 229.14633178710938 74.379806518554688 -1 214.2322998046875 178.65074157714844 -1 151.59223937988281 75.651901245117188 -1 161.43873596191406 119.33026123046875 -1 207.63165283203125 172.22315979003906 -1 126.25082397460938 30.639192581176758 -1 87.221420288085938 127.97056579589844 -1 81.060836791992188 133.21971130371094 -1 64.051864624023438 147.11231994628906 -1 218.074462890625 182.6444091796875 -1 222.12808227539062 187.07551574707031 -1 202.43370056152344 188.44291687011719 -1 240.24691772460938 205.384765625 -1 166.39654541015625 88.8756103515625 -1 192.71357727050781 156.62689208984375 -1 53.851100921630859 159.04640197753906 -1 197.77571105957031 162.27711486816406 -1 91.210304260253906 128.07269287109375 177 168.08335876464844 60.196392059326172 -1 95.253486633300781 124.69915771484375 -1 113.94850158691406 105.18952941894531 -1 153.98526000976562 102.91293334960938 -1 226.69129943847656 95.226882934570312 -1 172.0615234375 89.130241394042969 -1 108.50742340087891 5.3137927055358887 -1 158.56394958496094 80.557426452636719 -1 169.44400024414062 40.234912872314453 -1 108.50742340087891 5.3137927055358887 -1 166.39654541015625 88.8756103515625 -1 153.98526000976562 102.91293334960938 -1 99.89825439453125 6.4278106689453125 -1 116.98818206787109 36.616008758544922 -1 122.55384063720703 39.78369140625 -1 166.39654541015625 88.8756103515625 -1 169.44400024414062 40.234912872314453 -1 174.73452758789062 53.244911193847656 -1 189.633056640625 64.247344970703125 -1 246.93597412109375 85.109199523925781 -1 62.641960144042969 151.52377319335938 -1 122.55384063720703 39.78369140625 -1 114.64345550537109 111.23383331298828 -1 79.273353576660156 137.78364562988281 -1 195.65522766113281 159.95698547363281 -1 
