# Frame list with one line of data per frame:
#   FRAME_ID, RIG_ID, RIG_FROM_WORLD[QW, QX, QY, QZ, TX, TY, TZ], NUM_DATA_IDS, DATA_IDS[] as (SENSOR_TYPE, SENSOR_ID, DATA_ID)
# Number of frames: 19
105 1 0.99865296954075855 -0.0374327686467806 0.035296068607376073 0.0067247155869199849 0.32049887948035921 -4.7118654699972593 -0.68437821447975355 1 CAMERA 1 105
106 1 0.99925687370755223 -0.012552669865842666 0.036428011586115222 -0.0010633904880032064 0.20191027731297201 -3.2695733710489945 0.32828346509517653 1 CAMERA 1 106
107 1 0.99914467014768082 -0.02032508975099102 0.03600802438822135 0.00049093966406546096 0.23598878519942715 -3.7240395121654344 0.125032878604589 1 CAMERA 1 107
108 1 0.99925460413854528 -0.012399592958683779 0.036548998725360646 -0.00081049031564276483 0.19611948146813765 -3.2597600334674923 0.31197995449309163 1 CAMERA 1 108
109 1 0.99901757289809168 -0.0256415568923609 0.036017273637580949 0.0030258223109694373 0.25091267280522239 -4.0299535808939906 -0.15920223174648801 1 CAMERA 1 109
110 1 0.99926924610285317 -0.010664979090428149 0.036679726491844485 -0.001352656098072801 0.18454477855664933 -3.158216972932967 0.30272123222932795 1 CAMERA 1 110
111 1 0.99937704763810686 0.0020307122541816792 0.035207155658754562 -0.0013597986255177159 0.27001300740876127 -2.4052319355946175 0.16800679276970168 1 CAMERA 1 111
112 1 0.99915064138186582 0.01965328592389376 0.035995986552205296 0.004004139200069529 0.24122162926200083 -1.3468178475774162 0.26796433635086686 1 CAMERA 1 112
113 1 0.99927661961076308 0.014632892957913993 0.035072741819746331 0.0014208181495309524 0.28831596445998481 -1.6507672116123102 0.20046744861279464 1 CAMERA 1 113
114 1 0.99804506699976514 0.045076865198928839 0.040289522114123906 0.015839029928868514 0.00086349440844137276 0.19047758103503262 0.51568439527995402 1 CAMERA 1 114
115 1 0.99764484245471674 0.051835666603477104 0.04056176810968623 0.019302200887275148 -0.015940652071361652 0.60034890131417751 0.58026364491870819 1 CAMERA 1 115
116 1 0.989217035049618 0.12951219488815177 0.051444898292450379 0.045051874351415548 -0.83873067054704176 5.2432817076459752 0.68674478863427013 1 CAMERA 1 116
118 1 0.99490964947082106 0.082150744900282818 0.047976804842569748 0.033230568747383997 -0.49984198964991711 2.4219374845735162 0.78535858430757322 1 CAMERA 1 118
119 1 0.99649691817385022 0.065291391947056077 0.045131699217968044 0.02634494132340804 -0.30088477603818592 1.4095148414421677 0.70557453052784269 1 CAMERA 1 119
120 1 0.99869596630179946 0.032261701149941056 0.038385472955955013 0.0095971348523645195 0.11074924194019896 -0.58448255964658069 0.36574951908711834 1 CAMERA 1 120
121 1 0.99397337824171172 0.091172083068691262 0.049431064269258633 0.035512596369220974 -0.60733841603855165 2.9592141816884596 0.77865183426341111 1 CAMERA 1 121
123 1 0.98777099300248217 0.13952079988695737 0.051476924328037903 0.046824545310332262 -0.8734400126629972 5.8361601283196869 0.65644938835017519 1 CAMERA 1 123
124 1 0.99150584462666613 0.11091968501486579 0.053517480837808912 0.041819406884115694 -0.90691526261902455 4.1329016239477321 0.7425291340710064 1 CAMERA 1 124
125 1 0.98453040489344279 0.1610230631933218 0.048464065091587107 0.049220822372157261 -0.76383188147945913 7.1117840212050369 0.48721180635073863 1 CAMERA 1 125
