# 3D point list with one line of data per point:
#   POINT3D_ID, X, Y, Z, R, G, B, ERROR, TRACK[] as (IMAGE_ID, POINT2D_IDX)
# Number of points: 477, mean track length: 7.7127882599580717
1 -2.3084327254487849 2.1850480862512596 29.605285024438903 107 107 101 0.68157471838805661 107 4 111 1 110 1 108 1 106 1 113 1 112 6 120 6 114 7 115 7 109 4 119 9 118 9 121 6 105 1 124 4 116 3 123 2 125 1
2 -2.3935417547848554 2.3707599862652802 29.603102566450858 252 107 106 0.52503068254410246 107 5 111 3 110 3 108 3 106 3 113 3 112 3 120 4 114 5 115 5 109 5 119 4 118 8 121 9 105 2 124 7
3 -2.3068012077921902 2.1850102719776294 29.596156172609639 107 107 101 0.50821956446008021 107 6 111 5 110 6 108 6 106 7 113 6 112 1 120 3 114 4 115 4 109 6 119 3 118 4 105 3
4 -2.3931636696583953 2.370828469609378 29.602525088492889 252 107 106 0.53538863295866734 107 7 111 6 110 5 108 5 106 5 113 5 112 5 120 7 109 7 119 8 118 5 121 4 105 4 124 5
7 -2.4154083617819784 2.1438401766899586 29.574600175908323 254 255 249 1.1798385418993504 107 23 111 13 110 12 108 19 106 12 113 14 112 17 120 15 114 15 115 22 109 19 119 27 118 26 121 23 105 11 124 22 116 21 123 16 125 19
11 -2.4188440072402568 2.1418829418954082 29.657888471037214 254 255 249 0.72340837741920749 107 14 111 17 110 18 108 14 106 14 113 17 112 20 120 19 109 21 105 18
14 -2.244698446727841 2.1880811790207715 29.613499486061922 94 99 96 1.1105944595322204 107 25 111 20 110 27 108 24 106 22 113 19 112 23 120 21 114 23 115 29 109 26 119 24 118 20 121 22 105 27
18 -2.2158169211916583 2.3387774632609588 29.61664898766422 97 91 86 0.53065373273707761 107 35 111 33 110 32 108 33 106 39 113 33 112 31 120 49 114 34 115 43 109 34 119 44 118 44 121 48 105 38 124 35 116 34 123 20 125 21
19 -2.1636007303996729 2.2656525507585457 29.632356082801302 241 248 242 1.0570165647244578 107 34 111 35 110 30 108 32 106 33 113 29 112 41 120 37 114 32 115 34 119 45 118 45 121 24 124 31 116 35 116 38 123 36 125 33
24 -2.2688755086445953 2.2560035527534672 29.606093251737327 233 85 79 0.59091952119562607 107 41 111 43 110 31 108 37 106 40 113 37 112 45 120 41 114 50 115 48 119 46 118 43 121 44 105 33
25 -2.2157587600582103 2.3392913519493517 29.619377966183951 97 91 86 0.47382001248837397 107 38 111 44 110 29 108 38 106 34 113 38 112 42 120 42 114 40 115 46 119 47 118 37 121 45 124 43 116 36 123 34 125 29
34 -2.2129348618870766 2.2349851957036737 29.618647903922707 226 233 228 0.74714955613527789 107 83 111 62 110 82 108 58 106 58 113 69 112 92 120 91 114 69 115 72 109 71 118 65 105 48 124 68 116 60 123 53 125 64
38 -2.1883695118178457 2.2889693664060604 29.629766346106521 87 90 92 0.63066255220181844 107 91 111 69 110 53 108 60 106 77 113 61 112 68 120 88 114 85 115 92 109 42 119 73 118 78 105 30 124 75 116 53 123 41 123 55 125 62
39 -2.1283888159580924 2.2476205512351091 29.655384038229641 88 94 88 0.74446022006601675 107 90 111 70 110 52 108 74 106 62 113 84 112 67 120 84 114 84 115 96 109 70 119 80 118 89 121 80 105 77 124 70 116 63 123 54 125 63
43 -2.1887248407159454 2.3962272814100012 29.611234576874661 241 229 209 0.64462927006411896 107 80 111 76 110 79 108 84 106 55 113 66 112 89 120 78 114 78 115 73 109 93 119 84 118 99 105 56
47 -2.1871667699954722 2.3964292727296095 29.61607212882739 241 229 209 1.045310719881172 107 81 111 80 110 80 108 85 106 56 113 67 112 90 120 87 114 87 115 76 109 94 119 71 118 95 121 111 105 61 124 109 123 83 125 86
48 -2.3451208353641979 2.305067189965694 29.62653055411042 229 72 70 0.68414786307844322 107 92 111 81 110 54 108 43 113 44 120 51 115 55 114 54 105 78
49 -2.2559442212027223 2.3360266964003351 29.606948790120118 176 153 144 0.31650644267958922 107 62 111 82 110 56 108 69 106 64 113 54 112 69 120 89 114 86 115 94 109 69 119 58 118 80 121 82 105 57 124 79 116 65 123 57 125 51
51 -1.9623926535582803 2.3603380963432103 29.638553642927704 130 136 136 1.2240970170563257 107 197 111 84 110 57 108 72 108 182 107 63 106 65 112 146 109 132 120 38 105 150 125 104
52 -2.2611210860521482 2.3799865559767137 29.593776537986461 167 143 137 0.6088315998982049 107 64 111 85 110 58 108 73 113 55 114 89 115 77 109 68 119 76 118 81 124 80 116 66 123 62 125 48
53 -2.1871667699954722 2.3964292727296095 29.61607212882739 241 229 209 1.045310719881172 107 67 111 86 110 60 108 76 106 67 113 70 112 72 120 67 114 82 115 74 109 66 119 85 118 100 121 112 105 82 124 94 123 77 125 83
63 -2.2660420728629571 2.2807030219201123 29.625730636725802 226 84 80 0.26590418536442834 107 109 111 118 110 88 106 87 120 110 115 177 109 98 121 114
64 -2.2654243174395483 2.2807814600401333 29.623578102107256 226 84 80 0.32067822513909611 107 107 111 119 110 96 106 100 120 109 115 153 114 143 109 109 121 115 125 100
65 -2.2660420728629571 2.2807030219201123 29.625730636725802 226 84 80 0.26590418536442834 107 108 111 120 110 101 106 99 120 96 115 178 109 110 121 116
73 -2.275417669766985 2.3207340993819621 29.598428897339414 49 32 28 0.1979436017560775 107 132 111 136 110 110 106 137 113 142 112 142 114 146 115 179 121 131 105 135
74 -2.2367948492803551 2.3290006397049652 29.608040997310862 118 87 88 0.27519901872327779 107 158 111 137 110 113 106 178 113 122 112 174 114 122 115 131 109 157 119 159 124 141
80 -2.1854490475953785 2.2681271785155266 29.637829345810385 229 235 233 0.41859402672977086 107 217 111 145 110 196 108 184 106 154 113 138 112 188 118 117 121 129 124 118
83 -2.2153818715497238 2.2613940825889012 29.625525505292469 90 90 85 0.58830959803233485 107 129 111 152 110 130 108 109 106 120 113 135 112 137 120 86 114 140 115 151 109 125 119 132 118 131 121 128 105 130
84 -2.2103819184640883 2.2768544319754436 29.625338844703492 254 255 242 0.28003745797251617 107 131 111 153 110 132 108 111 106 122 113 139 112 138 120 139 114 142 115 152 109 127 119 133 118 132 121 130 105 131 124 120 116 113 123 119 125 101
87 -2.275417669766985 2.3207340993819621 29.598428897339414 49 32 28 0.1979436017560775 107 157 111 158 110 136 106 126 113 121 112 173 114 172 115 154 121 151 105 113
89 -2.1657851980753238 2.392448352950225 29.624438988353482 81 59 44 0.75827364441127632 107 137 111 163 110 144 108 116 106 132 113 148 112 149 120 144 114 149 115 156 109 135 119 136 118 134 121 132 105 117 124 123 116 115 123 100 125 107
90 -2.2228257686867425 2.421251049015511 29.589061618206632 117 110 103 0.95711086906105258 107 138 111 164 110 146 108 117 106 133 115 158 121 133 124 125
113 -2.1948619852407045 2.337479416260611 29.625189505246635 86 85 85 0.34247127070197125 107 166 111 208 110 198 108 149 106 200 113 179 112 196 120 182 114 196 115 180 109 188 119 135 118 184 121 168 124 156 116 150 123 127
114 -2.3108573757422617 2.347033860054669 29.578645806161418 199 59 53 0.63216077458698094 107 167 111 209 110 141 108 114 106 129 113 146 120 142 114 148 115 193 109 117 105 167 124 122
115 -2.1766521476331806 2.3779364761618793 29.635248073996149 158 122 99 0.55660288860321006 107 170 111 211 110 175 108 151 106 159 113 216 112 202 120 186 114 210 115 231 109 189 118 188 124 185
116 -2.1376877905836444 2.25858616716845 29.653586071926011 81 80 81 0.52036425226850291 107 220 111 215 110 224 108 186 106 195 113 224 112 223 120 216 114 219 115 239 109 193 119 202 118 238 121 198 105 182 124 191 116 170 123 149
119 -2.2616024101370815 2.4112907097452072 29.589624562258816 155 142 136 0.73054950922232642 107 243 111 236 110 247 108 205 113 215 114 257 115 248 109 210 119 193 116 202 123 177
120 -2.1617579682632604 2.3745939253797279 29.56441417582392 242 211 188 0.20576931476129362 107 214 111 238 110 204 108 179 106 189 109 220 105 171
122 -2.1323957983356872 2.2368327696360297 29.659337266556069 97 97 101 0.55845761535146876 107 241 111 246 110 210 108 195 106 202 113 228 112 234 120 228 114 225 115 246 109 221 119 221 118 222 121 216 105 200 124 198
125 -2.133036087014597 2.2366603495840613 29.654975014196825 97 97 101 0.7510721762131819 107 223 111 270 110 222 108 188 106 197 113 242 112 225 120 220 114 222 115 240 109 196 119 203 118 211 121 201 105 184 124 193 116 179 123 150 125 177
126 -2.2008041260716258 2.2661350628790609 29.627837015656205 98 97 98 0.45188074925551014 107 218 111 272 110 225 108 185 106 193 113 223 112 221 120 215 114 218 115 238 109 191 119 201 118 236 121 196 124 190 116 188 123 172 125 170
175 -2.1335485204968472 2.3742416947471039 29.745181865841626 87 93 95 1.2795527914127458 111 98 110 203 113 96
181 -1.9290601000215819 2.3845722552035187 29.700956002351571 131 134 134 1.2732806981572 107 105 110 115 111 72 108 95 106 109 113 97 112 148 120 143 119 87
182 -1.9292031192667189 2.3843330373793741 29.697335329722229 131 134 134 1.2342442270457625 107 117 110 143 111 64 108 101 106 108 113 113 112 176 120 124 109 100 119 77
183 -2.004723662548173 2.3595867658889667 29.604567007207194 143 150 148 1.4650618804723319 110 122 111 162 108 104 105 114
184 -2.1119897141450896 2.3251093802758911 29.601176721530173 114 120 118 0.084168881146731545 110 2 111 2 108 2 106 2
185 -2.2928616758444496 2.890113962609353 30.174284518545726 150 178 227 1.4537584461957294 107 8 110 7 111 8 108 7 106 8 113 7 112 7 120 9 114 9 115 10 109 8 119 12 105 5
186 -2.5186543239783852 2.1448496857414789 29.861006344066208 120 118 110 0.76798101505792105 107 9 110 8 111 9 108 9 106 9 113 8 112 8 120 10 109 10 105 7
187 -2.6206304260751678 2.127311339412707 30.116108684064812 254 255 247 0.79808160591924593 107 15 110 19 111 19 108 13 106 15 113 16 112 15 114 14 115 21 109 22 105 16
188 -2.6874620371339004 2.2133656291076713 30.109864101817429 254 255 251 0.29914172538779837 107 16 110 16 111 18 108 15 106 16 113 13 112 18 120 16 114 16 115 23 109 23 119 26 118 24 121 25 105 17
189 -2.723472275922985 2.1897280245856288 29.960490702098024 193 182 164 0.96005979742338654 107 26 110 28 111 32 108 20 106 23 113 23 112 22 120 28 114 22 115 28 109 27 119 33 105 28 118 61
190 -2.5201064506520776 2.2911253432038152 30.150362507791762 103 104 100 0.68208165599762638 107 27 110 25 111 34 108 26 106 25 113 31 112 43 120 53 109 28 105 15
192 -2.6124976040078605 2.1739530190373801 30.072844980289315 156 121 123 0.33671415602769939 107 87 110 50 111 65 108 70 106 61 113 82 109 72 105 60
193 -2.132957453949555 2.4015914159027911 30.135386101313358 131 133 130 0.559277090598433 107 68 110 61 111 87 108 77 106 68 113 57 112 71 120 90 114 99 115 95 109 88 119 124 105 80
194 -2.7101112271490502 2.1670310508365271 30.031977103804806 197 188 182 0.38590555072634397 107 86 110 77 111 49 108 79 106 79 113 51 112 64 120 85 114 91 109 73 105 58
195 -2.3872125149018557 2.7079028812876635 30.072869334689113 240 95 92 0.70504545671675067 107 99 110 64 111 48 108 80 106 70
196 -2.7004759790059807 2.1916471285479489 30.001533106380194 255 255 247 1.1248605745723876 107 111 110 90 111 90 108 86 106 83 113 89 112 120 114 94 115 101 109 122 119 94 118 62 105 127 124 107
198 -2.8390868104093179 2.3447630796028673 30.079823230509842 10 18 12 1.3058752614167883 107 118 110 86 111 100 108 91 106 90 113 114 112 141 120 178 114 169 115 204 109 56 118 174
199 -2.6333845173964594 2.175434984613744 30.087498849294551 254 250 234 0.51133849708840218 107 112 110 84 111 89 108 96 106 98 113 88 112 121 120 119 109 114 105 87
200 -2.5732798813380811 2.1434303073560246 30.008541895231499 114 110 106 0.86419758524249557 107 155 110 123 111 130 108 105 106 146 113 166 112 170 120 164 114 167 115 186 109 153 105 125
201 -2.4493606707719153 2.1918404790750627 29.54143690198962 185 191 197 0.95982896853662192 110 127 111 121 108 106 106 110 113 119 112 125 120 122 114 134 115 145 119 130 118 128 121 88
202 -2.7530947538884796 2.2333472126535234 29.98568487105511 205 197 185 0.79619516913367117 107 127 110 128 111 132 108 108 106 116 113 133 112 135 120 133 115 214 119 174 118 164
203 -2.7576355427961259 2.2628620229258312 30.027205269611638 62 64 64 1.1520575874893066 107 130 110 131 111 151 108 110 106 123 113 134 114 135 115 146 118 125 121 122 105 111 124 112
204 -2.5734905931430148 2.1436885110386723 30.017443081095024 114 110 106 0.80142627815762946 107 126 110 163 111 147 108 133 106 136 113 132 112 133 120 132 114 127 115 208 109 121
205 -2.7521419029268239 2.2333338761444304 29.984986712374866 205 197 185 1.0414019958813461 107 156 110 166 111 138 108 135 106 134 113 168 112 171 120 165 115 184 119 187 118 170 124 205
206 -2.6143003121066313 2.1837392023545106 30.067223082248944 54 61 61 0.30425219137687826 107 171 110 195 111 193 108 143 106 151 113 196 112 134 120 176 114 133 115 213 109 119 105 128
207 -2.6306010403036835 2.2032000300872325 30.100155822440616 252 251 251 0.22213064120502535 107 174 110 192 111 179 108 144 106 176 113 197 112 246 120 225 109 123
209 -2.5096991241307629 2.1147128042942827 29.914897724336658 113 111 106 1.1544629427408475 107 183 110 200 111 190 108 160 106 183 113 195 112 185 109 184 105 157
210 -2.6131518617912088 2.1618429828276584 30.056380216675656 55 52 48 0.31728935507650652 107 169 110 199 111 192 108 161 106 149 113 171 112 199 120 175 114 190 115 209 109 183 119 171 105 158
211 -2.6131518617912088 2.1618429828276584 30.056380216675656 55 52 48 0.31728935507650652 107 186 110 176 111 196 108 165 106 182 113 188 112 182 120 198 114 177 115 182 109 177 119 186 105 160
212 -2.6293039779848377 2.2033546004786144 30.084178422168311 252 251 251 0.29727468764568565 107 189 110 178 111 199 108 166 106 184 113 189 112 230 109 154 105 129
213 -2.6306010403036835 2.2032000300872325 30.100155822440616 252 251 251 0.22213064120502535 107 188 110 179 111 198 108 167 106 169 113 190 112 231 120 224 109 155
214 -2.732909844187112 2.241529356037665 30.028195463417497 254 253 249 1.0229200197383872 107 221 110 223 111 200 108 187 106 196 115 255 109 194 119 207 118 196 121 165 105 181 124 149
215 -2.633415274769805 2.1927175934741001 30.070080195224602 237 234 230 0.27910184280490685 107 224 110 219 111 262 108 198 106 214 109 166
216 -2.0789384740051529 2.6551817807800919 30.244423503475378 38 42 32 0.53741442671229545 107 0 110 0 111 0 108 0 106 0 113 0 112 0 120 1 114 2 115 2 109 0 119 2 105 0
217 -2.171404920646574 2.7608165441305625 30.256898192068775 124 128 122 1.1720266051840482 107 1 110 4 111 4 108 4 106 4 113 4 112 4 120 5 114 6 115 6 119 6
218 -2.0390917928542498 2.7164892161575533 30.295366341138489 38 41 27 0.58972485644461792 107 11 110 10 111 11 108 10 106 10 113 9 112 10 120 12 114 11 115 14 109 14 119 16 118 15 121 16 105 10
219 -2.4866191287007759 2.7859054908708285 30.323156539556372 0 11 18 1.1753579973613786 107 21 110 14 111 16 108 12 106 20 113 15 112 19 120 17 114 17 115 31 109 17 119 30 118 28 121 28 105 12 124 45 116 32 123 24 125 22
220 -2.1334934795201912 2.6310168489157832 30.256303913143991 31 38 28 0.36048762797981182 107 20 110 9 111 10 108 17 106 19 113 10 112 12 120 13 114 12 115 12 119 15 118 17 121 20 105 9
221 -2.3979058542161784 2.879686302608095 30.307123764716394 21 35 35 0.56591734506737734 107 22 110 13 111 14 108 18 106 11 113 12 112 16 120 18 114 18 115 20 109 18 119 25 105 24
222 -2.3609199595277999 2.8448650086098408 30.378818292126933 111 145 189 0.47256889875416475 107 31 110 22 111 26 108 21 106 29 120 23 114 37 115 36 109 31 105 23
223 -1.9894466979355778 2.613698328030329 30.245756026108008 61 63 54 1.3067358097162813 107 18 110 15 111 31 108 27 106 18 113 22 112 26 120 20 114 20 115 30 109 16 119 28 118 27 121 35 105 14 124 32 116 22
224 -2.0592998683232846 2.631266305161414 30.254683734558416 85 86 75 0.61943844804602688 107 32 110 21 111 24 108 30 106 27 113 24 112 29 120 26 114 21 115 25 109 33 119 29 118 48 121 47 105 20 124 37
225 -2.092433248483458 2.5278784115235511 30.233813470930702 67 69 60 0.49225803693935 107 28 110 39 111 41 108 35 106 36 113 34 112 32 120 39 114 35 115 35 109 32 119 43 118 42 121 46 105 29 124 36 116 24 123 23
226 -2.5956986803736135 2.8757209402013082 30.355804544124737 0 13 20 0.59081189581128013 107 37 110 37 111 37 108 36 106 37 113 36 112 34 120 33 114 49 115 37 109 35 119 49 118 49 121 57 124 52 116 45
227 -2.0929992833263613 2.5278537877964302 30.234538001252474 67 69 60 0.38770341226366567 107 29 110 34 111 39 108 39 106 41 113 41 112 37 120 43 114 42 115 45 109 30 119 40 118 38 121 49 105 25 124 44
228 -1.9848156191638415 2.6740558211849428 30.283071272351233 110 112 106 0.83526998009359898 107 47 110 47 111 53 108 44 106 50 113 74 112 74 120 76 114 110 115 135 109 46 119 161 118 179 121 186 105 36 124 209
229 -2.2375481234033456 2.8524482651974186 30.316045100156241 2 20 33 0.74799192794557523 107 60 110 46 111 56 108 47 106 48 113 40 112 33 120 40 114 38 115 38 109 48 119 42 118 41 121 43 105 43 124 39 116 30 123 31 125 25
230 -2.4046077761419515 2.9092935034830054 30.266352403888742 89 96 94 0.35347630352533027 107 58 110 43 111 58 108 49 106 46 113 50 112 55 120 62 114 70 115 88 109 50 119 69 118 74
231 -1.9848156191638415 2.6740558211849428 30.283071272351233 110 112 106 0.83526998009359898 107 61 110 49 111 46 108 51 106 44 113 86 112 88 120 72 114 114 115 163 109 55 119 141 118 191 121 171 105 31 124 182
232 -2.5781538509455171 2.9034572721565763 30.373187814273422 60 103 144 0.95788776743300963 107 77 110 68 111 78 108 55 106 74 113 79 112 79 114 104 115 114 109 79 119 113 118 108 121 97 105 46 124 91 116 93 123 86 125 82
233 -1.9585038487691988 2.6379676408195758 30.148627311786043 109 113 111 1.6556504315602631 110 172 111 112 112 53 108 61 109 83 118 55 121 51 105 66 124 60
234 -2.3279204657119634 2.7512041386740735 30.349552033521036 3 19 29 0.26473221074329567 107 70 110 65 111 71 108 64 106 72 113 76 112 76 120 73 114 73 115 85 109 87 119 122 118 115 121 94 105 55 109 63
235 -2.2943345924008995 2.7889655218863272 30.360428810098266 3 19 28 0.59486852757858089 107 72 110 55 111 75 108 65 106 59 113 77 112 63 120 77 114 74 115 86 109 75 119 64 118 70 121 69 105 70 124 67 116 70 123 60
236 -2.3360099481916148 2.8061260633634721 30.362550883533629 0 16 20 0.30316954610018182 107 73 110 67 111 68 108 66 106 73 113 78 112 77 120 71 114 75 115 87 109 76 119 65 118 111 105 72
237 -2.3277044546209913 2.7508387524622044 30.345317105576495 3 19 29 0.21950481609477815 107 79 110 78 111 74 108 82 106 81 113 60 112 87 120 70 114 65 115 100 109 91 119 90 118 114 121 105 124 129
238 -2.3198282152408436 2.7806983294189118 30.363444601825595 119 147 195 0.47327390925298252 107 78 110 104 111 106 108 94 106 96 113 110 112 110 120 106 114 108 115 127 109 90 105 97
239 -2.3303761019914426 2.8903958861893582 30.39781384486011 118 151 199 0.37910464046503756 107 74 110 92 111 108 108 98 106 105 113 101 112 102 120 103 114 105 115 120 109 78 105 76
240 -2.3199902957772434 2.7807048694407648 30.358676076744821 119 147 195 0.52467824642313843 107 71 110 95 111 110 108 99 106 92 113 104 112 106 120 113 114 117 115 108 109 74 119 117 118 112 105 104
241 -2.3412607690254381 2.7753659059146569 30.361130752130169 109 143 190 0.56048283092368212 107 98 111 111 108 100 106 101 113 105 112 107 120 97 114 118 109 106 121 68 105 63 124 101
242 -2.4297731384059409 2.6728840153593216 29.835056913755064 38 90 136 0.93408909068734058 111 60 108 120 106 119
243 -2.4805462521485988 2.7571318168740899 30.34233602071259 2 24 47 0.73288002440787403 107 143 110 153 111 169 108 122 106 130 113 118 112 95 120 146 114 152 115 113 109 104 119 128 118 136 121 135 105 99
244 -2.4569302738948791 2.7863756195027545 30.384416082786078 1 24 50 0.49036348377761085 107 101 110 155 111 173 108 123 106 111 113 125 112 127 105 103
245 -2.4569473286920398 2.8076494739633904 30.342082904996911 37 93 134 0.48941968311260842 107 145 111 174 108 124 113 155 112 161 120 191 114 173 109 143
246 -2.5112269901624291 2.822377051647869 30.37553764633115 2 20 39 0.3521559276084491 107 147 110 158 111 122 108 126 106 142 113 156 112 162 120 126 114 126 115 138 109 115 119 164 118 148 105 101
247 -2.4888065799666954 2.7537860863392458 30.458974979051401 2 24 47 0.61780715832213395 107 162 110 118 111 141 108 139 106 141 109 113 105 107
248 -2.4592315015123289 2.7861779112210896 30.406257025059663 1 24 50 0.79904923703367114 107 96 110 119 111 143 108 140 106 113 113 154 112 160 120 150 114 155 115 167 109 107 119 118 105 109
249 -2.5112269901624291 2.822377051647869 30.37553764633115 2 20 39 0.3521559276084491 107 163 110 120 111 144 108 141 106 121 113 126 112 128 120 151 114 156 115 168 109 116 119 147 118 120 105 106
250 -2.7047108670096414 2.2133002671605273 30.026283374189028 219 209 197 0.9599374697235753 111 181 108 145 106 152 112 229 121 226
251 -2.1178231031205437 2.57818061068585 30.239576271785182 92 89 79 0.87918378376351947 107 141 110 150 111 167 108 147 106 118 113 151 112 154 114 115 115 111 109 137 119 120 118 97 121 109 124 103 116 79
252 -2.7695864289514027 2.2904845400433609 30.053072993405316 230 220 211 0.46632471726743896 111 274 108 150 112 235 120 200 109 228 105 177
253 -2.509177760790704 2.5430339286544665 30.12364153234768 88 91 87 0.30877256163495143 111 139 108 153 112 177
254 -2.3231567765845078 2.8584977041417012 30.393263859681007 156 188 236 0.34536784056252129 107 150 110 188 111 123 108 159 106 179 113 161 112 166 120 129 114 129 109 149 105 105
255 -2.8010108591670657 2.3189310892385118 30.050228163429605 115 112 100 1.14744492122862 110 111 111 96 108 168 110 137 106 89 112 105 120 95 118 173 105 90
256 -2.1989422906756575 2.9207788532330352 30.342416626030893 68 78 74 0.25482794337494596 107 151 110 190 111 186 108 169 106 144 113 248 115 268 109 118
257 -2.4141350557713022 2.1495594778416587 29.260062306814699 241 167 134 1.2760019222133272 111 258 108 177 106 199 113 238 111 259 112 244
258 -2.5988504590418633 2.1854613121189033 30.090590043979986 252 252 247 0.26523787324394016 110 218 111 261 108 190 106 225 113 259 109 211
260 -2.2250797328882546 2.1797835974063982 29.631348887202734 94 102 96 1.3550794535806787 111 241 108 193 106 228 113 256 120 246 115 176 109 231 119 219 118 104 121 99 121 214 105 199 123 162
261 -2.1336854439461561 2.6317593637223622 30.264047587502475 31 38 28 0.36788775887448466 110 11 111 12 108 11 106 13 113 11 112 13 120 14 114 13 115 17 119 21 118 14 121 15 124 19
262 -2.1960195703416545 2.9064886081284742 30.338390639871889 6 21 27 0.4951764309692962 107 30 110 23 111 27 108 25 106 30 113 25 112 30 120 25 114 24 115 32 119 38 118 35 121 41 124 46 116 29 123 33 125 26
263 -2.2059465282240649 2.8703896600701331 30.36340993111196 102 144 202 0.57660730620255096 107 59 110 44 111 57 108 48 106 47 113 47 112 56 120 60 114 60 115 66 109 53 119 56 118 59 121 58 124 62 116 39 123 42 125 36
264 -2.2059465282240649 2.8703896600701331 30.36340993111196 102 144 202 0.57660730620255096 107 55 110 48 111 59 108 50 106 45 113 49 112 50 120 56 114 59 115 52 109 49 119 53 118 56 121 55 124 53 116 44 123 45 125 45
265 -2.1954306638243279 2.9368282405119563 30.380718105794941 2 29 55 0.32992451050864374 107 152 110 162 111 127 108 129 106 115 113 175 112 208 120 202 114 248 115 267
266 -2.1648954244509211 2.394182297459388 29.566572424094645 79 61 42 0.11991142497692575 107 159 110 116 108 137 106 139 109 159
267 -2.1323918084853291 2.3819976267865068 30.121347706796985 97 102 102 0.97990489383780943 110 182 111 212 108 152 106 161 106 187 110 201 113 181 112 243 120 183 114 179 115 191 109 190 119 225 118 180
269 -2.3334437013348377 2.9119126367036592 30.44181047004578 136 162 211 0.26928352308418657 107 201 111 220 108 197
270 -2.2613939570548447 2.4114542825593097 29.590123959579433 152 146 138 0.74002461378566142 107 242 110 245 108 204 113 233 114 256 115 229 109 217 119 223 116 192 123 178
271 -1.9729166077989131 2.3819967439826129 29.905705963360596 132 138 138 0.74442531400326206 107 17 108 16 110 17 106 17 111 22 113 21 112 25 109 24
272 -2.3832531295139399 2.1021569759554812 29.910706040451732 111 115 109 0.96490813365343697 107 24 108 23 110 26 106 21 109 25 105 26 111 40
273 -2.7031887779789874 2.2710953900712179 30.199923811010436 108 111 110 1.2684461132975831 108 28 110 20 111 21 106 24 113 18 112 36 120 34 114 29 115 256 111 204 109 29
274 -2.3401840511236021 2.9275428676566215 30.366207037564983 157 181 227 0.34939315804706206 108 29 110 24 111 23 106 31 113 20 112 21 120 30 114 27 115 27
276 -2.0361677423291646 2.3081502098969859 29.702043497992811 131 139 138 2.2364256093863935 110 41 111 101 106 52 112 97 114 97 115 190 118 181
277 -2.8266206733240966 2.305846403474995 30.027624757861112 75 82 76 0.2600474572986653 108 90 110 75 111 113 106 53 113 100 112 117 109 99 105 95
278 -2.2140997932321196 2.2002775719120651 29.647960165278111 249 254 250 1.4715835074703243 107 88 108 56 110 74 106 54 113 58 109 57 118 64 121 98 105 132 124 140 116 99 123 121
279 -2.2343382771727875 2.3829377587042018 29.603909249503193 98 95 91 0.69984235805236605 107 82 108 57 110 81 106 57 113 56 112 70 120 66 114 67 115 70 109 95 119 88 118 63 121 77 124 66 116 88 123 94 125 79
280 -2.2140997932321196 2.2002775719120651 29.647960165278111 249 254 250 1.4715835074703243 107 84 108 63 110 72 106 60 113 85 109 64 118 76 121 89 105 126 124 116 116 109 123 116
281 -2.0185306270887002 2.3258948805379474 29.880788901742463 122 130 131 1.5722481029489792 107 51 108 68 110 76 106 63 113 141 109 54 105 37 112 195
282 -2.2343382771727875 2.3829377587042018 29.603909249503193 98 95 91 0.69984235805236605 107 66 108 75 110 59 106 66 113 68 112 91 120 92 114 90 115 81 109 67 119 60 118 82 121 83 124 81 116 82 123 73 125 95
283 -2.0150694531085995 2.42951190158582 30.137192091956788 136 138 138 0.58061194847644682 107 69 108 78 110 62 106 69 111 61 113 71 112 73 120 68 114 93 115 78 109 61 119 121 118 185 121 187 105 50
284 -2.665548883069627 2.9218621499052957 30.400135714597319 20 89 138 1.2004429723241998 107 46 108 52 110 69 111 79 106 75 113 80 112 80 119 68 118 68 124 77 123 67 125 52
286 -2.578751241165862 2.9025082893045884 30.36973785949975 63 104 141 0.9616033985712702 108 81 110 71 111 73 106 80 113 59 112 86 114 107 107 75 115 115 109 84 119 102 118 103 121 93 124 97 116 81 116 92 123 82 123 87 125 81 125 92
287 -2.2856368274259902 2.3005654372830389 29.581963476177989 217 80 77 0.49848949097330991 110 87 111 95 106 88 113 99 112 100 120 118 119 100
288 -2.0141961479478772 2.3651853173633191 30.105331626230068 144 147 148 0.79806517735855464 107 65 108 89 110 85 106 94 111 97 113 145
289 -2.3008343736503445 2.8922271798415773 30.397439762497992 171 200 251 0.21713504411146264 108 102 111 103 106 95
290 -2.3011412369931663 2.8923263819791192 30.399848945763427 171 200 251 0.19029559010127292 108 97 110 93 111 94 106 102
291 -2.8051901593895332 2.8680122436819069 30.268448376547475 80 92 90 1.7221878023888892 107 95 108 128 110 94 111 77 106 103 113 102 112 78 120 112 114 106 115 123 109 108 119 114 118 72 121 101 105 75 124 99 116 72 123 90 125 50
292 -2.0589717947831447 2.5354051816376084 30.224803846046171 73 74 67 0.62047116479946562 107 100 110 102 106 104 113 108 112 114 120 115 115 107 124 106
293 -2.2858949766429784 2.3009380689710133 29.576556244719665 217 80 77 0.43533064582677844 110 100 111 115 106 106 112 113 119 110
294 -2.4685896772909635 2.3038891241081649 29.718351980909006 103 104 100 1.0821155041979629 107 121 106 107 105 110
296 -2.7843366283704882 2.3140464770786373 30.077147109297766 15 21 20 0.84940569880523131 110 135 111 205 106 125 113 199 112 191 114 187 109 225 105 163
298 -2.048964545137284 2.3294941794948052 30.035494488124858 147 154 151 0.39199843775254239 107 135 108 113 110 140 106 128 111 159 109 130 105 115
299 -2.0295960198534768 2.3664822415227067 30.029796101228818 119 122 122 0.29327475648708817 107 136 108 115 110 142 106 131 109 134 105 118
300 -2.1198362617173339 2.5776440165406727 30.243149766338203 91 87 77 0.40993492784282481 110 117 111 140 106 140 113 123 112 178 114 111 115 119 119 104
301 -2.8082268114579376 2.3218412490592084 30.026595265961983 119 117 107 0.44824948098908152 107 182 110 197 111 207 106 147 113 201 109 181
304 -2.7999134708750204 2.2901829457125462 30.06567907144613 18 20 16 0.48567053130240379 107 192 110 167 111 134 106 170 113 120 112 172 109 179
305 -2.8018594689528502 2.3234003597759147 29.967875116673405 119 117 107 0.65861742373541354 107 194 110 184 111 201 106 171 109 187 105 149
307 -2.8065099087032079 2.3223592247779199 30.011794014894466 119 117 107 0.39765575513668655 107 195 110 183 111 202 106 180 109 180
308 -2.4992030257414442 2.1205679690696337 29.812073803977167 114 110 104 0.6196575946301176 107 185 108 164 110 174 106 181 109 176 105 162
309 -2.1955110466470398 2.3729918131652123 29.608928511261816 148 115 97 0.72383085373446132 110 202 111 237 106 188 113 217 112 147 113 147 120 210 114 211 115 232 109 219 119 194 118 232 121 194 105 116 109 133 124 186 116 182 123 166 125 167
310 -2.8200835590242481 2.3345292798819748 29.997633667423415 98 99 89 0.81546329123027939 107 216 108 183 110 207 111 277 106 191 113 220 112 220 109 224 105 168
311 -2.7634295656139298 2.2513503017687464 30.014260274227382 219 210 197 0.49974304302261713 107 219 110 194 106 194 113 225 112 248 120 222 109 192 105 146
312 -2.1978298251845048 2.2311567790091527 29.632409142250637 234 241 243 0.58651719966871585 110 220 111 266 106 198 113 241 112 226 120 221 115 261 119 204 121 203 124 195
313 -2.1978298251845048 2.2311567790091527 29.632409142250637 234 241 243 0.58651719966871585 110 208 111 243 106 201 113 227 112 233 120 227 115 245 119 220 121 215 124 197
316 -2.3455840080161074 2.899100214456706 30.39477833173299 147 175 220 0.41764959515599959 107 235 110 228 111 279 106 210 113 172 109 171
317 -2.4217027476157904 2.0687424843365561 29.567369973544658 211 159 129 2.1432957342890573 107 226 108 192 110 215 106 211 113 247 112 222 120 166 114 188 115 187 109 226 119 170 118 167 121 163 124 173 116 144 123 131 125 149
318 -2.2543392330726055 2.8679070200605561 30.369571738846133 66 74 71 1.4331456776316707 108 194 111 221 106 219 113 250 120 249 115 217 111 281 118 153 121 141 105 176
320 -2.0234295089180017 2.5572511827375988 30.214819531559694 73 75 64 0.7248598767172032 107 140 108 174 110 148 106 177 113 182 112 153 120 172 114 207 115 160 119 139 125 132
321 -2.417832774714153 2.8191071443695574 30.144769911404651 55 104 151 1.3901491464880973 111 25 113 27 112 28 120 22 114 36
322 -2.2503305873588357 2.463991453710515 29.722581104587178 102 93 82 1.6860437718260757 111 45 113 42 107 48 112 46 120 55 114 56 115 54 109 80 119 52 121 65 105 65
323 -1.9999935675723026 2.7435883988957328 30.290393789575365 114 114 109 0.84736036204326526 110 66 113 46 111 55 120 75 114 58 107 44 109 47 121 50 105 42
324 -2.2661364037093534 2.4268317480921655 29.584245424794791 155 132 129 0.91268449424001907 110 73 111 88 113 72 114 64 115 82 109 65 119 61 118 84 121 85 105 68 124 76 116 67 123 56 125 55
325 -1.996773319095948 2.5005814849984502 30.203372448119623 105 111 109 0.79940274376983611 110 63 113 73
326 -2.6902317057169043 2.2388862783579553 30.102644877160117 249 255 254 0.69862759935760399 106 86 113 92 107 93 108 88 115 130 109 97 119 156 118 124 121 120
327 -2.6313146193604307 2.1747096331566698 30.077010173405444 250 243 230 0.37004958372881547 111 116 113 95 112 116 120 120
328 -1.9897587220081716 2.7028649206439552 30.344496617128527 51 53 47 0.48574704127183121 106 82 113 98 108 83 112 122 114 124 115 136 119 162
329 -2.3460183683323961 2.8338092586290275 30.389170834356815 132 158 205 0.30749529041301799 111 109 113 103 112 104 120 102 114 112 109 89
330 -1.9881374639384248 2.702065188053953 30.306992400237082 51 53 47 1.3044894613985429 106 71 113 106 108 62 112 124 114 151 115 164 119 143 118 88 115 84 121 107 116 69 123 93 125 165
331 -2.0828811583077189 2.427487256969207 30.121901185606959 103 109 107 0.44316778972652687 110 98 113 109 120 116 109 101 107 114
332 -2.1049972919677886 2.4136920482482616 30.141014543433691 107 113 113 0.53233454933055879 110 99 113 111 112 96 120 117 114 100 107 115 115 105 119 107
333 -2.0851493980340017 2.4283370925154659 30.14618366654712 103 109 107 0.32962185115345594 110 106 113 112 120 107
334 -2.5140733015138021 2.7768263756659537 30.353974072277484 1 17 35 0.62718121905500868 110 105 111 142 113 124 107 102 112 179 120 125 114 154 115 137 119 145 118 137 121 136 124 130 116 119 123 103 125 114
336 -2.4741008914679647 2.8298192933139386 30.39676044633147 43 54 55 0.65119335750719087 110 121 113 128 106 173 107 208 112 129 120 127 114 128 115 140 119 178
337 -2.3042851558999904 2.9096453563789462 30.373349429787542 128 161 214 0.50984650559326139 106 157 110 189 113 130 108 163 107 175 112 130 111 107 109 151
339 -2.1162910107749808 2.5438790929484374 30.216670709694956 66 68 60 1.7791922765778507 110 147 113 149 111 178 112 152 120 114 114 116 115 159 109 103 119 126 118 225 121 179 124 110 124 124 124 158 119 224 123 98 123 122 116 135 125 128
341 -2.5004359018011053 2.7611629373477191 30.353095950768868 21 83 128 0.51740885481351606 111 170 113 152 107 124 112 157 120 147 114 153 115 165 109 142 119 144 118 192 121 159 105 119 124 160 116 159 123 138 125 134
342 -2.5121402043094836 2.7766483531460588 30.347392164576782 1 17 35 0.37495498933691951 110 97 111 172 113 153 107 97 112 159 120 149 114 125 115 166 119 163 118 147
343 -2.4941947853798911 2.8263847675765041 30.362991231876002 40 80 113 0.7309136157605336 106 143 110 159 113 157 108 130 107 148 112 163 120 152 114 157 115 170 109 145 119 148 118 138 121 137 105 122 124 162 116 103 123 137 125 139
344 -2.4733497727074796 2.8286322499671779 30.388567555874939 43 54 55 0.77189363437325587 110 160 111 175 113 158 106 167 107 228 112 164 120 153 114 158 115 171 119 189
345 -2.8246792516213035 2.8413175237866839 30.308469235197808 80 87 77 1.4069519194049129 111 125 113 162 107 205 112 103 120 79 114 159 115 172 109 147 119 116 118 110 121 103 105 142 124 100 116 55 116 121 119 62 123 72 125 89
346 -2.3049109206309115 2.9095546986616112 30.372751065259735 128 161 214 0.51129933602023026 106 174 110 186 113 163 108 170 107 168 112 167 111 105 120 158 114 186 115 202 109 163 119 153
347 -2.5738333560911322 2.8571736301762747 30.367258196719586 45 94 138 0.7592362290652368 111 124 113 170 112 165 120 155 114 160 109 148 119 149 118 141 121 140 116 163
348 -2.3887657633308241 2.9530815196696416 30.387232394079483 115 140 172 0.16440122179372402 111 176 113 177 107 178 112 168
349 -2.5160332147008595 2.9714085858097183 30.432270713271638 74 107 141 0.18508120026890784 111 189 113 180 112 209
351 -2.5160332147008595 2.9714085858097183 30.432270713271638 74 107 141 0.18508120026890784 111 177 113 194 112 201
354 -2.8041062330593394 2.8285391984552808 30.28881356875841 87 91 82 0.91856325978559694 111 224 113 204 120 193 115 199 119 244 118 151 124 161 116 161
355 -2.7118832776773401 2.7365934896363258 30.27927372487531 41 44 38 0.56896045008879037 111 229 113 208 120 244 115 251
356 -1.9772040351505866 2.5730157450814386 30.077500821975399 110 116 108 0.44778520936569682 106 117 113 211
357 -1.966582486820031 2.4930638392041637 30.248401639307446 35 38 36 0.97857560532874055 106 186 113 213 108 176 112 256 115 227
359 -2.7584509144481388 2.2972789362983659 30.026436992041848 81 79 76 0.54882946495127116 111 269 113 221 120 218
360 -2.7150956388090979 2.2363584228650213 29.991245107234782 117 133 229 1.4901089546974655 111 194 113 226 120 223 114 255 111 265 115 273 105 195
361 -2.8196361482026826 2.3339320118149613 29.985551268335769 103 99 90 0.95213587170518588 111 280 113 230 112 236 108 199 105 190
362 -2.1758676833993138 2.3787030245950667 29.639209825520261 161 122 98 0.5456671136229494 111 203 113 232 112 181 120 201 115 247 118 171 124 200
363 -2.7102312838047409 2.7360355603835584 30.256027237872456 41 44 38 0.62372018221528758 111 267 113 234 120 234 114 200 115 220
364 -2.7162078811216057 2.2388487920699438 30.058459264714966 117 133 229 0.22519207103029248 111 188 113 240 120 226
365 -2.614357436444815 2.859858931994804 30.383364597888587 51 98 136 0.88920161543498699 111 222 113 243 112 206 120 195 114 184 115 201 119 182 118 152 121 139 124 131 116 123 123 105 125 116
366 -2.806032404500526 2.8488319462703342 30.298734003169461 47 50 42 1.4631831774747119 111 184 113 244 108 127 112 204 120 194 115 200 119 167 118 140 121 138 116 122 123 95 125 115
367 -2.3423953651406393 2.9597451393566727 30.364076286790571 149 165 199 1.2037237203913762 111 218 113 251 121 143
368 -2.3583445474530436 2.9670326162611755 30.373414652033507 105 135 178 0.14072416802688326 111 216 113 252 112 251
369 -2.340613959344803 2.8587538517426685 30.415948280951554 110 142 194 0.6738533600510983 111 183 113 254 112 190 120 169 114 246 109 168 105 143
370 -2.7932672293202989 2.3166727579327446 30.022479295679798 114 111 100 0.87665474105213137 107 193 110 244 106 203 113 200 107 181 110 246 111 206 108 148 106 156 106 192 112 192 120 111 114 139 119 166 118 165
371 -2.377450365787972 2.8048579756122631 30.133668755181859 84 125 172 0.70360175085177257 111 15 112 14 107 12 109 15
372 -1.9737604372566231 2.3817734559890607 29.901560709658664 112 118 117 0.78306692166494452 111 29 113 26 112 24 109 20 107 13
373 -2.5579572142457625 2.9279975432273 30.351936413797841 1 11 15 0.85532340815520014 111 42 112 48 107 56 110 38 120 61 114 61 115 69 109 51 118 57 119 54 121 59 124 51 116 48 123 43 125 37
374 -2.6740889211291452 2.1403509176363835 29.92454582624498 249 253 246 1.3656996990082417 111 63 112 59 119 66
375 -2.6876499833688032 2.1404410414378634 30.051469122763191 249 253 246 0.70951874943093129 111 66 112 62 120 65 114 80 115 75 105 53
376 -2.7095795017130055 2.1671866385103025 30.029801655591346 199 190 183 0.38812804555895758 108 59 112 93 106 76 107 85 110 83 114 92 109 60 105 52
377 -2.4624443865544952 2.7655379749100333 30.357080143186092 24 90 134 0.28139543953378404 111 171 112 108 107 120 110 154 120 148 109 105 105 98
378 -2.0626352395831917 2.2818510416994737 29.604881780156276 133 139 139 0.10237519684127822 111 248 112 139
379 -2.1731110480303744 2.341011171898153 29.77419446685419 96 102 102 1.2483947866321763 108 92 112 144 106 91 107 119 109 131
380 -2.5241824024845667 2.5482093959515075 30.363900516485067 91 94 92 1.1925037799722846 111 165 112 151 114 180
381 -2.5606844588343662 2.5927444243986586 30.171639826397932 89 92 87 0.4484322293550046 108 155 112 155
382 -2.4589221165021882 2.2334866203726582 29.589287912194365 248 112 113 0.06822709402853358 108 107 112 187
383 -2.766550044615673 2.2890275494990804 30.05709806525045 220 212 206 0.86473134019486786 108 158 111 155 112 189 120 137 120 177 114 136 115 147 105 188 112 247
385 -2.1068131646201951 2.2544609997087699 29.666538971571157 116 116 110 1.6400102157223488 108 146 112 224 106 153 107 128 115 150 118 175 121 199 105 183
386 -2.7476953910591515 2.7844137957509445 29.982110892910804 45 50 44 1.5367549359407322 113 245 112 241 119 188
387 -1.9649204312000381 2.5892658730627116 30.210686783409233 108 116 110 0.53758924362392557 108 119 112 245 106 164 114 205
388 -2.7984946830698938 2.8120831251394947 30.594943624211904 45 50 44 1.8548971453444898 111 226 113 207 112 253
389 -2.2887451149479445 2.9520072661900847 30.390514973258636 157 185 238 0.040013828089014075 108 201 112 259 106 213
391 -2.1343247962561174 2.3340543398315745 30.011800930301092 115 121 119 0.29839693214760854 112 2 120 8 113 2
392 -2.3621357775171625 2.6496033544414046 29.453815010394706 252 96 96 0.53801314879843642 120 11 109 13 107 10
393 -2.3393211129327058 2.9260400741732746 30.352024361966244 155 179 219 0.47591133112210005 112 27 120 32 114 25 115 24 119 31 118 29 121 30 124 42
394 -2.5014301811579336 2.9858578619036416 30.334472244481038 7 19 21 0.069253290318259345 112 58 120 46 113 48
395 -2.325136272187013 2.977946095944473 30.330849811429509 0 14 21 0.83056696165112098 112 38 113 35 120 47 114 48 115 41 119 36 118 34 121 39 124 48 116 28 123 19 125 40
396 -2.0867070131109626 2.3713034859378057 30.049032338778961 142 146 146 1.2279858785080311 111 52 112 57 120 54 113 45 114 55 115 93 115 233 114 214
398 -2.3451427779797251 3.0039640570766681 30.340332103963771 147 166 193 0.9513713573120538 112 81 113 81 120 82 112 85 114 103 115 129 119 125 118 106 121 117 124 111 116 125 125 156
399 -2.4854894766776128 3.005635805059466 30.293244221299695 87 94 87 0.23730038798279079 112 83 120 83 114 77 115 89 119 70 118 75 121 70 124 72 116 73 123 80
400 -2.544302320392136 2.0907457521031736 29.800343819408063 241 215 204 0.61650417943708657 112 54 120 98 114 101
401 -2.1578651004020695 2.2851900747942331 29.648079969059356 246 253 247 0.55846396187319081 112 61 113 63 120 104 114 144 115 122 119 111 118 66 121 72 123 85
402 -2.1578651004020695 2.2851900747942331 29.648079969059356 246 253 247 0.55846396187319081 112 60 113 75 120 108 114 171 115 102 119 99 118 67 121 79 123 79
404 -2.6990198880994316 2.2464241657108182 29.896736318164155 208 210 218 0.71364182171608326 112 227 120 134 114 245
405 -2.6170081694633822 2.8987824572926195 30.37216114459607 32 95 144 0.66797137163198439 112 207 113 174 120 157 114 162 109 150 119 183 118 154 121 160 124 163 116 180 123 129 125 164
406 -2.2332983766796506 3.0051358130989798 30.346866485595818 98 137 196 0.37360773041328588 112 169 113 165 120 159 114 163 115 174 119 150 118 144 121 144 124 132 116 126 123 109 125 131
408 -2.6595090720792971 2.2200750754902776 30.147950359972402 249 253 247 0.24375376584119782 110 209 112 232 120 180
409 -2.0352086166423562 2.3920863476442804 30.15071571146127 115 118 118 0.32836444589311925 110 242 120 184 106 209
410 -2.5169655965110023 2.1103614427512118 29.764462814536529 108 108 102 1.7252794709683541 112 183 120 197 114 130 115 207
411 -2.6146787694114826 2.1835446369241986 30.070554315779201 52 57 57 0.36002340753644108 110 177 111 197 120 199 107 187 114 168 115 185 118 169 105 134
412 -2.0787105763414484 2.6368333097999579 30.277412284670902 90 91 80 1.6384539166600827 111 180 113 210 120 204 110 235 114 204 119 231 125 133
413 -1.9800448622993163 2.470516737224369 30.199617600316252 120 126 121 0.86872485099315377 111 213 120 206 114 209 115 157 119 137
414 -2.1450815237407452 2.3658515509646354 30.228930244363994 118 124 119 1.3920617938366762 120 212 115 234 114 244 119 199
415 -2.7833867495408415 2.2854035368311347 30.018904277653366 196 195 184 0.47015178996635426 111 273 120 219 114 178 109 233 105 178
416 -2.7833867495408415 2.2854035368311347 30.018904277653366 196 195 184 0.47015178996635426 111 247 120 229 114 189 109 235 105 202
417 -2.7664072668755662 2.7868651763169341 30.295816760469808 49 54 47 1.1755070062822837 112 203 120 236 114 198
418 -2.8110234455786025 2.839932980429392 30.398901694620484 54 53 49 1.4360762996859997 111 257 113 236 120 237
419 -2.8110234455786025 2.839932980429392 30.398901694620484 54 53 49 1.4360762996859997 111 223 113 255 120 243
420 -2.3164936292294098 2.9557628624031578 30.360053262714143 187 203 245 0.40762200903010798 120 253 114 174 119 184 118 156 121 142 124 165 116 165 123 108 125 161
421 -2.3538939397022456 3.0236922246250848 30.428616349961136 96 129 169 0.581781383318419 112 211 120 254 114 253 115 262
422 -2.8361602718813641 2.3550674148852582 30.190634040431028 106 108 109 1.6713331910080456 111 161 113 202 120 179 111 210 112 218
423 -2.7101420566394117 2.9010778529673553 30.245830761156952 89 98 93 0.69535841681433819 120 2 114 3 115 3 119 7 118 7 121 7 124 8 116 4 123 3 125 4
424 -2.2744726566468816 3.0250997138469504 30.296525585757831 1 16 25 0.54631002165788012 120 57 114 33 115 42 119 37 118 33 121 40 124 40 116 37 123 21 125 27
425 -2.3573153134600466 2.8329227078932484 30.257697012450219 96 129 175 0.96585912896631354 120 31 114 43 115 44 121 52 118 71
426 -2.5984926949029989 2.8776041921030093 30.369642598640439 0 13 22 0.71225982123140164 120 45 114 44 115 50 119 48 118 50 121 53 124 61 116 56 123 48 125 35
428 -2.5414318959559119 2.9712500264506514 30.343104329361832 70 113 153 0.86710300633621673 120 44 114 46 115 39 115 49 123 35
429 -2.4990447509857878 2.9825016467546299 30.293311851948733 4 18 24 0.20183843167952045 120 48 114 47 115 40 119 35 118 25 121 31 124 26 116 23 123 13 125 16
432 -2.2558041418800774 3.0124979196382888 30.337341546363749 131 161 205 0.55432461884753603 112 249 120 99 114 102 115 110 119 91 118 69 121 75 124 73 116 87 123 92 125 69
434 -2.236658281173419 2.3294649065012307 29.610783081630522 122 91 86 0.12304092244387482 112 175 114 123 115 132 119 160
435 -2.6895547316987973 2.7159046949927621 30.246544580074932 43 45 39 0.76258838160066733 112 239 120 233 114 176 115 205 119 227 124 146 125 110
436 -2.6885654798757379 2.7159038515006899 30.245081291944363 43 45 39 0.76231009375312586 112 255 120 245 114 185 115 197 119 240 121 154 124 128 116 117 123 124 125 129
437 -2.5849777713537576 2.1849569878790338 30.13989137338487 111 114 112 0.34512626762113197 111 149 114 191 115 212 119 173
439 -2.3420870095665447 3.0370723010531586 30.468062696258375 100 133 174 1.3438904214238008 120 242 114 197 115 264 120 255
440 -2.8238293684213316 2.7707461272394762 31.144699457723707 0 0 0 1.4321848654240439 107 144 111 288
441 -2.668029625617979 2.6961679968717647 30.313891045936394 90 91 82 0.43000599660351141 107 142 108 121 110 152 109 140 116 200
442 -2.8437272694794355 2.3086254626753799 29.999269400914855 172 170 165 1.8439743490833314 120 217 114 221 115 244 119 205 118 172 121 124
443 -2.1953821085652909 2.9374387369556003 30.379452001390408 22 46 68 0.17783612798030163 107 154 120 196 114 233 115 253
444 -2.4547366672061508 2.0836726686107578 29.548485921538191 181 140 115 1.3732555031805844 111 271 114 241 119 210 118 218 121 209 124 192
445 -2.0744102851642747 2.6548756490012644 30.288810252171327 38 43 33 0.26098963501792044 111 278 114 258 119 239 118 210 124 102 116 116
446 -2.262634304028095 2.8421931963069498 30.365294620835233 109 142 193 0.57988388184286321 120 248 115 116 118 105 121 108 124 105 116 80 123 89 125 91
447 -2.2625147275090454 2.8420781111581066 30.364070686816792 109 142 193 0.629596561208278 120 238 115 125 118 116 121 102 124 92 123 76 125 77
448 -2.7352353980754192 3.0077044122557841 30.296907772375363 89 96 91 0.31680712058249988 120 160 115 173 118 199 116 124
450 -2.7098358388633748 2.1809399986312115 30.018901812580108 194 185 176 0.30443460917537774 106 150 115 211
451 -2.7051757865184878 2.7178627135831483 30.250448218831508 83 87 80 0.46454719349472978 111 230 115 221 119 241 118 203 124 159
452 -2.078834594169459 2.7794710273995209 31.643338264470252 66 70 61 3.613196780871573 113 185 115 223
454 -2.1611775243275537 2.8897255686470542 30.02844490298488 9 32 49 1.2971303008581276 106 216 115 271
455 -2.5831383467899927 2.1660362718225818 30.083618580928526 243 234 231 1.078777712709698 107 53 110 42 111 50 108 53 106 43 113 64 112 65 120 64 114 79 115 99 115 141 110 169 113 131 112 212 120 168 109 41 119 83 119 172 105 47
456 -2.0509677708162095 2.6606860401786436 30.307055878095273 91 91 82 0.48174681870115971 111 168 115 196 109 169 119 176 118 135 116 104
458 -2.3485603116504317 2.8336131071248896 30.430608455008802 145 171 216 0.26492461589710486 111 104 109 77 105 73
459 -2.8283855247665843 2.3460922524136323 30.022318532051465 15 18 14 1.0492024737918233 107 106 110 108 111 114 109 82 105 81
461 -2.3783121985838021 2.0850392397046731 29.89642789281022 114 117 116 0.64877187522030633 107 125 110 227 109 120 105 124
462 -2.2506876484722431 2.2621988892065028 29.69635120150917 240 88 82 0.11754741249954119 110 125 109 126 111 93
463 -2.4894726083281298 2.8126084606747686 30.303678678857587 54 65 65 0.24511677456766676 106 135 107 146 110 157 109 144 108 125 105 121
464 -2.2970141636860957 2.8419896774048437 30.387511407960794 162 194 253 0.14612748124820127 107 149 110 161 109 146 108 103
465 -2.2485995335263689 2.2637575405572123 29.665628611041839 240 88 82 0.012593865664699951 110 164 109 156
466 -2.0297535200071337 2.3665956859349957 30.030209190414425 120 126 126 0.30008158611786218 106 138 109 158 108 136 110 114 105 123
467 -2.2970141636860957 2.8419896774048437 30.387511407960794 162 194 253 0.14612748124820127 107 165 110 124 109 162 108 131
469 -2.5127237059431362 2.0652063928949991 29.884025995285615 211 213 219 0.91666139626799681 106 160 109 172 108 156 105 161
470 -2.7768077115848873 2.2431148063625845 30.010277873650899 225 212 200 0.29566158944126708 107 179 110 193 109 173
471 -2.7768077115848873 2.2431148063625845 30.010277873650899 225 212 200 0.29566158944126708 107 191 110 180 109 178
472 -2.6015303977671498 2.1957657461096516 29.937978599630039 244 244 243 1.5236517738488693 111 263 109 199 105 133
473 -2.1084203068165652 2.6954225541115018 30.176539279005439 88 94 93 2.0585351592429424 106 223 107 210 111 283 120 203 109 216
474 -2.2261430671496902 2.8240630012166665 30.360001660112609 106 142 198 0.48881246063332967 111 225 109 234 118 198 121 211 124 179
475 -2.2261430671496902 2.8240630012166665 30.360001660112609 106 142 198 0.48881246063332967 111 256 109 236 118 227 121 218 124 203
476 -2.2638236311125208 2.2560388756414342 29.607651009004904 233 86 80 1.7075627966721152 107 33 111 38 110 36 108 31 106 32 113 28 112 39 120 36 114 31 115 33 109 81 107 76 111 83 108 71 114 83 115 90 119 41 119 51 118 46 118 54 121 37 105 35 105 79
477 -2.842190861281408 2.3226155495930505 30.002190211535833 87 86 85 2.4121860828006438 110 139 111 157 106 127 112 140 120 123 114 141 115 189 109 129 107 133 108 112 110 134 111 156 106 124 113 140 112 131 120 138 114 138 115 149 119 131
478 -2.2308268114305934 2.3329194607355648 29.631535315992316 106 89 86 2.6503407670767469 106 38 107 40 110 33 111 36 109 36 108 41 112 143 107 134 111 160 110 138 106 168 113 143 114 147 115 155 109 128 119 134 105 39 124 121
479 -2.1026363410715692 2.6108325165248694 30.254837516336845 83 82 71 2.6012203866735897 107 190 120 167 108 172 110 236 113 187 110 237 111 234 108 157 106 166 115 161
480 -2.4562187341149384 2.8103175419238617 29.835756102161014 29 90 138 1.3535616323243451 115 0 119 0 114 0 118 2 120 0 121 2
481 -2.461156020399113 2.8173740593710788 29.879608284430823 29 90 138 1.2575705056424524 115 1 119 1 114 1 118 3 121 3
482 -2.6221640432614044 2.7669568497825607 30.298004569110592 89 95 94 0.30926410597258169 115 9 119 11 118 12 121 11 124 9
483 -2.6221640432614044 2.7669568497825607 30.298004569110592 89 95 94 0.30926410597258169 115 11 119 13 118 13 121 12 124 13
484 -2.4100207738406811 2.9736343806423209 29.526112753912813 98 128 162 0.94503644416433263 108 8 119 19
485 -2.4477666226423795 2.8166201852496826 29.765579749005092 31 92 139 2.0728805730919735 115 16 119 20 118 21 121 21
486 -2.3164374940555894 2.7658172312276879 30.271944700636343 82 117 163 0.44822652556909182 115 19 119 22 118 18
487 -1.9901989007954155 2.6181504522074541 30.270248319497078 66 68 59 0.49600635597262194 114 26 119 32 115 26
488 -2.8550066329724717 2.3298958416052167 30.045210719772118 68 69 70 1.6833193766375032 115 79 119 79 114 96 118 53 121 64 116 168 124 154 123 135 116 148
489 -2.4659054253000585 3.0445215467953641 30.339300336590806 86 90 85 0.61003788782573154 114 71 115 124 119 92 118 77
490 -2.5420971511410158 2.1233452197955547 29.843368048924731 104 104 101 0.16768212709731029 115 56 119 93
491 -2.6775123078127741 2.2472825906410536 30.15856804400012 104 110 113 0.82484243241192345 111 92 119 95 121 121
492 -1.9982171016650869 2.342424007699297 29.768327901793352 113 119 119 0.96245001171598377 119 112 121 190 118 133
493 -2.3285374006801312 2.7656840716725957 29.893328934250437 218 65 61 1.6177553784233143 119 115 118 92 121 56 124 38
494 -2.8974403348688584 2.3788178027299396 30.546599342605742 185 180 169 1.2062813762992839 112 217 113 257 118 160 121 166
497 -2.2367899200495112 2.3434501117967463 29.613652527982776 115 94 92 0.24680227258111306 114 213 119 196 116 184
499 -2.1229022931031176 2.3730180667636844 30.199815369288309 119 126 120 1.5455010397305142 111 240 119 198
500 -2.1578341156529506 2.3021456355262946 29.864664000067773 80 83 86 0.64135605243569593 115 236 119 200 118 235
501 -2.4325429006977952 2.0859105363151711 29.608403745043599 198 155 127 1.7208467662203357 112 210 119 211 105 193 107 237 109 204
502 -2.6526686891992317 2.1419780245341968 29.881370975351132 237 244 232 1.5155649767917356 115 181 119 212 114 243 118 237
503 -2.6519349539106116 2.6756401644603049 30.337765141690571 52 54 47 0.30232106787169399 115 280 119 215
504 -2.3865582070375311 3.08543716708694 30.342430434494304 75 110 144 0.35588243147389509 115 257 119 216 118 149 121 175 124 174 116 155
505 -2.5971693448536359 2.1805280541770218 30.129365891009652 238 230 224 0.18281581131214134 115 254 119 218
506 -2.3197836203095989 2.3264692578559729 29.548309531980863 221 67 68 0.16709782249211491 114 254 119 222
507 -2.6226328857780969 2.6382068309534885 30.044856238749748 52 54 47 1.3355604280012223 114 229 115 275 119 226
508 -2.2549999694355196 2.9720889791516218 30.356435043756786 126 157 211 0.24353506556934759 114 234 115 266 119 237 118 157 121 162 124 178 116 130
509 -2.0890970618458766 2.634189576246091 30.247144601369772 37 41 33 1.9654791354189789 112 156 119 238 118 194 115 109 116 199
511 -2.2529853018236854 2.9010373952548321 30.303848781779291 134 168 225 1.1753413260369923 120 50 114 45 119 39 111 126 118 36 121 42 124 49
512 -2.4460653232744658 2.181753472792014 29.680803644157127 254 255 230 2.7825583515535266 108 134 119 157 110 165 111 148 113 127
513 -2.4800295006620425 2.3956093965984357 29.839106071314021 104 101 96 2.755641608819408 111 99 119 106 121 100
514 -2.2797929850457885 2.3558221360871596 29.573607422261802 62 33 23 0.23893568551192551 115 194 119 168
515 -2.0864876258565883 2.321441127150782 28.766497917621244 117 118 116 0.9570032927306561 119 5 124 12
516 -2.573595680856152 2.1921671971687422 29.905306654331728 107 111 105 2.0390465026143909 115 8 119 10 118 11 121 10
517 -2.2613233037609337 2.9518418020576216 30.33126026617381 124 156 210 0.26746092132340754 119 18 118 16 121 18 124 16 116 12 123 9 125 7
518 -2.444400217616316 2.8138089552632475 29.713372533273368 35 91 138 1.9014788289348241 115 18 118 19
519 -2.0861513062141772 2.2460186470206329 29.690511240528007 252 255 251 1.1030589032698161 120 27 118 47 121 38
521 -2.133076896603908 2.4056098006687949 30.175618901885009 122 128 128 0.26865951273339939 115 91 118 79 121 81 119 97
522 -2.3973152782849736 2.087300060251867 29.571918515953378 111 112 108 0.3313898425033715 119 59 118 90 121 78 125 65
523 -1.9845461146755472 2.64563406283566 30.241161879682188 65 66 60 1.7707421659991862 115 60 118 96 114 72 116 118
524 -1.9855169788156353 2.6416871115390461 30.208408694076773 65 66 60 1.0488823924009647 115 57 118 98 114 66
525 -2.3090896405813273 2.7625978859050262 30.38757873621735 68 114 164 0.098296737908556864 119 119 118 113 121 104
526 -2.4778584339713277 2.0913871777123312 29.54509101334866 146 119 106 0.25905741155505746 119 154 118 121 121 118 124 136 116 106 123 120
527 -2.4522282920078213 2.9469804569416316 30.177164284711125 51 92 128 1.0215108090472851 119 101 118 143 124 194
529 -2.8467960173675939 2.2885650986374437 29.966545864516927 80 81 71 1.1002149465203546 115 270 119 233 118 158 121 178
530 -2.1374598820618522 2.3127150948798065 29.900200673493018 40 46 48 0.7204914603449466 119 177 118 177 121 164
532 -2.0247075291258367 2.4481728233969817 30.178489799770642 42 44 46 0.99080235418326446 115 195 120 187 118 186 113 173
533 -2.8462848323382239 2.2880604903933417 29.965930070812622 80 81 71 1.5110097510219997 115 260 119 217 118 195 114 240 121 167 124 152
534 -2.1666543224227328 2.8768961451016786 30.334857116955408 79 124 172 0.45849446988958087 120 250 118 201 121 161 124 177 116 134 123 156 125 163
535 -2.2427498590370134 2.9790872344626758 30.354421621287553 137 170 225 0.4790075935622462 115 265 118 202 116 147
536 -2.4381811361488919 2.1302776825891971 29.587754329997463 208 158 127 1.7592034406727495 120 235 118 208 123 154
538 -2.4414345285932399 2.1412584244772406 29.559274913666105 213 154 123 0.69219357966331863 115 143 118 214 121 92 124 113 116 108 123 115 125 123
539 -2.6056347821206955 2.6262990266706185 30.289660847353964 51 50 43 0.21111200503789732 119 236 118 215
540 -2.1274279864539092 2.5551178089925721 30.256108445776128 113 115 107 0.713561964471362 119 190 118 219 121 172 124 169 116 151 123 97 125 103
541 -2.6056347821206955 2.6262990266706185 30.289660847353964 51 50 43 0.21111200503789732 119 234 118 226
542 -2.4970815578708287 2.498041172627067 30.092013750401239 57 52 48 1.4613566210265294 115 226 118 231 124 157 123 139 125 150
543 -2.7923312572775614 2.2949976955158644 30.021689427750523 44 47 43 1.69318087086064 107 52 108 40 110 40 106 42 113 30 112 40 120 35 114 63 115 61 109 43 119 96 118 127 107 180 110 133 111 154 106 155 113 137 112 136 120 136 114 137 115 148 109 185 121 123 105 40 105 112
545 -2.3856928680727183 2.0887334244439701 29.54435938952405 107 111 106 1.622765000676154 112 51 120 63 113 53 114 62 118 60 115 58 119 57 120 130 114 121 121 61 124 50 116 50 123 51
546 -2.2306195415805172 2.1819030428016761 29.633646974034654 89 97 94 1.593838159366608 107 54 111 51 110 45 108 54 106 51 113 43 112 47 120 52 114 51 115 51 109 39 119 50 118 93 111 260 108 191 106 224 113 239 120 241 115 144 109 232 119 206 121 87 121 204 105 84 105 186 124 59 116 57 123 153 125 73 125 179
549 -2.1366155566073184 2.2899367160251924 29.821073505886925 86 89 85 0.64469107415737026 118 32 121 36 124 34
551 -2.7131147902091861 2.2786538877492184 30.192398082439951 99 105 110 0.74035142296717249 118 51 119 34 121 62
552 -2.4837193831000537 2.1867448815324755 29.62030074098417 100 101 97 0.88634206570943708 118 52 121 63 124 58 116 52 123 38 125 20
557 -2.8723005996786015 2.3585683545794907 30.066538649471749 104 106 99 0.39727395761250678 118 130 121 127 124 155
561 -2.5210647387349567 2.5191659703878879 30.185321503597518 94 96 86 0.40027524759884997 121 228 124 199 116 185
562 -2.6407658804925842 2.6537923784741455 30.273374879432712 68 69 63 1.1160986387041516 115 224 119 247 114 203 121 155 115 225 119 232 118 212 124 127 116 153 123 101 125 106
563 -2.4031492837727728 2.8268792487960046 30.030073791404089 2 12 20 0.96923471049670695 118 40 121 54 124 83
564 -2.7104789214354961 2.2356977456455964 30.072982299100445 254 254 248 0.51190005788432202 118 123 121 119 124 148
565 -2.6773160439969153 2.6786614449525201 30.172496016514714 93 95 86 2.1210586459311678 114 202 118 209 121 156 123 102 125 109
568 -2.8129661995616839 2.3365882248655403 30.2607585575185 116 123 122 0.28272512869685457 107 36 108 34 105 49 106 35
569 -1.9638493802665136 2.6396950939096762 30.194256387917221 110 116 112 0.34386860614159209 109 92 112 49 105 62
571 -2.6997211819841564 2.1080050656563039 30.070983026752831 252 255 251 0.90784051234714014 112 94 105 86 113 87
573 -2.5165349239419577 2.0898626476762239 29.841381962110013 246 220 209 1.4734555051398033 111 146 105 102
574 -2.2581802099765458 2.4969977028560111 29.568655257075282 106 95 86 0.14989883977241003 107 161 109 136 105 144
577 -1.9674303587868653 2.5102274664942827 29.261458858720022 49 53 51 1.4868465077808155 107 113 105 154
578 -2.397311844543494 2.080575590805986 29.909477429335293 254 255 251 0.086116310526685072 108 162 105 155 110 217
579 -2.7648894730958964 2.3083911786397016 30.025588807187937 226 217 215 0.73368742083983729 111 276 105 165
580 -2.5654905934664165 2.1641068071260943 29.882664709967692 251 252 250 0.26828720743757217 107 225 109 201 105 187
581 -2.4346203503083435 2.0823394403761508 29.670818133421239 196 152 125 0.9216737226923486 107 240 109 205 112 200 105 198
582 -2.6635367966495886 2.2191920642707226 30.130324679071112 251 254 250 0.772530485990922 107 110 110 89 111 91 108 87 106 84 113 91 112 119 120 94 114 95 115 98 109 96 119 78 105 164 110 221 113 198 112 228 120 170
583 -2.6056107877041415 2.8714480596138183 30.479027545263502 0 19 30 0.28005808384108283 109 37 105 32 107 39
584 -2.0506607388333902 2.5415973384841055 30.003981855237665 80 82 73 1.2223834577880244 118 1 121 0 124 0 116 0 123 0 125 0
585 -2.1555580265498793 2.9125048518769781 29.660822073499251 121 149 188 0.36721847710157063 121 1 124 2
586 -2.7090861232565442 2.9015318802919232 30.247060037383669 91 99 96 0.6729789625636361 118 10 121 8 124 6 116 5 123 4 125 3
587 -2.4079164523446535 2.6208739261803897 30.004611826409988 251 99 97 0.45025695424078482 111 7 124 10
588 -2.1298757823229999 2.6310573906691181 30.260129589426512 28 33 23 0.26233634296271463 121 19 124 15 116 11
589 -2.4841966526714048 3.09037310226344 30.298916282492055 91 122 157 0.75229804368203423 121 17 124 17 116 13 123 10 125 12
590 -2.3938831798645555 3.0821502676225458 30.21779826396773 19 31 28 0.33564952178331575 118 30 121 32 124 27 116 16 123 14 125 10
591 -2.4366865630105612 3.0955249464376817 30.318337193155184 80 109 142 0.75297754730783117 121 76 124 82 116 86 123 66 125 58
592 -2.4302362955669752 3.1282635288524112 30.343888593318347 5 21 28 0.31429784402330091 118 119 121 184 124 84 116 49
593 -2.4311750044209131 3.1287235794077057 30.346066411123985 5 21 28 0.16920306993795861 118 145 121 180 124 89
595 -2.8370920411976392 2.3422400938058798 30.152866452746984 103 108 101 1.7383116062841761 118 129 121 126 124 115
596 -2.3228473413735795 3.0986945054703301 30.328732626151901 85 119 161 0.22535914397686943 118 118 124 133 116 128 123 110
597 -2.3491012794785804 3.1452809361335432 30.310378595576502 3 26 43 0.5359924229075157 121 177 124 134 116 97 123 96 125 74
598 -2.1661273729871255 2.9050837073648914 30.289310077082281 81 125 175 1.6781108319389915 118 142 124 135 116 197 123 81 123 107 125 93
599 -2.2191108808206552 2.4241444713327089 29.601841404571307 121 113 101 0.71215942664638732 115 134 121 152 124 143
600 -2.2191108808206552 2.4241444713327089 29.601841404571307 121 113 101 0.71215942664638732 115 133 121 153 124 144
601 -2.1416214025614764 2.5625475115859766 30.272395618144493 31 36 30 0.66234629436220871 121 217 124 145 116 140 123 165 125 151
602 -2.6756051181742571 2.6951753436639452 30.162517997914186 48 51 46 1.2701268609142378 111 231 121 134 116 100 123 112
603 -2.1884957905701627 3.0406476554992494 30.342255493668791 108 114 122 0.026794014180067521 118 187 124 166
604 -2.1505662200859352 2.965684477024995 30.324527390944532 92 103 116 0.99828711229565903 121 147 124 170 125 152
605 -2.2144875032902198 3.0658851458373619 30.337926557305597 125 154 200 0.69345633824421515 118 204 121 224 124 175 116 177 123 157
606 -2.2354037175230315 3.0718769094735339 30.308774390822368 109 138 181 0.32708723574688003 121 231 124 176 116 131 123 141 125 143
607 -2.5614230601634009 2.5760920716760993 30.298747264484909 94 94 87 1.1093021019108791 121 170 123 128 116 183 118 228
608 -2.5148079369948455 2.5055852913420043 30.131517464063947 94 94 88 0.1183054028816205 124 187 116 191
609 -1.9461264142354306 1.5876162829836373 23.873166186385941 97 104 101 2.058611684569752 115 210 124 211
611 -2.1459494278557805 2.243203218623024 29.636903885236695 237 243 240 0.46441934537851515 121 200 124 216 116 169 123 176 125 175
612 -2.1409675244905988 2.7543461042939188 30.20662280762981 113 116 116 0.5237393344341289 121 5 124 14 116 6 123 7
614 -2.4868811254288898 3.0934225756035936 30.308679612615165 87 119 154 0.37644147745182266 124 18 116 14 123 11 125 8
615 -2.1829457109736952 2.2347867164188089 29.61975050407769 214 215 210 1.5712202913778448 109 11 124 21 116 15
616 -2.3570780582345487 3.1392606031668091 30.296574548439533 31 43 43 0.064177290898339304 124 41 116 25
617 -2.4273372834747131 3.1835429170646874 30.364888122929976 94 121 151 1.1932035690769092 124 28 116 26 123 26 125 32
618 -2.2771987658152071 2.8331035088508965 30.357557162000425 84 125 176 0.8527134908683115 124 23 116 31 123 30
619 -2.2256267432323948 2.40308449297993 29.594881334930179 117 109 104 1.3488429855281223 107 50 116 33 123 27
620 -2.5346441492661058 2.9572354319916547 30.372160273385408 40 93 135 0.11322662374977106 124 54 116 43 123 47
621 -2.1873889858655486 2.2909912961324546 29.622077387957649 87 90 90 0.046021499885596756 109 40 116 46
622 -2.5365153545732357 2.9617697635124585 30.389278616569658 40 93 135 0.1619227003946957 124 55 116 47 123 46 125 46
623 -2.3565973873231805 3.0901354201340112 30.284918342956104 82 116 149 0.24744156011970214 124 74 116 61 123 49 125 57
624 -2.7930709991503284 2.4095853725922445 30.237640372958644 116 123 121 2.3078476167465785 107 49 116 62 109 45
625 -2.0961730668969989 2.2662753259443043 29.677651194736207 102 109 110 1.2191266983440296 113 136 124 117 116 76 123 175
626 -2.3419317332633365 3.1726998369211827 30.319293297628622 66 105 140 0.19435404260865941 124 86 116 83 125 90
627 -2.5050522924644136 3.1579373672137279 30.358989497952173 105 127 155 0.50658374948998608 124 85 116 84 123 52 125 49
628 -2.4407583616924469 3.10502482146916 30.34873531120185 77 103 132 0.40243420425367793 124 90 116 91 123 71 125 56
629 -2.1391565759928346 2.271332276120499 29.631125865067919 92 95 94 0.38817468793262322 124 119 116 112 123 118 125 99
630 -2.2519765682687716 3.1198031800318176 30.28182816337663 138 163 198 0.18257245068448971 124 171 116 129 123 143 125 145
631 -1.9623314844552004 2.6178670103223265 29.926731271596068 37 42 34 0.60981942734544736 112 261 116 132
632 -2.3799082482330167 3.1016756143941064 30.244133538825817 47 55 47 0.81193182024664812 118 161 121 183 116 137 125 72
634 -2.8454552171066867 2.2894883449886878 30.033398592722257 0 0 0 0.71859354005015774 114 192 119 129
635 -2.3552927761920257 2.331333912649582 29.729148177352698 0 0 0 1.3394481101288482 113 203 114 131 115 103 114 98
636 -2.7272058659262526 2.7606459100227845 30.346713389427485 90 93 84 1.4796197246349974 112 158 121 158 116 156 105 120 125 121
637 -2.5251466238668403 3.1962038271115021 30.501223763997491 105 129 156 0.70632072693886849 124 167 116 171
639 -2.2285123906008528 2.2737715354361634 29.656222751301421 73 67 65 1.2196100457496835 113 117 116 175 112 115
640 -2.198358706907487 3.0384374230974838 30.32078909374663 119 148 191 0.3211359723870057 121 173 116 178 125 147
641 -2.141845817148698 2.2666526864387975 29.634145072239413 95 96 94 0.45101480784106751 124 189 116 186 123 167 125 168
642 -1.9933137955282365 2.6983599664338769 30.118797426193801 35 40 29 1.1439664144617148 118 207 116 194
643 -2.2567664397119933 3.0337473624730444 30.333349141452729 5 31 59 0.048610350574186334 121 223 116 195
644 -2.335407547954202 2.3281486766149979 29.57291428618036 221 67 68 2.7731022241589853 113 191 114 166 114 215 119 197 116 139
645 -2.0266317793054434 2.6911069842018649 30.360289937661207 68 69 59 2.3281977306747952 112 99 119 67 118 87 121 86 116 68 119 142 125 88 121 113
646 -2.5110593037072353 2.872228088470524 30.139751709749575 31 87 132 0.79275107075287166 116 1 124 1 123 1
648 -2.3814475582188588 2.1044501587994513 29.572452760369821 108 108 102 0.20436643172866237 116 18 123 18 118 23 125 17
649 -2.5365153545732357 2.9617697635124589 30.389278616569662 38 91 135 0.16192270039469003 116 40 124 56 123 44 125 38
654 -1.99041590758232 2.673908691360023 30.252618209719607 73 78 68 0.39984344600401089 116 157 124 181 123 134 125 136
655 -2.6353761889811258 3.0838762494771461 30.074279704975318 95 101 101 1.0058134558230136 116 173 124 164 123 159
658 -2.2236690760439561 2.4337652424534282 29.618763646958502 109 105 99 0.96289982444524524 111 235 113 214 112 214 120 207 119 191 123 168 120 208 115 228 118 229 119 192 121 225 124 183 116 201
659 -2.2121788269340672 2.3735465160029592 29.579275111148903 235 215 189 1.944685950613569 107 227 111 249 110 213 108 202 106 204 113 231 112 238 120 232 114 227 115 274 109 207 105 170 123 75 118 94 121 90 124 98 116 78 125 85
660 -2.2145179100673333 2.2364920652918125 29.621499097351084 228 233 228 1.0480517573521029 111 150 114 193 110 129 115 216 109 124 123 136 107 89 111 67 110 51 108 67 106 78 113 83 112 66 120 80 114 81 115 97 109 58 119 98 118 85 124 64 116 59
661 -2.2121788269340672 2.3735465160029592 29.579275111148903 235 215 189 1.944685950613569 107 215 111 239 110 205 108 180 106 190 113 218 112 215 120 211 114 212 115 278 109 222 105 192 123 78 118 101 121 96 124 95 116 94 125 84
662 -2.1384358299263404 2.7530526759481941 30.203880710168047 114 116 116 0.27699959207904795 116 8 123 5 125 5
663 -2.499144521587795 2.9839722409312821 30.2984692001138 4 15 18 0.29357480427082899 116 19 123 15 125 14
664 -2.2921419413936621 3.0713034588831838 30.302806982726981 146 169 203 0.14997199658077345 116 27 123 37 125 41
665 -2.8105950881102806 2.2643941986834597 29.960331450807281 191 184 173 1.6223207267564141 116 51 123 50 125 169
667 -2.295270382974242 2.7817556071576917 30.333935561850904 5 17 30 0.12984993674596609 116 75 123 70 125 54
668 -2.2517503853737795 3.048394800030191 30.295824733573657 133 157 195 0.45860702730273911 116 127 123 74 125 70
670 -2.2680972293306021 3.1162079911455876 30.262474206940901 102 131 170 0.37004531397524243 116 96 123 111 125 120
671 -2.232421711951424 3.001000882504377 30.331594618021466 99 133 185 0.081659066602847261 116 102 123 125 125 118
672 -2.5001072501750863 2.835380619971279 30.391406695182376 17 73 116 0.35467823922825586 116 101 123 148 125 146
673 -2.1399483384869331 2.5577366091997176 30.258447049668554 42 44 43 0.44377289356142757 116 152 123 163 121 210 125 155
674 -2.5183246630039759 2.7985409915380854 30.359955698660066 22 85 134 0.89069838887068975 116 196 123 104 111 182 113 183 112 262 114 182 115 198 119 146 118 162 121 146 124 180 125 138
675 -2.2792780149375687 2.9436607522519318 29.879619939785194 134 161 196 1.9008070465667883 116 17 123 12 125 9
676 -2.3444977752825293 2.8685202743462357 30.268981886047627 231 68 56 0.85391768237591048 123 32 125 18
677 -2.2666233587819127 2.9329097535780768 29.905769506840862 149 171 211 1.8351807602561707 116 41 125 47
678 -2.457179832850259 3.2089960697711315 30.314009975356598 109 129 154 0.43005315610799727 123 64 125 67
679 -2.4990907918235168 2.4078973230149487 29.929695356310404 98 98 93 1.0357452205003859 123 40 125 78
680 -2.4903176438128254 2.6799528617347179 30.237302453463411 15 92 151 1.1076546120060591 121 157 123 91 125 87
681 -2.3785479764617814 3.088141850036707 30.202099593262492 43 49 44 0.71344864578494183 116 143 125 97
682 -2.458931758878327 2.269849925943626 29.653222756038542 251 110 109 1.8415773035463054 114 53 125 98
683 -2.2636763361157195 2.2814380378667516 29.624568801645189 219 85 79 0.18341268458325649 114 170 125 127
684 -2.8613222567426262 2.7679602540615984 30.222555575114807 91 98 99 2.4868584603903603 121 106 125 135
686 -2.6270516237272674 3.3433169307241837 31.076362554261781 71 81 80 2.1803422608814955 123 164 125 157
687 -2.6917695033052995 3.0722895649685475 30.221713391198339 49 59 58 0.045578449149182992 116 133 125 158
688 -2.2420853895644015 3.1079031628847433 30.291923475924129 135 161 200 0.0087533463627279626 116 172 125 159
689 -2.6270516237272674 3.3433169307241837 31.076362554261781 71 81 80 2.1803422608814955 123 158 125 173
690 -2.4845698176997262 2.0985267283618674 29.560410821282858 167 163 159 1.955755564595139 112 123 120 131 114 132 118 122 119 155 116 107 124 137 125 122 119 158 118 146 121 149 124 139 116 98 123 113
691 -2.3031726833997115 3.002292912572484 30.322226713984879 125 148 182 0.27841003271963594 121 91 123 65 125 53
692 -2.1401229534092838 2.5745113115886937 30.261134005368028 36 40 36 1.658200381978479 121 110 124 104 110 149 111 166 113 150 107 199 112 126 120 171 114 206 115 83 115 279 109 165 118 86 118 217 121 66 124 69 124 126 116 54 123 99
