# Frame list with one line of data per frame:
#   FRAME_ID, RIG_ID, RIG_FROM_WORLD[QW, QX, QY, QZ, TX, TY, TZ], NUM_DATA_IDS, DATA_IDS[] as (SENSOR_TYPE, SENSOR_ID, DATA_ID)
# Number of frames: 53
21 1 0.99790092756956728 0.052743202528762669 -0.037058319684808008 -0.0062108199898136983 3.492636678963601 4.2458573656514265 0.63435121350377177 1 CAMERA 1 21
24 1 0.99737555165815117 0.050974713435551357 -0.050872604709670158 -0.007454236031664712 4.5847903547255511 4.1035103745496571 0.56080777865886611 1 CAMERA 1 24
25 1 0.99752062158915789 0.050616232766648207 -0.048311578909769767 -0.0075231528056914822 4.3928516217465612 4.070695784286829 0.6517598260093026 1 CAMERA 1 25
27 1 0.99799396111107386 0.05014983200582733 -0.037356044598979281 -0.0098779485489003151 3.5457342378987695 4.04143391882487 0.58027821798138679 1 CAMERA 1 27
28 1 0.99660389916486558 0.057787653881562866 -0.058005380259695767 -0.0087539185042621176 5.1522275118302199 4.6286397738429592 0.65211809213546079 1 CAMERA 1 28
29 1 0.9968100356758659 0.055896350039361928 -0.056494111542885798 -0.007332543156097427 5.0137702948659317 4.4980054400830278 0.40992202572690623 1 CAMERA 1 29
30 1 0.99822597619267528 0.043272501205077682 -0.040116842641463431 -0.0079391454273769913 3.7366345746721046 3.5078473900712499 0.56344844486150392 1 CAMERA 1 30
31 1 0.9988873860966726 0.031587023722111626 -0.034292244489764881 -0.0070916709730602743 3.2741672474867456 2.589711051745978 0.37843331985256345 1 CAMERA 1 31
32 1 0.99894574783203494 0.037973480922289908 -0.024522858891337471 -0.0080023138364293325 2.5384164085824472 3.0875207089523853 0.46408883853027411 1 CAMERA 1 32
33 1 0.99916141125239566 0.029911394130161514 0.027333648356309345 -0.0058868015802148854 -1.5765423828114244 2.4925641583939613 0.30223203920079544 1 CAMERA 1 33
34 1 0.99894205776749589 0.040642085735941462 0.020003158694926412 -0.0079284129874066852 -0.97660251549730737 3.3175479452523264 0.46995748349352157 1 CAMERA 1 34
35 1 0.99963419040990642 0.022710010347317167 0.013179315486576368 -0.0064843223902782488 -0.46237814106101732 1.925871668839473 0.17321160076571701 1 CAMERA 1 35
36 1 0.99994651614894559 -0.0088493514736305567 -0.0048631989994639266 -0.0022367645326496826 0.89114254646219893 -0.55360754897928555 -0.15584783434960228 1 CAMERA 1 36
37 1 0.99991493573242629 0.011290101826069441 -0.0032860128349115874 -0.005644202301791296 0.82287312111740429 1.01177263046569 0.17589644397710738 1 CAMERA 1 37
38 1 0.99985770015034603 -0.014717197015832111 0.0082192405081752944 -0.00065394764845160154 -0.12248533520525856 -1.0307039881734295 0.11921713739289627 1 CAMERA 1 38
39 1 0.99992600736673065 -0.0034472372982110983 0.011591265422495042 -0.0013186783323046085 -0.38083443043948839 -0.14246337710888071 0.068270838253916319 1 CAMERA 1 39
40 1 0.99982537845442065 -0.015903879401552804 0.0097873896618075624 -0.00069729625229341308 -0.25032002322867758 -1.1265920853332259 0.057786393193705612 1 CAMERA 1 40
41 1 0.99983332721567009 -0.014425365008239148 0.011181409636414516 -0.00045023523249051095 -0.36477904242769571 -1.0071281161274768 0.018048822070493659 1 CAMERA 1 41
42 1 0.9998410306822092 -0.015813078521077637 0.0082327308071919146 -0.00028645327738643396 -0.12479913467899986 -1.1279179992634725 0.11450793022382418 1 CAMERA 1 42
43 1 0.99981528245622286 -0.018667799076722814 0.004516357335300516 -0.00071886092847310372 0.17845192279261407 -1.3503828655421652 0.12617386857891624 1 CAMERA 1 43
44 1 0.99986970631680105 -0.013859729199438021 0.0082131691441250359 -0.0010110138883154935 -0.11672806738440972 -0.97351162470641595 0.11921173351748925 1 CAMERA 1 44
45 1 0.99988874807783701 -0.0087042649632012355 0.012046034539061268 -0.0012729063870102302 -0.43539065132642346 -0.55567285065067851 0.0097491348754012459 1 CAMERA 1 45
46 1 0.99985773561686297 -0.015679721805890091 0.0060789188403411413 -0.0013044527365021386 0.049046426838598271 -1.1093878246863758 0.046409604059262456 1 CAMERA 1 46
48 1 0.9997446043237096 -0.019942585437064415 0.010598784758063622 -0.0008277519960125623 -0.29735624169127944 -1.4519655976868817 0.21040433180051799 1 CAMERA 1 48
49 1 0.99986307466004209 -0.014931776601570119 0.0069719218191299712 -0.001505418558338481 -0.021140566020974094 -1.0522324855935785 0.079254236515089199 1 CAMERA 1 49
50 1 0.99985330724527788 -0.015755439882438799 0.006482627531119489 -0.0017622840530366914 0.013230501941706826 -1.1117974060612892 0.10927409337411519 1 CAMERA 1 50
51 1 0.99976462717042369 -0.015253083460073992 0.0154211811728126 -0.00046997338136129584 -0.68071374118810168 -1.0858967272387616 0.21024523663929798 1 CAMERA 1 51
52 1 0.99986285311841083 -0.015484200591209007 0.0056943439028424954 -0.0014453143183579134 0.08146534856537635 -1.0963375254088934 0.03449644259566631 1 CAMERA 1 52
53 1 0.99983573514167423 -0.014204815276541122 0.011204235038239675 -0.0010913633103707171 -0.34954227856592929 -0.99603612584555634 0.095643255043423581 1 CAMERA 1 53
54 1 0.99975579829409322 -0.014785717266077754 0.016414394036708687 -0.00054222751292711804 -0.76444641261809154 -1.0478456168015045 0.16512014309392153 1 CAMERA 1 54
55 1 0.99985722140019118 -0.014112034908267056 0.0092237997784827223 -0.0011440289697378341 -0.18864435469263152 -0.99310086345192261 0.17686754075165484 1 CAMERA 1 55
56 1 0.99986308566704041 -0.014898463292115883 0.00712960767696249 -0.0010071773878408657 -0.016795062943265698 -1.0569784017207675 0.16228705733151411 1 CAMERA 1 56
57 1 0.99988772728103148 -0.014297132193475094 0.00415216787602978 -0.0016983361697261263 0.21665437948520042 -1.0009067362380144 0.15555023644790059 1 CAMERA 1 57
58 1 0.99951944088204103 -0.027754984489412216 0.013797739211786463 0.00041294974047250945 -0.56547124894120038 -2.0740969553172368 0.19506825815352835 1 CAMERA 1 58
59 1 0.99985195689369322 -0.014314134599792874 0.0095079884813762672 -0.00087635697600571593 -0.21919931221618605 -1.0047714676662611 0.090372282175270977 1 CAMERA 1 59
60 1 0.99927503887984548 -0.030265665363155943 0.023080543412226102 0.00082139369684000759 -1.2846063282636624 -2.275363428366604 0.27970899446058611 1 CAMERA 1 60
61 1 0.99981162321570416 -0.019335032280509996 0.0012307565741027887 -0.0011661250987192067 0.44315962678768817 -1.4050483884883287 0.14417265107925215 1 CAMERA 1 61
62 1 0.99985690448599829 -0.015724602850865958 0.0060880339941619442 -0.0013576667285420873 0.060115385888160962 -1.118727309803955 0.14917483684241639 1 CAMERA 1 62
63 1 0.99988190963786971 -0.0098640744539540085 0.011640917997276052 -0.0018318958142928695 -0.38329935440732305 -0.65186540585374453 0.13230524882937564 1 CAMERA 1 63
64 1 0.99987118246511442 -0.015298516889126295 0.004678685181363761 -0.0012975984667336381 0.17498085422224974 -1.0846431668195016 0.15886426304382961 1 CAMERA 1 64
65 1 0.99973521441594493 -0.021362117954251303 0.0084948597629176635 -0.00099916506238044889 -0.127656332343205 -1.5599950766980726 0.11043161509497498 1 CAMERA 1 65
66 1 0.99878224246000302 -0.027133565521026404 0.040424465225439903 0.0079789961725254682 -2.6590589968221705 -2.0590127630627069 0.29590876593970072 1 CAMERA 1 66
67 1 0.99880797797620724 0.029289397675959592 -0.038982075054205589 0.002269832444953576 3.6246358287147595 2.370978204027927 1.064779762438111 1 CAMERA 1 67
68 1 0.99986350605300978 -0.014763437531934246 0.0073286293056461409 -0.0011407752293784666 -0.038489822504319454 -1.0395673515529786 0.073538713093635022 1 CAMERA 1 68
69 1 0.99987457291390835 -0.013117304720940883 0.0088206878354811866 -0.0009849990844663461 -0.16030379658393504 -0.920122936028961 0.22706766147442536 1 CAMERA 1 69
70 1 0.99795056641766389 -0.011996125432727649 0.062339336522996835 0.0080353645305403926 -4.3658729752533318 -0.88959908030894574 0.5361698639991771 1 CAMERA 1 70
71 1 0.99834817439842194 0.052767233734009385 -0.02210001064137385 -0.0053038899922241379 2.3396849069069536 4.2259442480684593 0.77822259714824815 1 CAMERA 1 71
72 1 0.99792736259216064 -0.0017573137847086873 0.064320739872521293 -0.00085630623488034546 -4.509906356855458 0.0049870584295647223 0.056045673801656475 1 CAMERA 1 72
73 1 0.99753954324921046 0.0030764913496813778 0.069878657719157841 0.0047294873401671949 -5.0241845725016585 0.35268881435746241 0.089623471097455679 1 CAMERA 1 73
74 1 0.99799198153325053 0.00088620333012917759 0.063072801637292716 0.005748141666362996 -4.4912112446194445 0.15686874315273511 0.1672174026626925 1 CAMERA 1 74
75 1 0.99786903685393091 -0.00031690550228758531 0.065247821035991818 8.1909499480706312e-05 -4.5851618803329721 0.10570531251789415 0.11279853567649054 1 CAMERA 1 75
76 1 0.99302631496898985 -0.037727863955612131 0.11084254502458281 0.013757771364899727 -8.2148566905974754 -2.926476891526169 0.15712686489096001 1 CAMERA 1 76
78 1 0.99115745912050224 -0.047608800103856055 0.1225213155087298 0.018133411936846387 -9.1258646366692542 -3.7405558825034531 0.27374391465117737 1 CAMERA 1 78
