# 3D point list with one line of data per point:
#   POINT3D_ID, X, Y, Z, R, G, B, ERROR, TRACK[] as (IMAGE_ID, POINT2D_IDX)
# Number of points: 218, mean track length: 18.064220183486238
2 -1.069366192256475 -1.5438330347521119 39.287600774909961 252 94 98 0.42440058019847987 29 3 60 4 25 3 53 4 28 3 24 3 31 3 21 3 64 4 41 4 33 4 38 4 45 4 44 4 52 4 59 4 49 4 68 4 50 4 37 4 46 4 40 4 43 4 48 4 69 4 36 4 54 4 65 4 35 4 56 4 58 4 57 4 63 4 42 4 39 4 51 4 62 4 55 4 70 4 67 4 72 4 66 4 71 5 61 4
3 -1.5708898193621503 -3.7236233133864216 39.363910120694335 254 255 247 0.49869284553721499 29 5 60 6 25 7 53 6 27 5 28 5 30 4 24 5 31 5 21 5 64 6 41 8 33 6 38 6 45 6 44 6 52 6 59 6 49 6 68 6 50 6 37 8 46 6 40 6 43 6 32 4 48 7 69 6 36 6 54 7 65 6 34 5 35 6 56 6 58 6 57 6 63 6 42 6 39 6 51 7 62 7 55 6 70 7 67 7 72 7 75 4 74 6 66 6 71 7 61 6 78 5 73 5 76 4
4 -2.6984743457911589 -3.5104306736587683 39.358368790524878 82 80 69 0.83500152093933899 29 6 60 8 25 9 53 9 27 6 28 8 30 5 24 7 31 7 21 6 64 10 41 9 33 10 38 8 45 9 44 8 52 8 59 7 49 8 68 8 50 9 37 10 46 7 40 10 43 11 32 7 48 8 69 8 36 8 54 8 65 8 34 7 35 7 56 8 58 8 57 8 63 8 42 10 39 9 51 8 62 8 55 7 70 10 67 11 72 9 75 7 74 5 66 7 71 11 61 8 78 7 76 7 73 4
8 1.1571523756152902 -0.37317119195869736 39.318305659951065 137 125 118 0.52040924149893864 29 16 60 15 25 16 53 18 27 13 28 16 30 14 24 16 31 11 21 14 64 15 33 16 38 13 45 15 44 12 52 17 59 12 49 16 68 14 50 14 37 17 46 16 40 16 43 15 32 12 48 12 69 17 36 11 54 13 65 15 34 13 35 12 56 16 58 14 57 13 63 15 42 14 39 12 51 14 62 14 55 15 70 16 67 16 72 24 75 18 66 12 71 17 61 13 76 18 78 22
10 1.5596819810326101 -1.8554965106831631 39.309083765764335 226 187 174 0.22339475589434168 29 21 60 20 25 19 53 23 27 20 28 19 30 23 24 22 31 20 21 18 64 21 41 16 33 24 38 18 45 23 44 17 52 24 59 19 49 22 68 26 50 20 37 21 46 21 40 21 43 19 32 17 48 21 69 23 36 17 54 20 65 23 34 22 35 17 56 22 58 20 57 18 63 23 42 21 39 17 51 24 62 20 55 22 70 23 67 22 72 29 75 23 74 24 66 16 71 24 61 19 78 30 73 26 76 22
12 4.1298308350138653 -2.6404372673561323 38.813482402347951 110 115 116 0.73861052569328378 29 20 60 26 25 18 53 22 27 19 28 18 30 21 24 20 31 19 21 17 64 20 41 15 33 23 38 17 45 22 44 16 52 23 59 18 49 21 68 25 50 19 37 20 46 20 40 20 43 18 32 16 48 20 69 22 36 16 54 19 65 22 34 20 35 16 56 21 58 19 57 17 63 22 42 20 39 16 51 23 62 19 55 21 70 27 67 20 72 21 75 17 74 17 66 14 71 23 61 18 78 19 73 15 76 16
13 2.8380572032232627 -3.1251692960675128 39.165701490891017 125 131 137 0.35137483730755553 29 26 60 27 25 24 53 26 27 30 28 25 30 35 24 24 21 21 64 26 41 22 33 35 38 22 45 27 44 28 52 26 59 22 49 26 68 51 50 23 37 26 46 24 40 23 43 24 32 27 48 25 36 29 65 27 35 29 56 31 58 22 57 19 63 25 39 21 51 26 62 23 55 29 70 32 67 28 72 41 75 40 74 43 66 27 71 28 61 21 78 35 73 51 76 44
14 -2.1074197575657245 -1.1652013354812221 38.546887375211611 94 86 74 0.31390195528005777 29 56 60 29 25 56 53 28 27 83 28 84 24 54 21 52 41 33 45 29 50 26 43 26 48 26 69 34 54 28 57 23 42 31
15 2.0957206425773882 -0.9893255992510589 39.180404411997557 141 128 120 0.23584559790928494 29 25 60 30 25 33 53 29 27 25 28 32 30 33 24 28 31 21 21 25 64 33 41 30 33 30 38 19 45 34 44 27 52 31 59 26 49 27 68 28 50 28 37 29 46 28 40 33 43 28 32 23 48 29 69 29 36 22 54 25 65 32 34 26 35 25 56 27 58 27 57 26 63 27 42 29 39 27 51 30 62 27 55 28 70 36 67 34 75 27 66 22 71 31 61 25
17 2.097022145063387 -0.99102449135635517 39.207520472791501 141 128 120 0.20584263317463944 29 32 60 32 25 32 53 34 27 33 28 36 30 30 24 30 31 25 21 30 64 32 41 36 33 38 38 29 45 33 44 30 52 35 59 31 49 31 68 33 50 29 37 31 46 30 40 32 43 31 32 28 48 30 69 30 36 26 54 31 65 34 34 32 35 31 56 30 58 29 57 30 63 33 42 33 39 29 51 31 62 30 55 34 70 39 66 29 61 26
18 2.4060582488374447 -1.1871257156958768 39.181784310949091 63 58 61 0.18499572290004487 29 23 60 33 25 28 53 35 27 34 28 30 30 29 24 27 31 24 21 23 64 28 41 32 33 33 38 26 45 30 44 25 52 28 59 24 49 29 68 27 50 31 37 28 46 26 40 26 43 27 32 22 48 27 69 32 36 20 54 29 65 30 34 29 35 34 56 28 58 24 57 24 63 30 42 30 39 25 51 28 62 25 55 25 70 38 67 30 66 20 61 23
19 -1.9021412847542469 -3.3886045952565982 39.421190850846017 251 228 188 0.28278714676582639 29 33 60 35 53 38 27 37 28 38 30 51 24 43 31 27 21 31 64 34 41 37 33 43 38 32 44 32 52 37 59 33 49 34 50 32 37 33 46 31 40 35 43 34 32 47 48 31 69 36 65 35 34 36 35 37 58 31 57 31 63 35 42 34 62 31 55 35 66 80
20 -1.3373411174621379 -4.3999932565999744 39.239004814999781 254 255 249 0.2289735652418412 29 40 60 37 25 38 53 41 27 39 28 39 30 49 24 37 31 42 21 36 64 40 41 40 33 55 38 39 44 38 52 41 59 38 49 38 68 43 50 41 37 47 46 36 40 39 43 36 32 40 48 43 69 39 54 37 65 38 34 43 35 39 56 34 58 40 57 35 63 39 42 36 39 33 51 37 62 36 55 46 61 33
21 3.8242067559817245 -2.0516278571322335 39.185164712476528 14 22 14 0.45610312499575462 29 44 60 39 25 41 53 44 28 40 30 46 31 43 21 37 64 44 41 42 38 40 45 39 44 41 52 43 59 40 49 41 68 47 50 44 37 48 40 41 43 38 32 42 48 38 69 40 36 41 54 38 65 41 56 36 57 37 63 42 42 38 39 35 51 35 62 38 55 36 70 55 67 51 66 51 71 61 61 35
22 2.8995487868267165 -1.2250967702237006 39.089754781732722 247 236 225 0.3532301665935898 29 45 60 40 25 42 53 46 27 41 28 43 30 47 24 40 31 44 64 45 41 43 33 57 38 42 45 40 44 42 52 44 59 41 49 42 68 48 50 45 37 49 46 39 40 42 43 39 32 43 48 39 69 41 36 42 54 40 65 42 34 37 35 41 56 37 58 42 57 38 63 43 42 39 39 36 51 36 62 39 55 37 70 56 67 39 72 36 75 31 74 30 66 32 61 36 78 39 73 32 76 35
23 -1.3373411174621379 -4.3999932565999744 39.239004814999781 254 255 249 0.2289735652418412 29 47 60 41 25 45 53 47 27 44 28 47 30 43 24 42 31 30 21 40 64 47 41 44 33 45 38 43 44 45 52 38 59 44 49 43 68 50 50 47 37 34 46 42 40 45 43 42 32 46 48 36 69 43 54 43 65 43 34 46 35 43 56 39 58 32 57 33 63 47 42 43 39 39 51 34 62 40 55 39 61 38
25 2.5131947445006939 -2.3466849298294634 39.203170225001699 254 255 244 0.21247457279880888 29 53 60 43 25 49 53 49 27 43 28 53 30 53 24 47 31 33 21 42 64 49 41 45 33 47 38 45 45 43 44 47 52 45 59 45 49 44 68 53 50 49 37 39 46 44 40 46 43 43 32 30 48 45 69 44 36 33 54 45 65 44 34 48 35 44 56 38 58 33 57 39 63 48 42 44 39 41 51 40 62 42 55 40 70 48 67 40 72 46 75 43 74 46 66 34 71 51 61 40 78 53 73 42 76 46
26 3.837012967242535 -2.0551520882967695 39.222223890857002 14 22 14 0.55763358485589076 29 35 60 44 25 51 53 52 27 47 28 48 30 56 24 48 31 31 21 43 64 51 41 47 33 49 38 46 45 45 44 49 52 47 59 46 49 47 68 36 50 34 37 43 46 41 40 47 43 45 32 32 48 47 69 45 36 34 54 46 65 46 34 49 35 42 56 41 58 35 57 40 63 50 42 46 39 43 51 41 62 44 55 41 70 50 67 49 66 47 71 57 61 27
28 2.4725061221123461 -1.3569800572057118 39.199619989634009 235 236 207 0.28895271637587372 29 37 60 46 25 53 53 54 27 49 28 56 30 58 24 31 31 35 21 33 64 35 41 50 33 50 38 34 45 46 44 51 52 48 59 48 49 35 68 39 50 36 37 36 46 47 40 49 43 47 32 34 48 48 69 42 36 36 54 48 65 47 34 45 35 47 56 43 58 37 57 42 63 52 42 48 39 45 51 42 62 32 55 42 70 46 67 41 72 47 75 46 74 48 66 37 71 52 78 55 73 43 76 49
29 3.2353962685365447 -1.2572782469081942 39.073978630403161 87 66 47 0.30410689977851268 29 38 60 47 25 54 53 55 27 50 28 57 30 59 24 32 31 36 21 34 64 36 41 51 33 51 38 35 45 47 44 52 52 39 59 34 49 36 68 40 50 37 37 35 46 48 40 50 43 48 32 35 48 49 69 47 36 37 54 49 65 48 34 39 35 48 56 44 58 38 57 32 63 53 42 49 39 46 51 32 62 33 55 43 70 45 67 42 72 48 75 47 74 49 66 38 71 53 61 28 78 56 73 44 76 39
30 2.8995487868267165 -1.2250967702237006 39.089754781732722 247 236 225 0.3532301665935898 29 39 60 48 25 55 53 39 27 51 28 58 30 60 24 33 31 37 64 37 41 52 33 52 38 36 45 48 44 33 52 40 59 35 49 37 68 41 50 38 37 46 46 49 40 36 43 49 32 36 48 50 69 48 36 38 54 50 65 36 34 35 35 49 56 45 58 39 57 34 63 54 42 50 39 47 51 33 62 34 55 44 70 44 67 43 72 37 75 34 74 35 66 39 61 29 78 45 73 38 76 31
32 -0.11835882011123311 -3.2367324087864455 38.806096990051508 251 88 84 1.574550195554135 29 49 60 54 28 49 30 50 38 31 45 58 39 40
37 2.7094815733297395 -2.4338317476353053 39.170765298685694 31 27 32 0.16949093073714466 29 67 60 66 25 79 53 85 27 61 28 75 30 79 24 79 31 56 21 61 64 83 41 79 33 76 38 56 45 73 44 63 52 75 59 58 49 73 68 86 50 82 37 67 46 58 40 78 43 64 32 78 48 68 69 58 36 72 54 64 65 74 34 61 35 74 56 56 58 60 57 68 63 73 42 60 39 59 51 54 62 73 55 58 70 92 67 53 66 56 71 95 61 51
134 3.2881218945470057 -1.4227588409882599 39.078157807978833 250 242 219 0.18544360424272513 25 88 27 84 30 95 29 89 24 82 31 84 53 92 21 76 64 89 41 86 33 88 38 79 45 82 44 85 59 84 49 84 68 82 50 89 37 85 46 82 43 82 32 86 48 84 36 73 34 83 35 83 56 75 58 83 63 88 42 83 39 76 55 75 61 65
161 1.3878986596024785 -1.033972028751871 39.258471866480576 144 133 131 1.760512338122725 27 75 53 79 60 74 31 62 29 73 24 68 31 82 21 58 21 65 64 67 64 74 53 76 60 67 41 73 33 65 38 69 38 80 45 61 44 88 52 67 59 71 59 73 49 70 49 78 45 62 68 68 68 70 50 67 50 74 37 86 27 76 46 71 46 78 43 76 48 64 48 70 69 65 69 70 36 70 54 69 54 75 65 70 65 77 34 75 34 76 35 73 56 61 58 69 57 63 57 64 63 80 63 81 42 67 42 70 39 63 51 58 51 64 62 64 62 66 55 62 70 83 70 87 67 60 67 65 72 87 72 70 75 91 66 70 61 72 78 78
187 1.3762287221561593 0.75988320640703388 38.935616797624519 101 95 88 1.5222773204456006 21 4 24 4 25 5 27 3 30 3 31 4 53 5 60 5 64 5 28 4 29 4 41 6 33 5 38 5 45 5 44 5 52 5 59 5 49 5 68 5 50 5 37 6 46 5 40 5 43 5 32 3 48 5 69 5 36 5 54 5 65 5 34 4 35 5 56 5 58 5 57 5 63 5 42 5 39 5 51 5 62 5 55 5 70 5 67 5 72 5 66 5 71 6 61 5
188 -0.80987523495466751 -4.1801739911854154 39.348883880966795 90 91 83 1.4389311781693379 21 11 28 14 30 16 53 17 60 14 64 14 33 14 59 15 68 12 65 13 63 13 51 13 62 13 72 20 75 15 74 15 71 27 72 27 74 33 75 24 61 11 78 17 78 34 73 14 73 23 76 14 76 28
190 2.4999751297731114 -2.4530144067455093 38.708612255804852 44 41 36 2.0445374402479284 27 45 29 82 53 48 64 48 24 71 27 78 28 85 31 78 21 67 41 24 33 46 33 80 38 23 38 73 45 42 44 46 68 52 50 24 50 48 46 43 32 72 48 44 36 18 36 71 34 78 35 75 57 20 39 23 51 39 67 72 66 75 71 50 71 65 61 39
196 -1.7422014519086957 0.51933672903267947 39.843634121942642 93 96 96 0.78592479732015885 28 37 53 30 64 30 33 32 44 19 52 32 40 28 69 35 36 23 65 33
197 -1.5883176251692719 -4.445041368167379 39.262363701673394 224 177 155 0.48862088369506224 24 50 25 78 29 54 30 64 31 47 64 53 41 66 33 83 45 55 52 62 59 56 68 90 50 71 32 57 36 43 34 50 35 50 58 43 57 55 42 59 51 43 70 60 72 89 75 65 66 77 71 80 78 88 73 92 76 75
198 2.4595307369997865 -1.235803858200067 39.168019701735744 94 92 92 0.15023899957048673 25 66 28 78 30 74 31 60 64 65 41 75 44 75 52 74 68 92 69 73 54 68 56 69 57 57 51 57 55 65 70 88 67 67 61 55
201 2.259352784389959 -1.451364483723272 39.237747036680815 246 231 194 0.2680504618656156 21 68 30 86 64 76 38 67 49 81 37 83 36 81 54 76 51 67 67 73 74 89 66 76 76 77
202 2.2514663770855323 -1.4486759038139467 39.208856089919507 246 231 194 0.28178218464530347 21 55 25 64 30 72 64 78 33 74 38 58 49 76 37 65 36 64 54 67 51 66 67 70 72 67 75 67 74 64 66 57 76 74
203 -1.9427835485411347 -2.4453167986622297 38.409159276846502 252 95 97 1.6914699890426328 24 6 60 13 41 14 25 8 40 14 67 10 72 22 72 10 74 18 66 11
204 1.2134653291517592 -0.94785763023740632 39.321346526085314 155 115 111 0.39516476165667247 21 26 24 17 25 29 27 17 28 24 29 18 30 32 31 16 41 19 33 22 38 14 45 18 44 13 59 21 50 16 37 23 46 17 43 29 69 24 36 12 34 19 35 14 63 18 42 23 39 13 55 18 70 28 67 26 72 38 75 20 74 31 66 23 71 30 78 49 73 33 76 26
205 1.287387040959429 -1.8840762495098979 39.025831595390422 54 35 28 1.3217632610261361 27 62 30 91 41 48 31 90 38 47 45 53 52 57 59 51 48 53 58 46 57 46 73 57
207 1.5969821490055627 -0.99279787021379873 39.220169048147824 115 103 96 0.24612049244031861 21 59 24 67 25 84 27 85 28 83 29 72 30 96 31 65 41 71 33 69 38 66 45 75 49 71 50 88 37 82 46 80 40 82 32 61 48 69 69 80 36 60 34 77 42 68 39 64 51 71
208 3.0618200824894264 -1.370967574389129 39.003932786673865 160 126 106 0.30071816988840194 25 65 41 76 45 68 50 66 46 61 48 81 69 54 36 57 54 60 35 64 58 73 57 73 42 61
209 -1.5930892256957212 -4.4516412705154416 39.304776528892859 213 171 154 0.49737068874057827 25 74 64 55 41 78 33 78 52 63 59 52 68 93 50 75 32 55 36 52 34 53 35 57 58 51 57 53 42 71 51 51 70 61 72 59 75 87 66 71 71 81 78 87 73 96 76 55
211 4.7825161226068911 -1.8824324818437224 39.203761425438593 114 115 116 0.30935701283801292 21 2 24 2 25 2 27 2 28 2 29 2 30 2 31 2 53 3 60 3 64 3 41 3 33 3 38 3 45 3 44 3 52 3 59 3 49 3 68 3 50 3 37 3 46 3 40 3 43 3 32 2 48 3 69 3 36 3 54 3 65 3 34 3 35 3 56 3 58 3 57 3 63 3 42 3 39 3 51 3 62 3 55 3 70 3 67 3 66 3 61 3
214 0.22841158149125532 1.711332476736986 39.568403258349235 122 66 59 0.6386218362525008 21 28 24 29 25 21 27 28 29 29 30 41 31 22 53 37 41 60 33 26 59 32 68 35 50 39 37 25 46 35 40 30 32 24 36 31 54 34 34 17 35 27 57 27 39 19 62 29
215 -4.1914145887149621 0.15208931503418646 39.829500178867619 77 83 81 1.625691367400333 25 20 41 85 21 19 27 21 30 24 31 67 59 80 68 78 46 64 43 74 32 65 49 82 57 59 63 89 54 73 61 69
216 -3.8347663978210638 -0.11385101363191411 40.159433776797862 37 31 23 1.893111478569774 30 80 31 69 60 76 64 70 41 70 24 78 64 86 33 73 38 74 52 70 59 68 49 80 49 64 68 79 68 80 50 69 50 72 46 76 40 81 36 62 36 63 69 66 36 84 58 81 57 72 63 75 42 77 67 55
217 0.63981477644235751 2.3020301062557187 39.451140171156418 98 95 91 0.7282433702162826 25 1 30 1 31 1 41 2 64 2 33 2 24 1 27 1 28 1 29 1 53 2 60 2 21 1 38 2 45 2 44 2 52 2 59 2 49 2 68 2 50 2 37 2 46 2 40 2 43 2 32 1 48 2 69 2 36 2 54 2 65 2 34 2 35 2 56 2 58 2 57 2 63 2 42 2 39 2 51 2 62 2 55 2 70 2 67 2 66 2 71 2 61 2
218 7.1326654320271725 -0.29877823700922906 39.333925849130786 162 161 164 0.52389083008204274 25 11 30 7 31 8 41 11 64 9 33 8 21 8 24 9 27 8 28 12 29 9 53 11 60 10 38 10 45 11 44 9 52 16 59 10 49 10 68 9 50 12 37 12 46 12 40 8 43 8 32 9 48 11 69 10 36 9 54 9 65 12 34 9 35 8 56 12 58 13 57 11 63 10 42 11 39 10 51 11 62 12 55 12 70 6 61 10
219 6.1674865125100649 -0.74985022366478682 39.672706322559193 119 124 124 0.47747746658661766 25 10 30 6 41 10 64 7 33 11 21 7 24 8 27 7 29 12 53 8 60 11 38 11 45 8 49 11 50 8 37 11 46 9 40 9 32 8 69 11 58 10 63 11 70 12
220 6.1674865125100649 -0.74985022366478682 39.672706322559193 119 124 124 0.47747746658661766 25 14 30 10 41 12 64 8 33 12 21 9 24 10 27 9 29 7 53 10 60 9 38 9 45 10 49 9 50 7 37 13 46 8 40 11 32 10 69 9 58 9 63 9 70 11
221 7.7114107916227157 -1.4760094452114083 38.68816497098485 142 144 150 0.49743625830378552 41 13 64 11 33 13 53 13 60 12 38 12 45 12 44 10 52 14 59 8 49 14 68 10 50 10 37 14 46 11 40 12 43 13 48 9 69 12 36 10 54 11 65 11 34 14 35 9 56 10 58 12 57 10 63 12 42 12 39 11 51 9 62 11 55 10 70 14 72 14 61 9
223 1.1737208273311874 -0.37535736872480108 39.281959109787572 133 122 115 0.57663051294743206 64 17 33 19 53 19 60 18 52 19 59 13 49 17 68 18 69 16 54 15 65 17 56 14 58 15 57 14 63 14 51 19 62 15 55 16 70 19 67 17 72 26 75 19 66 13 71 20 61 14 76 20 78 23
225 5.8110369905989163 -1.1809456166986414 39.652041543210743 95 104 107 0.4639809776393824 25 27 30 31 31 23 41 28 64 29 33 29 21 22 24 26 27 12 28 29 29 31 53 36 60 31 38 27 45 24 44 26 52 29 59 25 49 23 68 32 50 27 37 27 46 27 40 27 43 20 32 21 48 14 46 15 69 31 36 21 54 24 65 31 34 30 35 33 56 32 58 25 57 25 63 28 42 22 39 26 51 29 62 26 55 27 61 24
226 0.8280618532080507 -2.8789252474028943 39.303893426679423 254 95 96 0.54303693185739454 41 21 33 36 53 16 60 25 45 21 44 15 52 22 59 14 49 20 68 24 40 19 48 19 69 21 36 15 54 18 65 21 56 20 58 18 63 21 42 19 39 15 51 22 62 18 55 20 70 26 67 15 72 19 74 23 66 10 71 22 61 17 78 26 76 13
227 -2.416130718510189 -2.0829325999548405 39.621301657689514 85 78 69 0.38157668210804951 41 25 64 27 33 41 53 27 60 28 38 24 45 28 44 24 52 27 59 23 49 33 68 31 50 25 46 25 40 25 43 33 36 19 65 29 34 25 35 36 56 29 58 23 57 22 63 34 39 24 51 27 62 24 55 32 70 42 75 32 61 22 76 30
228 -1.9348956492675218 -3.3957915514465822 39.638889171151199 250 221 181 0.84728925380417086 41 38 33 42 60 36 38 33 66 83
229 1.4416318108582782 -2.2856981420057418 39.192323973903875 240 93 91 0.83686309068702802 41 46 64 50 33 48 53 50 38 49 44 48 52 46 59 43 49 45 68 54 50 50 46 45 43 44 50 43 48 46 65 45 56 40 58 34 63 49 42 45 39 42 61 41
231 8.0896096517776819 -0.82644292792238883 39.367950863318008 172 174 176 0.32723973716250893 25 35 30 61 31 39 41 54 33 54 24 35 27 59 28 61 29 48 53 40 60 42 38 38 45 36 44 62 52 59 59 36 49 63 68 57 50 59 37 44 46 32 40 63 43 50 32 38 48 59 69 37 36 49 54 44 65 55 34 40 35 52 56 47 58 55 57 51 63 40 42 52 39 49 51 38 62 53 55 50 70 33 61 31
233 8.3572157916564453 -0.39000797962474387 39.442002076336792 92 104 105 0.33939946507526819 41 59 64 57 33 58 38 52 45 51 44 54 52 50 59 53 68 64 50 51 46 55 40 53 43 55 48 58 69 50 36 51 54 59 65 50 34 58 35 80 56 50 58 57 57 43 63 69 42 58 39 53 55 56 70 70 61 62
235 1.8052890871436555 -2.6593081883510719 38.733463956682854 248 103 101 1.0605538045400424 25 48 30 65 31 29 41 56 64 59 33 61 53 62 60 55 21 41 24 46 27 31 28 52 29 52 38 53 31 32 45 59 44 59 52 56 59 49 49 53 68 59 50 53 37 40 37 53 46 52 40 52 43 53 32 29 32 48 48 62 69 55 36 47 54 54 65 54 34 24 34 47 35 30 35 55 56 54 58 47 57 48 63 61 42 56 39 57 51 44 62 49 55 47 70 49 61 43
236 7.3072548156439128 -0.74028409550643526 39.440858886816486 97 108 108 0.28724238427541771 25 63 30 69 31 48 41 58 64 73 33 63 21 53 24 75 27 60 28 73 29 58 60 50 53 58 38 54 44 57 52 60 49 56 68 61 50 54 37 54 40 77 43 71 32 54 48 54 69 72 54 71 65 80 34 57 35 53 56 49 58 56 57 52 63 57 42 57 39 50 51 53 62 47 55 51 70 69
237 -3.049300178371801 -0.53983202562639265 40.403063874278736 32 27 19 1.7079157368828046 30 83 41 55 33 64 53 59 60 51 64 72 28 81 24 69 21 72 29 81 38 60 38 68 45 78 44 55 44 68 59 63 37 80 40 71 40 73 43 72 32 63 69 67 36 61 65 79 58 76 58 80 63 66 63 84 42 76 39 62 62 54 55 60 66 60 61 67
240 8.1510176205703928 3.6401828289900564 39.314858136074164 110 118 120 0.76514294632694146 64 62 33 72 30 70 24 56 29 75 44 86 40 55 54 79 34 86 42 79
242 5.1281798068174966 -1.5141260420901526 39.632363345939858 84 93 95 0.89858819548786295 25 81 31 58 41 77 64 63 33 84 27 64 28 76 29 68 53 86 60 63 38 83 45 69 45 70 59 61 68 89 50 64 46 60 43 65 32 80 48 67 69 60 69 61 36 77 36 78 54 65 54 66 35 70 56 58 58 62 57 70 42 72 39 73 51 56 62 63 55 66 70 63 66 59 71 79
243 4.7940636577395761 -1.6390149849995392 39.667693976952748 73 82 83 1.3173696163242883 31 57 33 75 21 71 24 64 45 81 44 82 52 80 59 60 48 72 68 87 34 63 58 61 51 55 55 67
244 -2.3185930730684721 -4.0793721309145052 39.645350998462597 164 127 120 1.2052106224061441 31 54 33 77 53 74 38 55 45 71 50 78 46 57 34 28 67 36 72 40 75 39 74 36 66 31 78 63 73 39 76 37
246 8.2174301846059929 -1.4084366754789155 40.628602517394633 153 158 164 0.6810838560130249 30 12 33 87 28 10 24 11 29 14 21 10 71 21
247 -7.1702338505649896 1.5347045910409494 40.114952149183999 92 99 97 1.7814357074843754 33 67 49 66 60 69 68 74 52 82 37 73 50 85 65 83 35 66 34 72 56 70 58 77 32 71 57 75 34 64 55 74
248 6.4031000465674976 -1.0777062743795978 39.784164409254387 89 98 100 1.8593509839206084 31 61 64 66 38 71 21 56 28 92 29 70 53 78 45 60 44 65 41 74 53 77 64 75 60 73 38 70 52 71 52 72 59 64 59 85 49 72 49 77 21 57 24 65 25 67 68 69 50 68 37 63 46 62 46 63 40 68 43 66 43 67 32 59 32 82 48 65 69 69 69 71 36 59 65 71 34 65 35 61 56 68 56 76 58 70 57 74 63 77 42 63 42 69 51 70 55 59 70 86 66 69 61 56
249 8.3837101628220712 3.7774574308762343 38.778105195255364 101 101 89 0.85729490510191619 30 48 31 28 41 81 64 82 38 76 24 62 28 35 53 83 60 61 41 34 53 33 25 57 45 32 44 31 44 77 52 33 52 77 59 30 49 59 68 42 50 80 37 52 40 64 44 56 43 60 32 45 48 40 48 73 69 76 36 50 54 30 65 53 56 52 58 44 57 66 63 44 63 64 63 87 42 41 39 37 62 59 62 76 70 35 61 48 61 70
250 6.0235098801916251 -1.1976619784571485 39.60453352584581 87 97 97 0.24041101517891578 30 93 31 59 38 81 21 77 28 77 53 87 59 72 37 64 40 86 48 63 56 60 39 61 61 71
251 7.0938561239137208 -0.77624155588521815 39.86783227839522 98 109 109 2.0168543979179572 25 80 30 89 31 66 41 72 33 82 21 66 24 76 27 58 28 72 29 84 53 73 60 64 38 51 41 18 64 23 33 20 21 20 53 25 60 23 45 25 44 18 44 66 52 25 52 55 59 20 49 25 49 62 68 22 68 56 50 22 50 55 37 51 46 23 46 74 40 79 43 21 43 70 32 62 48 23 48 66 69 27 69 57 54 22 54 77 65 26 65 63 34 74 35 19 35 51 56 25 56 63 58 21 58 48 57 12 57 50 63 17 63 60 42 15 39 52 51 25 51 48 62 22 62 70 55 23 55 49 70 68 61 20 66 48
252 -0.31236285305976735 1.5071447134478926 39.907201942838881 250 88 85 0.43785773286393376 31 10 64 12 45 13 52 15 44 11 59 9 50 11 40 13 46 13 43 14 32 11 48 10 54 12 35 10 56 11 42 13 51 10 70 15
253 8.3893949753613697 3.7812892708777377 38.795609432746552 103 103 93 0.83453855301960167 30 42 31 41 41 29 64 84 45 31 24 57 25 58 28 34 53 32 60 53 44 22 44 78 52 36 52 78 59 27 49 54 68 49 50 81 37 50 40 57 44 53 43 63 32 39 48 33 48 74 69 77 36 54 54 27 65 60 56 51 58 45 57 67 63 37 63 68 63 78 42 54 39 32 62 48 62 72 70 40 61 46 61 68
254 7.615813642587689 -0.62824994256398081 39.524296233061492 97 107 108 0.3257114489963398 30 40 45 37 31 40 29 57 44 35 52 52 49 55 32 52 34 41
255 1.3763802252838293 -1.8727905248420325 39.368345255807057 200 161 154 0.15757959683529271 30 92 31 83 45 56 27 79 48 57 58 50 57 47
256 -10.139934949557825 2.8871420090733499 41.90660827116217 91 98 97 1.3042737061338827 31 75 64 69 45 66 30 77 53 69 21 64 27 80 44 81 52 49 49 68 68 67 37 68 40 75 32 88 58 67 57 62 39 70 70 20 67 56
257 -0.75091173332293282 1.6459243620038679 39.970410856961372 94 89 87 0.72494150742632324 31 13 41 26 44 20 59 28 49 24 37 22 65 24 35 21 56 33
258 8.209130836431985 4.2459927028723445 39.265263722657586 105 111 102 0.44910456634733642 27 38 64 39 44 37 21 38 25 37 28 63 29 76 59 37 50 40 40 56 43 35 48 35 54 36 63 38 42 35 55 45 61 32
259 8.2180681223927614 4.2458326952102325 39.267013717404005 105 111 102 0.35481849457095532 27 42 64 46 44 44 21 35 25 44 28 45 59 42 50 46 43 41 48 42 54 42 63 46 42 42 55 38 61 37
260 8.1657595408218864 -0.42502604436510355 38.936816427206303 95 102 106 1.5828178054781121 31 53 44 67 21 45 24 61 25 82 27 82 28 74 29 60 30 90 53 65 60 72 49 49 68 88 37 55 43 52 32 49 48 60 25 72 51 49 62 56 55 52 61 63
264 6.9040518455241342 -0.21075902351021261 39.548563180840389 121 123 127 0.24906393005927702 31 51 64 58 52 51 21 49 24 51 25 60 27 53 28 67 29 62 30 66 59 55 49 51 40 54 32 50 54 62 65 51 34 59 39 54 51 50 62 61 70 71 61 44
266 6.8955746796136408 -0.21129362708492744 39.506947874033294 121 123 127 0.19606131926502737 31 52 64 60 52 64 28 70 59 50 49 57 40 60 32 51 54 61 65 58 51 52 62 58 61 45
270 6.6268192351978117 -0.97271601365309512 39.52788343752556 92 99 100 0.69631388097896385 31 63 41 82 59 78 21 51 25 68 27 66 24 66 29 71 53 75 49 79 68 58 50 70 37 62 46 75 40 70 43 56 32 60 48 75 69 62 36 69 36 83 54 74 65 81 34 81 35 62 35 82 56 62 57 58 58 68 42 66 62 65 70 85 61 64
271 5.6976303905862427 -1.3184598341538654 39.666985420478689 92 99 101 0.06255608296261525 31 87 59 81
272 0.93957887755011882 -2.0775076233983478 39.348608220357526 233 80 78 1.1157800733630914 24 39 27 36 28 27 30 22 49 32 40 24 43 25 54 33 67 29 71 33 75 36 78 38
273 1.3822919192625074 -2.2625365378638578 39.398916411035515 238 93 88 1.3779734803708497 25 50 27 46 28 54 29 46 30 55 45 44 49 40 30 54 40 44 35 45 62 43 75 44 66 35 70 47 78 54 76 47
276 0.50654113393074118 -0.20552223577321199 39.404841432975246 225 55 48 0.18932443610647701 24 70 49 69 37 70 69 82
277 0.89123525700376527 -1.7675895550504659 39.561840341205958 196 63 56 0.53999636172834575 27 63 28 86 45 77 49 75 68 60
278 1.4167728570792733 -2.2775921319153527 39.271755808604844 240 93 91 1.2362441901629615 41 41 64 42 33 56 53 42 38 50 30 44 25 40 27 40 28 42 29 42 44 39 52 42 59 39 49 39 49 46 30 45 45 38 68 44 50 42 46 37 40 40 43 37 50 33 48 37 65 39 35 40 56 35 58 41 63 41 42 37 39 34 62 37 75 52 66 42 70 53 61 34 78 62 76 42
279 2.6657605723375752 -1.4639130223913108 39.18699229859255 146 110 86 0.57578810060294927 29 69 60 75 27 65 64 64 49 61 29 36 60 45 25 52 53 53 27 48 28 55 30 57 24 49 31 34 21 32 64 52 41 49 33 44 38 48 45 41 44 50 52 58 59 47 59 62 49 48 68 37 68 81 50 35 50 65 37 37 46 46 40 48 43 46 32 33 48 76 69 46 36 35 54 47 65 76 34 38 35 46 56 57 58 36 58 63 57 41 57 71 63 51 42 47 39 44 51 65 62 45 62 51 55 61 70 90 67 37 67 69 72 35 75 33 74 38 66 36 66 58 71 38 61 53 78 44 73 31 73 63 76 34
280 -1.8532203114865327 -0.066795414767459871 39.375316487705028 92 93 89 0.41762450150050939 31 26 68 29 21 27 27 27 30 37 58 28 62 28
281 -7.9136783513216828 1.7086361997558523 41.027089841038105 29 30 21 1.3485622373813306 31 79 28 71 29 59 37 57 32 56 35 77
282 -7.7727975476879987 1.7233023642063889 41.283951577348937 29 30 21 1.9608586793782476 31 68 68 65 28 68 24 55 25 77 29 63 37 56 69 68 35 67 63 71 59 70 43 73 38 62 40 69 44 79 42 78 56 71 48 77 53 90 54 83 51 61 62 67 55 69 70 78 67 54 71 66 27 69
284 -0.60184802271332993 0.79668114218453789 38.736042416383341 253 91 92 0.44731425796144003 41 5 37 5
285 -0.60184802271332993 0.79668114218453789 38.736042416383341 253 91 92 0.44731425796144003 41 7 37 7
286 -5.9146137807730534 1.2014709344204448 40.286144667671145 112 118 118 0.90172467915090326 64 16 37 15 52 18 54 14 56 15
287 8.0820139678166427 3.5505388598981287 39.153636626614855 112 121 121 0.66409891944563382 41 39 49 28 64 31 37 38 21 29 28 33 29 30 38 21 45 54 52 34 53 31 59 29 60 34 68 34 46 29 40 29 43 30 32 25 48 32 69 38 36 25 54 26 65 28 35 28 56 26 57 28 63 26 39 28 70 41 67 14
288 -2.0482938488748856 -0.91794173740262985 39.632858837098972 36 31 24 0.39565258252416252 38 44 41 57 44 61 49 50 64 56 37 41 45 63 50 73 52 66 53 63 59 65 60 56 68 71 46 59 40 62 43 54 48 55 69 56 54 57 36 48 65 62 56 48 58 54 57 49 63 59 42 65 39 51 51 47 62 52 55 54 70 64 67 46 66 68 61 42
289 -8.2774079058518666 1.8617752228409981 41.301718794386773 30 34 23 0.75433420015280339 44 64 49 58 64 61 37 58 41 64 45 57 50 60 52 65 53 61 60 60 68 63 46 54 43 59 48 61 69 53 54 58 36 53 35 58 65 59 58 52 57 54 39 56 62 74 55 55 73 85 74 93
290 -8.2856791257453555 1.8619503538745059 41.374464781189133 30 34 23 0.84019342731510438 44 70 49 52 64 54 37 59 41 61 45 52 50 58 52 53 53 66 60 52 68 66 46 51 43 62 48 56 69 51 54 53 36 44 35 56 65 52 58 58 57 44 32 53 39 55 62 75 55 53 73 69 74 74
293 2.4940913357474273 -3.1231140279458276 39.265907047844792 125 129 129 0.48160981307554906 31 55 37 69 67 52 72 60 75 62 74 101 66 53 71 90 78 84 73 61 76 58
294 -6.573116540905521 1.1713482871933929 40.28660360028038 91 96 95 1.7237369607863759 31 81 33 85 37 71 60 68 32 85 21 62 28 79 27 68 34 87 66 84
296 1.59263821295006 -0.98632112163484331 38.894397724576095 114 100 92 0.3059559053797366 38 77 37 76 45 79
298 -2.4189132571896566 -2.3999032832278582 39.404807607559299 87 76 70 0.40215450899201755 28 26 46 53 27 32 36 30
299 -0.19187640891356686 1.7325383135053316 40.127727518466067 244 87 80 1.6581939818870024 44 36 37 60 46 34 40 38 25 30 28 22 29 27 30 36 64 24 41 27 30 26 27 15 60 70 41 65 53 88 64 68 33 40 38 25 44 21 52 83 68 77 37 30 37 74 46 66 40 67 43 51 32 18 33 27 48 16 48 78 69 26 36 24 54 52 54 70 65 67 34 15 35 22 57 60 63 29 42 24 42 28 42 53 39 18 51 17 62 69 55 31 70 59 74 76 75 75 72 65
300 -1.745216709842097 -2.287011734672006 38.994049808586212 252 95 98 1.3539374360492946 37 9 38 7 49 7 40 7 33 7 52 7 53 7 60 7 68 7 32 5 43 7 69 7 36 7 65 7 56 7 58 7 57 7 63 7 42 7 44 7 39 7 70 8 67 8 72 8 74 4 75 6 71 8 61 7 78 6 76 6 74 8
301 -0.40067263868601799 1.2669977488550013 39.679985089303436 253 88 86 0.96646611917809955 25 12 43 9 27 4 29 11 30 8 28 6 32 6 34 8 42 8
302 -0.39592515768586622 1.2749944175629382 39.590556638233529 253 88 86 0.66478311434808524 25 13 43 10 29 8 30 11 28 7 34 12 42 9
303 8.3770415426834788 3.7624624402443572 38.826518936799182 99 100 89 0.56330247938434586 25 59 38 65 40 51 41 69 44 76 49 60 64 81 43 61 24 59 50 83 52 81 53 70 60 62 48 79 69 79 36 55 65 61 56 53 58 49 57 69 63 65 63 70 62 60 62 68 61 47 61 60
305 4.238692138582417 -1.7624562575093146 38.919972531922078 73 80 79 1.5184855087440492 31 89 41 68 43 77 37 66 65 75 41 83 63 79 61 73
307 -0.46742008357600168 -0.77106761787566358 40.384672877784929 252 95 97 0.92906189119886806 21 0 27 0 30 0 31 0 32 0 24 0 25 0 28 0 29 0 75 0 72 0 74 0
312 -2.7559490988303472 -0.68384806501741735 40.016753134310889 0 0 0 2.398988315306616 21 60 40 76
314 -2.4887657177242737 -0.78190190116452341 40.631233207133754 31 25 17 0.41544735546337003 31 76 32 74 25 73
316 -9.870671472235113 2.7460354556749889 41.845212168294601 95 103 103 1.132218820847025 31 74 53 68 21 63 27 74 52 54 59 77 68 76 32 69 44 80 37 79 50 62 46 56 40 74 48 52 36 85 56 59 35 81 58 65 57 45 39 69 51 69 55 71 67 77 67 78 61 58
317 7.294542156885889 -1.0424387152714498 38.996122215885386 146 146 150 0.9871572782290654 21 24 30 34 32 26 25 34 31 38 41 53 64 38 33 53 24 34 27 52 38 37 45 49 44 34 52 30 49 30 37 45 46 50 40 37 32 37 29 24 28 31 48 28 69 49 36 39 54 51 65 37 34 27 35 38 56 46 58 26 63 36 42 51 39 48 62 35 55 26 70 34 61 30
319 -5.050366207006431 0.55055469217529318 41.322058976480378 84 87 87 2.1196376356055953 27 22 64 22 32 87 50 21 60 21 68 20 48 15 69 83 31 86 52 87 68 94 54 21 54 84 36 82 65 16 34 89 24 73 25 75 29 86 35 65 56 24 56 66 51 15 55 63 44 74 40 72 71 94 61 57 73 75
321 7.6568156662655174 4.0788933523654816 38.829780235751315 109 117 121 1.5076643076554563 28 90 37 42 36 79 33 34 34 71
326 6.0578145314607816 -0.669793028133289 40.211477292752946 120 124 124 0.1846979093033132 31 6 34 6
327 -0.41010600740015457 1.2272494599490411 39.287746267790183 249 89 85 0.52738830791365487 28 9 34 10 30 9
328 8.1395370589362948 3.9512459404611491 38.345987190515856 108 111 104 0.99435637261756582 48 34 34 42 54 81 53 71
331 4.5801350201705198 -2.0293859984008717 40.439170864348029 109 115 105 1.3347513406162261 30 67 40 61 32 58 25 61 28 66 24 60 34 56 36 46 54 55
332 3.919116729172186 -1.7357778528972301 39.119477073281693 104 107 109 0.94859290854454492 41 17 35 11 40 22 65 25 68 19 70 29
333 -2.9461596604986209 -0.26574883873397104 40.688437604900074 88 92 87 0.8100310038927887 69 25 35 20 60 17 56 23
334 -2.9461596604986209 -0.26574883873397104 40.688437604900074 88 92 87 0.8100310038927887 69 18 35 24 60 16 56 17
335 1.9376560326503185 -2.7250245128318462 38.648500289925444 20 23 17 0.22270516699088735 29 41 34 34 35 32 24 38 25 39 28 41
336 -2.4491850923821907 -3.3295441226003355 39.436884070761437 83 79 70 0.43237100308290116 41 67 35 68 44 71 53 84 59 67 60 65 58 59 71 88 61 50 78 100
337 -8.9287316480410794 1.8014538137654301 36.941126303479443 0 0 0 0.98632987463397526 29 87 31 70
338 4.8304489077501298 -2.3761136405138865 38.987812295835219 113 113 113 1.2418247860900966 31 9 56 9 29 13 57 9 62 9 67 13 72 11 75 8 74 9 71 13 78 8 73 6 76 8 74 20
339 3.3115773994535691 -2.9444277627367077 39.072146789519785 109 119 127 0.48270263194902091 27 10 40 18 50 18 32 15 48 18 46 19 68 23 69 20 60 24 36 14 56 19 25 25 28 17 30 20 29 17 24 19 31 18 53 20 21 15 64 19 41 23 33 21 38 15 45 20 44 23 52 20 59 17 49 18 37 19 43 16 54 17 65 18 34 16 35 15 24 14 58 17 57 16 63 20 42 27 39 22 51 20 62 16 55 17 70 25 67 19 72 28 75 30 74 27 66 15 71 29 61 16 78 36 73 35 76 29
340 -5.9881638489028619 0.9494400293000409 40.641327377362828 91 95 95 1.5540222183092656 27 14 44 73 64 90 37 75 52 85 46 65 69 81 54 72 56 73 31 91 68 95 21 73 27 67 58 71 34 69 39 71 55 64
341 -8.431856078328245 2.10161149906462 41.066557763801903 92 99 101 0.98199509637550531 33 70 44 69 45 50 59 76 43 69 46 67 36 66 54 80 35 69 58 78 33 68 32 68 65 68 57 61 63 86 51 62 62 77 55 70 70 79
342 -4.1495756729882505 0.0071389195516949541 39.880888268762661 36 34 24 1.036214484233223 33 66 65 65 72 80 40 59 71 91
343 3.2276764787199412 -1.4098101890443233 39.098377163302089 224 209 187 1.3799355648192029 25 76 41 80 45 74 50 86 46 72 48 71 69 52 36 74 54 56 35 76 58 64 42 73 25 87 27 86 30 94 29 90 24 81 31 88 53 89 21 75 64 91 41 84 33 86 38 82 45 80 44 87 59 83 49 83 68 91 50 91 37 84 46 77 43 81 32 89 48 83 36 56 34 82 35 84 56 74 58 82 57 56 63 90 42 80 39 74 55 72 61 54
344 -9.1262608247773116 2.4179649295135843 41.084385214800257 96 100 102 1.6481812094878541 31 73 40 87 29 78 42 82 64 88 49 67 68 75 44 83 50 90 37 78 46 70 40 85 43 68 43 79 32 81 31 46 28 69 60 71 69 78 36 67 58 79 63 91 51 63 70 80
345 -0.19145323593675426 1.735436595859829 40.081062446255018 244 87 80 1.5649844279791523 25 31 28 23 29 28 30 38 64 25 41 35 30 19 60 77 41 62 53 82 64 87 33 28 38 28 44 29 52 76 68 84 37 32 46 73 40 43 40 80 37 77 43 40 33 37 32 19 48 82 69 28 36 28 54 41 54 78 65 66 34 18 35 23 57 65 63 32 42 26 42 32 42 40 35 35 44 43 37 61 46 40 39 20 51 18 62 71 55 33 70 74 75 98 74 95 72 99
346 -2.2573054016397132 -4.1115196984378644 39.273217799438186 176 140 127 1.2697303319009325 29 19 60 22 25 17 53 21 27 18 24 18 31 17 21 16 64 18 41 20 38 16 45 19 44 14 52 21 59 16 49 19 68 21 50 17 37 18 46 18 40 17 43 17 48 17 69 19 36 13 54 16 65 20 34 23 35 13 56 18 58 16 57 15 63 19 42 25 31 80 33 79 53 80 38 72 50 76 39 14 51 21 62 17 55 19 70 31 67 27 72 42 75 38 74 26 66 30 71 39 61 15 78 64 73 29 76 38
347 -1.1734892442286353 1.0130710729762897 39.646444243633859 253 90 89 0.46855733020316981 33 17 45 16 51 16
348 7.2917937618119231 -0.89010866877297212 39.126030432647589 46 49 42 0.30018020788499511 37 24 55 30
350 6.600505551124038 -0.94322613715608494 37.337120965076579 130 133 135 1.5509817250216589 67 45 71 54 66 21
351 -2.5779836640672258 -4.3205319479222952 39.076719954597991 128 132 136 0.82876821525152522 65 57 70 43
352 -2.5779836640672258 -4.3205319479222952 39.076719954597991 128 132 136 0.82876821525152522 65 56 70 51
353 3.7996850722692823 -2.0392659193477751 39.104081563252905 19 24 17 0.40818244294988992 64 43 65 40 70 54 57 36 68 46 38 41 44 40 46 38 53 45 54 39 60 38 67 50 71 62
354 7.2854918643064179 -0.11047739527648653 39.620991122971468 121 124 124 0.074381015183007271 31 49 70 65
355 7.2854918643064179 -0.11047739527648653 39.620991122971468 121 124 124 0.074381015183007271 31 45 70 72
356 -2.0916032857863076 -4.3471435639341456 39.576721124380953 170 143 126 1.8239892036117631 64 79 70 77 29 64 66 79 71 56 74 54 72 52 75 100 78 86 73 59 76 56
363 6.6535300857220641 3.2180775087679967 36.519745925737574 131 135 134 1.7751333265479921 72 16 75 12 74 22 71 15 78 25 73 22 76 19
366 6.396510925112624 3.3862146136394333 34.736518895148983 115 123 124 1.1311111564782792 67 59 72 74 75 104
368 4.3445678609260616 -1.4928033669069143 34.721232018552548 77 87 88 0.82585258621369517 40 66 67 68 38 57 71 76
369 -3.0346677984827704 -0.5342772994221332 40.356534769861931 36 33 22 1.4941848180722856 41 63 72 93 39 68 42 75 44 58 53 57 58 74 60 59 62 57 63 63 69 74 63 76 66 78 61 66
370 -4.0581958310514414 0.02939186074730854 39.158726033735213 35 30 31 0.42259441048511509 40 58 65 72 72 94
371 -1.3291703262340295 0.96578574553902286 37.85741299494893 104 99 98 0.47878391529889985 67 23 72 98
372 0.50413051257005514 -0.42045798319740452 39.445968963658046 245 71 55 0.81483683734431911 67 63 72 103 63 67 64 85 53 72 59 54 72 77 66 62 61 61
375 5.5286890566290916 -0.53361245879875097 24.188488755711933 120 126 123 0.67639349972443386 70 89 72 85 75 61 73 79
386 -3.392329020431283 -0.34860391698993554 40.198921357950042 0 0 0 1.4846592725742811 68 72 72 78 64 71 65 69 69 63 58 66 36 80 75 84 30 82
390 -4.8768947092710615 1.3070306933170341 28.599858616521818 97 103 105 0.3428275783897568 49 65 75 106 38 61 68 73 44 72
391 -6.673130446197904 1.4582850973134132 35.435115495282929 36 36 31 1.971181328364402 68 62 75 96
423 0.81853874322655307 -0.88028367107435379 38.928031545060158 80 29 22 1.5571878878750496 59 66 75 54 74 91 73 52 73 80
424 -4.8123324215568379 0.65961399044171731 35.373426283638217 0 0 0 1.0514376692248251 43 58 63 58 75 93
425 -4.8123324215568379 0.65961399044171731 35.373426283638217 0 0 0 1.0514376692248251 43 57 63 55 75 81
427 -0.35488489619790337 -0.71659591629317521 38.931265562637549 249 95 92 0.60240846361127665 75 1 72 1 74 1 71 1
428 5.9294493192785458 -0.183482689591767 39.174347761372729 118 125 125 1.2983974943056262 75 9 72 12 71 9 74 10
431 2.0726592152908054 -2.6951836186499554 39.672729868281174 30 28 24 1.0573945498001218 70 52 66 33
436 4.3676628585159518 -2.5314280278174066 38.990959362762304 137 135 128 0.64599586904754525 75 63 66 54 72 62 74 59 71 93 78 67 73 83 76 82
438 -3.6282945841271848 -0.51515918474763756 43.817983031569504 48 43 36 1.1170645417279739 64 77 75 92 58 75 68 83 69 75 78 92
440 4.3149206704896663 -0.74490864278387092 31.947842279464755 0 0 0 0.93887940469713915 53 15 55 13 67 6 69 14
442 2.317434784612344 -1.7715284918259926 39.207935261013922 133 116 115 0.35565874637434736 72 13 74 12 75 10 71 14 78 9 73 7 76 9
443 2.3082001744250022 -1.7686624729732587 39.154332350955471 133 116 115 0.29014800617531694 72 18 74 14 75 14 71 16 73 9
446 6.717392925303951 3.5253312288595504 36.083432631208808 43 50 43 1.3197870251439723 72 31 71 26 78 41 76 27
453 2.3874434799648196 -2.88890463445335 38.966220883142832 123 129 137 1.4800394677554027 74 44 71 45 73 40
454 6.4483311034583508 3.4644959454039621 36.099500028180721 115 124 125 0.66828043514473501 72 44 74 42 75 41 71 47
455 6.2440016676475958 3.607473840446795 36.018504410072822 120 128 127 0.043219286199471463 74 102 71 48
459 -2.0282551498931949 -4.3582009306557499 39.561836545817442 188 157 145 1.0441041381886726 66 72 72 51 74 55 75 88 71 60 78 83 73 81 76 63
461 1.7651130311932817 -2.4848924066175924 38.97166058459171 248 96 95 0.97862762502837009 70 24 75 22 71 64 78 29 76 21
463 7.7858475421972946 2.9963092266351534 35.724471685789538 39 42 36 1.391912654435286 75 79 71 68 74 84
464 7.3656326969040329 3.2752691653134631 36.001512256610944 40 41 33 3.0079457176167312 72 66 71 69 78 93
465 7.456725228277544 3.3127231225413603 35.981451016489636 77 84 78 0.66711653633918611 72 73 71 70
467 5.962989840326304 -0.40085482713104859 33.244523199187171 0 0 0 1.837724870719861 60 57 72 83 75 85 58 53 66 46 74 67
468 -2.3679398633874813 -0.73802937584051509 38.722316551938015 34 30 24 0.77167392733725193 52 68 56 64 63 82 71 73
470 3.4264820263993196 -1.201405018848432 39.362352853003614 114 113 107 0.53873864054897924 36 58 38 59 70 94 71 77
473 -4.3290477294385399 0.11263691583082802 41.14050935461438 36 34 24 1.6877657702640814 27 56 33 81 71 84 28 87
474 -9.535854014191866 1.7995811182536128 49.540105473772762 45 40 35 0.15107411619181665 50 56 73 84
475 -4.7741341307258987 0.32609599115013016 41.994049526305659 33 31 24 1.6029855540600773 39 75 45 64 74 103 44 84 43 78 59 82 42 81 71 92 78 94
476 1.0223128611706469 -2.1083366960763987 39.326809602596292 249 83 81 1.3916489574915438 27 35 32 31 40 31 43 32 54 32 67 35 71 36 68 55 75 37 78 46
477 0.29250398768211422 -0.78508910733385984 39.162155576537849 248 94 95 0.20883262745830791 78 0 73 0 76 0
478 4.832635432299111 -1.6939496157854101 39.102084210735129 115 117 117 0.67304717979179407 71 3 75 3 72 3 74 3 78 3 73 3 76 3
481 2.6247232002747598 -2.7251253078491366 39.261399228810738 130 135 144 0.26926701439275019 75 16 78 18 74 16 73 13 76 15
482 1.627611274018244 -2.5717520491008843 39.709353919967953 244 94 94 0.83541412590828024 75 25 78 33 72 23 74 19 70 30 73 16 76 25
484 -0.93975388927221248 -4.240030556113032 39.419107653497925 94 92 88 0.48904557057753523 71 34 75 26 78 47 72 32 74 37 76 32 73 27
485 5.7058588474546115 -0.88747263889494954 37.547427900274485 0 0 0 1.5140861013704248 66 24 71 32 67 31
486 7.1566293698843504 -0.7381410476015734 37.075912872634589 0 0 0 1.7100587342148994 66 25 71 40 67 32
488 2.5296363577264205 -2.3462844194699786 39.23089026472767 253 248 234 0.33091684014195477 75 51 78 61 74 41 73 48 76 41
491 6.5159570758303964 -0.082437961500121337 31.903719688311241 93 103 103 1.1770010801384958 66 61 75 53 72 79 74 71 73 76
493 -8.8259480985710788 1.3716189709124038 45.560937875834135 101 103 102 1.8588466465186111 75 73 78 76 76 65
494 3.4920720448043556 -1.9875818345518559 42.972013705008088 103 103 98 2.9396070800118914 75 70 78 80
495 4.2818954468156685 -2.2889380654663261 38.649288539001162 103 104 106 1.3816968675323431 75 58 78 82 74 47 76 59
496 -2.071868445675622 -3.7524397203611066 39.432504945370738 251 204 188 0.6576890869939922 75 101 78 85 73 60
497 0.29250398768211477 -0.78508910733385984 39.162155576537849 248 94 95 0.20883262745830045 78 1 73 1 76 1
498 -3.6177636346459408 -0.48735814948601947 43.855234586769527 48 43 36 1.0649176915565868 75 80 78 70 72 75
499 6.3192483867956701 0.23788123391571597 32.438048249178365 0 0 0 0.48365354219752904 66 49 75 82 74 108
500 0.30948492023406937 2.2141824302050908 39.000139204745821 110 107 104 0.7435152090927577 74 2 75 2 78 2 72 2 73 2 76 2
504 5.4116582208500441 -0.37432709515323032 39.589812297853179 114 120 120 0.1501585602610756 78 48 73 19
505 -5.6591281588064364 1.142525285647471 42.188802994771187 116 119 120 0.048601933557264138 71 18 73 20
506 -3.8164092871905271 0.38308646225216997 41.285753502377929 100 106 104 1.1007168596343881 74 25 78 28 73 24 76 24
509 4.7288924776287482 -1.2170233499580825 39.988347416799144 0 0 0 2.5595047870044616 71 78 75 68 78 79 76 72
510 7.1080584593162985 0.12747269464411637 38.932025569939434 96 105 106 2.1398871820784255 74 53 78 60 73 67 76 52
511 7.6925685250691691 3.0446827169260069 36.675609322613163 47 46 50 1.2264359615043481 78 98 73 74
512 6.7926934968392327 -0.18996751962326738 38.965174698569832 141 145 143 1.3554291106223371 74 70 75 83 78 59 76 40 73 46
513 -5.2701047188129895 0.63679516952460469 42.178523187635037 45 36 34 1.6573123616590344 71 86 73 82
514 7.6925685250691691 3.0446827169260069 36.675609322613163 47 46 50 1.2264359615043481 78 102 73 89
515 5.574214689902016 -0.57615663208344148 37.634142903450162 91 97 99 1.6353593939072901 78 89 73 91 76 71
516 6.8589513555208468 -1.806715375113269 39.233199529502265 125 127 131 0.48595687399917659 78 10 73 17 25 15 30 15 31 12 64 13 33 15 21 13 24 15 27 11 28 15 29 15 53 12 60 19 45 14 52 13 59 11 49 15 68 11 37 16 46 10 43 12 32 14 48 13 54 10 65 14 34 21 35 18 56 13 58 11 63 16 42 16 51 12 62 10 55 14 70 13 61 12 76 10
517 7.5998623219207371 0.65902080995614787 38.717754031899474 119 125 128 2.4949764314180971 73 8 74 13 76 11 75 11
519 7.7341589661675156 -1.6592275567755335 39.746326599492022 145 148 151 0.22304868596881544 74 34 76 33
521 7.4794290239347525 0.42992555002354188 38.698347206880499 93 101 103 1.3356080447367382 73 53 78 74 76 53
522 5.650860960494124 -0.78716721731363681 41.344915266328663 120 125 124 1.0616887980231766 78 69 76 70
523 4.8373147749101006 -0.59996267194311204 21.75810817468108 0 0 0 1.4083040977992893 70 91 72 88 74 106 75 69 75 99
524 -6.0135623040508941 0.91513573215964228 41.149858039591201 47 46 40 1.4480328449258901 74 107 76 84
525 -6.0135623040508941 0.91513573215964228 41.149858039591201 47 46 40 1.4480328449258901 74 104 76 86
526 6.5884739676207147 3.5202051915321912 36.344676699913293 79 87 84 1.9585259668625152 72 43 74 40 75 50 71 42 72 30 78 43 76 36 73 37
527 2.3484226653691009 -2.6112346064341629 39.12373773953464 103 105 107 2.0292551823767546 36 45 49 74 52 73 53 81 64 80 54 63 40 65 44 60 50 79 68 85 65 73 34 55 56 55 42 55 39 58 62 46 55 57 72 45 75 42 74 45 71 49 78 52 73 41 76 45 41 31 70 17 36 27 38 30 39 30 50 30 57 29 64 41 67 21 66 17 71 46
