# Frame list with one line of data per frame:
#   FRAME_ID, RIG_ID, RIG_FROM_WORLD[QW, QX, QY, QZ, TX, TY, TZ], NUM_DATA_IDS, DATA_IDS[] as (SENSOR_TYPE, SENSOR_ID, DATA_ID)
# Number of frames: 11
112 1 0.99999275921307851 3.0143576821741636e-05 0.0014607113229256508 -0.0035138206001660757 3.6209388219891099 -5.3366714731465859 -0.88315871530759704 1 CAMERA 1 112
115 1 0.99998996280985697 0.0015517396960682388 -0.00074812063111778749 -0.0041360245378658025 5.0475297543217623 -4.3653797886355097 -1.4801277171140423 1 CAMERA 1 115
116 1 0.99998062461149961 0.0039539575128353169 0.003176643397250007 -0.0036090938348449959 2.5204354472672832 -2.7948172018921413 -0.37073248587160662 1 CAMERA 1 116
118 1 0.99994233836600321 0.0075751889099611065 0.0063508258187617564 -0.0041956486420890666 0.46775650326251483 -0.44751440719287211 -0.22363838802083971 1 CAMERA 1 118
119 1 0.99995526355236575 0.006175463520240611 0.0054986803426910133 -0.0045933711713736407 1.0131776105237413 -1.3576055513574121 0.030934875963017514 1 CAMERA 1 119
120 1 0.99996139262642225 0.0060748714904063335 0.0042775955121059908 -0.004691627610567229 1.8038429970149188 -1.4280723353949722 -0.29245533992157241 1 CAMERA 1 120
122 1 0.99984967252294632 0.012392217314814309 0.010824090716103331 -0.0054684884519503509 -2.4185181803773115 2.6812041863477565 0.39789763247778642 1 CAMERA 1 122
125 1 0.99985401461789891 0.012020345982277754 0.011241579267441036 -0.004592127013761175 -2.6903263173680174 2.446618121721853 0.74147426513205972 1 CAMERA 1 125
130 1 0.99983474784574067 0.014764286291948701 0.0093081822343699817 -0.0050843479449633137 -1.4282009268229983 4.2129738186056347 0.77669186037053273 1 CAMERA 1 130
132 1 0.99983496244234848 0.01308650745103772 0.011437717949100177 -0.0052886490485204926 -2.8163779378827072 3.1319471290632701 0.33322346262671287 1 CAMERA 1 132
147 1 0.99975385207094025 0.011423772333379968 0.019004069962213321 0.00076027617544824247 -7.7519628265652853 2.0787329375928909 0.87211511630475536 1 CAMERA 1 147
