# Image list with two lines of data per image:
#   IMAGE_ID, QW, QX, QY, QZ, TX, TY, TZ, CAMERA_ID, NAME
#   POINTS2D[] as (X, Y, POINT3D_ID)
# Number of images: 11, mean observations per image: 80.090909090909093
112 0.99999275921307851 3.0143576821741636e-05 0.0014607113229256508 -0.0035138206001660757 3.6209388219891099 -5.3366714731465859 -0.88315871530759704 1 000114.png
215.41729736328125 161.21931457519531 45 215.41729736328125 161.21931457519531 1 63.775814056396484 173.52474975585938 2 56.851200103759766 200.473876953125 -1 164.44749450683594 27.616987228393555 -1 157.27149963378906 69.309188842773438 46 123.31378936767578 77.632469177246094 47 185.26910400390625 84.150108337402344 -1 164.44749450683594 27.616987228393555 -1 121.25757598876953 143.13844299316406 3 154.1912841796875 145.66513061523438 48 121.19367980957031 177.50965881347656 -1 157.17353820800781 176.63955688476562 49 92.921829223632812 196.761474609375 4 189.84971618652344 199.22300720214844 -1 189.84971618652344 199.22300720214844 -1 189.84971618652344 199.22300720214844 -1 103.65126037597656 177.01187133789062 5 173.54023742675781 144.52908325195312 -1 139.194580078125 161.31195068359375 6 176.03201293945312 162.05113220214844 -1 173.54023742675781 144.52908325195312 -1 176.03201293945312 162.05113220214844 52 119.12550354003906 13.112595558166504 -1 122.79401397705078 115.18800354003906 7 149.53982543945312 114.77875518798828 8 146.23539733886719 144.24642944335938 53 107.28842926025391 127.23145294189453 9 136.75886535644531 129.67996215820312 10 161.72206115722656 90.516250610351562 -1 157.41769409179688 161.93002319335938 54 159.00700378417969 90.134994506835938 -1 164.74382019042969 115.5765380859375 57 136.63665771484375 102.83084106445312 56 134.62057495117188 69.273460388183594 -1 110.33878326416016 102.01011657714844 11 148.79487609863281 105.37180328369141 61 108.91075897216797 114.01436614990234 12 121.45045471191406 125.83877563476562 13 112.59464263916016 160.73248291015625 14 121.45045471191406 125.83877563476562 -1 94.91131591796875 160.56019592285156 15 200.64122009277344 194.17939758300781 -1 200.64122009277344 194.17939758300781 -1 176.89701843261719 129.83026123046875 -1 176.89701843261719 129.83026123046875 -1 176.89701843261719 129.83026123046875 -1 144.00022888183594 63.566173553466797 -1 15.920472145080566 9.3043937683105469 -1 170.78050231933594 102.76202392578125 -1 151.11180114746094 129.81050109863281 -1 151.11180114746094 129.81050109863281 -1 15.920472145080566 9.3043937683105469 -1 106.84998321533203 21.024814605712891 60 161.54827880859375 129.12339782714844 -1 144.00022888183594 63.566173553466797 -1 122.63037872314453 100.53311920166016 16 170.78050231933594 102.76202392578125 62 136.35575866699219 115.27207183837891 17 151.11180114746094 129.81050109863281 63 161.54827880859375 129.12339782714844 18 177.92703247070312 120.74359130859375 -1 203.37754821777344 192.69387817382812 19 158.2520751953125 102.23117065429688 67 129.74433898925781 33.916114807128906 -1 177.92703247070312 120.74359130859375 -1 158.2520751953125 102.23117065429688 68 203.37754821777344 192.69387817382812 131 121.07169342041016 50.192607879638672 -1 154.04745483398438 54.345478057861328 72 167.30874633789062 54.406837463378906 -1 148.38838195800781 57.128669738769531 97 164.26948547363281 98.642486572265625 -1 124.37511444091797 4.768498420715332 69 141.77731323242188 99.5272216796875 21 136.63270568847656 106.81574249267578 22 113.57667541503906 128.66200256347656 23 46.400173187255859 153.1143798828125 -1 250.01412963867188 153.36213684082031 24 166.79541015625 156.36724853515625 -1 103.79757690429688 160.25424194335938 25 80.717658996582031 188.89985656738281 88 153.53089904785156 6.5750002861022949 -1 129.24674987792969 36.163776397705078 -1 108.05976104736328 7.5634489059448242 74 131.22885131835938 99.210494995117188 26 104.590576171875 12.884244918823242 75 124.41136932373047 16.245201110839844 76 116.71955871582031 28.122690200805664 82 114.68499755859375 50.160224914550781 -1 80.717658996582031 188.89985656738281 80 103.79757690429688 160.25424194335938 27 166.79541015625 156.36724853515625 -1 113.57667541503906 128.66200256347656 28 136.63270568847656 106.81574249267578 29 141.77731323242188 99.5272216796875 83 131.22885131835938 99.210494995117188 84 104.590576171875 12.884244918823242 87 148.38838195800781 57.128669738769531 -1 154.04745483398438 54.345478057861328 -1 175.70339965820312 59.863292694091797 91 112.74370574951172 120.6630859375 30 136.46102905273438 101.5291748046875 31 106.13462066650391 134.53547668457031 32 114.41954803466797 3.4702868461608887 93 152.99324035644531 12.814342498779297 -1 107.50253295898438 18.133687973022461 96 124.39665985107422 27.562366485595703 -1 123.62079620361328 40.778816223144531 66 172.06745910644531 56.432571411132812 94 148.11192321777344 83.611480712890625 98 67.72357177734375 91.884223937988281 -1 79.687751770019531 188.10098266601562 80 60.467853546142578 111.85665130615234 -1 103.21045684814453 120.71151733398438 33 169.01364135742188 129.01829528808594 -1 241.20736694335938 135.34779357910156 -1 99.349205017089844 155.99128723144531 100 41.4884033203125 164.57402038574219 -1 79.687751770019531 188.10098266601562 88 137.81240844726562 247.85903930664062 -1 112.74370574951172 120.6630859375 34 106.13462066650391 134.53547668457031 35 172.06745910644531 56.432571411132812 102 103.21045684814453 120.71151733398438 36 169.01364135742188 129.01829528808594 -1 169.01364135742188 129.01829528808594 99 99.349205017089844 155.99128723144531 -1 102.14592742919922 132.6414794921875 109 115.455078125 129.18461608886719 37 98.282447814941406 128.93812561035156 38 107.99452209472656 119.37705993652344 -1 177.95075988769531 118.73596954345703 -1 170.03378295898438 108.03485870361328 -1 223.71321105957031 101.00182342529297 39 118.51602935791016 33.779209136962891 105 104.60960388183594 15.356353759765625 -1 158.70765686035156 131.40211486816406 108 98.282447814941406 128.93812561035156 40 115.455078125 129.18461608886719 41 158.70765686035156 131.40211486816406 107 123.84735870361328 44.579067230224609 -1 94.390274047851562 47.084514617919922 -1 153.09048461914062 52.540000915527344 -1 161.65237426757812 52.598445892333984 104 178.76275634765625 91.336235046386719 -1 155.91455078125 204.92588806152344 -1 3.6911530494689941 248.67333984375 42 120.47533416748047 15.312325477600098 130 84.794136047363281 47.082027435302734 43 153.09048461914062 52.540000915527344 -1 154.42155456542969 45.087905883789062 -1 93.809844970703125 253.07304382324219 -1 6.9094734191894531 253.04698181152344 -1 110.02682495117188 10.774643898010254 122 117.15505218505859 6.9720463752746582 121 153.50965881347656 42.318855285644531 -1 96.006126403808594 42.433387756347656 -1 92.468254089355469 42.409133911132812 -1 120.64238739013672 30.759363174438477 -1 114.13803863525391 23.653491973876953 113 110.02682495117188 10.774643898010254 116 194.01918029785156 190.44993591308594 44 
115 0.99998996280985697 0.0015517396960682388 -0.00074812063111778749 -0.0041360245378658025 5.0475297543217623 -4.3653797886355097 -1.4801277171140423 1 000113.png
215.12147521972656 161.78610229492188 45 215.12147521972656 161.78610229492188 1 161.08822631835938 23.987287521362305 -1 156.69305419921875 68.476188659667969 46 122.8074951171875 76.4105224609375 47 63.592617034912109 174.11219787597656 2 56.884635925292969 199.41470336914062 -1 63.592617034912109 174.11219787597656 -1 185.27592468261719 84.091300964355469 -1 121.16576385498047 142.90257263183594 3 153.79957580566406 145.62031555175781 48 125.68430328369141 178.15428161621094 -1 156.63804626464844 176.63299560546875 49 189.96037292480469 199.26026916503906 -1 92.946914672851562 196.78193664550781 4 189.96037292480469 199.26026916503906 -1 189.96037292480469 199.26026916503906 -1 103.36662292480469 177.02569580078125 5 122.85282897949219 115.14131164550781 7 149.44557189941406 114.78330230712891 8 147.55548095703125 144.22372436523438 53 173.75593566894531 144.7393798828125 -1 139.27883911132812 161.29965209960938 6 176.05621337890625 162.04627990722656 -1 176.08674621582031 179.93106079101562 -1 176.05621337890625 162.04627990722656 52 173.75593566894531 144.7393798828125 -1 145.16075134277344 63.642105102539062 -1 161.96542358398438 90.638275146484375 -1 136.643798828125 102.82138824462891 56 164.96334838867188 115.60783386230469 57 107.30567169189453 127.18283843994141 9 136.75032043457031 129.59883117675781 10 159.33328247070312 90.195472717285156 -1 116.03314208984375 32.721530914306641 -1 157.49449157714844 161.18739318847656 54 140.33064270019531 144.73025512695312 -1 116.03314208984375 32.721530914306641 -1 145.16075134277344 63.642105102539062 -1 115.85981750488281 13.234928131103516 -1 110.38630676269531 102.02490234375 11 148.71240234375 105.37741088867188 61 108.91253662109375 113.95429229736328 12 121.47518157958984 125.43287658691406 13 112.58439636230469 160.76786804199219 14 94.914543151855469 160.51687622070312 15 121.47518157958984 125.43287658691406 -1 170.75881958007812 102.79370880126953 62 136.10032653808594 115.25128936767578 17 151.07426452636719 129.15287780761719 63 161.54788208007812 129.09918212890625 18 176.89987182617188 129.818603515625 -1 170.75881958007812 102.79370880126953 -1 143.594482421875 61.085491180419922 -1 161.54788208007812 129.09918212890625 -1 176.89987182617188 129.818603515625 -1 176.89987182617188 129.818603515625 -1 106.67646789550781 20.741437911987305 60 143.594482421875 61.085491180419922 -1 122.66953277587891 100.68269348144531 16 177.98951721191406 120.934326171875 -1 164.43974304199219 98.489654541015625 -1 151.80455017089844 12.302426338195801 -1 123.68761444091797 15.036772727966309 76 15.540521621704102 9.2323360443115234 -1 144.35874938964844 50.908138275146484 -1 179.47267150878906 65.823661804199219 -1 158.23692321777344 102.22920989990234 67 158.23692321777344 102.22920989990234 68 144.35874938964844 50.908138275146484 -1 177.98951721191406 120.934326171875 -1 136.63633728027344 106.79660797119141 22 108.06073760986328 7.4473371505737305 74 249.96298217773438 153.24752807617188 24 166.78170776367188 156.31333923339844 -1 103.80384063720703 160.23489379882812 25 80.737052917480469 188.89814758300781 88 203.55343627929688 192.61198425292969 19 28.837507247924805 201.70429992675781 -1 104.42205047607422 12.745265007019043 75 150.62437438964844 26.075746536254883 -1 150.10922241210938 40.468242645263672 -1 114.43581390380859 50.009124755859375 -1 104.42205047607422 12.745265007019043 87 167.35614013671875 54.421421051025391 -1 131.27189636230469 99.193992614746094 26 203.55343627929688 192.61198425292969 131 80.737052917480469 188.89814758300781 80 103.80384063720703 160.23489379882812 81 103.80384063720703 160.23489379882812 27 166.78170776367188 156.31333923339844 -1 141.78913879394531 99.516021728515625 21 136.63633728027344 106.79660797119141 29 141.78913879394531 99.516021728515625 83 131.27189636230469 99.193992614746094 84 204.44110107421875 192.07940673828125 -1 114.05398559570312 3.8360328674316406 93 107.40241241455078 18.28398323059082 96 120.96975708007812 48.938697814941406 -1 148.47232055664062 53.338371276855469 97 172.08885192871094 56.429584503173828 94 175.88047790527344 59.615966796875 91 136.45304870605469 101.49744415283203 31 103.1485595703125 120.68076324462891 33 112.51044464111328 120.82496643066406 34 114.26301574707031 128.92503356933594 28 168.99397277832031 128.92558288574219 -1 106.12242126464844 134.49302673339844 32 99.238677978515625 156.12872314453125 100 41.229721069335938 164.4859619140625 -1 204.44110107421875 192.07940673828125 -1 23.591213226318359 212.41703796386719 89 2.55049729347229 248.03337097167969 42 134.68220520019531 247.93167114257812 -1 137.97586059570312 247.98876953125 -1 118.80924224853516 33.853401184082031 -1 134.68220520019531 247.93167114257812 -1 114.05398559570312 3.8360328674316406 -1 172.08885192871094 56.429584503173828 102 103.1485595703125 120.68076324462891 36 112.51044464111328 120.82496643066406 30 114.26301574707031 128.92503356933594 23 168.99397277832031 128.92558288574219 -1 168.99397277832031 128.92558288574219 99 106.12242126464844 134.49302673339844 35 115.38776397705078 129.19380187988281 37 98.2447509765625 128.89524841308594 38 178.16642761230469 118.82615661621094 -1 168.29374694824219 53.593112945556641 -1 196.32740783691406 49.432403564453125 -1 84.730331420898438 47.557060241699219 43 148.82901000976562 44.996810913085938 -1 104.67276763916016 15.465121269226074 -1 151.22596740722656 5.8908567428588867 -1 143.76329040527344 53.764259338378906 -1 196.32740783691406 49.432403564453125 -1 98.2447509765625 128.89524841308594 40 115.38776397705078 129.19380187988281 41 102.20559692382812 132.692626953125 109 196.32740783691406 49.432403564453125 -1 7.4452276229858398 252.62002563476562 -1 163.52178955078125 253.50442504882812 -1 161.76640319824219 52.678203582763672 104 118.98551177978516 44.672725677490234 -1 160.44209289550781 80.470787048339844 -1 136.49017333984375 99.19671630859375 -1 116.94331359863281 6.8623862266540527 -1 145.61872863769531 46.951713562011719 -1 152.78486633300781 42.471675872802734 -1 119.53303527832031 41.902359008789062 -1 114.77153778076172 32.695819854736328 105 151.12068176269531 30.371070861816406 -1 114.16771697998047 23.54539680480957 113 122.61441040039062 11.923422813415527 -1 116.94331359863281 6.8623862266540527 121 120.41368103027344 1.5023676156997681 -1 145.61872863769531 46.951713562011719 -1 
116 0.99998062461149961 0.0039539575128353169 0.003176643397250007 -0.0036090938348449959 2.5204354472672832 -2.7948172018921413 -0.37073248587160662 1 000115.png
215.56784057617188 160.86483764648438 45 215.56784057617188 160.86483764648438 1 63.74639892578125 173.83517456054688 2 57.052497863769531 200.45819091796875 -1 157.68353271484375 70.403785705566406 46 123.30096435546875 78.110069274902344 47 185.14703369140625 84.070999145507812 -1 165.72833251953125 29.134262084960938 -1 121.34612274169922 143.31396484375 3 154.43765258789062 145.6231689453125 48 121.10478973388672 177.47441101074219 -1 157.55931091308594 176.64556884765625 49 92.955757141113281 196.79299926757812 4 189.83052062988281 199.21316528320312 -1 189.83052062988281 199.21316528320312 -1 189.83052062988281 199.21316528320312 -1 165.72833251953125 29.134262084960938 -1 103.43029022216797 176.95085144042969 5 173.13664245605469 144.46281433105469 -1 120.88858795166016 12.770769119262695 -1 120.88858795166016 12.770769119262695 -1 176.04661560058594 162.04011535644531 52 122.80604553222656 115.21212005615234 7 149.45248413085938 114.77510833740234 8 145.77938842773438 144.14898681640625 53 173.13664245605469 144.46281433105469 -1 139.20455932617188 161.31736755371094 6 176.04661560058594 162.04011535644531 -1 136.72611999511719 129.68778991699219 10 129.70564270019531 214.41995239257812 -1 158.90533447265625 90.162033081054688 -1 161.74909973144531 90.5538330078125 -1 164.98429870605469 115.62564849853516 57 107.29302978515625 127.20581817626953 9 136.61880493164062 102.85456848144531 56 157.59236145019531 161.26844787597656 54 110.28914642333984 102.01662445068359 11 148.74272155761719 105.01712799072266 61 121.51018524169922 125.11615753173828 13 112.60099792480469 160.73481750488281 14 94.912673950195312 160.53065490722656 15 109.00230407714844 113.99935150146484 12 121.51018524169922 125.11615753173828 -1 173.38409423828125 63.352451324462891 -1 170.81416320800781 102.76535034179688 -1 151.12265014648438 129.54515075683594 -1 161.5911865234375 129.14152526855469 -1 176.92024230957031 129.85917663574219 -1 176.92024230957031 129.85917663574219 -1 162.83767700195312 6.8006229400634766 -1 106.73396301269531 21.305728912353516 60 132.57040405273438 33.848823547363281 -1 173.38409423828125 63.352451324462891 -1 122.60202026367188 100.41647338867188 16 150.00875854492188 101.76131439208984 61 170.81416320800781 102.76535034179688 62 136.229736328125 115.28846740722656 17 151.12265014648438 129.54515075683594 63 161.5911865234375 129.14152526855469 18 176.92024230957031 129.85917663574219 -1 122.48970794677734 161.5709228515625 -1 122.48970794677734 161.5709228515625 -1 150.00875854492188 101.76131439208984 -1 158.22027587890625 102.22721862792969 67 166.89755249023438 156.56309509277344 -1 158.22027587890625 102.22721862792969 68 164.28695678710938 98.542503356933594 -1 177.99647521972656 120.88334655761719 -1 124.95972442626953 39.659843444824219 66 150.60841369628906 58.556781768798828 -1 12.2633056640625 250.2255859375 -1 124.95972442626953 39.659843444824219 -1 166.89755249023438 156.56309509277344 -1 177.99647521972656 120.88334655761719 -1 131.25137329101562 99.2095947265625 26 141.82402038574219 99.523727416992188 21 136.62773132324219 106.80580902099609 22 118.89499664306641 3.9982409477233887 -1 250.21601867675781 153.71318054199219 24 103.79630279541016 160.34056091308594 25 203.69464111328125 192.546875 19 28.621559143066406 202.90599060058594 -1 24.920843124389648 212.11941528320312 89 13.583878517150879 244.64608764648438 -1 80.615829467773438 188.8194580078125 88 108.05223083496094 7.4830622673034668 74 104.630859375 12.769041061401367 75 113.39272308349609 128.59683227539062 23 131.40971374511719 37.183563232421875 -1 1.6630687713623047 247.5274658203125 42 114.53752899169922 50.148506164550781 -1 13.583878517150879 244.64608764648438 -1 203.69464111328125 192.546875 131 80.615829467773438 188.8194580078125 80 103.79630279541016 160.34056091308594 81 103.79630279541016 160.34056091308594 27 121.35178375244141 50.118137359619141 -1 113.39272308349609 128.59683227539062 28 167.23585510253906 54.447601318359375 -1 136.62773132324219 106.80580902099609 29 104.630859375 12.769041061401367 87 141.82402038574219 99.523727416992188 83 131.25137329101562 99.2095947265625 84 172.11224365234375 56.334747314453125 94 172.11224365234375 56.334747314453125 102 169.00860595703125 128.96212768554688 -1 114.24472808837891 3.8285579681396484 93 107.48076629638672 18.257179260253906 96 123.72092437744141 21.969856262207031 -1 116.70051574707031 27.204563140869141 82 175.83847045898438 59.686161041259766 91 136.46923828125 101.50038909912109 31 103.19393157958984 120.64491271972656 33 112.49170684814453 120.79953002929688 34 99.305557250976562 156.03189086914062 -1 106.1107177734375 134.46133422851562 32 241.10237121582031 135.22380065917969 -1 99.305557250976562 156.03189086914062 100 41.160011291503906 165.345703125 -1 39.050338745117188 171.91423034667969 -1 137.31964111328125 247.98500061035156 -1 107.99047088623047 119.19116973876953 -1 103.19393157958984 120.64491271972656 36 112.49170684814453 120.79953002929688 30 169.00860595703125 128.96212768554688 -1 169.00860595703125 128.96212768554688 99 106.1107177734375 134.46133422851562 35 118.41743469238281 33.699558258056641 105 104.48260498046875 15.751103401184082 -1 123.6781005859375 41.790348052978516 -1 102.18470001220703 132.70039367675781 109 98.227500915527344 128.93292236328125 38 220.26295471191406 94.4876708984375 -1 67.768775939941406 90.706886291503906 -1 80.731613159179688 57.498847961425781 -1 156.07893371582031 53.193473815917969 -1 196.29202270507812 49.325580596923828 -1 84.634384155273438 47.513027191162109 43 126.27046966552734 44.594924926757812 -1 115.69963836669922 129.02064514160156 37 158.64630126953125 131.47868347167969 108 115.69963836669922 129.02064514160156 41 196.29202270507812 49.325580596923828 -1 156.07893371582031 53.193473815917969 -1 98.227500915527344 128.93292236328125 40 158.64630126953125 131.47868347167969 107 133.22152709960938 103.02046203613281 -1 156.63143920898438 16.0828857421875 -1 190.85134887695312 131.59938049316406 -1 97.786773681640625 152.45118713378906 -1 3.8020439147949219 248.58619689941406 42 120.65824127197266 31.003366470336914 -1 128.51116943359375 10.10381031036377 -1 7.1913151741027832 253.12409973144531 -1 160.61691284179688 253.53617858886719 -1 117.08964538574219 6.9076976776123047 121 157.32456970214844 45.116996765136719 -1 161.54203796386719 52.641700744628906 104 120.65824127197266 31.003366470336914 -1 109.83327484130859 27.362461090087891 -1 128.4420166015625 26.317848205566406 -1 114.17382049560547 23.6888427734375 113 156.32005310058594 20.106538772583008 -1 133.22152709960938 103.02046203613281 -1 122.01777648925781 17.761148452758789 130 
118 0.99994233836600321 0.0075751889099611065 0.0063508258187617564 -0.0041956486420890666 0.46775650326251483 -0.44751440719287211 -0.22363838802083971 1 000117.png
216.00300598144531 159.79231262207031 45 216.00300598144531 159.79231262207031 1 123.82112121582031 13.71711540222168 -1 95.277610778808594 78.219734191894531 -1 57.425163269042969 202.82679748535156 -1 64.552108764648438 172.82496643066406 2 123.82112121582031 13.71711540222168 -1 121.23236083984375 77.617385864257812 47 122.15744781494141 143.78242492675781 3 155.05438232421875 145.87403869628906 48 121.60952758789062 177.02639770507812 -1 160.50724792480469 177.34689331054688 -1 189.79266357421875 199.13829040527344 -1 92.781753540039062 196.81578063964844 4 189.79266357421875 199.13829040527344 -1 189.79266357421875 199.13829040527344 -1 179.66206359863281 88.707107543945312 -1 103.74105834960938 176.97438049316406 5 149.5731201171875 114.91351318359375 8 131.76811218261719 85.271171569824219 -1 122.74710083007812 115.12746429443359 7 147.02537536621094 143.95620727539062 53 172.29203796386719 144.32295227050781 -1 139.11885070800781 161.31585693359375 6 176.08064270019531 162.00936889648438 -1 173.45872497558594 179.8292236328125 -1 176.08064270019531 162.00936889648438 52 172.29203796386719 144.32295227050781 -1 110.14197540283203 102.04355621337891 11 158.038330078125 162.16868591308594 54 162.60491943359375 91.282485961914062 -1 136.67927551269531 129.67306518554688 10 164.91926574707031 115.64649200439453 57 136.65350341796875 102.82347106933594 56 107.26096343994141 127.20608520507812 9 151.05699157714844 92.223106384277344 -1 170.90573120117188 67.091415405273438 -1 162.60491943359375 91.282485961914062 -1 162.60491943359375 91.282485961914062 -1 108.93814086914062 113.98844909667969 12 121.39482879638672 125.76671600341797 13 94.914993286132812 160.53874206542969 15 112.60485076904297 160.74246215820312 14 121.39482879638672 125.76671600341797 -1 121.39482879638672 125.76671600341797 -1 121.39482879638672 125.76671600341797 -1 201.63948059082031 193.67127990722656 -1 161.5384521484375 129.12101745605469 -1 173.20602416992188 38.529262542724609 -1 144.1817626953125 78.355819702148438 -1 144.1817626953125 78.355819702148438 -1 170.78941345214844 102.7841796875 -1 176.85823059082031 129.82173156738281 -1 173.20602416992188 38.529262542724609 -1 160.11381530761719 70.399620056152344 -1 144.1817626953125 78.355819702148438 -1 122.58486938476562 100.50096130371094 16 149.84385681152344 101.85556030273438 61 170.78941345214844 102.7841796875 62 136.19302368164062 115.28373718261719 17 151.07295227050781 129.11427307128906 63 161.5384521484375 129.12101745605469 18 176.85823059082031 129.82173156738281 -1 201.63948059082031 193.67127990722656 -1 176.85823059082031 129.82173156738281 -1 177.86247253417969 121.06739044189453 -1 158.22880554199219 102.24826812744141 67 164.48544311523438 98.642120361328125 -1 168.80036926269531 165.96258544921875 -1 125.29798126220703 5.4058341979980469 69 125.26980590820312 39.718490600585938 66 132.16287231445312 20.793973922729492 -1 12.580025672912598 250.08497619628906 -1 158.22880554199219 102.24826812744141 68 132.16287231445312 20.793973922729492 -1 125.29798126220703 5.4058341979980469 -1 168.80036926269531 165.96258544921875 -1 177.86247253417969 121.06739044189453 -1 124.39345550537109 32.540271759033203 -1 121.30217742919922 50.177886962890625 -1 131.20858764648438 99.206275939941406 26 141.76593017578125 99.519760131835938 21 136.61917114257812 106.81446838378906 22 250.05674743652344 153.56260681152344 24 166.79560852050781 156.34916687011719 -1 103.76722717285156 160.38104248046875 25 203.56834411621094 192.60821533203125 19 13.56879997253418 245.02413940429688 -1 138.59187316894531 18.45952033996582 -1 139.40531921386719 3.825026273727417 -1 124.39345550537109 32.540271759033203 -1 119.04849243164062 3.6895549297332764 -1 108.00722503662109 7.5512728691101074 74 104.52843475341797 13.018092155456543 75 13.56879997253418 245.02413940429688 -1 203.56834411621094 192.60821533203125 131 126.03481292724609 16.616260528564453 76 103.76722717285156 160.38104248046875 81 103.76722717285156 160.38104248046875 27 166.79560852050781 156.34916687011719 -1 124.37648010253906 22.317441940307617 -1 136.61917114257812 106.81446838378906 29 141.76593017578125 99.519760131835938 83 131.20858764648438 99.206275939941406 84 121.30217742919922 50.177886962890625 -1 124.39345550537109 32.540271759033203 -1 104.52843475341797 13.018092155456543 87 113.88076782226562 128.80812072753906 28 113.88076782226562 128.80812072753906 23 116.55861663818359 27.960805892944336 82 175.70184326171875 59.829292297363281 91 169.01875305175781 129.03553771972656 -1 169.01875305175781 129.03553771972656 99 106.10720062255859 134.472900390625 35 114.22648620605469 3.7163090705871582 93 131.99180603027344 11.799984931945801 -1 107.47429656982422 18.118417739868164 96 167.08831787109375 49.305305480957031 -1 136.48739624023438 101.51702880859375 31 103.19846343994141 120.68121337890625 33 112.42874908447266 120.9102783203125 34 236.12356567382812 126.09707641601562 -1 54.420932769775391 128.24789428710938 -1 169.01875305175781 129.03553771972656 -1 106.10720062255859 134.472900390625 32 241.26002502441406 135.25372314453125 -1 40.621749877929688 167.31443786621094 -1 19.1419677734375 225.88969421386719 -1 137.92047119140625 247.96073913574219 -1 172.14103698730469 56.489048004150391 94 137.92047119140625 247.96073913574219 -1 131.99180603027344 11.799984931945801 -1 167.08831787109375 49.305305480957031 -1 167.08831787109375 49.305305480957031 -1 103.19846343994141 120.68121337890625 36 112.42874908447266 120.9102783203125 30 119.76538848876953 3.949260950088501 -1 164.90032958984375 55.618480682373047 -1 131.89602661132812 7.8581385612487793 -1 138.492919921875 28.869634628295898 -1 3.2797548770904541 248.556884765625 42 79.144233703613281 187.593017578125 88 102.19813537597656 132.66484069824219 109 158.68547058105469 131.42127990722656 108 115.4876708984375 129.18983459472656 37 98.258522033691406 128.93867492675781 38 170.49105834960938 108.12789916992188 -1 225.41015625 104.41489410400391 -1 63.655139923095703 101.52153015136719 -1 104.66573333740234 15.207629203796387 -1 136.42340087890625 44.701618194580078 -1 84.88262939453125 47.540580749511719 43 168.49327087402344 53.650703430175781 -1 79.144233703613281 187.593017578125 80 98.258522033691406 128.93867492675781 40 115.4876708984375 129.18983459472656 41 158.68547058105469 131.42127990722656 107 117.19335174560547 22.87841796875 -1 134.62503051757812 14.562460899353027 -1 140.43057250976562 11.192115783691406 -1 159.81300354003906 253.43006896972656 -1 120.53574371337891 15.252305030822754 130 117.12027740478516 6.9699597358703613 121 138.39433288574219 8.3095855712890625 -1 116.94052886962891 26.729328155517578 -1 117.19335174560547 22.87841796875 -1 129.28457641601562 26.278676986694336 -1 134.07716369628906 26.379281997680664 -1 134.07716369628906 26.379281997680664 -1 39.151481628417969 166.77079772949219 -1 138.7999267578125 102.65387725830078 -1 138.7999267578125 102.65387725830078 -1 165.85946655273438 69.610847473144531 -1 134.07716369628906 26.379281997680664 -1 129.28457641601562 26.278676986694336 -1 114.04866790771484 23.57099723815918 113 138.7999267578125 102.65387725830078 -1 136.52044677734375 99.399711608886719 -1 196.72044372558594 48.937961578369141 -1 170.07025146484375 45.465744018554688 -1 123.58964538574219 41.848293304443359 -1 118.31541442871094 33.853488922119141 105 135.25680541992188 30.912324905395508 -1 130.1976318359375 31.055492401123047 -1 130.1976318359375 31.055492401123047 -1 93.36114501953125 253.26191711425781 -1 
119 0.99995526355236575 0.006175463520240611 0.0054986803426910133 -0.0045933711713736407 1.0131776105237413 -1.3576055513574121 0.030934875963017514 1 000119.png
216.06053161621094 159.183837890625 1 216.06053161621094 159.183837890625 45 97.373451232910156 77.798873901367188 -1 64.966278076171875 172.30941772460938 2 57.968582153320312 203.951904296875 -1 119.54676055908203 77.041885375976562 47 122.92503356933594 144.23675537109375 3 153.55142211914062 144.92190551757812 48 123.54917907714844 177.06758117675781 -1 92.873947143554688 196.91175842285156 4 190.26261901855469 199.04127502441406 -1 190.26261901855469 199.04127502441406 -1 190.26261901855469 199.04127502441406 -1 121.14541625976562 12.792145729064941 -1 103.14813995361328 177.05146789550781 5 138.95237731933594 161.2752685546875 6 149.505126953125 114.88986968994141 8 122.77722930908203 115.03927612304688 7 172.43777465820312 144.43170166015625 -1 183.62367248535156 92.175567626953125 -1 136.643798828125 129.26028442382812 10 176.30079650878906 162.0386962890625 -1 173.94760131835938 179.79621887207031 -1 172.43777465820312 144.43170166015625 -1 176.30079650878906 162.0386962890625 52 136.5970458984375 102.71762084960938 56 164.95327758789062 115.61125183105469 57 107.22409057617188 127.19232940673828 9 130.444091796875 214.27723693847656 -1 94.882781982421875 160.54774475097656 15 121.42433166503906 125.64408111572266 13 148.68563842773438 105.05496215820312 61 110.16092681884766 102.05901336669922 11 108.74533081054688 113.96441650390625 12 143.61116027832031 18.631324768066406 -1 112.62152862548828 160.7431640625 14 121.42433166503906 125.64408111572266 -1 121.42433166503906 125.64408111572266 -1 155.7972412109375 4.7690024375915527 -1 15.926773071289062 9.3118572235107422 -1 135.09237670898438 53.380329132080078 -1 122.58296966552734 100.29506683349609 16 170.84727478027344 102.75110626220703 62 136.42111206054688 115.28992462158203 17 151.08726501464844 129.34002685546875 63 161.56562805175781 129.11770629882812 18 176.87306213378906 129.84197998046875 -1 122.64745330810547 162.38992309570312 -1 106.75372314453125 21.187034606933594 60 15.926773071289062 9.3118572235107422 -1 135.09237670898438 53.380329132080078 -1 161.56562805175781 129.11770629882812 -1 176.87306213378906 129.84197998046875 -1 176.87306213378906 129.84197998046875 -1 122.64745330810547 162.38992309570312 -1 143.53103637695312 32.380073547363281 -1 164.49681091308594 98.4776611328125 -1 158.25286865234375 102.24076843261719 67 168.8482666015625 165.97026062011719 -1 125.22479248046875 5.3574190139770508 -1 203.43382263183594 192.69401550292969 131 168.8482666015625 165.97026062011719 -1 125.03146362304688 40.083412170410156 66 125.22479248046875 5.3574190139770508 69 132.38502502441406 20.851102828979492 -1 12.484136581420898 250.09172058105469 -1 203.43382263183594 192.69401550292969 19 108.03379821777344 7.5157814025878906 74 104.65734100341797 12.796212196350098 75 125.96172332763672 16.640960693359375 76 124.34445953369141 22.352142333984375 -1 124.25968170166016 32.317413330078125 -1 146.95097351074219 49.592361450195312 -1 121.39442443847656 50.095550537109375 -1 142.16693115234375 78.554344177246094 -1 131.22369384765625 99.212890625 26 141.77886962890625 99.499382019042969 21 136.578125 106.80513000488281 22 13.280061721801758 245.45137023925781 -1 13.280061721801758 245.45137023925781 -1 80.568168640136719 188.794921875 80 103.72955322265625 160.45654296875 81 166.73869323730469 156.30062866210938 -1 166.73869323730469 156.30062866210938 -1 113.54285430908203 128.6893310546875 28 177.75138854980469 121.18231964111328 -1 136.578125 106.80513000488281 -1 136.578125 106.80513000488281 29 141.77886962890625 99.499382019042969 83 131.22369384765625 99.212890625 84 142.16693115234375 78.554344177246094 -1 176.68315124511719 50.882305145263672 -1 121.39442443847656 50.095550537109375 -1 146.95097351074219 49.592361450195312 -1 104.65734100341797 12.796212196350098 87 176.68315124511719 50.882305145263672 -1 46.188465118408203 153.399169921875 -1 245.174560546875 145.02680969238281 -1 113.54285430908203 128.6893310546875 23 177.75138854980469 121.18231964111328 -1 58.203670501708984 120.74797821044922 -1 249.77867126464844 153.14349365234375 24 118.91764831542969 3.9712340831756592 -1 80.568168640136719 188.794921875 88 103.72955322265625 160.45654296875 25 149.81813049316406 4.9182171821594238 -1 28.925527572631836 202.57185363769531 -1 103.72955322265625 160.45654296875 27 139.03266906738281 18.752214431762695 -1 107.48520660400391 18.280460357666016 96 116.68822479248047 27.571569442749023 82 138.94134521484375 28.832151412963867 -1 143.70805358886719 40.925174713134766 -1 127.64264678955078 48.580234527587891 -1 141.72909545898438 48.892005920410156 -1 147.40509033203125 57.281761169433594 -1 136.48291015625 101.50434875488281 31 60.625961303710938 111.71212768554688 -1 229.4521484375 113.85024261474609 -1 103.16877746582031 120.65224456787109 33 112.42367553710938 120.90401458740234 34 55.721565246582031 124.40981292724609 -1 168.98194885253906 128.81596374511719 -1 241.11752319335938 135.34663391113281 -1 47.513473510742188 147.32139587402344 -1 99.264297485351562 155.97105407714844 100 138.28810119628906 247.87297058105469 -1 99.264297485351562 155.97105407714844 -1 106.12126922607422 134.58842468261719 32 138.94485473632812 3.7533042430877686 -1 141.087158203125 8.2162160873413086 -1 148.56314086914062 11.167235374450684 -1 131.91265869140625 11.798586845397949 -1 139.64759826660156 13.984936714172363 -1 106.12126922607422 134.58842468261719 35 131.91265869140625 11.798586845397949 -1 138.94134521484375 28.832151412963867 -1 127.64264678955078 48.580234527587891 -1 141.72909545898438 48.892005920410156 -1 136.48291015625 101.50434875488281 -1 103.16877746582031 120.65224456787109 36 112.42367553710938 120.90401458740234 30 168.98194885253906 128.81596374511719 -1 168.98194885253906 128.81596374511719 99 144.50779724121094 44.811569213867188 -1 107.99376678466797 119.29610443115234 -1 131.88394165039062 7.7926101684570312 -1 111.42859649658203 96.690177917480469 -1 144.53964233398438 52.622173309326172 -1 75.303314208984375 71.398269653320312 -1 84.816886901855469 47.447368621826172 43 102.19437408447266 132.64768981933594 109 98.321243286132812 128.93450927734375 40 115.33723449707031 129.19758605957031 41 53.309223175048828 127.91341400146484 -1 98.321243286132812 128.93450927734375 38 115.33723449707031 129.19758605957031 37 144.60848999023438 7.9732427597045898 -1 140.81112670898438 24.09611701965332 -1 118.49077606201172 33.715538024902344 105 144.73477172851562 35.707916259765625 -1 178.69033813476562 43.47430419921875 -1 137.86183166503906 35.970680236816406 -1 135.37716674804688 31.011613845825195 -1 134.13026428222656 26.316387176513672 -1 129.30912780761719 26.414165496826172 -1 114.12331390380859 23.766979217529297 113 117.09780883789062 22.959047317504883 -1 122.34385681152344 17.698135375976562 130 134.62344360351562 14.56877326965332 -1 145.08015441894531 13.94667911529541 -1 110.14994812011719 10.902127265930176 122 142.48876953125 2.9540200233459473 -1 3.4159760475158691 248.78549194335938 42 145.72608947753906 78.235099792480469 -1 142.48876953125 2.9540200233459473 -1 117.06964111328125 6.8710532188415527 121 145.08015441894531 13.94667911529541 -1 134.62344360351562 14.56877326965332 -1 117.09780883789062 22.959047317504883 -1 129.30912780761719 26.414165496826172 -1 134.13026428222656 26.316387176513672 -1 134.13026428222656 26.316387176513672 -1 134.13026428222656 26.316387176513672 -1 133.89097595214844 102.64763641357422 -1 133.89097595214844 102.64763641357422 -1 178.16085815429688 119.12368774414062 -1 115.72731018066406 188.43818664550781 -1 120.63922119140625 30.865009307861328 -1 149.95060729980469 187.16490173339844 -1 174.93490600585938 154.65695190429688 -1 102.51148986816406 129.52088928222656 -1 178.16085815429688 119.12368774414062 -1 133.89097595214844 102.64763641357422 -1 102.51148986816406 129.52088928222656 -1 145.19575500488281 87.283775329589844 -1 104.68287658691406 15.635064125061035 -1 172.85292053222656 68.647468566894531 -1 120.63922119140625 30.865009307861328 -1 196.51148986816406 48.957813262939453 -1 180.58097839355469 46.006038665771484 -1 110.14994812011719 10.902127265930176 116 124.74754333496094 34.192207336425781 -1 120.56783294677734 15.384370803833008 130 
120 0.99996139262642225 0.0060748714904063335 0.0042775955121059908 -0.004691627610567229 1.8038429970149188 -1.4280723353949722 -0.29245533992157241 1 000118.png
124.79460144042969 8.0951356887817383 -1 216.00494384765625 159.55178833007812 1 124.79460144042969 8.0951356887817383 -1 216.00494384765625 159.55178833007812 45 124.79460144042969 8.0951356887817383 -1 64.678466796875 172.68429565429688 2 119.68682098388672 77.2315673828125 47 94.747703552246094 78.637687683105469 -1 57.903568267822266 203.56016540527344 -1 122.32714080810547 143.85047912597656 3 154.82295227050781 145.3687744140625 48 122.17433929443359 176.99859619140625 -1 92.841239929199219 196.85466003417969 4 189.81843566894531 199.13648986816406 -1 161.54519653320312 177.72714233398438 -1 189.81843566894531 199.13648986816406 -1 189.81843566894531 199.13648986816406 -1 103.48633575439453 177.0516357421875 5 176.17483520507812 162.02200317382812 -1 139.08956909179688 161.31056213378906 6 172.677978515625 144.36184692382812 -1 122.71715545654297 115.15878295898438 7 149.58538818359375 114.93428802490234 8 180.16337585449219 88.21746826171875 -1 136.62953186035156 129.27752685546875 10 173.469482421875 179.79782104492188 -1 176.17483520507812 162.02200317382812 52 172.677978515625 144.36184692382812 -1 136.66183471679688 102.81300354003906 56 164.9578857421875 115.64791870117188 57 107.25527191162109 127.1793212890625 9 130.5350341796875 214.33732604980469 -1 158.29217529296875 162.14588928222656 54 112.62014007568359 160.75643920898438 14 172.65922546386719 65.088874816894531 -1 121.37949371337891 125.70900726318359 13 94.881546020507812 160.52801513671875 15 108.76924133300781 113.98143005371094 12 121.37949371337891 125.70900726318359 -1 110.15207672119141 102.04212188720703 11 150.26087951660156 93.741035461425781 -1 172.65922546386719 65.088874816894531 -1 121.37949371337891 125.70900726318359 -1 121.37949371337891 125.70900726318359 -1 122.59659576416016 162.39352416992188 -1 161.55653381347656 129.12925720214844 -1 176.861572265625 129.82687377929688 -1 176.861572265625 129.82687377929688 -1 141.76542663574219 2.6042015552520752 -1 106.71745300292969 21.218961715698242 60 122.61810302734375 100.37225341796875 16 170.85040283203125 102.76800537109375 62 136.47276306152344 115.27709197998047 17 151.04631042480469 129.03350830078125 63 161.55653381347656 129.12925720214844 18 176.861572265625 129.82687377929688 -1 122.59659576416016 162.39352416992188 -1 164.7178955078125 98.473052978515625 -1 125.22336578369141 5.2867178916931152 69 125.00414276123047 40.010276794433594 66 15.53275203704834 9.2232561111450195 -1 168.82350158691406 165.94650268554688 -1 140.02418518066406 18.855915069580078 -1 132.31581115722656 20.863847732543945 -1 134.65628051757812 51.079605102539062 -1 163.2935791015625 74.708824157714844 -1 158.22920227050781 102.19817352294922 67 125.22336578369141 5.2867178916931152 -1 158.22920227050781 102.19817352294922 68 134.65628051757812 51.079605102539062 -1 132.31581115722656 20.863847732543945 -1 168.82350158691406 165.94650268554688 -1 141.7557373046875 99.509376525878906 21 136.62460327148438 106.8055419921875 22 177.71958923339844 121.14352416992188 -1 113.66551208496094 128.70970153808594 23 250.08966064453125 153.43067932128906 24 166.74543762207031 156.33116149902344 -1 203.636962890625 192.53163146972656 19 28.739542007446289 202.53517150878906 -1 90.787216186523438 251.71084594726562 -1 103.8236083984375 160.52021789550781 25 118.86226654052734 4.0731935501098633 -1 108.00377655029297 7.5690064430236816 74 104.55406188964844 13.012714385986328 75 125.96405792236328 16.557790756225586 76 124.51032257080078 22.372671127319336 -1 177.71958923339844 121.14352416992188 -1 136.62460327148438 106.8055419921875 -1 121.49851989746094 50.037036895751953 -1 104.55406188964844 13.012714385986328 87 124.40367126464844 32.411579132080078 -1 136.62460327148438 106.8055419921875 29 116.61794281005859 27.796615600585938 82 131.20709228515625 99.211021423339844 84 177.64114379882812 50.8824462890625 -1 124.40367126464844 32.411579132080078 -1 121.49851989746094 50.037036895751953 -1 177.64114379882812 50.8824462890625 -1 141.7557373046875 99.509376525878906 83 203.636962890625 192.53163146972656 131 131.20709228515625 99.211021423339844 26 103.8236083984375 160.52021789550781 81 103.8236083984375 160.52021789550781 27 166.74543762207031 156.33116149902344 -1 113.66551208496094 128.70970153808594 28 132.08512878417969 11.847964286804199 -1 128.08209228515625 48.827075958251953 -1 170.06266784667969 48.780078887939453 -1 103.20515441894531 120.67214965820312 36 168.99734497070312 128.96711730957031 -1 168.99734497070312 128.96711730957031 99 106.13902282714844 134.44004821777344 35 99.203559875488281 156.12364196777344 -1 79.75970458984375 188.13841247558594 80 111.48212432861328 96.762039184570312 -1 104.14990234375 103.97441101074219 -1 112.68941497802734 120.66961669921875 30 138.48085021972656 3.7904214859008789 -1 107.47681427001953 18.187788009643555 96 139.07389831542969 28.718908309936523 -1 141.8369140625 48.408233642578125 -1 128.08209228515625 48.827075958251953 -1 170.06266784667969 48.780078887939453 -1 172.47039794921875 56.459892272949219 94 66.564460754394531 95.782356262207031 -1 136.46029663085938 101.48222351074219 31 103.20515441894531 120.67214965820312 33 168.99734497070312 128.96711730957031 -1 106.13902282714844 134.44004821777344 32 99.203559875488281 156.12364196777344 100 79.75970458984375 188.13841247558594 88 204.54353332519531 191.9808349609375 19 138.15214538574219 247.93167114257812 -1 204.54353332519531 191.9808349609375 131 104.14990234375 103.97441101074219 -1 112.68941497802734 120.66961669921875 34 132.08512878417969 11.847964286804199 -1 141.8369140625 48.408233642578125 -1 98.260330200195312 128.95054626464844 38 131.94905090332031 7.8801641464233398 -1 98.260330200195312 128.95054626464844 40 115.40308380126953 129.17738342285156 41 113.49961090087891 5.1488714218139648 93 123.55508422851562 41.709823608398438 -1 140.71495056152344 8.3500595092773438 -1 143.26119995117188 10.96869945526123 -1 3.1501805782318115 248.5098876953125 42 86.151229858398438 188.23260498046875 -1 102.22496795654297 132.56135559082031 109 115.40308380126953 129.17738342285156 37 193.44357299804688 190.63716125488281 44 220.45622253417969 94.568305969238281 -1 67.727165222167969 90.8099365234375 -1 164.6666259765625 83.868881225585938 -1 210.01065063476562 75.460784912109375 -1 196.29257202148438 49.351333618164062 -1 84.861679077148438 47.365898132324219 43 138.95571899414062 44.655021667480469 -1 118.23289489746094 33.746971130371094 105 104.6488037109375 15.299078941345215 -1 196.29257202148438 49.351333618164062 -1 111.80607604980469 8.5138883590698242 -1 110.07991790771484 10.765253067016602 122 134.62164306640625 14.504826545715332 -1 120.51351165771484 15.328353881835938 130 139.36119079589844 20.397054672241211 -1 134.09306335449219 26.530139923095703 -1 129.27923583984375 26.219366073608398 -1 114.171875 23.658023834228516 113 162.49147033691406 253.56935119628906 -1 134.09306335449219 26.530139923095703 -1 170.57015991210938 47.585910797119141 -1 143.73065185546875 5.5968112945556641 -1 110.07991790771484 10.765253067016602 116 141.09895324707031 79.690727233886719 -1 79.222557067871094 60.051429748535156 -1 134.62164306640625 14.504826545715332 -1 139.36119079589844 20.397054672241211 -1 174.96821594238281 48.000160217285156 -1 170.57015991210938 47.585910797119141 -1 94.595993041992188 47.150283813476562 -1 173.56988525390625 45.597396850585938 -1 117.08484649658203 6.9029645919799805 121 137.84544372558594 36.035762786865234 -1 135.24087524414062 30.939384460449219 -1 138.0621337890625 29.370054244995117 -1 7.5003924369812012 252.62234497070312 -1 129.27923583984375 26.219366073608398 -1 174.96821594238281 48.000160217285156 -1 136.54515075683594 21.108871459960938 -1 
122 0.99984967252294632 0.012392217314814309 0.010824090716103331 -0.0054684884519503509 -2.4185181803773115 2.6812041863477565 0.39789763247778642 1 000122.png
216.01568603515625 158.64413452148438 1 216.01568603515625 158.64413452148438 45 58.530208587646484 204.46501159667969 -1 82.3699951171875 106.30469512939453 -1 65.563407897949219 171.90919494628906 2 123.58473205566406 77.067825317382812 47 148.80079650878906 70.137130737304688 -1 122.30754089355469 143.75852966308594 3 152.48544311523438 145.07180786132812 48 124.45907592773438 177.54026794433594 -1 191.59857177734375 198.60543823242188 -1 92.787422180175781 197.01950073242188 4 124.45907592773438 177.54026794433594 -1 191.59857177734375 198.60543823242188 -1 191.59857177734375 198.60543823242188 -1 103.02507781982422 177.18295288085938 5 177.28631591796875 179.83988952636719 -1 122.64031219482422 114.98534393310547 7 131.87019348144531 63.239711761474609 -1 176.537841796875 161.99992370605469 52 173.616455078125 144.49844360351562 -1 131.87019348144531 63.239711761474609 -1 121.05117034912109 12.824230194091797 -1 106.37174224853516 145.73820495605469 -1 147.84249877929688 115.68727874755859 8 147.14694213867188 144.36181640625 53 173.616455078125 144.49844360351562 -1 138.628173828125 161.17030334472656 6 176.537841796875 161.99992370605469 -1 134.587890625 179.436767578125 -1 148.44657897949219 91.392127990722656 -1 129.31791687011719 214.34001159667969 -1 136.42979431152344 129.66624450683594 10 107.16413879394531 127.16857147216797 9 136.70793151855469 102.66018676757812 56 148.44657897949219 91.392127990722656 -1 148.44657897949219 91.392127990722656 -1 148.44657897949219 91.392127990722656 -1 108.68943023681641 113.96118927001953 12 121.39533233642578 125.87184906005859 13 94.858009338378906 160.55313110351562 15 110.07905578613281 102.04673767089844 11 157.69271850585938 161.47938537597656 54 112.55645751953125 160.7630615234375 14 121.39533233642578 125.87184906005859 -1 94.858009338378906 160.55313110351562 -1 122.537109375 161.63673400878906 -1 161.15037536621094 27.264606475830078 -1 176.88409423828125 129.85441589355469 -1 142.21061706542969 18.743631362915039 -1 122.537109375 161.63673400878906 -1 106.72494506835938 21.008535385131836 60 161.15037536621094 27.264606475830078 -1 144.65785217285156 31.865345001220703 -1 122.59545135498047 100.39133453369141 16 135.79777526855469 115.21547698974609 17 151.1146240234375 129.41676330566406 63 161.51763916015625 129.10099792480469 18 176.88409423828125 129.85441589355469 -1 125.23218536376953 5.3144583702087402 69 132.32731628417969 20.774984359741211 -1 125.23218536376953 5.3144583702087402 -1 176.94403076171875 172.51104736328125 -1 125.11091613769531 39.976409912109375 66 177.80476379394531 121.11814880371094 -1 176.89942932128906 210.76823425292969 -1 108.06941986083984 7.5046782493591309 74 104.62699127197266 12.780177116394043 75 244.79315185546875 144.50198364257812 -1 250.07608032226562 153.40626525878906 24 166.79035949707031 156.2476806640625 -1 103.77799987792969 160.48699951171875 25 80.804435729980469 188.91352844238281 88 203.68255615234375 192.54794311523438 19 136.54414367675781 106.81133270263672 -1 136.54414367675781 106.81133270263672 22 141.67778015136719 99.5089111328125 83 121.42646026611328 50.176616668701172 -1 124.12058258056641 32.49029541015625 -1 104.62699127197266 12.780177116394043 87 136.54414367675781 106.81133270263672 29 141.67778015136719 99.5089111328125 21 131.19068908691406 99.218521118164062 26 157.13502502441406 54.654830932617188 -1 121.42646026611328 50.176616668701172 -1 161.75962829589844 49.733749389648438 -1 144.19267272949219 40.552444458007812 -1 124.27005004882812 22.341333389282227 -1 124.12058258056641 32.49029541015625 -1 116.71967315673828 28.03754997253418 82 125.96781158447266 16.579217910766602 76 166.79035949707031 156.2476806640625 -1 103.77799987792969 160.48699951171875 81 103.77799987792969 160.48699951171875 27 80.804435729980469 188.91352844238281 80 203.68255615234375 192.54794311523438 131 118.89157867431641 3.9664463996887207 -1 131.19068908691406 99.218521118164062 84 113.98705291748047 128.86978149414062 28 113.98705291748047 128.86978149414062 23 155.87232971191406 186.73968505859375 -1 71.661964416503906 82.416816711425781 -1 136.48771667480469 101.49432373046875 31 103.11349487304688 120.64364624023438 33 112.42863464355469 120.8353271484375 34 168.98246765136719 128.98861694335938 -1 106.13344573974609 134.47434997558594 35 49.934223175048828 139.91160583496094 -1 204.66424560546875 191.956298828125 19 114.4952392578125 3.5620529651641846 93 141.05232238769531 8.2554721832275391 -1 190.6343994140625 205.40390014648438 -1 138.77900695800781 3.788259744644165 -1 204.28701782226562 9.3115234375 -1 132.00007629394531 11.870792388916016 -1 139.78842163085938 14.015105247497559 -1 107.44700622558594 18.279481887817383 96 148.73515319824219 53.235202789306641 97 204.66424560546875 191.956298828125 131 132.00007629394531 11.870792388916016 -1 139.78842163085938 14.015105247497559 -1 136.48771667480469 101.49432373046875 -1 103.11349487304688 120.64364624023438 36 112.42863464355469 120.8353271484375 30 168.98246765136719 128.98861694335938 -1 106.13344573974609 134.47434997558594 32 148.24819946289062 21.985816955566406 -1 115.19573211669922 129.15863037109375 37 140.77255249023438 24.034690856933594 -1 86.647140502929688 30.895092010498047 -1 118.57469940185547 33.791526794433594 105 84.740043640136719 47.45513916015625 43 208.10554504394531 7.1423544883728027 -1 158.55682373046875 131.52143859863281 108 107.89197540283203 119.37501525878906 -1 98.282127380371094 128.95259094238281 38 102.19609069824219 132.60821533203125 109 131.81388854980469 7.8046717643737793 -1 3.0176224708557129 248.49176025390625 42 147.49699401855469 3.9371552467346191 -1 144.98513793945312 13.876529693603516 -1 98.282127380371094 128.95259094238281 40 158.55682373046875 131.52143859863281 107 194.21528625488281 49.030002593994141 -1 117.03854370117188 6.7779636383056641 121 144.55625915527344 8.0174598693847656 -1 115.19573211669922 129.15863037109375 41 196.23661804199219 188.49320983886719 44 144.98513793945312 13.876529693603516 -1 117.06637573242188 22.772754669189453 -1 143.16998291015625 17.204870223999023 -1 120.50441741943359 15.29847240447998 130 134.59165954589844 14.653242111206055 -1 207.03036499023438 11.371641159057617 -1 208.49897766113281 4.1862659454345703 -1 132.510498046875 10.483621597290039 -1 152.18692016601562 189.53079223632812 -1 74.689651489257812 71.167373657226562 -1 115.77333068847656 129.25273132324219 37 178.96786499023438 205.4071044921875 -1 8.7444982528686523 242.50595092773438 -1 8.7444982528686523 242.50595092773438 -1 134.59165954589844 14.653242111206055 -1 143.16998291015625 17.204870223999023 -1 117.06637573242188 22.772754669189453 -1 129.2857666015625 26.255516052246094 -1 134.11091613769531 26.332601547241211 -1 134.11091613769531 26.332601547241211 -1 134.11091613769531 26.332601547241211 -1 135.29742431640625 30.94403076171875 -1 158.83351135253906 45.145378112792969 -1 8.7444982528686523 242.50595092773438 -1 8.7444982528686523 242.50595092773438 -1 196.00355529785156 44.068004608154297 -1 152.47801208496094 42.474033355712891 -1 143.98185729980469 35.965244293212891 -1 6.9447221755981445 253.07759094238281 -1 115.77333068847656 129.25273132324219 41 137.75877380371094 35.892726898193359 -1 135.29742431640625 30.94403076171875 -1 137.89794921875 29.339326858520508 -1 134.11091613769531 26.332601547241211 -1 129.2857666015625 26.255516052246094 -1 114.11862182617188 23.604776382446289 113 132.510498046875 10.483621597290039 -1 
125 0.99985401461789891 0.012020345982277754 0.011241579267441036 -0.004592127013761175 -2.6903263173680174 2.446618121721853 0.74147426513205972 1 000121.png
216.01922607421875 158.73570251464844 1 216.01922607421875 158.73570251464844 45 175.18571472167969 77.7686767578125 -1 65.40618896484375 172.00323486328125 2 58.264728546142578 204.41778564453125 -1 122.84721374511719 77.11248779296875 47 122.36911773681641 143.82980346679688 3 152.41018676757812 144.85945129394531 48 124.684326171875 177.39079284667969 -1 92.868186950683594 196.98004150390625 4 191.34869384765625 198.65556335449219 -1 191.34869384765625 198.65556335449219 -1 191.34869384765625 198.65556335449219 -1 124.684326171875 177.39079284667969 -1 102.81196594238281 177.13491821289062 5 138.75979614257812 161.21034240722656 6 176.38829040527344 162.00761413574219 -1 122.77239990234375 114.97956848144531 7 176.05630493164062 179.8204345703125 -1 176.38829040527344 162.00761413574219 52 173.24540710449219 144.474853515625 -1 121.12490844726562 12.799538612365723 -1 146.14622497558594 70.455429077148438 -1 148.97425842285156 115.26942443847656 8 173.24540710449219 144.474853515625 -1 106.39565277099609 145.747314453125 -1 107.18497467041016 127.14254760742188 9 130.12748718261719 214.32937622070312 -1 165.76106262207031 116.61121368408203 57 136.67442321777344 102.64756774902344 56 157.46414184570312 162.54693603515625 54 136.59742736816406 129.67741394042969 10 110.12655639648438 102.03456878662109 11 147.85859680175781 106.53378295898438 -1 121.41277313232422 125.79226684570312 13 94.872360229492188 160.54344177246094 15 108.66893768310547 113.92634582519531 12 112.56412506103516 160.75253295898438 14 121.41277313232422 125.79226684570312 -1 121.41277313232422 125.79226684570312 -1 176.88905334472656 129.84901428222656 -1 122.57540130615234 161.92140197753906 -1 176.98747253417969 211.26153564453125 -1 122.57540130615234 161.92140197753906 -1 176.88905334472656 129.84901428222656 -1 176.88905334472656 129.84901428222656 -1 122.63919830322266 100.37575531005859 16 161.55381774902344 129.12319946289062 -1 146.06515502929688 93.031822204589844 -1 146.06515502929688 93.031822204589844 -1 15.927955627441406 9.210515022277832 -1 15.927955627441406 9.210515022277832 -1 142.06094360351562 18.762363433837891 -1 106.65964508056641 21.07765007019043 60 144.68411254882812 31.680719375610352 -1 146.06515502929688 93.031822204589844 -1 136.33543395996094 115.27471160888672 17 151.10639953613281 129.42353820800781 63 161.55381774902344 129.12319946289062 18 168.86604309082031 165.98220825195312 -1 249.0794677734375 153.58454895019531 24 178.19644165039062 120.93751525878906 -1 167.605224609375 156.91940307617188 -1 168.86604309082031 165.98220825195312 -1 125.05931091308594 40.028793334960938 66 125.26255035400391 5.4079146385192871 69 125.26255035400391 5.4079146385192871 -1 132.36660766601562 20.744117736816406 -1 178.19644165039062 120.93751525878906 -1 126.00820922851562 16.624837875366211 76 124.39488983154297 22.350360870361328 -1 124.25532531738281 32.520534515380859 -1 114.83193206787109 50.07281494140625 -1 121.39890289306641 50.069435119628906 -1 151.6456298828125 54.207683563232422 -1 103.74050140380859 160.34065246582031 25 203.69242858886719 192.547119140625 19 113.42215728759766 128.59823608398438 23 203.69242858886719 192.547119140625 131 108.0050048828125 7.6395859718322754 74 103.74050140380859 160.34065246582031 81 103.74050140380859 160.34065246582031 27 113.42215728759766 128.59823608398438 28 136.55738830566406 106.80569458007812 -1 136.55738830566406 106.80569458007812 29 141.718505859375 99.512351989746094 83 155.83222961425781 49.520633697509766 -1 121.39890289306641 50.069435119628906 -1 155.83222961425781 49.520633697509766 -1 124.25532531738281 32.520534515380859 -1 104.66580200195312 12.844202041625977 87 104.66580200195312 12.844202041625977 75 136.55738830566406 106.80569458007812 22 171.36175537109375 104.40110778808594 62 164.72499084472656 99.70654296875 -1 141.718505859375 99.512351989746094 21 131.20460510253906 99.193168640136719 26 155.76570129394531 60.804176330566406 -1 131.20460510253906 99.193168640136719 84 144.24960327148438 40.788593292236328 -1 138.99942016601562 19.001249313354492 -1 140.74153137207031 8.368011474609375 -1 168.97769165039062 128.890625 99 106.15340423583984 134.56304931640625 32 114.03607940673828 3.8988983631134033 93 138.67286682128906 3.8378660678863525 -1 132.03762817382812 11.896031379699707 -1 139.83427429199219 14.142667770385742 -1 107.43004608154297 18.295925140380859 96 138.96859741210938 28.784418106079102 -1 128.14787292480469 49.022804260253906 -1 151.22052001953125 62.739280700683594 -1 146.3875732421875 83.453559875488281 -1 64.373931884765625 101.21580505371094 -1 136.42976379394531 101.46469879150391 31 103.19444274902344 120.66225433349609 33 112.40557861328125 120.84272003173828 34 168.97769165039062 128.890625 -1 241.45756530761719 135.72587585449219 -1 41.373252868652344 164.645263671875 -1 138.33683776855469 247.91262817382812 -1 100.99713897705078 252.48776245117188 -1 106.15340423583984 134.56304931640625 35 132.03762817382812 11.896031379699707 -1 139.83427429199219 14.142667770385742 -1 128.14787292480469 49.022804260253906 -1 136.42976379394531 101.46469879150391 -1 103.19444274902344 120.66225433349609 36 112.40557861328125 120.84272003173828 30 168.97769165039062 128.890625 -1 175.53366088867188 100.63044738769531 -1 157.76875305175781 104.40991973876953 68 169.99227905273438 108.05851745605469 -1 107.93306732177734 119.32368469238281 -1 98.245941162109375 128.94683837890625 38 115.58012390136719 129.21263122558594 37 158.59431457519531 131.43902587890625 108 102.17581939697266 132.62696838378906 109 140.83586120605469 24.025840759277344 -1 155.5196533203125 187.42449951171875 -1 152.38810729980469 189.89469909667969 -1 3.4186241626739502 248.53480529785156 42 144.731201171875 8.0267753601074219 -1 159.33625793457031 5.8847036361694336 -1 162.02685546875 2.1445403099060059 -1 147.64089965820312 4.2990865707397461 -1 131.93656921386719 7.8635358810424805 -1 148.31541442871094 22.022733688354492 -1 158.59431457519531 131.43902587890625 107 144.731201171875 8.0267753601074219 -1 145.0445556640625 13.941736221313477 -1 196.25277709960938 49.425975799560547 -1 196.25277709960938 49.425975799560547 -1 157.76875305175781 104.40991973876953 67 98.245941162109375 128.94683837890625 40 115.58012390136719 129.21263122558594 41 118.48770141601562 33.695835113525391 105 144.44001770019531 35.653682708740234 -1 84.616317749023438 47.52850341796875 43 196.25277709960938 49.425975799560547 -1 77.108627319335938 66.870712280273438 -1 111.38599395751953 96.650222778320312 -1 145.0445556640625 13.941736221313477 -1 122.08026123046875 17.720920562744141 130 120.52069854736328 15.30376148223877 130 134.64396667480469 14.565695762634277 -1 7.6352810859680176 9.3534526824951172 -1 134.10993957519531 26.389396667480469 -1 117.13639831542969 6.8810043334960938 121 133.11849975585938 3.9239985942840576 -1 142.57513427734375 2.762232780456543 -1 142.57513427734375 2.762232780456543 -1 133.11849975585938 3.9239985942840576 -1 134.64396667480469 14.565695762634277 -1 143.03773498535156 17.245077133178711 -1 139.30876159667969 20.281023025512695 -1 117.04396820068359 22.997808456420898 -1 134.10993957519531 26.389396667480469 -1 134.10993957519531 26.389396667480469 -1 150.99514770507812 30.258523941040039 -1 120.75479888916016 30.831670761108398 -1 120.75479888916016 30.831670761108398 -1 160.41102600097656 253.45884704589844 -1 178.06802368164062 95.425346374511719 -1 195.65908813476562 188.45787048339844 44 178.1993408203125 118.83987426757812 -1 178.06802368164062 95.425346374511719 -1 144.65170288085938 82.534431457519531 98 190.66856384277344 46.209510803222656 -1 152.93827819824219 45.094291687011719 -1 137.90431213378906 35.986911773681641 -1 190.66856384277344 46.209510803222656 -1 135.2890625 30.953826904296875 -1 120.75479888916016 30.831670761108398 -1 150.99514770507812 30.258523941040039 -1 129.24946594238281 26.575353622436523 -1 114.02655792236328 23.570890426635742 113 143.03773498535156 17.245077133178711 -1 117.04396820068359 22.997808456420898 -1 139.30876159667969 20.281023025512695 -1 129.24946594238281 26.575353622436523 -1 187.765380859375 48.14898681640625 -1 116.85451507568359 26.72935676574707 -1 116.85451507568359 26.72935676574707 82 
130 0.99983474784574067 0.014764286291948701 0.0093081822343699817 -0.0050843479449633137 -1.4282009268229983 4.2129738186056347 0.77669186037053273 1 000130.png
164.526123046875 190.82012939453125 -1 216.91215515136719 158.51142883300781 1 216.91215515136719 158.51142883300781 45 157.33978271484375 66.523834228515625 46 193.51211547851562 89.1036376953125 -1 66.154289245605469 172.01123046875 2 193.51211547851562 89.1036376953125 -1 123.89824676513672 77.204139709472656 47 121.30500030517578 143.38099670410156 3 152.31312561035156 144.95841979980469 48 103.79817962646484 177.82557678222656 5 155.38540649414062 175.71751403808594 49 92.988815307617188 197.22634887695312 4 103.79817962646484 177.82557678222656 -1 120.9609375 12.863865852355957 -1 138.67205810546875 161.32569885253906 6 176.43907165527344 162.46037292480469 52 190.0576171875 181.19987487792969 -1 122.37088012695312 114.92735290527344 7 149.606201171875 114.96109771728516 8 147.06253051757812 143.9437255859375 53 106.14685821533203 145.74111938476562 -1 184.17829895019531 37.54974365234375 -1 184.17829895019531 37.54974365234375 -1 158.13772583007812 163.39306640625 54 129.85289001464844 214.26664733886719 -1 163.45431518554688 115.07916259765625 -1 233.73191833496094 13.986627578735352 -1 161.6502685546875 90.150794982910156 -1 136.14079284667969 129.32536315917969 10 136.52183532714844 102.66531372070312 56 163.45431518554688 115.07916259765625 57 107.15615081787109 127.10174560546875 9 161.6502685546875 90.150794982910156 -1 233.73191833496094 13.986627578735352 -1 242.32234191894531 22.296775817871094 -1 108.59359741210938 113.93203735351562 12 121.34944152832031 125.68710327148438 13 94.789817810058594 160.52745056152344 15 112.49066925048828 160.7823486328125 14 121.24763488769531 131.87394714355469 -1 109.93814086914062 101.98869323730469 11 121.24763488769531 131.87394714355469 -1 112.49066925048828 160.7823486328125 -1 94.789817810058594 160.52745056152344 -1 121.34944152832031 125.68710327148438 -1 106.66133880615234 21.43531608581543 60 201.71771240234375 193.68157958984375 -1 142.16769409179688 18.730960845947266 -1 144.71942138671875 31.717628479003906 -1 122.5806884765625 100.48253631591797 16 149.85575866699219 101.65569305419922 61 170.77201843261719 102.77178955078125 62 136.06163024902344 115.22068786621094 17 151.06990051269531 129.01181030273438 63 161.46600341796875 128.98158264160156 18 201.71771240234375 193.68157958984375 -1 161.46600341796875 128.98158264160156 -1 170.77201843261719 102.77178955078125 -1 132.37628173828125 20.850980758666992 -1 179.67333984375 150.46786499023438 -1 189.00811767578125 186.24307250976562 -1 179.67333984375 150.46786499023438 -1 125.22180938720703 5.3468828201293945 -1 135.86911010742188 33.294212341308594 -1 125.10748291015625 39.735404968261719 66 158.14970397949219 102.14683532714844 67 158.14970397949219 102.14683532714844 68 125.22180938720703 5.3468828201293945 69 114.65657043457031 50.107990264892578 -1 121.50888061523438 50.153778076171875 -1 153.37892150878906 54.181743621826172 72 1.6272106170654297 247.53816223144531 42 240.63301086425781 2.9985852241516113 -1 144.24459838867188 40.570667266845703 -1 103.72587585449219 160.38786315917969 25 118.88695526123047 4.027827262878418 -1 244.832275390625 144.19886779785156 -1 113.63780212402344 128.70877075195312 23 136.46148681640625 106.77153778076172 29 107.99616241455078 7.6450982093811035 74 104.70809173583984 12.75041389465332 75 125.96468353271484 16.638492584228516 76 249.85733032226562 153.15704345703125 24 124.21468353271484 22.428792953491211 -1 124.08987426757812 32.368068695068359 -1 240.63301086425781 2.9985852241516113 -1 240.63301086425781 2.9985852241516113 -1 13.393959045410156 245.03684997558594 -1 80.579841613769531 188.808837890625 80 103.72587585449219 160.38786315917969 81 103.72587585449219 160.38786315917969 27 116.603271484375 27.821191787719727 82 136.46148681640625 106.77153778076172 22 141.62612915039062 99.492630004882812 83 131.09034729003906 99.20257568359375 84 121.50888061523438 50.153778076171875 -1 124.08987426757812 32.368068695068359 -1 104.70809173583984 12.75041389465332 87 80.579841613769531 188.808837890625 88 141.62612915039062 99.492630004882812 21 131.09034729003906 99.20257568359375 26 167.1939697265625 54.454708099365234 -1 25.409172058105469 211.85002136230469 89 13.393959045410156 245.03684997558594 -1 113.63780212402344 128.70877075195312 28 204.31324768066406 192.16059875488281 19 175.00050354003906 60.264812469482422 91 156.35917663574219 186.6734619140625 -1 204.31324768066406 192.16059875488281 131 189.90829467773438 27.365211486816406 -1 106.11577606201172 134.60569763183594 35 140.99700927734375 8.2312641143798828 -1 174.24223327636719 14.045259475708008 -1 114.12904357910156 3.8885977268218994 93 138.54580688476562 3.8270804882049561 -1 185.88777160644531 6.1750874519348145 -1 171.818603515625 56.706192016601562 94 148.37916564941406 11.212844848632812 -1 131.96823120117188 11.88298225402832 -1 175.48847961425781 38.239536285400391 -1 107.57901000976562 17.93391227722168 96 138.91697692871094 18.644563674926758 -1 148.79010009765625 53.434646606445312 97 231.08732604980469 26.720191955566406 -1 182.24673461914062 35.914131164550781 -1 185.57064819335938 73.500785827636719 -1 147.35856628417969 83.702552795410156 98 136.47120666503906 101.47598266601562 31 103.04389190673828 120.62346649169922 33 112.27738189697266 120.96798706054688 34 54.557590484619141 127.62793731689453 -1 168.90536499023438 128.92839050292969 99 99.332931518554688 156.09939575195312 100 178.91218566894531 33.072502136230469 -1 168.90536499023438 128.92839050292969 -1 106.11577606201172 134.60569763183594 32 131.96823120117188 11.88298225402832 -1 175.48847961425781 38.239536285400391 -1 171.818603515625 56.706192016601562 102 136.47120666503906 101.47598266601562 -1 103.04389190673828 120.62346649169922 36 112.27738189697266 120.96798706054688 30 168.90536499023438 128.92839050292969 -1 132.01611328125 7.8544316291809082 -1 231.29212951660156 39.252220153808594 -1 178.27505493164062 42.549690246582031 -1 181.64547729492188 44.48388671875 -1 182.76055908203125 48.149730682373047 -1 155.39070129394531 52.993320465087891 -1 161.52644348144531 52.954399108886719 104 118.51543426513672 33.743206024169922 105 144.31849670410156 35.757583618164062 -1 193.64779663085938 25.729001998901367 -1 140.76835632324219 24.089128494262695 -1 168.37466430664062 53.447853088378906 -1 110.74347686767578 96.712425231933594 -1 237.06671142578125 31.971248626708984 -1 110.74347686767578 96.712425231933594 -1 178.27505493164062 42.549690246582031 -1 168.37466430664062 53.447853088378906 -1 98.2833251953125 128.94129943847656 40 158.64785766601562 131.42500305175781 107 98.2833251953125 128.94129943847656 38 158.64785766601562 131.42500305175781 108 231.29212951660156 39.252220153808594 -1 102.17036437988281 132.70079040527344 109 139.81381225585938 14.146407127380371 -1 144.55308532714844 7.9843525886535645 -1 84.700576782226562 47.447582244873047 43 237.06671142578125 31.971248626708984 -1 148.09738159179688 21.781221389770508 -1 139.81381225585938 14.146407127380371 -1 134.01634216308594 26.460939407348633 -1 129.22471618652344 26.265642166137695 -1 114.04940795898438 23.772624969482422 113 232.03297424316406 22.854196548461914 -1 122.58702087402344 17.640815734863281 130 143.18603515625 17.115396499633789 -1 134.64041137695312 14.545032501220703 -1 144.96812438964844 13.984682083129883 -1 99.734611511230469 12.005539894104004 -1 235.69894409179688 1.7230155467987061 -1 110.01869964599609 10.637126922607422 116 99.734611511230469 12.005539894104004 -1 144.96812438964844 13.984682083129883 -1 134.64041137695312 14.545032501220703 -1 143.18603515625 17.115396499633789 -1 129.22471618652344 26.265642166137695 -1 134.01634216308594 26.460939407348633 -1 134.01634216308594 26.460939407348633 -1 117.08335876464844 6.8534607887268066 121 110.01869964599609 10.637126922607422 122 135.36460876464844 30.95513916015625 -1 138.63505554199219 102.54413604736328 -1 138.63505554199219 102.54413604736328 -1 133.53155517578125 102.85507965087891 -1 133.53155517578125 102.85507965087891 -1 138.63505554199219 102.54413604736328 -1 138.63505554199219 102.54413604736328 -1 115.76813507080078 129.3004150390625 41 150.04930114746094 187.04190063476562 -1 235.69894409179688 1.7230155467987061 -1 120.53193664550781 15.23335075378418 130 166.90386962890625 253.53057861328125 -1 150.93780517578125 30.255067825317383 -1 130.47270202636719 216.502197265625 -1 113.43175506591797 203.97450256347656 -1 115.36332702636719 188.62809753417969 -1 115.76813507080078 129.3004150390625 37 138.63505554199219 102.54413604736328 -1 133.53155517578125 102.85507965087891 -1 138.63505554199219 102.54413604736328 -1 230.41545104980469 42.643936157226562 -1 137.76393127441406 35.932624816894531 -1 135.36460876464844 30.95513916015625 -1 150.93780517578125 30.255067825317383 -1 190.46792602539062 28.321422576904297 -1 190.46792602539062 28.321422576904297 -1 98.218757629394531 152.66220092773438 -1 
132 0.99983496244234848 0.01308650745103772 0.011437717949100177 -0.0052886490485204926 -2.8163779378827072 3.1319471290632701 0.33322346262671287 1 000129.png
164.54315185546875 190.86656188964844 -1 216.92340087890625 158.61724853515625 1 216.92340087890625 158.61724853515625 45 66.229057312011719 171.99490356445312 2 157.3634033203125 66.516265869140625 46 193.59930419921875 88.972267150878906 -1 193.59930419921875 88.972267150878906 -1 123.92506408691406 77.334320068359375 47 121.23075103759766 143.36991882324219 3 152.29273986816406 144.90740966796875 48 103.82461547851562 177.81033325195312 5 92.970878601074219 197.20674133300781 4 155.47703552246094 175.69148254394531 49 103.82461547851562 177.81033325195312 -1 121.07506561279297 12.836132049560547 -1 190.26429748535156 181.09294128417969 -1 122.37526702880859 114.9208984375 7 147.17344665527344 143.92041015625 53 106.38211822509766 145.67413330078125 -1 138.70782470703125 161.32786560058594 6 176.46926879882812 162.51020812988281 52 149.50100708007812 114.89374542236328 8 129.69598388671875 214.37387084960938 -1 136.14530944824219 129.31922912597656 10 163.65689086914062 115.09998321533203 57 158.05572509765625 163.43310546875 54 107.14495849609375 127.11730194091797 9 136.48573303222656 102.64105987548828 56 161.68208312988281 90.095474243164062 -1 163.65689086914062 115.09998321533203 -1 161.68208312988281 90.095474243164062 -1 234.13479614257812 13.748909950256348 -1 184.54878234863281 37.349578857421875 -1 234.13479614257812 13.748909950256348 -1 184.54878234863281 37.349578857421875 -1 242.7589111328125 22.150558471679688 -1 108.60935974121094 113.96466827392578 12 121.35053253173828 125.75960540771484 13 94.807502746582031 160.50762939453125 15 112.46151733398438 160.72474670410156 14 109.94778442382812 101.982421875 11 121.35053253173828 125.75960540771484 -1 94.807502746582031 160.50762939453125 -1 112.46151733398438 160.72474670410156 -1 151.07023620605469 128.92459106445312 63 161.49058532714844 128.9930419921875 18 177.41014099121094 210.87118530273438 -1 161.49058532714844 128.9930419921875 -1 122.61385345458984 100.60366058349609 16 170.78129577636719 102.76643371582031 -1 15.954690933227539 9.3281593322753906 -1 15.954690933227539 9.3281593322753906 -1 142.13716125488281 18.733283996582031 -1 106.75162506103516 20.86822509765625 60 144.78407287597656 31.658870697021484 -1 149.9017333984375 102.01240539550781 61 170.78129577636719 102.76643371582031 62 135.79216003417969 115.18389129638672 17 240.77363586425781 2.5194778442382812 -1 158.14898681640625 102.16410064697266 68 125.26091766357422 5.3434762954711914 69 179.96173095703125 150.44831848144531 -1 240.77363586425781 2.5194778442382812 -1 158.14898681640625 102.16410064697266 67 179.96173095703125 150.44831848144531 -1 189.70266723632812 186.26329040527344 -1 125.15208435058594 39.761508941650391 66 125.26091766357422 5.3434762954711914 -1 132.3492431640625 20.839054107666016 -1 240.77363586425781 2.5194778442382812 -1 108.00991821289062 7.4908642768859863 74 132.58587646484375 12.396639823913574 -1 125.99370574951172 16.707159042358398 76 28.851799011230469 202.94578552246094 -1 80.558525085449219 188.78178405761719 88 103.71982574462891 160.17619323730469 25 250.0887451171875 153.51521301269531 24 203.51800537109375 192.64761352539062 131 136.46067810058594 106.76651763916016 29 203.51800537109375 192.64761352539062 19 80.558525085449219 188.78178405761719 80 103.71982574462891 160.17619323730469 81 103.71982574462891 160.17619323730469 27 136.46067810058594 106.76651763916016 22 141.65850830078125 99.495246887207031 83 131.082275390625 99.173332214355469 84 104.55828857421875 13.06768798828125 75 124.32681274414062 32.510261535644531 -1 104.55828857421875 13.06768798828125 87 132.58587646484375 12.396639823913574 -1 118.99383544921875 3.8188416957855225 -1 141.65850830078125 99.495246887207031 21 131.082275390625 99.173332214355469 26 121.33317565917969 50.095222473144531 -1 124.32681274414062 32.510261535644531 -1 230.53311157226562 26.486547470092773 -1 124.35829925537109 22.390085220336914 -1 121.33317565917969 50.095222473144531 -1 144.18186950683594 40.812152862548828 -1 138.97712707519531 18.72599983215332 -1 103.0357666015625 120.61507415771484 36 112.34683990478516 120.88958740234375 30 114.43666839599609 128.98121643066406 23 168.92024230957031 128.8441162109375 -1 179.23068237304688 32.763160705566406 -1 174.2891845703125 12.651162147521973 -1 168.92024230957031 128.8441162109375 -1 178.752197265625 42.264961242675781 -1 106.11196899414062 134.60215759277344 35 114.40119171142578 3.550804615020752 93 138.85523986816406 3.7500550746917725 -1 141.02607727050781 8.2215404510498047 -1 139.73562622070312 14.055388450622559 -1 107.48163604736328 18.166318893432617 96 116.66548919677734 27.798307418823242 82 190.33375549316406 27.503156661987305 -1 139.0645751953125 28.777872085571289 -1 175.76596069335938 38.308689117431641 -1 148.682373046875 53.3997802734375 97 171.97845458984375 56.506435394287109 94 175.78361511230469 59.459461212158203 91 136.47308349609375 101.49691772460938 31 103.0357666015625 120.61507415771484 33 112.34683990478516 120.88958740234375 34 172.86273193359375 126.77475738525391 -1 114.43666839599609 128.98121643066406 28 168.92024230957031 128.8441162109375 99 48.441082000732422 145.06791687011719 -1 99.300971984863281 156.053955078125 100 41.111335754394531 165.10653686523438 -1 23.565641403198242 212.13613891601562 89 2.5321652889251709 248.15263366699219 42 100.89780426025391 252.34811401367188 -1 112.33909606933594 252.48477172851562 -1 178.752197265625 42.264961242675781 -1 106.11196899414062 134.60215759277344 32 139.73562622070312 14.055388450622559 -1 190.33375549316406 27.503156661987305 -1 175.76596069335938 38.308689117431641 -1 171.97845458984375 56.506435394287109 102 136.47308349609375 101.49691772460938 -1 115.33482360839844 129.19155883789062 37 140.82615661621094 24.053327560424805 -1 181.89039611816406 44.460563659667969 -1 84.8505859375 47.498752593994141 43 143.40567016601562 17.170059204101562 -1 182.93881225585938 48.088447570800781 -1 168.32890319824219 53.526599884033203 -1 98.311073303222656 128.92909240722656 38 102.11720275878906 132.62167358398438 109 148.42086791992188 22.093439102172852 -1 184.07879638671875 10.126265525817871 -1 144.51167297363281 8.0557222366333008 -1 131.9874267578125 7.7687406539916992 -1 186.17672729492188 6.3441381454467773 -1 186.17672729492188 6.3441381454467773 -1 7.3653717041015625 252.84011840820312 -1 184.07879638671875 10.126265525817871 -1 193.66227722167969 25.117155075073242 -1 231.71275329589844 38.973918914794922 -1 161.66984558105469 52.685340881347656 104 104.55651092529297 15.321368217468262 -1 168.32890319824219 53.526599884033203 -1 98.311073303222656 128.92909240722656 40 115.33482360839844 129.19155883789062 41 158.61666870117188 131.44070434570312 107 158.61666870117188 131.44070434570312 108 79.543930053710938 187.95443725585938 -1 118.51153564453125 33.785858154296875 105 193.66227722167969 25.117155075073242 -1 79.543930053710938 187.95443725585938 -1 3.2632219791412354 248.47451782226562 42 189.67903137207031 31.594301223754883 -1 231.71275329589844 38.973918914794922 -1 116.99352264404297 6.886803150177002 121 110.19688415527344 10.946635246276855 122 144.87954711914062 13.851634979248047 -1 129.35472106933594 26.280673980712891 -1 163.16441345214844 253.36593627929688 -1 195.73200988769531 188.5362548828125 44 138.6612548828125 102.57771301269531 -1 143.5501708984375 82.493820190429688 98 189.92007446289062 48.964012145996094 -1 230.55209350585938 42.620838165283203 -1 152.73536682128906 42.443958282470703 -1 123.54514312744141 41.900802612304688 -1 144.59947204589844 35.785568237304688 -1 137.93150329589844 35.982196807861328 -1 124.82443237304688 34.014736175537109 -1 237.61491394042969 31.717212677001953 -1 129.95889282226562 31.286365509033203 -1 135.21601867675781 30.999258041381836 -1 134.11141967773438 26.500005722045898 -1 232.20782470703125 25.556903839111328 -1 114.06102752685547 23.595790863037109 113 139.32157897949219 20.300748825073242 -1 103.39358520507812 19.605371475219727 -1 103.39358520507812 19.605371475219727 -1 139.32157897949219 20.300748825073242 -1 129.35472106933594 26.280673980712891 -1 244.43379211425781 18.902473449707031 -1 129.95889282226562 31.286365509033203 -1 237.61491394042969 31.717212677001953 -1 142.41485595703125 2.290412425994873 -1 124.82443237304688 34.014736175537109 -1 138.6612548828125 102.57771301269531 -1 138.6612548828125 102.57771301269531 -1 120.53018188476562 15.253193855285645 130 134.66749572753906 14.468098640441895 -1 110.19688415527344 10.946635246276855 116 144.87954711914062 13.851634979248047 -1 134.66749572753906 14.468098640441895 -1 134.11141967773438 26.500005722045898 -1 
147 0.99975385207094025 0.011423772333379968 0.019004069962213321 0.00076027617544824247 -7.7519628265652853 2.0787329375928909 0.87211511630475536 1 000146.png
143.98529052734375 163.13290405273438 -1 155.23918151855469 51.369480133056641 -1 215.95841979980469 160.31634521484375 1 65.347541809082031 171.95965576171875 2 65.347541809082031 171.95965576171875 -1 164.28244018554688 152.45828247070312 -1 119.26861572265625 142.90090942382812 3 90.31768798828125 197.25311279296875 4 191.46116638183594 199.54965209960938 -1 135.33647155761719 129.63438415527344 10 112.99593353271484 12.165573120117188 122 135.72239685058594 98.592353820800781 -1 121.23849487304688 115.21152496337891 7 147.56961059570312 115.50644683837891 8 104.54720306396484 145.60636901855469 -1 137.29045104980469 161.73944091796875 6 99.625877380371094 177.98139953613281 5 139.92210388183594 180.26141357421875 -1 99.625877380371094 177.98139953613281 -1 109.35066223144531 102.09307861328125 11 218.75788879394531 88.978996276855469 -1 158.11256408691406 97.090667724609375 -1 105.91932678222656 127.18398284912109 9 185.8751220703125 184.68421936035156 -1 172.41275024414062 90.150123596191406 -1 203.98448181152344 94.139411926269531 -1 107.62095642089844 114.10447692871094 12 120.42985534667969 124.88179779052734 13 93.27496337890625 160.63076782226562 15 110.99584197998047 161.09254455566406 14 176.746337890625 174.15516662597656 -1 93.27496337890625 160.63076782226562 -1 149.9805908203125 129.00534057617188 63 159.1781005859375 129.60159301757812 -1 200.08265686035156 194.76962280273438 -1 200.08265686035156 194.76962280273438 -1 159.1781005859375 129.60159301757812 18 114.14420318603516 86.111473083496094 -1 192.7584228515625 36.674266815185547 -1 174.87838745117188 7.8697996139526367 -1 154.02728271484375 163.72299194335938 -1 174.87838745117188 7.8697996139526367 -1 192.50886535644531 24.799404144287109 -1 192.7584228515625 36.674266815185547 -1 114.14420318603516 86.111473083496094 -1 121.69183349609375 101.23844909667969 16 135.4903564453125 115.57089233398438 17 202.09242248535156 193.624267578125 19 244.62515258789062 7.5060701370239258 -1 199.30267333984375 33.199268341064453 -1 199.34645080566406 86.843696594238281 -1 170.5645751953125 88.413894653320312 -1 133.25059509277344 185.72282409667969 -1 156.72512817382812 101.23640441894531 -1 159.3582763671875 89.243728637695312 -1 202.09242248535156 193.624267578125 131 199.30267333984375 33.199268341064453 -1 156.72512817382812 101.23640441894531 -1 181.65321350097656 20.485942840576172 -1 130.2900390625 99.434417724609375 26 140.80206298828125 99.662086486816406 21 135.64808654785156 107.02604675292969 29 249.9847412109375 153.3436279296875 24 245.19091796875 145.06358337402344 -1 188.35832214355469 6.3325042724609375 -1 167.76321411132812 166.5185546875 -1 185.3541259765625 175.96224975585938 -1 203.35427856445312 9.0722694396972656 -1 102.17967224121094 161.00209045410156 25 102.17967224121094 161.00209045410156 -1 102.17967224121094 161.00209045410156 27 135.64808654785156 107.02604675292969 -1 135.64808654785156 107.02604675292969 22 182.85774230957031 10.991608619689941 -1 182.85774230957031 10.991608619689941 -1 188.35832214355469 6.3325042724609375 -1 196.7352294921875 100.12313079833984 -1 176.92160034179688 167.81953430175781 -1 112.97219085693359 129.08023071289062 28 112.97219085693359 129.08023071289062 23 201.44985961914062 85.731513977050781 -1 102.12494659423828 120.91501617431641 36 163.81059265136719 116.40380096435547 -1 111.39029693603516 121.01763916015625 30 201.20681762695312 4.3557305335998535 -1 184.87699890136719 31.575925827026367 -1 106.50086975097656 48.364299774169922 -1 209.17477416992188 84.735107421875 -1 121.20706939697266 86.595436096191406 -1 168.96000671386719 87.419120788574219 -1 205.80032348632812 87.694053649902344 -1 219.04225158691406 93.99517822265625 -1 135.76785278320312 101.74928283691406 31 164.26103210449219 104.24858093261719 -1 102.12494659423828 120.91501617431641 33 111.39029693603516 121.01763916015625 34 138.37098693847656 247.96749877929688 -1 101.06903839111328 252.37890625 -1 163.81059265136719 116.40380096435547 -1 163.81059265136719 116.40380096435547 -1 106.50086975097656 48.364299774169922 -1 121.20706939697266 86.595436096191406 -1 219.04225158691406 93.99517822265625 -1 84.735549926757812 47.385665893554688 43 97.201187133789062 129.07963562011719 38 104.93666076660156 134.99481201171875 35 162.54678344726562 162.78814697265625 -1 3.3479545116424561 248.423828125 42 228.99723815917969 7.2674059867858887 -1 228.99723815917969 7.2674059867858887 -1 213.17581176757812 87.024192810058594 -1 103.49853515625 99.523414611816406 -1 213.17581176757812 87.024192810058594 -1 159.0167236328125 108.57023620605469 -1 159.0167236328125 108.57023620605469 -1 225.05937194824219 3.4932577610015869 -1 228.99723815917969 7.2674059867858887 -1 199.104248046875 11.371170997619629 -1 221.53657531738281 44.876899719238281 -1 159.0167236328125 108.57023620605469 -1 80.876670837402344 56.767269134521484 -1 118.62252044677734 82.504638671875 -1 219.85734558105469 83.644821166992188 -1 213.17581176757812 87.024192810058594 -1 103.49853515625 99.523414611816406 -1 223.22602844238281 99.826271057128906 39 104.93666076660156 134.99481201171875 32 189.52357482910156 24.736837387084961 -1 162.54678344726562 162.78814697265625 -1 162.54678344726562 162.78814697265625 -1 111.34326171875 44.70574951171875 -1 206.23997497558594 102.59070587158203 -1 205.1983642578125 107.77311706542969 -1 159.0167236328125 108.57023620605469 -1 156.7232666015625 125.63015747070312 -1 97.201187133789062 129.07963562011719 40 189.52357482910156 24.736837387084961 -1 156.7232666015625 125.63015747070312 -1 114.807373046875 129.47262573242188 37 160.08734130859375 159.92544555664062 -1 148.4051513671875 161.55720520019531 -1 203.47111511230469 112.54183197021484 -1 191.461181640625 191.50949096679688 44 112.89960479736328 253.06707763671875 -1 137.7242431640625 102.71933746337891 -1 168.19544982910156 87.006576538085938 -1 115.39804840087891 80.982368469238281 -1 217.61163330078125 49.086067199707031 -1 216.25648498535156 45.025505065917969 -1 237.03523254394531 40.488410949707031 -1 217.32032775878906 34.030708312988281 -1 224.50059509277344 33.375720977783203 -1 185.37370300292969 30.185634613037109 -1 78.930824279785156 60.386993408203125 -1 137.7242431640625 102.71933746337891 -1 137.7242431640625 102.71933746337891 -1 205.04988098144531 11.954178810119629 -1 170.15087890625 171.00871276855469 -1 114.807373046875 129.47262573242188 41 148.4051513671875 161.55720520019531 -1 248.20068359375 8.9785804748535156 -1 209.086181640625 5.0121321678161621 -1 195.04754638671875 3.9272654056549072 -1 195.04754638671875 3.9272654056549072 -1 254.20687866210938 13.569500923156738 -1 188.75550842285156 2.2212448120117188 -1 7.9636964797973633 9.1351766586303711 -1 
