# 3D point list with one line of data per point:
#   POINT3D_ID, X, Y, Z, R, G, B, ERROR, TRACK[] as (IMAGE_ID, POINT2D_IDX)
# Number of points: 93, mean track length: 9.4731182795698921
1 -0.63257546870474568 6.8754531646493025 327.37244751019085 149 135 118 0.43907947453159513 147 2 112 1 120 1 122 0 125 0 132 1 119 0 116 1 115 1 118 1 130 1
2 -7.5101501795997843 7.3741287218386287 327.14616341437346 109 116 109 0.45345405353076457 147 3 112 2 120 5 122 4 125 3 132 3 119 3 116 2 115 5 118 5 130 5
3 -4.8732376405076723 5.9875889897260146 323.17733836747453 78 125 181 0.73537024839729315 147 6 112 9 120 9 122 7 125 6 132 8 119 6 116 8 115 9 118 8 130 8
4 -6.1747606024753203 8.3586005067923068 322.39868899797722 4 45 73 0.15859417459858108 147 7 112 13 120 12 122 11 125 9 132 11 119 9 116 12 115 14 118 13 130 12
5 -5.6729997555327101 7.4357560658741217 321.67528828617498 46 119 181 0.47018077959640647 147 16 112 17 120 17 122 15 125 14 132 10 119 14 116 17 115 17 118 17 130 10
6 -4.1340790879424008 6.7691377648981197 323.13329654269813 1 33 62 0.16429881238845265 147 15 112 19 120 19 122 27 125 15 132 19 119 15 116 26 115 22 118 23 130 15
7 -4.8285437449005073 4.7674347128877512 323.59490767449012 90 136 197 0.20504246607237767 147 12 112 24 120 21 122 17 125 17 132 16 119 17 116 22 115 18 118 20 130 18
8 -3.6688949668377675 4.7628177981643036 322.85781699327589 88 138 211 0.34388027500151802 147 13 112 25 120 22 122 24 125 23 132 21 119 16 116 23 115 19 118 18 130 19
9 -5.5006336794588995 5.2839750534473735 323.5580874993521 0 27 60 0.099223400951041443 147 22 112 27 120 30 122 33 125 26 132 26 119 27 116 33 115 31 118 34 130 32
10 -4.2337645618855682 5.3960399854860981 323.58041874824784 5 37 67 0.24756161967287832 147 9 112 28 120 24 122 32 125 31 132 23 119 20 116 28 115 32 118 31 130 29
11 -5.3669118120629546 4.1956512692163805 323.66125860998892 7 39 68 0.13585850445119582 147 19 112 35 120 39 122 41 125 32 132 40 119 32 116 36 115 40 118 28 130 41
12 -5.4278226198970607 4.7128694103989712 323.51566470631559 78 130 193 0.13609732331055141 147 26 112 37 120 37 122 38 125 36 132 36 119 33 116 41 115 42 118 39 130 36
13 -4.8865169896548126 5.2224231106482515 323.67566214061202 87 131 188 0.28913887287470941 147 27 112 38 120 35 122 39 125 34 132 37 119 30 116 38 115 43 118 40 130 37
14 -5.2816464799350991 6.7409804817873118 323.32274636385762 0 29 55 0.07356636275264096 147 29 112 39 120 33 122 43 125 37 132 39 119 35 116 39 115 44 118 42 130 39
15 -6.0552631137692314 6.7296317835879202 323.26643114084942 1 30 53 0.095730266222921662 147 28 112 41 120 36 122 40 125 35 132 38 119 29 116 40 115 45 118 41 130 38
16 -4.8281494240908938 4.1379329184909164 323.78859195732241 96 142 207 0.16358976869681793 147 45 112 56 120 50 122 54 125 46 132 48 119 41 116 53 115 59 118 56 130 50
17 -4.2460215892224147 4.7841848127673536 323.83326632764545 93 140 203 0.20531849875521313 147 46 112 58 120 52 122 55 125 56 132 57 119 43 116 56 115 48 118 59 130 53
18 -3.149010080383992 5.3837325274360666 323.30942451588481 4 35 67 0.21573653267900428 147 36 112 60 120 54 122 57 125 58 132 45 119 45 116 58 115 50 118 61 130 55
19 -1.1710464223549089 8.3113883617481683 323.9291151566112 6 46 73 0.43296112085317051 147 47 112 62 120 78 122 73 125 76 132 79 119 66 116 80 115 77 118 86 130 106 120 132 122 108
21 -3.9989185369934495 4.1001959962055921 323.85533734915009 11 45 75 0.090387637174659682 147 60 112 74 120 72 122 81 125 95 132 91 119 76 116 75 115 91 118 81 130 100
22 -4.2259839448425236 4.4168108152034105 323.81796975027879 8 43 71 0.074337963870876836 147 72 112 75 120 73 122 75 125 92 132 83 119 77 116 76 115 71 118 82 130 93
23 -5.2190938038575272 5.3597099268892876 323.7961710632984 10 42 75 0.3402491448134754 147 79 112 76 120 75 122 99 125 77 132 102 119 98 116 87 115 121 118 108 130 78
24 1.1932785657529934 6.5974718717290504 324.39078789228864 137 129 118 0.54806432348516687 147 62 112 78 120 76 122 69 125 60 132 76 119 101 116 78 115 73 118 83 130 83
25 -5.6635598079995528 6.7222953394837326 323.21565419167325 67 117 172 0.15925149444886527 147 68 112 80 120 81 122 71 125 75 132 75 119 104 116 79 115 75 118 85 130 75
26 -4.4558265832911692 4.0840411292330527 323.81585928866122 17 45 77 0.072323031252208167 147 59 112 85 120 101 122 82 125 96 132 92 119 75 116 74 115 85 118 80 130 101
27 -5.6635598079995528 6.7222953394837326 323.21565419167325 67 117 172 0.15925149444886527 147 70 112 91 120 103 122 93 125 81 132 82 119 107 116 95 115 89 118 98 130 91
28 -5.2190938038575272 5.3597099268892876 323.7961710632984 10 42 75 0.3402491448134754 147 78 112 93 120 105 122 98 125 82 132 125 119 84 116 97 115 105 118 107 130 105
29 -4.2259839448425236 4.4168108152034105 323.81796975027879 8 43 71 0.074337963870876836 147 61 112 94 120 92 122 80 125 84 132 78 119 87 116 99 115 92 118 101 130 79
30 -5.2679580370348971 5.0104866796101817 323.43438152302559 8 46 80 0.13651082554528024 147 83 112 101 120 117 122 123 125 128 132 101 119 141 116 123 115 120 118 135 130 142
31 -4.2300179831247302 4.1882282406482725 324.01114438172806 100 143 207 0.078271605082462128 147 92 112 102 120 126 122 102 125 114 132 121 119 116 116 111 115 102 118 118 130 128
32 -5.5500368101785833 5.6026342976263681 323.50821100143247 0 14 33 0.097983426252215955 147 126 112 103 120 129 122 125 125 103 132 135 119 128 116 115 115 107 118 124 130 136
33 -5.676514088503982 5.0028095891412052 323.65189126803142 10 45 82 0.094068922523979651 147 94 112 114 120 127 122 103 125 115 132 122 119 119 116 112 115 103 118 119 130 129
34 -5.2679580370348971 5.0104866796101817 323.43438152302559 8 46 80 0.13651082554528024 147 95 112 121 120 136 122 104 125 116 132 123 119 120 116 113 115 104 118 120 130 130
35 -5.5500368101785833 5.6026342976263681 323.50821100143247 0 14 33 0.097983426252215955 147 105 112 122 120 112 122 106 125 122 132 108 119 134 116 126 115 124 118 113 130 111
36 -5.676514088503982 5.0028095891412052 323.65189126803142 10 45 82 0.094068922523979651 147 81 112 124 120 109 122 122 125 127 132 100 119 140 116 122 115 119 118 134 130 141
37 -5.1452896051446109 5.3792254158739246 323.81333534158222 2 48 82 0.18676438617005031 147 138 112 129 120 150 122 127 119 156 125 135 132 141 116 139 115 125 118 144 130 209 122 158
38 -5.8919241477460478 5.3588352542753119 323.62431005401771 16 49 84 0.072751086897668502 147 104 112 130 120 139 122 135 125 134 132 148 119 155 116 131 115 126 118 145 130 163
39 -0.23340529753797443 4.0924867984417279 326.13152696864188 119 119 110 0.74350319378505181 147 125 112 134
40 -5.8919241477460478 5.3588352542753119 323.62431005401771 16 49 84 0.072751086897668502 147 135 112 138 120 141 122 141 125 154 132 163 119 152 116 144 115 136 118 154 130 161
41 -5.1452896051446109 5.3792254158739246 323.81333534158222 2 48 82 0.18676438617005028 147 158 112 139 120 142 122 146 119 153 125 155 122 177 132 164 116 141 115 137 118 155 130 200
42 -13.381986255016725 13.676785452350373 338.72641976588028 104 107 98 0.46671733351040062 147 107 112 147 120 147 122 138 125 141 132 171 119 173 116 150 115 112 116 89 132 131 118 140 130 72
43 -6.5314366845951319 1.6729865423931125 324.04071375928055 118 122 122 0.19639795898698056 147 103 112 149 120 157 122 131 125 158 132 144 119 150 116 137 115 130 118 151 130 169
44 -1.6294131758606287 8.1792976006950884 325.21101922212409 2 45 81 1.2796908129634776 147 142 112 162 120 151 122 147 125 184 132 179
45 -0.63134170313107174 6.8790938436686018 327.56398571475654 148 128 115 0.45680497157350075 112 0 116 0 118 0 119 1 120 3 122 1 125 1 132 2 130 2 115 0
46 -3.311492616717123 2.7238106200105925 327.53324391098141 43 42 29 0.8759255448845249 112 5 116 4 132 4 130 3 115 3
47 -4.8471761907211564 3.1219402315786722 325.12843990504939 155 152 147 1.4140363198091361 112 6 116 5 118 7 122 5 125 5 132 7 130 7 115 4 119 5 120 6
48 -3.4938262577471089 6.0711910288001576 322.64275766147279 85 111 153 0.93489069239201217 112 10 116 9 118 9 119 7 120 10 122 8 125 7 132 9 130 9 115 10
49 -3.3717245111687473 7.4432987917544784 323.03499314235796 68 103 154 0.84854643004416508 112 12 116 11 132 12 130 11 115 12
52 -2.4967830615895603 6.8463835400319839 323.58458720252486 0 24 52 0.34132432630968995 112 22 116 21 118 26 119 24 120 26 122 19 125 19 132 20 130 16 115 25
53 -3.7975485054011369 6.0405378852818359 324.00739445077733 85 113 157 0.51148540072146209 112 26 116 24 118 21 122 25 132 17 130 20 115 20
54 -3.3059609599278654 6.8037552202425111 322.30062092667703 90 111 153 0.73940118894985218 112 30 116 35 118 29 120 32 122 42 125 30 132 25 130 24 115 35
56 -4.224660654317721 4.2439343822300462 324.03712449016467 85 128 184 0.093852664258516794 112 33 116 34 118 33 119 25 120 28 122 34 125 29 132 27 130 30 115 29
57 -3.0019632387390129 4.8031888857152705 323.52010887876929 73 122 189 0.53888635490131509 112 32 116 32 118 32 119 26 120 29 125 28 132 24 130 31 115 30
60 -5.5516866800646145 0.37578805918370983 324.28155199676513 155 153 155 0.17825221940124616 112 53 116 50 119 48 120 49 122 51 125 53 132 53 130 46 115 57
61 -3.7026221463334612 4.3186005893111812 328.19344458074823 90 138 204 1.1314124992881256 112 36 116 54 118 57 119 31 132 55 130 51 115 41 116 37
62 -2.7212916337039212 4.2515564135861768 323.65802534361671 2 24 51 0.36609485668038816 112 57 116 55 118 58 119 42 120 51 125 93 132 56 130 52 115 47
63 -3.610096219126147 5.3985506516982955 324.14826211097534 84 119 167 0.23486709665082481 112 59 116 57 118 60 119 44 120 53 122 56 125 57 132 44 147 32 130 54 115 49
66 -4.7351143820105239 1.3726974483327925 325.69705188230279 241 233 239 0.37668375551680744 112 108 118 70 119 62 122 63 125 64 132 66 130 65 120 59 116 68
67 -3.2780525094832078 4.2244757254137069 323.1424862958317 0 23 46 0.43901080271798565 112 63 116 63 118 66 119 57 120 66 125 153 132 63 130 66 115 67
68 -3.2787518327615643 4.2256613905594165 323.15798622861848 0 23 46 0.47665924020692002 112 66 116 65 118 73 120 68 125 131 132 59 130 67 115 68
69 -4.7003179446903793 -0.48976057572957277 324.73330309493468 254 254 254 0.25828130271601279 112 73 118 69 119 63 120 58 122 59 125 65 132 60 130 68
72 -3.4311733611762079 2.0522977454755358 323.94584023703612 91 88 76 0.22523095386351716 112 69 130 71
74 -5.5086019644421276 -0.38066245626814371 324.45303308159544 159 156 158 0.12083012345874425 112 84 116 85 118 92 119 67 120 83 122 66 125 79 132 70 130 80 115 72
75 -5.6671811513736854 -0.082557760431538355 324.60567270277289 192 191 195 0.16492705852377917 112 86 116 86 118 93 119 68 120 84 122 67 125 91 132 86 130 81 115 79
76 -4.6930918934019665 0.14568741417107173 325.48549196911335 254 254 254 0.71212029160786827 112 87 118 96 119 69 120 85 122 90 125 69 132 72 130 82 115 63
80 -6.7395338838036194 7.9942143053925481 322.97913658377553 4 49 83 0.58394071033005845 112 90 116 93 118 153 119 80 120 114 122 94 132 80 130 89 115 87 112 112
81 -5.6657763442486253 6.7218463690459282 323.29711626833097 68 121 182 0.11624845875490698 116 94 119 81 120 102 122 92 125 80 132 81 130 90 115 88 118 97
82 -5.0950495120010473 0.73803379334473629 324.68452342321717 227 217 228 0.39704372636480562 112 88 116 109 118 109 119 110 120 93 122 89 125 203 132 114 130 92
83 -3.9983752193394269 4.1013282987744786 323.82666642853917 10 37 70 0.057656506821975949 112 95 116 101 118 102 119 88 120 99 122 76 125 85 132 84 130 94 115 93
84 -4.4555694979418803 4.0847021359727353 323.80856143209451 8 39 72 0.058607983657613202 112 96 116 102 118 103 119 89 120 94 122 97 125 98 132 85 130 95 115 94
87 -5.6671811513736854 -0.082557760431538355 324.60567270277289 192 191 195 0.16492705852377917 112 97 116 100 118 106 119 94 120 90 122 79 125 90 132 88 130 98 115 83
88 -6.7395338838036194 7.9942143053925481 322.97913658377553 4 49 83 0.58394071033005845 112 81 116 84 118 141 119 103 120 131 122 72 132 74 130 99 115 76 112 119
89 -9.6649465235289611 9.3626569953437002 323.43297612162513 106 117 114 0.71332221054293821 116 82 132 130 130 103 115 111
91 -2.4444181921335475 2.2946762492178636 323.73363419197238 52 50 40 0.25455816846104734 112 100 132 120 130 107 115 101 116 110 118 110
93 -5.2261561298902315 -0.58552689877220376 324.91333348548358 212 210 215 0.40481610990330841 112 104 116 106 118 114 120 143 122 109 125 104 132 109 130 114 115 96
94 -2.6009135385837485 2.14344858265118 323.848463039308 139 134 134 0.20381925996060893 112 109 116 103 132 119 130 117 115 100 118 129 120 124
96 -5.5247293400087027 0.22000529843446617 324.59494750596571 149 150 153 0.14363685611610505 112 106 116 107 118 116 119 109 120 119 122 116 125 108 132 113 130 121 115 97
97 -3.6854172579061752 2.0693982296007389 326.7635491938255 87 80 77 0.9288634797273444 112 71 122 117 132 118 130 123 115 99
98 -3.7744387619685114 3.3473404426519084 321.82216862439549 110 111 111 1.7503709033375929 112 110 125 187 130 127 132 181
99 -2.8215504091192578 5.3875054791907289 323.77931720868378 75 109 159 0.10216641143535737 112 126 116 125 118 112 119 143 120 111 125 102 132 126 130 132 115 123
100 -5.8592462438528283 6.533909934439925 323.34430364472331 1 43 81 0.077578288458747688 112 117 116 117 119 125 120 130 132 128 130 133 115 108
102 -2.6049502256643722 2.1434346572897325 323.86555660687924 139 134 134 0.18106768470396697 112 123 116 104 132 139 130 139 115 118
104 -3.0716526729862799 1.9758109600698537 323.97532818192076 84 82 73 0.21689515316904201 112 144 116 157 132 160 130 150 115 142
105 -5.0430165524262085 1.049453248169379 325.71848604349879 213 208 212 0.68214568553014954 112 135 116 127 118 181 119 159 120 159 122 130 125 156 132 168 130 151 115 150
107 -3.274038620677592 5.4883403301339744 323.52027750766604 2 16 42 0.098502454579874735 112 140 116 145 118 156 122 142 125 148 132 165 130 162
108 -3.274038620677592 5.4883403301339744 323.52027750766604 2 16 42 0.098502454579874735 112 137 116 140 118 143 122 133 125 136 132 166 130 164
109 -5.7222294844973138 5.5195753546682491 323.56683298689398 70 125 193 0.069134212619392801 112 128 116 130 118 142 119 151 120 149 122 136 125 137 132 149 130 166 115 138
113 -5.2083183801543722 0.52405621851695017 324.32592808437198 180 176 182 0.12430463869061481 112 160 116 161 118 175 119 166 120 169 122 183 125 196 132 194 130 175 115 152
116 -5.4087983506758937 -0.18891054995315196 324.65543324293645 214 211 222 0.14343538422024962 112 161 119 201 120 174 132 209 130 183
121 -5.0823613043870832 -0.40263343239488053 324.69459894991417 187 186 193 0.12051705782438529 112 155 116 155 118 162 119 176 120 183 122 144 125 168 132 174 130 191 115 154
122 -5.421308236433056 -0.1772943582359478 326.22152811321718 214 211 222 0.6940067209365125 112 154 119 171 120 163 132 175 147 10 130 192
130 -4.8895244779956615 0.12250726130033164 324.53025414035687 253 252 252 1.2911809736022828 116 164 119 168 125 163 130 177 112 148 118 161 119 203 120 165 122 151 125 164 132 207 130 203
131 -1.1710464223549089 8.3113883617481683 323.9291151566112 6 46 73 0.43296112085317051 147 55 112 67 120 100 122 95 125 78 132 77 119 60 116 92 115 86 118 95 130 109 120 134 122 118
