# Frame list with one line of data per frame:
#   FRAME_ID, RIG_ID, RIG_FROM_WORLD[QW, QX, QY, QZ, TX, TY, TZ], NUM_DATA_IDS, DATA_IDS[] as (SENSOR_TYPE, SENSOR_ID, DATA_ID)
# Number of frames: 127
1 1 0.99934711430364731 -0.029588997281519237 -0.015123697794237608 -0.014181330610203173 0.041940362012771674 -0.077376657597424292 -0.0073508660152580996 1 CAMERA 1 1
2 1 0.99936081532314114 -0.029129647747566521 -0.014686532945401034 -0.014619513289203752 0.059225635720375411 -0.067024541762393808 0.037420597830181992 1 CAMERA 1 2
3 1 0.99935662594567509 -0.028991340237039524 -0.015309284157800885 -0.014541739521530393 0.054960883533523325 -0.10844290895059602 0.023674739838358647 1 CAMERA 1 3
4 1 0.99935993290991232 -0.029039630333699003 -0.015037398291008535 -0.014501759100717307 0.054980639821882712 -0.10843733747741753 0.023654378354799409 1 CAMERA 1 4
5 1 0.99932076169167916 -0.029076949123426624 -0.016541996707864909 -0.015456669322752204 0.054710096227036653 -0.10853516748671041 0.023832317863721232 1 CAMERA 1 5
6 1 0.99932796876328223 -0.029525755348162475 -0.016437220572032479 -0.014200647817596002 0.054987190136116366 -0.1083762943593875 0.023917446733829853 1 CAMERA 1 6
7 1 0.99934738301398762 -0.029303253496719469 -0.015586477650276369 -0.014254441836097267 -0.069956688511311996 9.0030968875834443 -9.1071383074454815 1 CAMERA 1 7
8 1 0.99934655748538093 -0.0300728332924706 -0.01469220778648392 -0.013646309766395538 0.05517860958773755 -0.1082965703470722 0.023837586082765136 1 CAMERA 1 8
9 1 0.99933625921092917 -0.029929133428119467 -0.015234850661539756 -0.014113373936413525 0.013226859503470773 10.301342455161317 -10.497544613507886 1 CAMERA 1 9
10 1 0.99939156226247383 -0.028871856027641779 -0.013593499459378534 -0.014076149350545616 0.055132892099595723 -0.10840341790941378 0.023454632771403382 1 CAMERA 1 10
11 1 0.99933093152908103 -0.030261887133338095 -0.015398965138012364 -0.013593356797594087 0.055160456471986835 -0.10827916575751083 0.023958359757853463 1 CAMERA 1 11
12 1 0.99933995369350048 -0.030294286228863904 -0.015534608853947675 -0.012672375527534734 0.055355345498796157 -0.1081747312325325 0.023980614396628071 1 CAMERA 1 12
13 1 0.99937396975834003 -0.029366858876950837 -0.013947483146641687 -0.013954349968083014 0.055143816799985534 -0.10836602198231476 0.023601300833305475 1 CAMERA 1 13
14 1 0.9994458340784933 -0.028241832111112603 -0.013533348985084185 -0.011281494909837493 0.055745484865038858 -0.10812067864916675 0.023311292401936873 1 CAMERA 1 14
15 1 0.99938734159120002 -0.028965513403545487 -0.014343753958032926 -0.013423755917581725 0.055244296956253928 -0.10832388875462864 0.023559698114128686 1 CAMERA 1 15
16 1 0.99944173486129251 -0.028077618052634604 -0.014162317886216665 -0.011282496799471003 0.055720159068509086 -0.10812588961244671 0.023347643322393623 1 CAMERA 1 16
17 1 0.99939132284407617 -0.028854897853288056 -0.014168217467561424 -0.013551395043893877 0.055223929558726466 -0.10834376757588808 0.023516000695501946 1 CAMERA 1 17
18 1 0.9994075579286662 -0.028892428168434806 -0.014347646972189671 -0.011996073355607343 0.055555232116607192 -0.10816814096924313 0.02354412898439388 1 CAMERA 1 18
19 1 0.99940866364197645 -0.02875396182333256 -0.013924166362264999 -0.012714177438482863 0.055416537184935048 -0.10825614931547935 0.023466361519863175 1 CAMERA 1 19
20 1 0.99940156221404219 -0.028744005808293043 -0.01275201025024883 -0.014411308365388818 0.055094210633390331 -0.10844956856754992 0.023331857114744153 1 CAMERA 1 20
21 1 0.99944502953486736 -0.028342885254539325 -0.011446408611794376 -0.013239846048501149 0.055403033287628162 -0.10834256508098135 0.023096515554084471 1 CAMERA 1 21
22 1 0.99939590657788269 -0.029581244894533499 -0.012339821711755062 -0.013435053627868338 0.055321943798871336 -0.10830486629517631 0.023464762563232183 1 CAMERA 1 22
23 1 0.99939789443220728 -0.029041532449455076 -0.013441689065563903 -0.013407423038097652 0.055284445427989132 -0.10832207717176573 0.023473693555863318 1 CAMERA 1 23
24 1 0.9994272892247803 -0.028551765834009112 -0.013143387032249999 -0.012535613183570046 0.055487625731852411 -0.10824833957374681 0.023334030677275703 1 CAMERA 1 24
25 1 0.99942408194020116 -0.02857519307891029 -0.013474342628247888 -0.012385671932745475 0.055506797585458095 -0.10822931299702769 0.023376653045928959 1 CAMERA 1 25
26 1 0.99938720180749852 -0.028447104697065854 -0.014155592600545075 -0.014683402053333581 0.054978582265951433 -0.10848773773465764 0.02342696757744709 1 CAMERA 1 26
27 1 0.99939198423706832 -0.028525868039827519 -0.013577325373725614 -0.014751031522101997 0.054987137489811724 -0.10849385832307906 0.023378493959866631 1 CAMERA 1 27
28 1 0.99934567514698114 -0.029736575569394484 -0.014329548479972394 -0.014785860772716571 0.05494588170567203 -0.10843965239345142 0.023724427742348012 1 CAMERA 1 28
29 1 0.99939992896287544 -0.02855302476698281 -0.013827490643681101 -0.013903498414231438 0.055161798737397912 -0.10839783141061951 0.023412447258641004 1 CAMERA 1 29
30 1 0.99937625991391688 -0.029538889738565503 -0.013317750284968578 -0.014042173650523296 0.055149950565896257 -0.1083703691836943 0.023566982124324204 1 CAMERA 1 30
31 1 0.99940906697780574 -0.028203661994377707 -0.013497101002586255 -0.014279305206661583 0.055094083449576579 -0.10845651413814542 0.023299851398239584 1 CAMERA 1 31
32 1 0.99937805595491935 -0.029501235461376688 -0.014223063872066122 -0.013072216189674855 0.055324449449269612 -0.10826083722198813 0.023661213056708885 1 CAMERA 1 32
33 1 0.99939240972839283 -0.028302590827815603 -0.014243532329866745 -0.01452227655974082 0.055010525290814412 -0.10847612142019786 0.023405763017342835 1 CAMERA 1 33
34 1 0.99937556372654701 -0.028749542987755314 -0.013916895170872403 -0.015108488774344985 0.054894770653192981 -0.10852190790325382 0.023465213225699416 1 CAMERA 1 34
35 1 0.99937297671335223 -0.029045109888573936 -0.014509844529018094 -0.014124426303322651 0.055084549442821443 -0.10839736007110407 0.023595790457367836 1 CAMERA 1 35
36 1 0.9993800934206708 -0.028965308034012868 -0.013940771373736924 -0.014355998693623636 0.055057485901918675 -0.10842883565179347 0.023514195960688995 1 CAMERA 1 36
37 1 0.99939834871848576 -0.028045410965370575 -0.014653595455135828 -0.014200973304136147 0.055064587595072871 -0.10845062934642979 0.023396766922159272 1 CAMERA 1 37
38 1 0.99940203829124419 -0.027922301969273977 -0.014905779944557905 -0.013918643478727391 0.055116214585349294 -0.10842395823813139 0.023398818827686029 1 CAMERA 1 38
39 1 0.99940699692820434 -0.028153971242923421 -0.013996762294297964 -0.014039196539607661 0.05512631283935257 -0.10843027055239039 0.023345718687581354 1 CAMERA 1 39
40 1 0.99937302651533055 -0.028432519944987356 -0.014979531409576507 -0.014857971662245643 0.054906902967201014 -0.10850454651062823 0.023517055971601027 1 CAMERA 1 40
41 1 0.99938456296682399 -0.028437359851738342 -0.014981621660192682 -0.014048589989884744 0.055083393503004056 -0.10841477694062171 0.023518342387635199 1 CAMERA 1 41
42 1 0.9994028736344891 -0.027592997424536025 -0.014098387465707843 -0.015289150896033964 0.054850776253850708 -0.10859334259839906 0.023236496626540207 1 CAMERA 1 42
43 1 0.99938266198467629 -0.028398129653866216 -0.014444800579897957 -0.014805029307351648 0.054940380037620855 -0.10850229526611366 0.023449159269652551 1 CAMERA 1 43
44 1 0.99941619711956953 -0.027529098479550814 -0.014413706144043246 -0.014200660095719629 0.055075748015829658 -0.10847473056767502 0.023258354729400195 1 CAMERA 1 44
45 1 0.99941746570217038 -0.028036170752422679 -0.013689678508268603 -0.013830946508914076 0.055184472728432139 -0.10841363638626415 0.023285487723366482 1 CAMERA 1 45
46 1 0.99938964860811896 -0.027985856542043816 -0.014698750772401561 -0.014868383041860563 0.054917266487515375 -0.10852696742206781 0.023389051774641036 1 CAMERA 1 46
47 1 0.99938712161656984 -0.028426442042106641 -0.014700766383576102 -0.014184710342823844 0.055065211268821586 -0.10843141654385513 0.023484185044969616 1 CAMERA 1 47
48 1 0.99941498805676243 -0.027894106030941133 -0.013729949068464578 -0.014250929612263041 0.05509158474350364 -0.10846643536522482 0.023259540929057295 1 CAMERA 1 48
49 1 0.99938908570557139 -0.028163614856782343 -0.014550555869936064 -0.014715552815200393 0.054956200631726189 -0.10850261249354086 0.023410587543040661 1 CAMERA 1 49
50 1 0.99937409847025116 -0.028630419568522549 -0.014829992129385218 -0.014552721929089268 0.054979108814076506 -0.10846239951943268 0.023542769631996779 1 CAMERA 1 50
51 1 0.99939369544695777 -0.027973099606248095 -0.014826065899303329 -0.014489132798132912 0.054994882197326476 -0.10848514216460857 0.023400713672575641 1 CAMERA 1 51
52 1 0.99940627773529789 -0.02787741762692714 -0.014520513603594302 -0.014110148632046276 0.055090254101125474 -0.10844864205732171 0.023345500389990437 1 CAMERA 1 52
53 1 0.99937012703957884 -0.028930572086844936 -0.015155503523903551 -0.013880990330704033 0.055111476569075467 -0.10837311156388989 0.023644246171626554 1 CAMERA 1 53
54 1 0.99938363465670343 -0.028248339034105702 -0.015314859450026868 -0.014136378680439961 0.055051127919509654 -0.10843181058619236 0.023515362089675543 1 CAMERA 1 54
55 1 0.99940742157797813 -0.027836105865790682 -0.014573096637284814 -0.014056377893560219 0.055099951317063779 -0.10844434937743741 0.023342556718726645 1 CAMERA 1 55
56 1 0.99936797403958899 -0.02846924779446601 -0.01484647816189864 -0.015255703202834807 0.054825415379388544 -0.10854728720975269 0.023509930042006105 1 CAMERA 1 56
57 1 0.99940903773914536 -0.027473371085032502 -0.014325471706204972 -0.014885228481095853 0.054930071579839493 -0.10855328069414835 0.023236371534140991 1 CAMERA 1 57
58 1 0.99939711228175288 -0.028595938333324342 -0.01475639740149619 -0.013035835587305054 0.055312926492371087 -0.10829598722733094 0.023526917238270079 1 CAMERA 1 58
59 1 0.99936953944493379 -0.028518696963589496 -0.015439558985846971 -0.014450867497930217 0.054976665964922102 -0.10845388004159805 0.023587679500144051 1 CAMERA 1 59
60 1 0.99939553137279191 -0.028081649269710473 -0.014812360975228199 -0.014162867249516044 0.055066332933197737 -0.10844417666995064 0.023422553983609637 1 CAMERA 1 60
61 1 0.99938400356827939 -0.028396007960392943 -0.015501088594862959 -0.013601338027004022 0.055159750172020267 -0.10836509072980481 0.023568316872685558 1 CAMERA 1 61
62 1 0.99936363061559497 -0.028845483913348995 -0.015475128718643453 -0.014170118269192228 0.055035536152255614 -0.10840779864566351 0.023662110785461953 1 CAMERA 1 62
63 1 0.99941844775032285 -0.027749934336953497 -0.014337431453776809 -0.01368011330136229 0.055191804368267074 -0.10840737291053842 0.023297269774204266 1 CAMERA 1 63
64 1 0.99940389120923179 -0.028023612413492108 -0.014541237025118449 -0.013967526943731889 0.055120137424416002 -0.10842616683060484 0.023379335338784637 1 CAMERA 1 64
65 1 0.99939750056234811 -0.027998499124319839 -0.014444044357116577 -0.014563292866882502 0.054994189087049651 -0.10849363296632097 0.023362947582900945 1 CAMERA 1 65
66 1 0.9994131033681084 -0.027401005846369515 -0.014564745933256892 -0.014508682594705294 0.055002741859420265 -0.10851401789471879 0.023247855782412844 1 CAMERA 1 66
67 1 0.99938874260406496 -0.028304335745513012 -0.015159925590590598 -0.013826872038139131 0.055124810220568393 -0.10839555563663124 0.023509899347122599 1 CAMERA 1 67
68 1 0.99943046707802596 -0.027690829316318465 -0.013871220955925136 -0.013399577499515218 0.055272012794012566 -0.10838059253543104 0.023231621727255701 1 CAMERA 1 68
69 1 0.99940910534010363 -0.027654447332089167 -0.014974754420259369 -0.01387185770195825 0.055124328309560884 -0.10843058589095936 0.023348939084839135 1 CAMERA 1 69
70 1 0.99937238925204896 -0.028780555560246023 -0.014039509611528053 -0.015145936490112789 0.054881525199053427 -0.10852415864642563 0.023485768197543777 1 CAMERA 1 70
71 1 0.99937445414746118 -0.028953703218125178 -0.014782590812269569 -0.013923306945475186 0.055117478699041857 -0.10837818201179036 0.023606976912655453 1 CAMERA 1 71
72 1 0.9994093222892223 -0.02808554416417073 -0.013590158342638773 -0.014405426985057869 0.055063079031151083 -0.10847545109730057 0.023284982726037341 1 CAMERA 1 72
73 1 0.99937559914368423 -0.028739097937242639 -0.013584983941097009 -0.015424794886032579 0.054839230153204493 -0.10855855767023412 0.023425518905162399 1 CAMERA 1 73
74 1 0.99940128359425684 -0.028886982161286292 -0.013513882509075641 -0.013416094487458523 -1119.2438566597898 -1786.2159960407948 -53.080925578376153 1 CAMERA 1 74
75 1 0.99939508150672296 -0.028156096890402927 -0.014180205616480025 -0.014684244507064521 0.054978123682010473 -0.10850089107211053 0.023367053131010139 1 CAMERA 1 75
76 1 0.99937467571838678 -0.028510282512506292 -0.01500054950941304 -0.014574115350247415 0.054967783034377916 -0.10846956794761252 0.023536189547528782 1 CAMERA 1 76
77 1 0.99936183775347132 -0.029286359295029336 -0.014226996803095929 -0.014690778169028064 -0.044544604837175712 -0.26860915327001872 -0.00445577570185167 1 CAMERA 1 77
78 1 0.99937975992825112 -0.028405050449313896 -0.014165768631988445 -0.015250559130349164 0.054854464182682666 -0.10855223490572724 0.02341915008548533 1 CAMERA 1 78
79 1 0.99939895964629633 -0.028102283289364614 -0.014046963362427606 -0.014651414679798058 0.05499083572425071 -0.10850019174493558 0.023340370783772921 1 CAMERA 1 79
80 1 0.99941929963203602 -0.027523860094697747 -0.014040935281935774 -0.014364984681738451 0.055055017175319743 -0.10849453790780546 0.023215013731541521 1 CAMERA 1 80
81 1 0.99937677092666077 -0.02873931587003551 -0.014312573019587242 -0.014672140576005537 0.054973908447662347 -0.10847264475201655 0.023507685087047672 1 CAMERA 1 81
82 1 0.99937539630276395 -0.028696096237673534 -0.014087189324437695 -0.015063280597182135 0.0548978349780073 -0.10851868490706115 0.023472947963803611 1 CAMERA 1 82
83 1 0.99938595507288075 -0.027725028537449552 -0.015087630815935258 -0.015211804364560126 0.054827129056202975 -0.10857517503403621 0.023376779525196439 1 CAMERA 1 83
84 1 0.99937113898893637 -0.028644952632342287 -0.014310049980457493 -0.015232062046998233 0.054852027654264779 -0.10853877161522545 0.023487159235627001 1 CAMERA 1 84
85 1 0.99938048387940948 -0.028395438840039686 -0.014057737525631954 -0.015320819485238647 0.054843540301803488 -0.1085608323930437 0.023404876708280578 1 CAMERA 1 85
86 1 0.99937149348529852 -0.028493647664686799 -0.014516247608525297 -0.015297339869820185 0.054829745032882009 -0.10855203929264548 0.023477869014650505 1 CAMERA 1 86
87 1 0.99939148944895551 -0.028547876771016154 -0.014061545860143632 -0.014280843003421268 0.055069992112011711 -0.10843899175984828 0.023437951357638154 1 CAMERA 1 87
88 1 0.99939527155984165 -0.028027955940541409 -0.014873315571298926 -0.014223549259668102 0.055050753134979383 -0.10845309388176777 0.023417888900525072 1 CAMERA 1 88
89 1 0.99940863114629697 -0.027858799962197749 -0.014495114130391279 -0.014005960206217596 0.055114060072151479 -0.1084380295789223 0.023338608664986292 1 CAMERA 1 89
90 1 0.99939827109183543 -0.028126667110589192 -0.014432378553204353 -0.014272098135782551 0.055057869522065234 -0.10845566782235656 0.023389220748074722 1 CAMERA 1 90
91 1 0.99939878756743816 -0.027419405499826854 -0.015539040694346203 -0.014449146170980465 0.054976038745815484 -0.10850301554034252 0.023362090578732363 1 CAMERA 1 91
92 1 0.99940189433190763 -0.027799777264254696 -0.015704009565583626 -0.013281945392771638 0.05522275160018944 -0.10835585963886453 0.023462990446719716 1 CAMERA 1 92
93 1 0.99937185609179957 -0.028161295570930972 -0.015088332048701216 -0.015335479105210395 0.12348229509864443 -0.60568876120151682 0.13522339113938953 1 CAMERA 1 93
94 1 0.99938597073780633 -0.02760583759688872 -0.014968763885381519 -0.015541406975256364 0.054760298424355973 -0.10861731826506453 0.023337616862692711 1 CAMERA 1 94
95 1 0.99941243769769306 -0.027330551685597605 -0.014498944007015322 -0.014751303074546245 0.054952638675564297 -0.10854424648344378 0.023225215404928286 1 CAMERA 1 95
96 1 0.99936234984909922 -0.029120557516301888 -0.013659868311486157 -0.015501446117681351 -0.63198766240094528 -0.80243334154210944 0.08007913404865033 1 CAMERA 1 96
97 1 0.99938943748628284 -0.028282682319590469 -0.01450163335350175 -0.014510160293424199 0.05500270866606663 -0.1084747034118158 0.023430691375700315 1 CAMERA 1 97
98 1 0.99940800790626916 -0.027992161161240221 -0.014539469870718214 -0.013735955089632698 -5.9514299596692135 67.100524226002747 -616.78124378872667 1 CAMERA 1 98
99 1 0.99940682194584518 -0.028960119896650292 -0.013936577081141439 -0.012372854276150575 -27.801642866930738 45.099008758271268 -625.63225596952441 1 CAMERA 1 99
100 1 0.99935727209593894 -0.029058079391898101 -0.014887085717160934 -0.014800182764676355 0.054921641141544214 -0.10847006817310791 0.023641366278078571 1 CAMERA 1 100
101 1 0.99946229004721476 -0.027492378183964189 -0.013635400668830615 -0.011548842538001447 -63.357390814437316 -39.926659166940745 48.944856275928842 1 CAMERA 1 101
102 1 0.99940432079743569 -0.028247346344253261 -0.01406686089268561 -0.01397191542165689 6.0389710207277165 -111.11446726988325 19.198335307899555 1 CAMERA 1 102
103 1 0.99926531193607548 -0.032934455823382475 -0.010598390158854486 -0.016487331711237067 0.054720455064473573 -0.1084946362190837 0.023992543224469101 1 CAMERA 1 103
104 1 0.99940367143575182 -0.028060894101558816 -0.013783113704775 -0.014659929043567513 0.054999786240640267 -0.10850400918350096 0.023301588136388426 1 CAMERA 1 104
105 1 0.99932119068703351 -0.029981244510535219 -0.012450887447936177 -0.017414310873764553 -3.1395336755313843 -0.1246858406332346 -0.31958916138182653 1 CAMERA 1 105
106 1 0.99938643304831831 -0.027796793837570694 -0.011755162115255412 -0.017773909388622403 -2.4898720716670191 -0.19889395251893965 -1.3974692762971761 1 CAMERA 1 106
107 1 0.99943403928280217 -0.027217358220666482 -0.013449766575717082 -0.014488627036714306 -1.140396488548659 -0.74331091362507462 -0.040476184802164202 1 CAMERA 1 107
108 1 0.99933967069967589 -0.029367407079981315 -0.012489689771784176 -0.017371977914641189 -2.0106718073342327 -0.61864908863288748 0.012176085548110884 1 CAMERA 1 108
109 1 0.99932384279038922 -0.027993335134064865 -0.014598935293461802 -0.018844137205477635 3566.2110980264788 -1156.5818398658469 -625.4930540071806 1 CAMERA 1 109
110 1 0.99928059400526437 -0.031102153310071642 -0.01286859424640408 -0.017474260673462243 -2.471127643830533 -0.036919809695624695 -0.551207337100874 1 CAMERA 1 110
111 1 0.99933375060928487 -0.030082485991143978 -0.012559023469345653 -0.016412490952590095 -2.7898847867127623 -0.2134098477020008 -0.9187117651130462 1 CAMERA 1 111
112 1 0.99941173471847577 -0.026602556358592225 -0.013083667979810891 -0.017242567511512923 -2.7569370627561169 0.88363804068254992 -0.96013196337049722 1 CAMERA 1 112
113 1 0.99941478160474673 -0.026956601698421585 -0.011842853704928727 -0.017412143777630319 -2.9424582761750364 0.95367782136316004 -1.0411433404499393 1 CAMERA 1 113
114 1 0.99940665223009517 -0.027166514844309632 -0.011802049168455668 -0.017579407978461907 0.050943978391922239 -0.13743730127723086 0.03448607700983488 1 CAMERA 1 114
115 1 0.9993849924243563 -0.028051668220164739 -0.012719767792761327 -0.016761513485761499 -1.6727049735605082 -0.35112943692017912 -2.1133312389549617 1 CAMERA 1 115
116 1 0.99935288190065974 -0.028399491625275247 -0.012188588892409574 -0.018404472638024038 -1.1364366520569744 -2.1750046355251316 1.1892254228870975 1 CAMERA 1 116
117 1 0.99940165063753761 -0.025619263432022654 -0.017066024472548746 -0.015771647119704083 26496.450030189451 18888.907103596226 11854.076643777675 1 CAMERA 1 117
118 1 0.99937423328968866 -0.027244189847947301 -0.016480084996509835 -0.015404634195069924 27348.066060333917 18128.001884999481 12186.756517550501 1 CAMERA 1 118
119 1 0.99937119391470974 -0.026542861923158238 -0.017325665548880289 -0.015890706960495628 29437.438600238052 20748.392247591928 12133.87729993532 1 CAMERA 1 119
120 1 0.99935644431436121 -0.02818965142381109 -0.01599653869102716 -0.015367221930710532 13419.677111161089 3099.4807759781311 2979.75563042678 1 CAMERA 1 120
121 1 0.99936758656492464 -0.026111018116328488 -0.018166321024463316 -0.015894226522950618 28709.697145920403 20143.287362730105 12358.254095130254 1 CAMERA 1 121
122 1 0.99938265369332691 -0.026049426335895513 -0.016231736624896624 -0.01709589455379576 31332.80667177933 21653.1708752661 11595.563682590711 1 CAMERA 1 122
123 1 0.99897514567511758 -0.044956116541405418 -0.0047250967148854848 0.0022976879527513076 -268484.28932098212 -313436.28477321891 -118406.39048914234 1 CAMERA 1 123
124 1 0.99938448129315582 -0.025712428258731216 -0.016137628341103133 -0.017581425851558818 27691.633767828815 21878.899632300323 12415.723989586433 1 CAMERA 1 124
125 1 0.99935968528808472 -0.02619428853380967 -0.016492202020839324 -0.017946752954548215 29178.530938380773 21519.413357282534 12751.043699272386 1 CAMERA 1 125
126 1 0.99934733393661346 -0.02675932409326786 -0.01755317122849457 -0.016755026340699537 30544.848542807336 21509.147915687576 12955.696317607752 1 CAMERA 1 126
127 1 0.99933668048552537 -0.028860040458222814 -0.015989467256673568 -0.015415383153474025 12628.371904465044 -3615.9823182607415 48.602484192184519 1 CAMERA 1 127
