# 3D point list with one line of data per point:
#   POINT3D_ID, X, Y, Z, R, G, B, ERROR, TRACK[] as (IMAGE_ID, POINT2D_IDX)
# Number of points: 69, mean track length: 81.14492753623189
375 226191.31074397682 93368.521622603075 203501.85534267989 89 140 227 0.28083807590368914 31 82 37 84 58 85 79 68 62 81 80 77 81 75 84 113 91 76 96 69 99 64 85 75 87 78 89 78 97 67 101 71 95 68 68 82 71 81 34 82 26 90 55 84 54 87 59 82 38 91 49 91 35 82 63 78 53 79 78 79 77 71 90 74 50 79 27 88 60 83 93 72 82 72 70 77 41 82 44 88 52 77 66 78 24 83 32 86 56 77 45 83 51 80 36 87 40 114 67 86 61 80 48 87 25 80 42 86 33 81 74 84 75 72 73 83 46 88 43 89 76 81 69 84 28 81 16 72 20 77 22 91 64 82 29 84 122 205 88 77 94 81 23 87 30 83 47 83 39 86 65 82 57 82 18 84 10 79 15 85 13 71 11 71 17 76 14 83 19 79 21 80 72 76 8 73 12 67 83 76 92 69 126 175 125 166 7 75 9 74 1 69 86 77 102 71 100 69 6 60 4 70 3 59 5 70 2 69 98 62 107 46 112 49 103 65
399 163015.06335884772 86113.724791945831 186172.98577398487 91 137 213 0.85332617174575753 55 131 62 124 81 135 59 127 99 185 120 151 34 145 37 87 54 123 68 129 71 131 80 124 84 132 85 140 87 142 89 120 95 131 97 132 99 116 26 96 34 102 101 168 68 81 71 82 38 168 49 90 35 89 35 131 63 124 53 120 78 80 78 157 90 100 50 132 27 107 60 143 93 110 70 117 41 137 44 105 44 130 52 96 52 124 66 125 24 135 32 124 56 136 45 201 32 219 51 130 36 155 40 120 67 128 48 139 25 84 25 131 42 131 33 91 33 125 74 127 73 102 73 119 46 129 76 176 28 132 16 135 20 99 20 162 22 142 64 125 94 123 88 134 121 175 30 104 47 139 65 137 18 171 10 123 15 162 13 131 11 70 11 121 17 132 14 184 19 86 19 143 21 124 8 82 8 124 12 121 83 92 84 112 101 101 7 74 7 115 9 126 1 151 86 95 102 129 100 107 6 124 4 90 4 161 3 120 5 98 5 123 2 86 98 109 107 102 110 91 115 115
439 -793470.00463713403 -506832.23003442318 837223.00493331102 133 132 124 1.3587249314922782 60 7 81 7 85 7 89 7 90 6 91 6 93 6 122 5 80 7 97 7 27 8 31 6 35 7 37 8 38 7 49 7 54 7 55 8 58 7 63 7 77 7 78 7 79 7 84 7 87 7 34 7 53 7 59 7 68 7 71 8 62 7 26 7 50 7 82 8 70 8 41 7 44 7 52 7 66 8 32 7 56 9 24 6 45 7 51 7 36 7 40 7 67 7 61 7 48 7 25 7 42 9 33 7 74 8 75 7 73 8 46 7 43 7 76 7 69 7 28 10 22 5 64 7 29 7 20 5 88 7 94 8 23 6 30 8 47 7 39 9 65 5 57 7 18 6 126 5 124 3 17 6 21 6 72 11 8 6 12 4 83 7 92 6 125 5 127 3 7 3 9 5 1 0 86 7 6 0 4 0 3 0 5 3 2 0 96 8
458 -0.058711871170173957 0.10792980183710246 -0.015656386026604126 164 165 161 1.7354040769262424 35 121 41 195 62 151 38 182 41 163 49 136 52 112 53 136 59 115 63 172 71 187 56 121 56 226 52 181 44 142 45 166 51 142 51 167 51 186 36 141 36 198 40 171 67 118 67 181 61 128 61 170 48 130 42 121 42 185 33 134 33 192 46 141 46 180 69 171 28 207 49 207 37 189 58 183 45 138 60 160 59 199 40 129 60 178 23 174 23 173 32 190 55 121 27 181 30 150 30 180 47 128 47 145 47 179 39 116 65 123 57 130 57 185 66 178 66 148 25 184 26 182 54 143 34 193 34 194 54 177 44 193 72 137 29 146 31 186 65 175 68 185 73 169 29 209 30 208 80 92 76 115 78 86 79 96 81 105 82 99 85 101 89 83 91 94 95 88 94 85 97 96 100 88 83 98 84 81 86 81 87 91 88 96 90 104 92 78 75 112
482 -8209.7662823030041 -11642.177870794216 4650.8298974278459 88 87 75 0.87681261393268739 31 1 36 1 51 1 62 1 63 1 66 1 67 1 49 1 59 1 55 1 26 1 32 1 35 1 38 1 40 1 41 1 44 1 50 1 52 1 53 1 54 1 56 1 58 1 61 1 48 1 25 1 42 1 33 1 74 2 46 1 43 1 69 1 28 1 20 2 16 2 22 1 64 1 29 1 45 1 60 1 34 1 37 1 27 1 24 1 23 1 30 1 47 1 39 1 65 1 57 1 18 2 17 2 19 2 21 1 14 2
483 -8209.7662823029132 -11642.17787079409 4650.829897427795 88 87 75 0.87681261393269572 31 2 36 2 51 2 62 2 63 2 66 2 67 2 49 2 59 2 55 2 26 2 32 2 35 2 38 2 40 2 41 2 44 2 50 2 52 2 53 2 54 2 56 2 58 2 61 2 48 2 25 2 42 2 33 2 74 1 46 2 43 2 69 2 28 2 20 1 16 1 22 2 64 2 29 2 45 2 60 2 34 2 37 2 27 2 24 2 23 2 30 2 47 2 39 2 65 2 57 2 18 1 17 1 19 1 21 2 14 1
1171 831394.01160208974 -4722291.569047288 6924103.751139191 7 44 79 0.11673894940832516 117 80 122 78 125 78 126 80 127 74 63 91 96 87 118 101 121 76 124 82 62 98 92 90 120 78 60 99 93 79 119 75 61 105 94 101 109 61 54 106 87 104 99 91 10 90 16 93 19 104 20 110 23 112 25 95 31 107 37 105 38 120 39 105 45 88 48 117 64 94 65 100 66 99 67 113 68 91 75 100 78 107 79 82 80 95 81 85 83 84 85 85 89 105 97 98 101 90 24 109 71 100 82 89 90 86 91 104 21 101 46 113 51 94 52 82 53 110 55 108 56 110 58 103 70 92 11 98 27 100 95 76 29 104 76 95 43 102 57 87 69 95 26 109 77 96 88 84 14 89 28 97 30 92 32 93 33 99 34 87 35 110 36 93 40 101 41 107 42 109 44 112 47 102 49 115 50 100 59 92 73 89 12 91 8 93 13 90 72 93 74 98 18 94 17 115 22 101 15 106 84 101 7 76 9 101 1 91 123 96 86 101 102 91 100 77 6 77 4 103 3 88 5 96 2 100 98 80 107 82 104 81 108 79 110 60 111 77 105 68 114 74 116 85 113 85 112 70 115 66 106 67 103 93
1172 2287716.6682512965 -4392859.2150130784 6520609.2321651075 10 48 79 0.13193788305326956 117 81 122 86 125 79 126 81 127 73 63 93 96 95 118 72 121 77 124 81 62 97 92 89 120 79 60 100 93 80 119 76 61 96 94 100 109 62 54 108 87 105 99 92 10 89 16 101 19 103 20 109 23 111 25 96 31 106 37 109 38 95 39 104 45 89 48 116 64 93 65 85 66 98 67 101 68 92 75 99 78 100 79 83 80 88 81 86 83 85 85 86 89 96 97 97 101 91 24 108 71 99 82 88 90 87 91 84 21 100 46 109 51 104 52 83 53 101 55 107 56 100 58 104 70 91 11 97 27 101 95 77 29 96 76 91 43 101 57 88 69 92 26 108 77 93 88 85 14 105 28 96 30 93 32 94 33 98 34 88 35 100 36 94 40 109 41 106 42 99 44 111 47 103 49 95 50 99 59 91 73 90 12 90 8 92 13 98 72 94 74 97 18 109 17 114 22 100 15 105 84 102 7 93 9 100 1 90 123 95 86 94 102 90 100 78 6 83 4 76 3 71 5 95 2 101 98 81 107 81 104 80 108 78 110 61 111 71 105 69 114 75 116 74 113 91 112 84 115 67 106 68 103 84
1180 2287716.668251364 -4392859.2150132079 6520609.2321652994 10 48 79 0.13193788305326989 117 102 122 93 125 95 126 87 127 84 63 97 96 96 118 99 121 91 124 76 62 101 92 88 120 87 60 112 93 105 119 88 61 102 94 107 109 79 54 110 87 100 99 78 10 105 16 89 19 100 20 101 23 97 25 102 31 101 37 115 38 117 39 93 45 114 48 104 64 104 65 103 66 88 67 91 68 111 75 94 78 95 79 102 80 105 81 100 83 103 85 108 89 100 97 78 101 97 24 92 71 109 82 77 90 111 91 109 21 94 46 93 51 113 52 106 53 113 55 102 56 104 58 116 70 102 11 84 27 111 95 100 29 98 76 105 43 119 57 109 69 90 26 95 77 86 88 99 14 107 28 106 30 101 32 113 33 92 34 112 35 104 36 120 40 111 41 93 42 103 44 114 47 100 49 120 50 88 59 103 73 111 12 96 8 84 13 85 72 101 74 114 18 108 17 98 22 105 15 93 84 86 7 77 9 84 1 78 123 85 86 102 102 95 100 93 6 76 4 96 3 80 5 79 2 93 98 71 107 76 104 76 108 92 110 74 111 80 105 76 114 101 116 95 113 93 112 76 115 84 106 78 103 78
1184 1567349.3348636858 -4239299.6549261659 6759516.426396654 79 145 232 0.12586577915902472 117 118 122 128 125 134 126 125 127 124 63 131 96 115 118 126 121 125 124 102 62 142 92 109 120 107 60 136 93 129 119 116 61 135 94 117 109 103 54 149 87 136 99 111 16 129 19 122 20 131 23 134 25 126 31 126 37 128 38 150 39 122 45 143 48 134 64 119 65 131 66 121 67 122 68 138 75 121 78 119 79 135 80 118 81 129 83 123 85 132 89 114 97 121 101 134 24 113 71 124 82 118 90 131 91 133 21 130 46 124 51 123 52 116 53 145 55 126 56 142 58 145 70 132 27 137 95 125 11 116 29 118 76 134 43 140 57 134 69 117 26 132 77 129 88 129 14 116 28 136 30 110 32 145 33 139 34 138 35 125 36 148 40 116 41 141 42 125 44 124 47 133 49 143 50 125 59 122 73 134 72 122 74 121 13 125 8 118 18 127 17 125 22 136 12 115 15 123 10 118 84 124 7 109 9 121 1 112 123 114 86 129 102 117 100 128 6 117 4 105 3 112 5 117 2 124 98 115 107 96 104 99 108 113 110 85 111 101 105 96 114 111 116 102 113 102 112 105 115 110 106 90 103 97
1448 -580157.23793568218 -4968315.2075566147 1221509.1610573803 161 153 156 2.3239811751752759 122 68 123 79 90 102 117 92 119 67 121 69 124 66 125 87 94 84 126 72 127 76 96 78 118 83 92 75 120 93 78 85 81 98 87 90 91 93 93 91 95 87 99 166 53 184 76 93 80 91 88 95 97 94 89 84 74 79 82 96 11 183 65 169 82 196 70 87 84 80 85 100 8 80 71 111 72 86 73 101 75 90 1 73 101 82 83 94 79 95 10 106 77 81 68 104 120 156 35 189 119 171 118 163 36 214 126 186 9 106 11 87 13 118 12 92 33 85 34 78 37 88 39 87 40 90 46 82 47 82 49 87 51 85 52 74 59 83 60 89 61 84 62 84 85 181 88 166 127 172 28 206 25 65 26 59 27 81 28 70 29 61 30 68 32 80 35 88 36 84 38 88 41 84 42 80 43 80 44 90 45 80 48 82 50 85 53 78 54 84 55 83 56 86 57 78 58 91 63 85 64 76 66 83 67 78 69 80 23 71 14 152 15 179 22 95 19 193 17 226 18 193 24 71 16 212 17 189 24 214 18 213 19 179 21 152 22 197 20 159 86 80 102 85 18 194 31 62 65 78 81 200 86 194 84 190 41 234 64 211 58 190 71 224 77 219 50 225 75 178 67 190 96 171 93 169 74 199 100 87 100 165 81 202 82 207 91 211 92 191 23 175 31 187 32 188 45 212 12 178 89 174 17 192 25 219 48 178 61 172 58 189 63 178 29 212 30 179 16 150 18 186 19 181 24 64 86 195 9 177 53 185 67 182 14 175 22 216 118 162 7 197 21 79 47 178 62 204 79 183 36 197 69 172 37 191 84 192 87 178 80 194 27 186 35 198 43 180 60 181 78 177 90 180 38 202 77 225 101 178 71 223 21 87 6 132 5 52 5 197 114 85 116 84 116 154 113 72 112 87 115 77 115 144
1452 -297243.33642852691 -5905760.4601111654 1435137.5899579562 171 167 167 0.38674937615280092 122 192 123 168 90 165 117 162 119 176 121 150 124 144 125 172 126 171 127 173 118 183 120 155 99 141 74 140 81 144 82 143 87 123 88 162 89 128 91 160 93 140 94 132 11 186 92 133 95 155 96 134 76 159 70 144 72 167 73 122 75 166 77 117 79 162 80 172 83 117 84 118 97 145 101 125 71 141 68 149 7 144 86 138 102 112 100 122 6 109 4 127 1 143 14 174 17 180 19 147 16 156 18 153 20 160 24 224 3 106 5 106 2 151 98 146 114 155 116 155 113 154
1472 -1210.7308839626835 -64802.881097940764 36979.646017105835 0 0 0 0.24970013907105809 122 25 125 33 126 31 124 30
1473 -1210.7308839626835 -64802.881097940764 36979.646017105835 0 0 0 0.24970013907105809 122 26 125 37 126 30 124 37
1502 7718.1789167984125 -44107.538374436335 14479.502051807898 0 0 0 0.22658090866773653 122 3 126 0 125 0 119 19 121 25 117 16 118 23
1503 10127.257622920444 -45445.954404660799 16153.042659318982 0 0 0 0.13471281248020517 122 4 126 2 125 2
2200 125931.46388352542 155174.66811807861 98943.449484642348 3 43 67 0.61215446854163802 27 9 61 8 78 8 81 8 87 8 90 7 91 7 93 7 95 6 96 6 99 8 109 11 46 8 117 12 16 7 20 6 25 8 31 7 37 5 38 8 45 8 48 8 64 8 66 5 67 8 68 8 75 8 79 8 80 8 85 8 89 8 97 11 101 10 119 11 120 13 63 8 32 8 70 9 29 8 60 8 76 8 35 8 36 8 41 8 42 5 43 8 49 8 54 8 55 5 58 8 73 9 74 9 77 8 82 9 84 8 24 7 71 9 34 8 40 8 44 8 53 8 59 8 51 8 62 8 26 8 33 8 28 11 50 8 52 8 56 10 69 8 22 6 118 13 125 13 88 8 94 9 23 8 126 13 127 16 30 9 47 8 39 6 65 6 57 8 124 14 18 7 10 8 15 7 13 8 11 6 17 7 14 7 19 7 21 7 72 6 8 7 12 5 83 8 92 7 7 4 9 6 121 11 1 4 86 8 102 8 100 8 6 4 4 4 3 4 5 4 2 4 98 7 107 7 104 8 108 7 110 11 111 11 105 10 114 13 116 14 113 13 112 12 115 13 106 12 103 7 122 16
2439 0.608008815383839 -11.556643987891484 10.462189704659023 139 135 128 1.0798918033460763 22 8 25 9 26 9 28 6 31 9 36 9 40 9 45 9 51 9 62 9 30 10 27 10 32 10 33 9 34 9 35 10 37 10 38 9 41 10 42 10 43 9 44 10 46 9 48 9 49 9 50 9 52 10 53 10 54 9 55 10 56 6 58 9 59 10 60 9 61 9 63 9 64 9 66 9 67 9 68 9 69 9 71 10 73 10 77 9 79 9 23 9 76 9 75 9 81 9 78 9 94 4 20 8 47 9 39 5 65 8 57 10 91 8 82 5 24 8 87 9 80 9 84 9 85 9 88 9 89 10 90 8 93 9 70 11 96 7 18 8 10 9 15 8 13 9 11 7 17 8 14 8 19 8 21 8 72 8 8 16 12 11 83 9 92 8 16 8 7 10 29 9 1 11 86 9 9 16 6 13 4 10 3 10 5 12 2 10
2519 -0.058711867767443672 0.10792976081127086 -0.015656378286239274 172 172 167 0.84977876483547166 67 114 65 91 33 117 45 98 48 102 51 110 58 111 61 112 62 99 69 104 36 103 63 105 47 110 55 95 30 105 34 99 35 114 37 119 39 106 40 102 52 92 60 115 27 92 28 91 32 102 38 105 41 117 42 112 43 116 46 100 49 98 50 103 53 108 56 113 59 101 23 102 57 96 31 89 25 111 66 86 54 96 64 102 44 110 26 116 21 132 31 192 32 186 53 187 57 200 30 176 51 191 58 187 59 202 63 204 67 219 44 221 49 184 33 180 35 192 64 192 36 162 56 195 61 175 65 173 66 180 29 107 29 205 22 114 24 166 20 144
2548 -133.91682315445186 -257.44715276911495 413.56917034090668 5 41 75 0.22066241134988893 30 50 40 52 45 48 51 54 55 50 58 50 60 51 62 51 63 51 67 44 57 48 47 53 39 55 31 53 36 52 37 52 38 54 41 50 46 50 49 48 50 52 59 50 65 44 66 53 68 51 69 52 64 47 25 49 26 51 27 51 28 53 32 50 33 53 34 48 35 53 42 57 43 51 48 57 52 47 53 48 54 51 56 56 71 48 74 48 23 49 82 53 44 53 77 47 81 53 78 55 80 48 22 40 89 50 73 47 75 48 76 55 61 53 79 46 70 52 84 42 85 52 18 40 10 31 15 34 13 34 11 27 17 41 14 38 19 42 21 35 72 47 8 33 12 32 83 56 16 35 20 42 24 40 87 54 29 48 7 31 9 26 1 38 86 48 6 24 4 23 3 23 5 24 2 44
2554 -0.058711861569770402 0.10792983900093567 -0.015656383701101808 11 54 93 1.133627550672462 20 0 22 0 31 0 36 0 51 0 18 0 23 0 25 0 26 0 27 0 28 0 30 0 32 0 33 0 34 0 35 0 37 0 38 0 39 0 40 0 41 0 42 0 43 0 44 0 45 0 46 0 47 0 48 0 49 0 50 0 52 0 53 0 54 0 55 0 56 0 57 0 58 0 59 0 60 0 61 0 62 0 63 0 64 0 65 0 66 0 67 0 69 0 24 0 68 0 10 0 11 0 17 0 21 0 8 0 12 0 13 0 19 0 15 0 14 0 71 0 70 0 16 0 29 0
2556 0.59648392751830959 -10.902602674929982 9.8536159367146681 143 139 130 1.0782841108905903 20 14 22 16 30 11 31 8 36 10 51 10 18 14 23 7 25 10 26 10 27 11 28 7 32 9 33 10 34 10 35 9 37 9 38 10 39 10 40 10 41 9 42 6 43 10 44 9 45 10 46 10 47 10 48 10 49 10 50 10 52 9 53 9 54 10 55 9 56 5 57 9 58 10 59 9 60 10 61 10 62 10 63 10 64 10 65 7 66 10 67 10 69 10 70 10 71 11 73 6 76 5 84 5 81 5 91 4 24 17 75 5 77 5 78 5 79 5 80 5 82 6 85 5 87 5 88 5 89 5 90 4 93 4 94 6 95 3 96 3 68 10 10 15 15 16 13 17 11 15 17 13 14 16 19 18 21 15 72 9 8 8 12 6 83 5 92 4 16 14 7 9 9 8 29 10 1 8 86 5 6 9 4 9 3 5 5 9 2 9 107 5 116 6
2636 -0.058711862407421683 0.10792982919330577 -0.015656393590456546 155 151 146 0.57292621081823614 17 171 19 158 48 171 46 200 51 164 58 167 62 168 40 156 41 177 56 172 67 161 21 162 25 156 92 147 23 158 33 158 42 216 35 167 39 160 53 177 59 165 63 161 61 154 49 173 30 161 26 170 29 194 66 158 37 169 31 159 50 165 28 223 55 166 24 171 75 155 10 158 13 148 15 165 20 170 100 146 90 176 82 158 89 154 97 158 78 160 76 168 79 165 80 160 73 159 86 153 93 152 104 151 103 157
2691 81821.516953802886 143601.46468847321 146430.37663852371 112 162 249 0.57007450806171911 68 14 77 13 81 13 84 13 85 13 87 14 88 14 91 13 99 14 120 11 117 11 118 14 10 13 16 12 20 11 75 14 78 13 79 13 80 13 89 14 94 13 97 17 101 16 109 9 70 15 73 15 74 15 76 13 82 13 90 13 93 13 95 11 96 12 24 12 71 15 18 12 11 11 29 14 34 14 44 15 33 14 15 12 22 12 14 12 21 11 23 14 28 15 30 15 31 15 39 14 55 14 8 12 13 13 17 12 27 15 46 14 25 14 32 14 35 14 36 14 38 15 42 14 45 14 48 15 51 15 62 14 65 15 26 14 37 14 40 15 43 15 47 15 49 15 53 15 19 11 66 14 60 15 12 10 41 15 50 15 52 14 57 15 58 15 61 15 72 15 54 15 69 14 63 15 92 13 64 15 56 15 59 15 67 15 83 14 7 8 9 12 1 12 86 14 102 13 100 12 6 8 4 8 3 9 5 8 2 11 98 10 104 11 108 10 110 9 111 9 105 8 114 11 116 12 113 12 112 10 115 11 106 10 103 10 107 11
2728 -7.1361961430924863 -56.070569609627768 171.1051841348114 31 132 234 0.85620660894304523 12 17 14 27 39 26 7 18 11 19 21 24 22 21 31 27 36 23 37 29 38 23 40 29 41 21 45 20 47 29 51 28 55 29 13 26 15 25 18 22 19 27 8 22 28 21 23 26 25 22 26 20 30 23 34 22 59 27 10 21 17 23 42 27 49 24 20 25 24 23 27 23 46 23 44 29 54 20 56 29 32 28 33 31 35 20 43 23 48 31 50 25 61 23 64 22 9 19 16 28 91 28 92 21 90 22 93 18 29 28 6 18 1 14 13 29 14 31 17 24 19 28 35 27 37 30 43 22 46 24 89 22 90 29 91 19 93 19 92 20 94 24 21 28 36 22 38 22 39 27 41 23 42 28 86 23 87 20 88 19 15 30 45 19 47 25 40 24 18 23 24 24 22 23 4 20 3 17 5 16 2 22
2729 -10.391987272667192 -64.803630178775393 201.6848176068236 31 132 234 1.0924766654009432 12 18 14 20 22 20 7 21 11 20 18 21 21 21 24 22 28 23 30 22 13 20 15 29 19 21 8 24 72 22 75 21 10 20 17 22 78 19 20 30 80 28 76 20 9 23 16 29 77 23 81 21 79 23 82 26 1 17 6 17 4 14 3 16 5 15 2 19
3125 459.94364596390665 -6983.6434065301864 1719.1989324153833 169 166 162 0.31962085094442666 17 179 19 165 26 158 27 158 30 148 33 148 34 165 35 156 37 163 43 172 46 167 49 168 50 157 51 160 59 154 60 158 64 148 65 157 66 156 67 160 69 150 21 154 31 149 45 154 52 141 62 164 36 183 57 157 63 169 48 160 58 177 61 153 56 155 28 184 53 167 23 168 25 153 38 186 39 151 40 155 41 165 42 154 47 167 54 168 55 158 70 141 71 182 44 168 68 161 92 135 72 175 81 161 83 143 99 139 1 166 78 174 80 148 82 147 29 149 84 163 18 152 75 153 79 155 85 160 91 163 10 171 11 151 20 168 93 147 87 162 90 164 16 170 73 150 76 155 89 169 15 158 94 146 12 134 13 145 14 144 88 160 22 168 24 164 8 148 97 147 77 157 95 135 96 144 101 169 86 137 102 146 100 157 6 190 7 174 4 137 3 148 2 164 98 127 107 126 108 131 103 134
3145 -853965.12035141513 -5645369.9992146743 1773794.9499783067 121 120 117 1.6705083311650157 122 119 123 108 58 96 90 126 117 116 119 109 121 119 124 116 125 125 61 104 94 111 126 119 127 112 63 104 96 156 118 119 92 103 120 99 27 153 81 122 91 125 93 126 95 110 99 170 11 106 45 100 46 108 51 103 54 100 60 91 62 113 64 101 57 98 29 158 33 108 34 103 37 92 38 107 41 115 52 94 53 90 56 90 59 99 80 112 97 118 89 131 82 111 42 95 48 100 49 104 50 105 40 94 43 114 84 110 85 114 1 37 66 96 101 163 79 130 55 113 44 94 68 114 83 119 35 116 69 133 32 142 39 111 36 107 10 99 67 108 75 113 47 92 7 68 8 79 9 57 12 56 13 47 14 50 15 42 17 45 19 43 77 120 16 46 78 47 70 64 76 43 72 70 73 66 21 45 41 66 51 69 56 72 62 73 64 58 69 67 71 67 89 46 45 62 59 59 68 75 75 45 77 46 10 46 43 61 121 45 23 68 27 60 30 72 31 64 32 68 79 39 46 80 61 72 87 45 50 62 18 45 28 64 49 76 24 45 25 68 33 76 48 74 26 62 83 55 90 45 58 70 120 53 29 73 34 70 37 78 44 79 42 64 52 70 54 70 65 61 35 79 36 53 38 69 47 64 53 71 66 60 60 68 63 73 39 73 40 68 55 76 57 75 67 63 118 49 119 48 124 51 125 60 126 57 127 44 122 47 123 53 81 38 22 55 20 45 74 42 82 40 84 29 85 30 80 36 86 42 86 123 102 40 102 115 109 127 31 121 65 93 6 97 4 59 5 65 2 37 114 50 114 107 116 53 116 106 113 57 113 97 112 100 115 105
3185 -683.12927918502294 -939.56435516053784 610.66850738613664 114 114 110 1.2534164415680402 35 217 69 201 102 182 1 165 67 205 73 151 76 163 43 163 32 193 33 164 35 180 67 204 82 167 36 206 29 197 38 189 101 159 42 218 46 158 95 164 89 164 58 201 87 186 39 210 52 165 53 191 9 208 3 165 104 155
3196 15840.958032426146 -122104.37894202454 24175.730012160217 195 191 188 1.8234282001655622 94 131 109 133 78 133 99 168 19 182 25 186 31 207 39 182 45 203 68 196 80 198 87 177 89 202 92 160 101 176 15 118 46 138 61 126 71 139 74 138 76 114 77 115 79 126 80 109 81 119 82 129 87 128 91 124 99 103 46 188 11 126 27 127 90 123 92 123 93 125 95 117 96 106 31 116 63 135 86 121 97 114 101 124 32 138 64 135 70 126 89 127 102 111 29 130 60 127 85 124 26 124 62 133 83 115 88 121 25 137 58 137 21 133 24 120 33 132 38 141 45 135 51 139 8 108 9 133 10 111 12 109 13 117 14 129 16 121 17 143 18 117 19 115 20 118 23 128 30 132 34 130 35 142 36 137 37 142 40 125 41 124 42 142 44 139 47 125 48 127 49 134 50 140 52 111 53 133 57 128 66 113 68 140 72 135 73 121 75 110 15 194 38 200 51 183 39 136 65 121 67 138 43 131 54 139 55 118 84 140 59 113 69 128 36 193 88 165 23 206 24 222 16 218 37 230 69 176 72 182 12 196 29 179 32 182 33 182 34 214 41 199 52 178 55 188 58 216 59 203 63 212 22 203 18 190 96 128 19 184 97 204 13 184 75 205 102 140 39 191 99 169 25 187 41 201 28 143 56 119 22 123 92 162 101 175 31 193 100 121 98 91 98 174 107 111 107 143 104 146 108 103 105 126 103 112 111 141
3197 16825.762217111165 -91509.380848041605 34219.661329041272 144 141 133 0.23428120273662698 78 197 109 148 46 217 71 221 77 221 68 205 75 204 54 216 37 231 26 226 35 229 105 134 104 159
3396 4110651.9834638103 -43612.298348418211 4477917.881566803 54 127 207 0.18035931177300304 27 141 45 134 23 137 48 137 31 129 28 130 89 125 55 129 56 133 64 123 17 129 37 131 11 119 60 139 44 128 20 134 70 114 76 128 86 111 71 129 7 112 9 124 74 124 118 110 121 113 99 113 125 118 119 142 117 123 124 124 126 108 101 139 102 126 109 86 120 117 53 148 83 126 46 127 78 122 94 119 35 128 69 120 85 136 91 132 93 132 95 127 36 152 67 126 84 128 96 117 97 115 62 123 92 111 57 139 123 129 54 127 87 139 10 122 16 132 19 125 25 129 38 154 39 125 61 119 65 134 66 124 68 128 75 124 79 140 80 122 81 133 12 119 29 121 33 123 34 142 41 134 43 144 51 128 52 122 59 125 88 131 90 133 1 116 8 121 42 129 58 149 72 125 73 142 82 122 14 119 22 140 21 123 77 133 30 114 32 149 40 119 47 136 49 147 63 122 18 131 24 133 13 128 26 134 15 127 50 129 100 103 6 120 4 110 3 116 5 121 2 128 98 106 107 100 104 103 108 117 110 88 111 105 105 99 114 124 116 115 113 122 112 103 115 112 106 92 103 102
3397 4110651.9834635979 -43612.298348415883 4477917.8815665711 54 127 207 0.18035931177300385 27 146 45 131 23 145 48 125 31 144 28 153 89 140 55 149 56 153 64 132 17 140 37 154 11 125 60 125 44 151 20 154 70 137 76 150 86 136 71 156 7 128 9 130 74 153 118 128 121 128 99 131 125 137 119 122 117 111 124 105 126 129 101 120 102 103 109 101 120 112 53 129 83 114 46 154 78 147 94 140 35 150 69 142 85 122 91 116 93 122 95 111 36 135 67 148 84 148 96 100 97 142 62 147 92 127 57 127 123 117 54 142 87 133 10 139 16 113 19 141 25 134 38 135 39 134 61 140 65 119 66 145 68 125 75 143 79 123 80 145 81 117 12 104 29 137 33 130 34 128 41 153 43 125 51 151 52 135 59 141 88 118 90 147 1 132 8 138 42 147 58 133 72 146 73 147 82 137 14 139 22 156 21 144 77 111 30 136 32 136 40 138 47 122 49 132 63 149 18 150 24 149 13 110 26 149 15 141 50 149 100 118 6 104 4 123 3 100 5 142 2 113 98 124 107 117 104 123 108 122 110 107 111 112 105 87 114 105 116 125 113 106 112 108 115 99 106 106 103 121
3408 -0.058711861469766133 0.10792987970877162 -0.015656381902040436 243 238 224 2.2206474257649629 23 203 45 180 62 181 32 180 37 196 26 212 31 210 34 181 35 195 36 231 39 168 53 215 33 184 41 204 50 173 25 217 27 217 28 186 29 215 30 174 42 208 43 197 47 205 49 200 52 176 54 190 55 228 58 223 59 177 60 177 61 176 64 173 66 195 69 180 71 203 57 144 40 162 19 145 38 159 21 218 31 135 35 134 39 129 62 127 71 133 14 122 34 118 47 141 56 139 67 131 22 145 23 123 21 127 24 137 29 124 45 119 70 119 28 134 30 116 55 134 36 158 63 128 58 124 40 121 46 132 19 127 33 127 27 125 42 133 53 123 17 135 16 138 18 135 48 143 37 135 49 153 51 132 59 130 41 139 43 148 65 140 50 134 57 118 60 144 64 128 66 129 69 123 52 125 16 219 43 157 50 164 53 160 54 167 56 138 62 156 21 173 26 154 27 124 28 133 29 142 30 143 31 148 32 181 33 150 34 151 35 157 36 186 38 167 39 167 40 150 42 153 45 162 46 131 47 150 55 133 58 185 61 145 63 163 67 130 71 162 92 113 23 122 72 150 19 144 16 144 49 152 51 168 59 147 66 170 70 167 22 144 41 161 65 139 69 145 57 145 64 160 60 156 48 176 37 134 13 132 17 134 100 108 100 154 100 161 24 188 10 126 75 170 70 201 68 179 18 157 18 134 68 144 10 153 13 144 10 180 75 130 15 132 6 145 6 146 12 133 15 175 14 148 15 143 14 178 12 123 8 127 8 155 12 203 20 177 8 166 20 192 81 172 11 122 82 140 85 175 87 152 85 157 78 153 81 138 83 145 84 134 87 154 82 139 90 169 90 139 80 168 85 142 80 127 82 125 84 135 89 121 11 140 76 174 79 157 89 152 95 157 89 191 79 204 78 126 97 135 90 181 84 194 4 113 4 142 4 176 86 180 95 134 76 132 79 144 97 171 73 167 86 151 73 126 86 115 76 185 97 206 73 204 91 155 91 127 88 139 91 143 88 138 94 163 88 135 94 124 94 183 25 174 3 121 3 122 3 187 5 103 5 125 2 103 2 156 103 154
3456 -14.863893628212935 -8.9550175449511844 11.245366177211425 118 122 120 0.42880014961458901 58 144 25 125 54 144 57 143 40 136 55 160 67 171 70 153 53 150 28 168 12 157 62 176 87 157 8 116 90 130 101 133 10 141 15 148 85 121 50 178 13 149 80 173 2 162 116 111
3472 -0.058711888135636388 0.10792980698608146 -0.015656385008993034 0 0 0 0.8014556037328715 73 1 76 2 70 1 71 1 75 2 72 1
3473 -0.058711888135636388 0.10792980698608146 -0.015656385008993034 0 0 0 0.8014556037328715 73 2 76 1 70 2 71 2 75 1 72 2
3575 -0.058711864532080556 0.10792984173295085 -0.015656396594567686 0 0 0 0.010888788117634447 78 0 81 0 83 0 92 0 89 0 87 0 80 0 73 0 79 0 84 0
3665 804.33630828257787 -4462.7778716467828 1256.8237074411129 174 170 167 1.7018360149216489 94 171 100 166 33 176 65 187 82 193 90 197 91 209 95 144 97 201 99 165 102 158 11 181 27 180 61 168 78 175 81 175 87 182 93 171 96 170 31 184 79 185 86 193 29 162 60 173 76 205 85 192 89 155 24 212 54 179 71 185 83 166 16 232 17 188 19 217 25 167 34 182 36 199 37 187 40 173 43 173 44 179 46 179 49 174 53 178 57 192 59 198 64 188 66 177 68 184 70 169 72 179 73 207 75 177 77 188 80 193 84 189 88 168 15 186 45 187 51 178 58 157 21 190 26 189 38 203 7 200 8 188 9 175 10 149 12 183 13 158 14 170 18 184 20 198 23 182 30 181 35 188 41 178 42 183 47 181 48 206 50 166 52 194 69 169 39 179 67 159 55 185 22 196 56 191 32 213 28 171 27 196 33 196 35 203 41 210 51 194 62 208 70 180 7 176 30 185 36 220 37 204 40 188 43 202 47 187 49 213 53 194 54 194 55 196 56 220 59 214 60 188 61 189 67 194 69 189 76 218 77 218 81 178 82 205 86 177 11 192 28 221 58 215 92 171 18 197 84 199 20 197 17 201 100 183 15 203 8 208 13 221 78 183 101 187 19 197 83 173 22 210 96 202 12 187 9 185 97 207 99 198 6 195 4 175 3 176 5 172 5 196 6 175 4 172 98 149 107 142 104 163 108 162 108 170 110 114 110 153 111 146 105 110 105 127 111 116 106 130 103 159 103 135
3689 -6.2376433063897183 -44.660395804774552 135.83386793376098 21 130 231 0.88255558717032367 1 18 13 19 21 19 37 23 68 28 6 19 11 22 45 26 53 24 62 26 66 23 67 26 69 21 70 24 71 27 72 27 81 25 83 25 26 26 31 20 34 26 35 22 36 26 38 28 39 22 44 24 51 21 91 26 14 19 16 21 17 26 18 20 19 23 20 19 22 33 23 25 24 28 25 27 27 28 28 25 29 22 30 28 32 22 41 28 42 21 43 27 46 26 47 28 48 25 49 27 54 28 55 23 56 27 57 28 58 28 59 24 60 28 63 27 64 20 65 24 73 26 10 19 12 22 15 26 33 26 50 21 75 19 76 23 78 25 79 27 80 22 82 20 84 23 89 23 90 27 93 25 95 18 97 20 100 25 94 20 88 25 92 25 85 19 87 28 86 20 61 28 40 28 52 26 8 19 96 17 77 28 7 22 4 19 3 15 9 24 5 17 2 21 107 20 104 19 110 12 111 13 114 22 116 24 113 18 112 24 115 23 106 19 103 16 105 14 108 26
3766 -0.058711866137928316 0.1079298216106726 -0.015656389916521653 142 140 137 1.5848105833781252 13 121 37 183 68 178 35 190 29 202 31 180 32 202 33 170 36 211 38 229 41 226 43 193 45 174 52 188 62 219 69 164 6 173 53 203 66 209 67 217 26 233 34 178 39 188 10 155 40 210 47 203 55 224 28 198 49 192 27 188 30 169 92 183 57 182 63 201 65 163 75 209 59 193 54 176 60 198 42 179 46 174 48 200 50 195 56 227 58 225 61 202 23 208 22 175 31 228 39 174 55 227 45 175 47 204 53 204 59 215 62 198 63 203 26 236 40 190 46 175 48 201 49 172 50 222 60 166 61 203 64 183 65 164 66 214 69 165 35 182 67 218 68 147 33 171 58 158 32 159 54 189 29 203 16 192 41 227 19 172 17 183 30 170 75 210 92 184 14 210 37 184 23 202 18 178 24 207 51 211 15 209 6 211 20 223 85 171 70 173 90 152 100 172 87 173 100 181 82 201 90 191 71 215 78 178 81 171 83 175 44 174 76 200 80 189 84 183 83 174 80 190 11 141 4 183 84 184 79 201 81 173 82 156 89 206 95 143 79 180 73 183 89 205 95 193 72 211 97 192 97 193 12 169 91 179 91 182 86 188 71 220 72 212 52 204 8 185 12 144 50 219 48 152 88 171 94 179 44 175 88 148 3 200 3 205 5 192 5 194 21 106 13 67 22 86 10 73 4 89 114 109 114 161 73 104
3822 -0.058711861719362997 0.10792983766856856 -0.015656391870006014 68 140 234 0.60831725147125648 6 31 4 30 12 16 8 23 3 30 5 20
3895 20.898443871356829 -57.396372372071632 86.421957697167699 22 122 206 1.0813319202524894 1 180 6 208 7 182 11 208 18 215 3 194 14 198 17 213 19 212 20 216 21 203 31 217 84 217 8 169 10 186 13 174 15 215 34 209 35 216 38 218 40 199 41 220 42 214 44 210 49 219 52 164 60 200 62 190 66 200 73 187 80 178 1 156 11 197 26 217 27 211 32 223 83 180 93 190 90 205 24 197 28 188 19 203 55 200 65 199 95 191 56 217 96 196 70 184 2 177 104 153 113 145 115 158
4147 0.56492037650367355 -0.78948031405495367 0.77075301192569057 93 97 92 2.002467885219934 1 105 8 150 33 206 2 122 27 212 32 192 36 205 38 219 42 215 48 186 70 124 11 114 12 163 15 217 6 135 19 213 26 121 30 207 50 138 55 218 59 111 60 201 64 178 68 142 69 200 79 152 83 135 91 137 95 175 97 151 61 161 73 160 84 173 56 219 28 161 56 145 54 204 16 180 26 218 40 161 10 130 20 129 46 123 54 154 70 123 22 158 76 123 49 142 34 137 28 126 97 127 104 154
4220 3412623.5096909134 1140516.3708130503 3452632.3972493596 78 121 183 0.35888664752055649 99 23 107 16 109 13 121 15 123 24 104 21 117 27 119 18 124 26 125 23 118 27 120 17 126 26 108 17 110 15 111 16 105 11 114 18 116 21 113 26 112 20 115 21 106 15 103 12
4222 3415328.5322882668 1145102.6010924033 3458830.1026940513 78 121 183 0.32976957991459954 109 19 121 20 123 20 104 26 117 22 119 23 124 20 125 21 118 20 120 21 108 22 110 20 111 21 105 22 114 25 116 18 113 21 112 15 115 18 106 23
4225 1606124.8433362246 -4072699.8991328063 6815249.6391990995 80 121 172 0.17564384243414202 90 38 98 25 99 36 100 31 107 29 109 29 121 28 123 29 104 30 117 33 119 25 122 27 124 34 125 32 86 37 88 34 94 32 97 38 102 30 118 28 120 28 126 33 127 32 78 32 89 41 95 31 1 29 91 42 101 35 81 37 83 35 85 29 92 35 93 40 96 31 84 30 2 34 3 31 4 29 5 30 6 33 7 27 9 33 108 31 110 23 111 29 105 25 114 34 116 33 113 29 112 33 115 35 106 29 103 20
4230 4273558.4864088371 77927.943789334138 3894294.726962321 2 33 65 0.37510236957116144 107 44 109 41 121 52 123 40 104 43 117 62 119 46 124 48 118 46 120 50 127 25 108 67 110 39 111 56 105 50 114 48 116 46 113 56 112 58 115 51 106 52
4231 -433469.53916120308 -4319275.4162692819 6762425.9537214097 92 135 196 0.53456221822977146 42 62 74 70 90 59 98 50 99 53 100 51 107 49 109 46 121 47 123 46 104 45 58 81 117 56 119 41 122 50 124 54 125 62 12 59 29 75 31 65 37 62 38 63 43 68 51 64 52 65 56 65 59 68 64 66 76 68 80 56 86 62 88 71 94 55 97 58 102 55 118 50 120 55 126 45 46 67 78 57 41 75 73 61 89 63 95 52 1 55 33 64 65 55 82 58 91 70 101 65 10 58 16 70 19 55 20 74 23 78 25 72 39 71 45 63 48 75 61 64 66 76 67 73 68 71 75 57 79 58 81 59 83 68 85 58 87 61 92 56 71 74 93 57 8 57 70 69 72 74 11 50 21 70 40 79 62 63 14 64 26 74 27 80 28 72 30 67 32 58 34 66 35 63 36 61 44 77 47 76 49 67 50 73 53 60 54 66 55 67 57 71 60 69 63 70 69 64 77 56 13 63 17 64 18 70 22 69 24 76 3 54 7 62 15 54 2 49 96 51 84 61 4 44 110 42 111 45 105 40 114 53 116 56 113 59 112 46 115 55 106 47 103 50
4233 3921733.27545647 -69093.936483952522 5248094.6788175525 4 35 65 0.15713826279696491 42 69 74 57 90 71 98 41 99 60 100 59 107 58 109 51 121 51 123 58 104 49 58 64 117 61 119 45 124 57 125 51 25 77 29 70 31 77 33 60 34 62 37 75 38 59 41 79 43 65 51 67 52 56 53 73 56 66 57 61 59 71 64 72 76 71 80 67 86 64 88 67 94 69 97 62 102 48 118 54 120 60 126 48 46 70 78 77 73 59 89 71 95 49 65 72 82 65 91 64 101 58 10 68 16 71 19 74 20 62 23 82 39 60 45 73 48 80 61 60 66 63 67 57 68 68 75 53 79 55 81 69 83 63 85 68 87 69 92 63 71 79 93 56 70 72 72 69 11 67 21 62 40 63 62 58 14 67 26 58 27 75 28 76 30 63 32 62 35 75 36 65 44 68 47 73 49 71 50 66 54 63 55 73 60 62 63 75 69 60 77 57 13 55 17 61 18 66 22 76 24 73 15 73 96 55 84 58 122 54 127 49 108 65 110 46 111 50 105 45 114 58 116 60 113 50 112 47 115 47 106 45 103 47
4235 4070942.9364343495 -73643.355033391199 5447524.0656348644 4 35 65 0.1523846015723897 42 72 74 65 90 63 98 52 99 50 100 55 107 53 109 40 121 57 123 47 104 55 58 77 117 47 119 51 12 64 25 60 29 69 31 70 33 72 34 58 37 61 38 77 41 71 43 72 51 75 52 61 53 70 56 60 57 66 59 64 64 63 76 63 80 60 86 57 88 61 94 51 97 63 102 60 118 45 120 49 46 77 78 69 73 73 89 59 95 56 1 58 65 68 82 57 91 59 101 54 10 64 16 68 19 63 20 68 23 73 39 67 45 68 48 67 61 68 66 72 67 58 68 64 75 65 79 65 81 63 83 58 85 62 87 59 92 52 71 61 93 61 8 62 70 63 72 67 11 59 21 66 40 75 62 69 14 70 26 69 27 68 28 61 30 76 32 74 35 61 36 57 44 67 47 61 49 63 50 71 54 77 55 72 60 75 63 62 69 72 77 67 6 56 13 61 17 70 18 63 22 70 24 67 3 52 7 44 9 64 15 69 2 53 5 59 96 50 84 66 4 48 108 57 110 33 111 53 105 53 114 46 116 54 113 54 112 56 115 52 106 49 103 41
4241 1673590.2504359994 -3717963.0875631338 7303582.2141427798 10 40 72 0.10593921352895037 42 102 74 110 90 88 98 70 99 77 100 92 107 75 109 80 121 78 123 84 104 75 58 115 117 101 119 87 122 82 124 80 125 80 33 93 51 112 76 103 80 104 86 108 88 86 94 98 97 77 102 78 118 92 120 88 126 82 127 67 46 94 78 94 41 92 73 110 89 95 95 99 1 77 65 102 82 76 91 85 101 102 25 115 31 92 37 114 38 116 39 97 45 113 48 105 61 103 64 103 66 103 67 90 68 110 75 81 79 101 81 87 83 86 85 87 87 108 92 87 71 106 93 81 70 100 72 100 21 95 40 110 43 106 62 106 14 106 26 94 27 110 28 105 29 97 30 100 32 112 34 111 35 103 36 119 44 107 47 114 49 119 50 113 52 105 53 85 54 109 55 101 56 103 57 108 59 102 60 111 63 96 69 91 77 85 16 88 17 99 18 107 19 99 20 102 22 104 23 96 24 86 96 73 84 85 3 96 2 97 15 92 108 91 110 73 111 81 105 75 114 99 116 94 113 92 112 74 115 83 106 77 103 77
4243 1676825.1715186129 -3721901.9415254425 7308633.9793450218 10 40 72 0.11506897564631054 42 107 74 96 90 110 98 82 99 93 100 79 107 80 109 63 121 90 123 92 104 79 58 105 117 82 119 77 122 92 124 75 125 94 12 89 25 97 29 102 31 105 33 97 34 89 37 108 38 96 41 105 43 100 51 98 52 84 53 100 56 108 57 89 59 90 64 92 76 90 80 87 86 96 88 98 94 106 97 91 102 89 118 73 120 80 126 86 127 81 46 117 78 101 73 91 89 99 95 78 1 89 65 86 82 87 91 108 101 92 10 93 16 100 19 97 20 114 23 110 39 103 45 90 48 112 61 95 66 92 67 100 68 97 75 98 79 84 81 99 83 102 85 113 87 99 92 77 71 108 93 104 8 81 70 90 72 95 11 96 21 99 40 103 62 96 14 92 26 107 27 102 28 95 30 94 32 95 35 108 36 95 44 109 47 104 49 96 50 98 54 91 55 99 60 101 63 92 69 93 77 108 6 75 13 97 17 113 18 93 22 99 24 107 3 79 7 83 9 99 15 91 2 75 5 94 96 94 84 99 4 78 108 77 110 62 111 72 105 70 114 76 116 75 113 71 112 83 115 68 106 69 103 82
4246 29237.270077206344 -6166878.1929060789 2671289.7137177889 222 211 202 1.2034157156956466 42 82 74 76 90 75 100 66 107 64 123 64 104 95 58 93 117 70 119 62 121 67 122 56 124 63 125 63 89 75 95 65 102 68 1 66 33 77 82 73 91 73 94 77 97 72 101 75 25 90 81 71 87 76 88 183 93 69 8 72 70 75 71 85 75 69 76 83 11 78 31 80 38 82 40 85 43 86 45 76 48 95 51 83 62 76 14 77 26 79 27 85 28 85 32 81 34 79 35 83 36 80 37 82 39 84 44 81 47 78 49 83 52 72 53 84 54 81 55 80 56 80 60 80 61 146 63 80 64 81 67 85 68 76 69 75 77 163 79 71 92 65 126 66 18 78 23 93 17 87 12 70 16 78 86 72 10 76 5 69 24 85 22 87 83 72 96 63 3 68 7 71 9 69 13 70 15 76 19 82 20 88 85 73 2 66 59 189 72 207 81 165 83 140 97 183 121 158 84 180 41 171 4 68 6 65 127 60 118 59 120 71 31 174 32 224 35 160 38 195 43 188 45 160 51 187 56 224 67 209 79 175 118 144 125 140 34 163 96 200 100 153 77 162 87 149 120 160 16 228 25 216 37 222 54 217 60 205 65 196 70 204 78 208 63 158 30 194 33 214 48 157 52 173 117 180 26 163 14 206 108 69 108 143 110 141 105 121 114 68 116 108 103 58 103 168
4259 3726132.2019006573 190660.79324701169 5469205.8420902779 4 26 59 0.16912471261854259 42 149 74 179 90 171 98 142 107 137 109 114 123 136 104 136 58 154 117 143 122 179 124 133 125 158 78 168 94 153 41 156 73 152 89 145 95 159 102 135 38 170 71 166 87 148 1 146 25 158 81 149 82 149 88 141 91 152 93 144 8 154 70 165 72 153 75 168 11 135 21 157 31 171 33 168 40 165 45 151 48 165 62 154 14 140 26 152 27 165 28 157 29 176 30 141 32 153 34 154 35 154 37 158 39 156 44 161 47 151 49 180 50 159 53 158 55 176 56 167 59 159 61 141 63 154 64 167 66 166 67 176 68 172 69 143 77 164 79 159 92 154 126 140 17 162 12 160 23 166 80 170 2 147 18 168 83 148 96 157 6 142 13 154 19 168 20 167 24 184 3 141 7 135 9 143 10 147 15 153 84 151 97 148 101 142 4 159 127 143 108 126 110 109 111 143 114 140 116 137 115 128 106 117 103 153
4261 3726132.2019005255 190660.79324700497 5469205.8420900842 4 26 59 0.16912471261854176 42 161 74 174 90 160 98 139 107 132 109 113 123 148 104 139 58 175 117 156 122 168 124 142 125 164 78 165 94 155 41 186 73 165 89 161 95 152 102 162 38 185 71 174 87 169 1 138 25 172 81 159 82 157 88 144 91 174 93 155 8 144 70 162 72 166 75 164 11 165 21 169 31 165 33 157 40 160 45 164 48 156 62 173 14 153 26 179 27 161 28 178 29 167 30 166 32 174 34 173 35 166 37 173 39 165 44 166 47 166 49 158 50 170 53 175 55 174 56 178 59 171 61 159 63 167 64 165 66 164 67 167 68 169 69 158 77 166 79 170 92 151 126 156 17 176 12 155 23 164 80 166 2 157 18 162 83 163 96 147 6 151 13 152 19 163 20 176 24 167 3 159 7 161 9 159 10 167 15 174 84 165 97 165 101 167 4 145 127 154 108 138 110 125 111 137 114 145 116 140 115 137 106 121 103 164
4353 20.976190439230994 -26.051655442649011 22.932383068584986 60 53 44 0.61673519280162725 43 184 107 161 110 123 41 189 44 157 91 162 16 157 93 183 77 212 112 134 113 144
4384 -17613.346935951653 -34342.207722298066 2058.2301125258746 0 0 0 0.40361686391963847 121 24 125 68
4404 1992606.2947530719 1171763.8186817062 3461133.9618021613 87 127 185 0.43495728703705921 43 18 76 11 93 11 99 11 102 10 104 10 107 8 110 8 109 8 121 6 123 7 117 9 119 7 122 11 124 8 125 9 118 10 120 9 126 10 127 11 111 8 63 16 96 10 62 16 92 11 53 17 83 12 55 17 86 12 60 17 57 17 91 11 61 18 94 11 56 18 89 12 54 16 87 12 98 8 58 18 90 11 12 12 25 17 29 18 31 16 33 15 34 18 37 17 38 17 41 18 51 16 52 16 59 18 64 18 80 11 88 12 97 13 100 10 108 8 46 16 78 11 3 11 11 13 16 17 20 16 39 19 47 18 48 18 71 16 73 17 79 11 101 12 95 9 42 19 74 19 35 16 69 16 85 11 10 14 19 16 23 19 45 18 65 18 66 18 67 17 68 15 75 18 81 11 1 10 70 16 77 11 21 14 40 18 44 19 50 19 32 16 49 16 13 18 26 16 30 17 36 16 6 10 14 13 17 15 18 16 22 14 24 13 27 17 28 19 72 19 7 11 82 11 2 13 4 11 5 13 9 15 84 11 8 14 15 14 105 7 114 9 116 10 113 10 112 9 115 10 106 9 103 8
4450 776.85426717619941 -4349.3664975704933 1235.6810376003373 174 170 167 1.8587890276297629 40 175 91 205 110 147 111 136 94 207 100 190 33 194 82 202 90 201 91 191 95 147 97 179 99 173 102 144 11 190 27 194 61 187 78 207 81 176 87 204 93 179 96 176 31 198 79 187 86 175 29 157 60 186 76 209 85 183 89 166 24 226 54 192 83 172 16 203 17 199 19 206 25 161 34 195 36 218 37 203 40 187 43 167 44 196 46 190 49 170 53 174 57 187 59 220 64 200 66 185 68 190 70 178 72 186 73 191 75 182 77 209 84 197 88 191 15 201 45 189 51 192 58 182 21 187 26 234 38 206 8 186 9 184 10 160 12 185 13 147 14 187 18 222 20 195 23 198 30 183 35 201 41 162 42 196 47 185 48 212 50 155 52 191 69 188 39 193 67 162 55 194 22 236 56 201 28 159 98 153 107 149 104 167 108 148 105 131 99 161 101 191 108 158 43 195 76 201 93 174 11 178 47 171 59 194 61 205 73 203 97 197 98 170 100 173 21 212 27 176 30 171 31 218 35 200 36 217 37 193 38 217 39 183 41 232 49 195 54 187 55 225 58 224 60 168 63 208 70 198 72 213 77 184 78 202 79 195 81 188 82 188 83 169 84 185 85 197 86 170 87 174 89 208 90 193 92 161 94 206 95 141 96 166 45 176 51 213 62 200 25 182 28 201 29 206 32 206 33 173 48 180 50 181 53 205 56 228 65 148 67 177 18 179 12 171 22 191 20 188 17 184 19 173 15 183 13 186 7 190 9 174 5 191 6 181 8 209 103 142 103 178 68 173 16 195 66 210 69 166 80 207 102 185
4455 -54.966075703857314 36.61928071562825 44.840817871946747 111 116 107 0.42844931763255184 40 4 75 4 91 3 104 4 110 5 111 4 43 4 76 4 93 3 107 1 11 3 12 2 16 4 20 4 25 4 39 4 47 4 48 4 57 4 59 4 61 4 71 5 73 5 78 4 79 4 92 3 97 4 100 5 42 4 90 3 1 2 21 4 27 4 30 4 31 4 35 4 36 4 37 4 38 4 41 4 49 4 54 4 55 4 58 4 60 4 63 4 70 5 72 4 77 4 80 4 81 4 82 4 83 4 84 4 85 4 86 4 87 4 88 4 89 4 94 3 95 2 96 2 67 3 44 4 45 4 51 4 62 4 14 4 26 4 28 3 29 4 32 4 33 4 34 4 46 4 50 4 52 4 53 3 56 4 64 4 65 3 66 4 68 4 69 4 18 4 23 4 13 4 3 2 24 4 22 4 17 4 19 4 5 1 6 2 4 2 15 4 2 2 8 4 10 4 113 7 112 6 115 7 106 6 105 3 108 1
4483 9.3659713734456407 -11.047658001697403 10.113312376186276 59 55 43 0.018158229189846734 110 128 105 139 108 123
4492 90016.487890597535 -226908.05495632102 118336.12236146381 107 82 71 0.96964146791576233 120 130 114 135 116 143
4515 829206.86583320878 -4702973.4737922512 6904421.1177738663 12 48 76 0.098527246330533849 82 78 100 94 114 102 116 96 117 103 121 92 123 98 113 94 90 112 119 89 122 94 124 97 125 100 76 106 80 106 86 100 88 100 94 108 97 79 98 72 99 79 102 80 118 94 120 86 126 88 127 97 87 101 84 87 101 98 85 102 91 100 95 90 74 87 78 96 81 101 72 102 73 112 75 82 77 87 79 107 83 104 89 102 92 91 93 97 96 89 112 85 115 85 106 79
4518 4200592.1982344687 -45866.251998843683 4579321.6941660512 71 122 184 0.21907503602622339 114 125 116 126 117 112 121 114 123 102 113 123 119 143 29 138 31 145 38 136 41 142 43 127 53 128 76 151 88 119 97 143 107 108 108 102 111 113 118 111 120 118 45 146 89 141 96 102 28 154 60 126 69 126 74 154 77 112 46 155 22 157 47 123 63 150 67 149 19 130 16 114 112 97 115 100
4545 -719048.32978461147 2870663.2265689615 10185533.98331134 74 122 174 0.39221986047729929 49 19 81 14 97 18 99 10 112 8 113 9 116 9 120 8 121 5 115 9 12 7 25 16 29 17 31 19 33 18 34 17 37 16 38 16 41 19 43 17 51 19 52 15 53 18 56 17 57 16 59 19 64 19 76 16 80 14 86 18 88 16 90 17 94 16 100 13 102 9 114 8 117 8 118 9 119 6 122 10 124 7 125 8 126 9 127 10 83 18 84 14 101 14 48 19 82 17 50 18 95 15 10 18 16 16 19 15 20 15 23 16 39 18 45 17 61 16 65 19 66 19 67 16 68 18 75 17 78 14 79 14 85 16 87 15 89 18 92 14 91 16 96 15 11 14 17 14 36 15 40 19 44 18 46 15 54 19 60 16 63 19 70 19 71 19 72 17 73 16 74 16 77 14 93 16 21 17 47 16 62 15 14 18 26 18 27 16 28 16 30 16 32 15 35 15 42 17 55 16 58 19 69 15 13 16 18 15 22 15 24 18 8 15 15 15 6 5 7 5 8 9 9 9 11 8 13 10 19 9 28 12 45 11 72 12 51 12 59 12 66 12 68 11 70 12 73 12 74 12 75 11 77 10 81 10 88 11 91 10 16 9 21 9 23 12 25 11 26 11 27 12 29 11 30 12 31 12 32 11 33 11 34 11 35 11 36 11 37 12 38 12 39 12 40 12 41 12 42 12 43 12 44 12 46 11 47 12 48 12 49 12 50 12 52 11 53 12 54 12 55 12 56 12 57 12 58 12 60 12 61 12 62 11 63 12 64 12 65 12 67 12 69 11 76 10 80 10 86 11 99 13 22 9 14 9 17 9 18 9 10 10 15 9 3 6 20 9 79 10 94 10 4 5 5 5 2 5 24 9 71 12 78 10 87 11 90 10 92 10 93 10 95 8 96 9 100 9 84 10 85 10 82 10 83 11 89 11 97 12 101 11 102 14 1 13 123 6 108 16 103 15
4571 192111.84541984848 77123.573303726604 96536.492679689414 153 137 121 1.1810736316123738 105 0 108 0 110 0 111 0 115 0 99 0 120 0 106 0 109 0 114 0 116 0 98 0 104 0 107 0 112 0 113 0 103 0 127 2
4581 -33.045595398215852 24.239845370774773 80.289059084630907 41 112 176 0.31344497377733854 39 23 70 25 110 14 11 23 16 23 20 21 25 29 43 29 47 30 48 23 57 26 59 25 61 30 71 29 73 28 103 11 104 20 106 16 107 17 111 15 112 19 115 25 23 27 27 26 30 30 31 23 32 26 33 28 34 24 35 19 36 28 37 20 38 30 40 30 42 23 44 26 45 28 46 21 49 29 51 24 52 25 53 21 54 25 55 24 56 24 60 20 62 20 63 29 65 20 66 25 67 25 68 30 69 30 72 28 82 22 91 22 21 25 22 26 41 30 50 27 14 22 18 28 24 29 28 27 13 23 17 28 19 24 26 28 29 24 58 30 64 28 83 21 87 30 88 27 89 26 90 23 93 22 15 27 93 20 89 21 90 20 10 23 87 23 88 29 91 32 83 27 105 12 108 18
4662 23392.068976709794 59431.754374766388 49414.451923033404 0 0 0 0.37132883876869538 109 124 110 136
