# Frame list with one line of data per frame:
#   FRAME_ID, RIG_ID, RIG_FROM_WORLD[QW, QX, QY, QZ, TX, TY, TZ], NUM_DATA_IDS, DATA_IDS[] as (SENSOR_TYPE, SENSOR_ID, DATA_ID)
# Number of frames: 15
45 1 0.96038119910965514 0.24382966601876366 0.095892797815271755 0.094971667843828517 4.3344255787322297 1.7616447955925782 2.1787711215711179 1 CAMERA 1 45
46 1 0.96098210222007618 0.24377508594663666 0.089011767058718841 0.095728846276749213 4.715945720084564 1.7797690950654346 2.1134110366051591 1 CAMERA 1 46
47 1 0.96069614095511247 0.24157742723279776 0.10161048915710416 0.091534583075420839 4.0068621699103417 1.5743609707382333 1.9030772551722048 1 CAMERA 1 47
49 1 0.95968393203410929 0.24119711630350493 0.11331474431045632 0.089389431166556885 3.3243686607258409 1.5035615329365246 1.5089303645540744 1 CAMERA 1 49
54 1 0.94950857476088579 0.23123050003119525 0.20149543504383421 0.06607202106316204 -1.7924621994762828 0.5229866934419074 0.52246573829121812 1 CAMERA 1 54
55 1 0.95173544136068644 0.22983383580662231 0.19155861316750741 0.068420430411795616 -1.1766662736108451 0.47008926552850577 0.40151621837055201 1 CAMERA 1 55
60 1 0.95687018687240732 0.22283896223501065 0.17209443174666378 0.071594335995110711 0.1079251014898182 0.11757651552561325 0.40124136997145093 1 CAMERA 1 60
61 1 0.95685911677424917 0.21669944636662958 0.18057458903423412 0.069676383269495129 -0.31957252666015112 -0.25080583393306116 0.22132523246965327 1 CAMERA 1 61
62 1 0.95999941543202383 0.21621602306495113 0.16169778893433781 0.074199587558795063 0.78762967497872027 -0.19595116465818638 0.40703857024713208 1 CAMERA 1 62
63 1 0.95944288986155701 0.20914717587924028 0.17504072803214607 0.071327017642817389 0.10083960031277352 -0.63499407495548743 0.13741028605394479 1 CAMERA 1 63
64 1 0.95461633684545666 0.21269436592779292 0.19783316785676516 0.065808767091421486 -1.1906276954257713 -0.53748283459957502 -0.26807763506705895 1 CAMERA 1 64
67 1 0.95700954646891867 0.19754369187278556 0.20185369801048961 0.06606286678698392 -1.1638389798691331 -1.3598964685038892 -0.73327477154013576 1 CAMERA 1 67
68 1 0.94180306957503246 0.19195079967210588 0.27112917620219856 0.051486293867425245 -5.0652851233934895 -1.9042871259773151 -1.4327252852763024 1 CAMERA 1 68
71 1 0.94645913592493669 0.19661996369231899 0.24990290029593265 0.055715656018166963 -3.8690383716775476 -1.5725650355962837 -1.331827937011766 1 CAMERA 1 71
78 1 0.94609371750712001 0.18669921175844595 0.25882065615075733 0.055334889283564455 -4.3055209476507752 -2.1364491899382774 -1.3879348400779306 1 CAMERA 1 78
