# Image list with two lines of data per image:
#   IMAGE_ID, QW, QX, QY, QZ, TX, TY, TZ, CAMERA_ID, NAME
#   POINTS2D[] as (X, Y, POINT3D_ID)
# Number of images: 15, mean observations per image: 60.266666666666666
45 0.96038119910965514 0.24382966601876366 0.095892797815271755 0.094971667843828517 4.3344255787322297 1.7616447955925782 2.1787711215711179 1 0044.png
57.544525146484375 73.133613586425781 -1 57.544525146484375 73.133613586425781 -1 72.512863159179688 137.74223327636719 -1 72.512863159179688 137.74223327636719 -1 164.54486083984375 90.442031860351562 150 164.54486083984375 90.442031860351562 149 29.344661712646484 98.885757446289062 38 41.283706665039062 135.97677612304688 5 55.982334136962891 213.66131591796875 -1 39.008243560791016 110.43624114990234 4 41.322513580322266 122.78567504882812 12 38.704792022705078 97.941375732421875 8 177.1759033203125 125.49810791015625 151 38.704792022705078 97.941375732421875 6 183.92764282226562 121.36734771728516 181 177.63029479980469 106.11211395263672 118 44.257041931152344 104.63900756835938 167 177.63029479980469 106.11211395263672 117 13.574621200561523 103.92002868652344 155 44.257041931152344 104.63900756835938 130 19.577009201049805 169.58125305175781 106 48.361717224121094 127.25742340087891 34 19.033014297485352 99.188491821289062 59 184.53944396972656 124.10238647460938 137 54.018077850341797 137.57173156738281 -1 35.619491577148438 154.5538330078125 182 212.07527160644531 159.09489440917969 -1 230.58352661132812 199.19010925292969 44 19.033014297485352 99.188491821289062 70 225.38127136230469 191.25666809082031 -1 24.658594131469727 130.08978271484375 -1 58.055122375488281 133.67579650878906 13 19.608171463012695 173.90081787109375 143 233.61747741699219 187.89801025390625 -1 240.07655334472656 196.44210815429688 162 234.39137268066406 203.67562866210938 172 238.8973388671875 209.70455932617188 187 245.97616577148438 213.83760070800781 183 22.133363723754883 89.997413635253906 43 22.133363723754883 89.997413635253906 80 243.37632751464844 210.18876647949219 187 36.164649963378906 112.18318939208984 24 25.02977180480957 133.1571044921875 122 51.570774078369141 125.99440765380859 -1 203.58050537109375 160.64508056640625 175 201.12872314453125 157.49369812011719 154 200.50224304199219 152.82215881347656 -1 197.85447692871094 149.23001098632812 145 44.986671447753906 145.50825500488281 -1 54.862472534179688 133.16046142578125 -1 27.40673828125 131.31814575195312 49 40.363853454589844 115.02582550048828 146 180.92732238769531 114.83176422119141 -1 70.906547546386719 121.71945190429688 184 65.011474609375 123.55357360839844 160 67.658180236816406 124.71714019775391 -1 219.28759765625 178.17091369628906 -1 242.53009033203125 200.24491882324219 162 240.42825317382812 206.41845703125 135 241.81239318847656 203.74671936035156 140 237.07623291015625 201.58705139160156 134 240.05245971679688 200.99128723144531 140 236.63287353515625 196.71177673339844 176 227.93258666992188 193.63807678222656 133 228.46194458007812 190.61224365234375 178 229.64793395996094 187.64143371582031 -1 226.47993469238281 187.37904357910156 -1 223.34877014160156 183.59208679199219 110 206.93328857421875 161.49925231933594 177 214.43296813964844 164.01298522949219 164 207.21177673339844 165.75900268554688 97 210.07145690917969 165.79768371582031 91 214.13882446289062 171.36518859863281 114 218.09097290039062 172.55581665039062 96 221.00433349609375 172.54258728027344 125 225.15644836425781 178.10447692871094 89 216.38552856445312 178.32151794433594 -1 222.33334350585938 178.22317504882812 179 224.70114135742188 181.15492248535156 185 
46 0.96098210222007618 0.24377508594663666 0.089011767058718841 0.095728846276749213 4.715945720084564 1.7797690950654346 2.1134110366051591 1 0045.png
62.303131103515625 96.638084411621094 168 70.951812744140625 137.36766052246094 -1 62.303131103515625 96.638084411621094 116 70.951812744140625 137.36766052246094 -1 162.71920776367188 89.231941223144531 149 162.71920776367188 89.231941223144531 150 29.238433837890625 99.324966430664062 38 41.874382019042969 136.47938537597656 5 163.34619140625 116.13865661621094 -1 163.34619140625 116.13865661621094 -1 38.595699310302734 111.08482360839844 4 38.168914794921875 98.476638793945312 8 177.69332885742188 124.79694366455078 151 38.168914794921875 98.476638793945312 6 43.727390289306641 105.25645446777344 167 43.727390289306641 105.25645446777344 130 184.60977172851562 120.9586181640625 181 61.246833801269531 201.33357238769531 170 19.148248672485352 169.50334167480469 106 241.5338134765625 212.61546325683594 187 212.97462463378906 158.78314208984375 -1 18.010080337524414 101.06155395507812 59 35.596309661865234 112.89216613769531 24 23.520975112915039 133.98966979980469 10 34.928192138671875 154.62313842773438 182 230.55805969238281 197.49394226074219 44 234.36647033691406 202.11874389648438 172 35.596309661865234 112.89216613769531 180 18.010080337524414 101.06155395507812 70 44.525867462158203 145.40544128417969 -1 240.14773559570312 204.09483337402344 135 23.613277435302734 160.78250122070312 -1 21.387397766113281 90.491348266601562 43 15.311854362487793 125.37037658691406 -1 218.92387390136719 180.98808288574219 -1 231.6466064453125 192.26612854003906 161 228.07612609863281 192.41659545898438 133 40.92864990234375 97.592605590820312 121 15.311854362487793 125.37037658691406 -1 21.387397766113281 90.491348266601562 80 243.49559020996094 208.39401245117188 187 40.92864990234375 97.592605590820312 120 236.90745544433594 205.35386657714844 -1 66.983589172363281 124.87492370605469 -1 64.486862182617188 123.24555969238281 160 60.174831390380859 130.92567443847656 23 46.461345672607422 131.57301330566406 158 26.639606475830078 133.26158142089844 49 54.136447906494141 133.39727783203125 13 24.229091644287109 135.22041320800781 122 57.450183868408203 137.1163330078125 -1 46.850387573242188 139.79879760742188 127 219.07870483398438 171.54618835449219 96 70.287803649902344 121.91689300537109 184 33.832500457763672 109.10855865478516 -1 14.663357734680176 107.54460906982422 20 14.663357734680176 107.54460906982422 155 70.287803649902344 121.91689300537109 173 24.229091644287109 135.22041320800781 144 228.26597595214844 183.56425476074219 147 242.86190795898438 211.79542541503906 187 237.07656860351562 199.84957885742188 134 242.69906616210938 198.12339782714844 162 236.64402770996094 194.99752807617188 176 233.56837463378906 195.17684936523438 -1 229.17539978027344 189.29563903808594 178 232.02597045898438 188.38648986816406 178 227.12440490722656 186.08491516113281 -1 224.34046936035156 182.63136291503906 110 225.45840454101562 179.89373779296875 185 222.91424560546875 176.99125671386719 179 216.45144653320312 176.08317565917969 -1 215.138427734375 170.36622619628906 114 207.49760437011719 160.24810791015625 177 198.08213806152344 147.72259521484375 145 208.02578735351562 154.00218200683594 123 201.46340942382812 156.0286865234375 154 203.82162475585938 159.11285400390625 175 211.066162109375 164.78912353515625 91 210.16596984863281 167.59358215332031 97 47.882469177246094 129.39114379882812 34 
47 0.96069614095511247 0.24157742723279776 0.10161048915710416 0.091534583075420839 4.0068621699103417 1.5743609707382333 1.9030772551722048 1 0046.png
69.228736877441406 137.16017150878906 -1 60.751789093017578 95.89739990234375 168 60.751789093017578 95.89739990234375 116 69.228736877441406 137.16017150878906 -1 162.11827087402344 88.801116943359375 149 162.11827087402344 88.801116943359375 150 57.660816192626953 216.97956848144531 -1 28.576198577880859 99.278358459472656 38 204.3502197265625 139.64146423339844 -1 41.597606658935547 136.59852600097656 5 162.19874572753906 116.70835113525391 -1 38.215290069580078 111.17327117919922 4 162.19874572753906 116.70835113525391 -1 63.117408752441406 202.52705383300781 170 37.680923461914062 98.547698974609375 8 178.01930236816406 124.01177978515625 151 40.508682250976562 123.22268676757812 12 37.680923461914062 98.547698974609375 6 178.40400695800781 107.3646240234375 117 12.578805923461914 104.94379425048828 155 178.40400695800781 107.3646240234375 118 184.71804809570312 119.4853515625 181 19.036577224731445 168.86050415039062 106 197.2227783203125 151.09391784667969 -1 185.5107421875 122.71045684814453 137 35.116806030273438 112.90639495849609 24 15.020103454589844 126.44564819335938 -1 23.512931823730469 133.97943115234375 10 231.12661743164062 196.49856567382812 44 234.69914245605469 201.08734130859375 172 239.55879211425781 207.42527770996094 187 35.116806030273438 112.90639495849609 180 15.020103454589844 126.44564819335938 -1 212.95883178710938 157.80006408691406 -1 219.23583984375 180.011474609375 -1 21.117677688598633 90.48419189453125 43 226.09426879882812 188.76541137695312 -1 238.03231811523438 199.3367919921875 134 61.077495574951172 200.16244506835938 -1 240.06571960449219 202.34881591796875 135 243.67143249511719 206.86373901367188 187 21.117677688598633 90.48419189453125 80 36.555061340332031 148.34780883789062 42 40.447772979736328 97.586654663085938 120 40.447772979736328 97.586654663085938 121 19.10435676574707 173.10469055175781 143 201.17529296875 150.74104309082031 -1 24.22917366027832 135.22050476074219 122 198.53364562988281 147.20176696777344 145 46.117408752441406 139.792236328125 127 56.946269989013672 137.09117126464844 -1 54.315914154052734 135.73028564453125 13 208.41334533691406 153.37582397460938 123 26.63935661315918 133.26190185546875 49 66.528305053710938 124.60003662109375 -1 63.957233428955078 123.43321990966797 160 69.83154296875 121.61491394042969 184 69.83154296875 121.61491394042969 173 233.69049072265625 193.48304748535156 -1 242.05410766601562 200.02665710449219 140 239.88258361816406 196.97494506835938 163 242.83706665039062 196.6641845703125 162 237.28952026367188 194.12640380859375 176 239.93528747558594 193.64494323730469 -1 204.31472778320312 158.64616394042969 175 228.55911254882812 191.18722534179688 133 234.51499938964844 190.39923095703125 -1 231.47547912597656 190.50053405761719 161 229.18281555175781 188.05735778808594 178 228.31707763671875 182.35940551757812 147 224.49751281738281 181.49107360839844 110 223.08409118652344 175.94940185546875 179 201.91194152832031 155.5401611328125 154 24.303371429443359 159.55911254882812 -1 211.06341552734375 163.78422546386719 91 210.16607666015625 166.59356689453125 97 215.13880920410156 169.36540222167969 114 219.08903503417969 170.55335998535156 96 222.11863708496094 170.70079040527344 125 243.07279968261719 210.51689147949219 187 224.57017517089844 173.47923278808594 89 216.85200500488281 175.58140563964844 -1 43.869560241699219 119.65651702880859 -1 59.686752319335938 130.67172241210938 23 43.869560241699219 119.65651702880859 -1 
49 0.95968393203410929 0.24119711630350493 0.11331474431045632 0.089389431166556885 3.3243686607258409 1.5035615329365246 1.5089303645540744 1 0048.png
58.136852264404297 94.402725219726562 168 65.651077270507812 137.19024658203125 -1 58.136852264404297 94.402725219726562 116 162.08323669433594 88.444488525390625 149 162.08323669433594 88.444488525390625 150 57.671855926513672 219.07235717773438 -1 27.291776657104492 98.06756591796875 38 37.960834503173828 134.21903991699219 5 36.560897827148438 110.33358001708984 4 36.664398193359375 97.459228515625 6 39.20526123046875 122.53002166748047 12 178.45208740234375 125.02804565429688 151 36.664398193359375 97.459228515625 8 179.01448059082031 106.32388305664062 118 61.663375854492188 203.04098510742188 170 179.01448059082031 106.32388305664062 117 227.27682495117188 193.97616577148438 -1 185.41098022460938 121.38809967041016 181 16.469402313232422 167.666015625 106 16.282253265380859 161.56617736816406 -1 33.705245971679688 111.93111419677734 24 67.365364074707031 122.40885925292969 184 13.020098686218262 125.44567108154297 -1 16.058822631835938 99.376167297363281 59 21.512954711914062 132.97946166992188 10 32.830093383789062 152.82240295410156 182 231.20164489746094 198.23088073730469 44 234.77706909179688 202.83941650390625 172 239.30262756347656 208.96859741210938 187 13.020098686218262 125.44567108154297 -1 67.365364074707031 122.40885925292969 173 33.705245971679688 111.93111419677734 180 16.058822631835938 99.376167297363281 70 225.96630859375 176.36167907714844 89 239.90260314941406 194.21662902832031 -1 60.182762145996094 201.89421081542969 -1 239.88388061523438 203.873291015625 135 243.396728515625 208.35552978515625 187 35.375762939453125 105.74064636230469 16 19.166257858276367 89.092849731445312 43 19.166257858276367 89.092849731445312 80 43.972827911376953 138.99147033691406 127 47.915420532226562 138.718017578125 127 52.997539520263672 134.568115234375 13 204.31192016601562 159.65757751464844 175 198.54193115234375 148.21112060546875 145 201.17520141601562 151.74085998535156 -1 208.44020080566406 154.38645935058594 123 201.91203308105469 156.55708312988281 154 21.868576049804688 158.42625427246094 -1 22.22917366027832 134.22050476074219 122 24.639392852783203 132.2618408203125 49 67.099174499511719 126.00323486328125 -1 182.1201171875 115.06403350830078 -1 67.099174499511719 126.00323486328125 -1 15.010672569274902 90.807479858398438 -1 229.17640686035156 189.54063415527344 178 231.48228454589844 192.00900268554688 161 234.54551696777344 191.97561645507812 -1 228.59658813476562 192.74827575683594 133 237.30215454101562 195.88909912109375 176 242.52986145019531 198.0919189453125 162 239.70849609375 198.54548645019531 163 63.972705841064453 198.95353698730469 -1 238.00575256347656 201.04698181152344 134 241.78742980957031 201.51802062988281 140 242.87309265136719 212.04049682617188 187 224.19566345214844 182.63027954101562 110 218.82003784179688 171.54241943359375 96 215.24971008300781 163.01127624511719 164 207.96066284179688 164.77352905273438 97 210.80194091796875 164.81443786621094 91 209.99363708496094 167.60847473144531 97 214.86447143554688 170.35556030273438 114 16.852907180786133 171.41366577148438 143 225.45106506347656 180.18168640136719 185 220.01124572753906 177.09152221679688 -1 223.04090881347656 177.12986755371094 179 55.736705780029297 135.54730224609375 -1 17.225530624389648 87.294151306152344 -1 207.70065307617188 160.50564575195312 177 17.225530624389648 87.294151306152344 -1 58.219673156738281 129.41990661621094 23 
54 0.94950857476088579 0.23123050003119525 0.20149543504383421 0.06607202106316204 -1.7924621994762828 0.5229866934419074 0.52246573829121812 1 0053.png
13.675766944885254 190.96311950683594 166 162.64375305175781 139.90289306640625 -1 161.98420715332031 85.650772094726562 150 51.565467834472656 92.327423095703125 116 56.523105621337891 138.74859619140625 1 51.565467834472656 92.327423095703125 129 161.98420715332031 85.650772094726562 149 22.814109802246094 94.86309814453125 38 22.814109802246094 94.86309814453125 39 34.888755798339844 129.89041137695312 5 60.410991668701172 194.40589904785156 -1 60.410991668701172 194.40589904785156 -1 32.851295471191406 107.08684539794922 4 33.941867828369141 94.665618896484375 6 179.02629089355469 126.06649780273438 151 33.941867828369141 94.665618896484375 8 185.70161437988281 121.41188812255859 7 50.42254638671875 124.19739532470703 9 28.164310455322266 148.62641906738281 42 37.842720031738281 102.29627227783203 130 16.528501510620117 131.26823425292969 10 37.842720031738281 102.29627227783203 167 36.465591430664062 141.80003356933594 132 42.286121368408203 132.27407836914062 -1 42.9793701171875 126.43084716796875 34 30.086334228515625 108.96581268310547 24 223.79269409179688 189.83624267578125 133 42.9793701171875 126.43084716796875 71 205.46499633789062 163.66996765136719 97 227.14404296875 194.38075256347656 44 233.97686767578125 198.09843444824219 134 235.55850219726562 200.56698608398438 135 239.05067443847656 204.97116088867188 -1 242.832763671875 210.70004272460938 -1 245.345947265625 214.17915344238281 183 39.950004577636719 138.3524169921875 127 20.674680709838867 130.32359313964844 49 11.048468589782715 158.03495788574219 31 186.50364685058594 125.05260467529297 137 54.591278076171875 126.45808410644531 23 40.480556488037109 128.61888122558594 158 51.84033203125 128.66351318359375 13 17.833759307861328 133.11383056640625 122 39.771564483642578 135.24346923828125 127 43.897468566894531 135.11073303222656 -1 41.4610595703125 140.93382263183594 159 195.1590576171875 144.39237976074219 -1 22.56501579284668 148.81629943847656 48 199.61721801757812 150.49458312988281 145 18.879720687866211 151.67507934570312 61 217.55503845214844 171.44833374023438 179 55.464443206787109 122.78271484375 160 18.954597473144531 88.764434814453125 60 18.501953125 83.360595703125 -1 17.833759307861328 133.11383056640625 144 227.29920959472656 188.60469055175781 161 233.02536010742188 192.45945739746094 176 238.41925048828125 195.11430358886719 162 227.70867919921875 184.92408752441406 178 22.50361442565918 151.88722229003906 61 235.44418334960938 195.32948303222656 163 242.38032531738281 214.93864440917969 -1 242.75547790527344 204.85356140136719 -1 245.52717590332031 204.57228088378906 -1 240.41302490234375 201.77732849121094 -1 62.229507446289062 201.63760375976562 141 242.35784912109375 200.39892578125 -1 211.435791015625 171.23297119140625 114 203.00344848632812 159.19146728515625 154 214.39024353027344 163.07402038574219 164 11.761474609375 165.98269653320312 143 213.54219055175781 165.82353210449219 96 216.55476379394531 166.09730529785156 -1 215.91148376464844 169.01028442382812 77 225.01849365234375 186.12640380859375 178 214.47026062011719 171.28962707519531 114 237.60438537597656 198.31202697753906 140 217.03643798828125 174.63308715820312 93 220.05300903320312 174.87348937988281 179 219.15003967285156 177.85507202148438 110 18.912040710449219 85.832527160644531 165 27.814689636230469 105.20223999023438 -1 
55 0.95173544136068644 0.22983383580662231 0.19155861316750741 0.068420430411795616 -1.1766662736108451 0.47008926552850577 0.40151621837055201 1 0054.png
163.403564453125 138.562744140625 -1 162.81121826171875 83.035194396972656 149 50.829010009765625 91.381446838378906 129 55.608234405517578 138.3953857421875 1 50.829010009765625 91.381446838378906 116 162.81121826171875 83.035194396972656 150 35.588855743408203 128.08744812011719 5 33.208415985107422 106.265625 4 34.039802551269531 93.643081665039062 6 180.20089721679688 124.51417541503906 151 65.469085693359375 203.05015563964844 -1 34.039802551269531 93.643081665039062 8 186.71696472167969 119.99323272705078 7 37.775177001953125 101.30928802490234 130 50.468898773193359 123.06526947021484 9 37.775177001953125 101.30928802490234 167 244.50408935546875 215.8050537109375 -1 11.80181884765625 159.81170654296875 106 32.999382019042969 142.70603942871094 -1 36.769802093505859 140.02680969238281 132 42.510581970214844 130.43203735351562 -1 30.527400970458984 107.93340301513672 24 224.90560913085938 187.39265441894531 133 58.130126953125 204.66311645507812 85 241.01797485351562 210.18215942382812 -1 228.95864868164062 192.68901062011719 44 236.03675842285156 196.46347045898438 134 237.53102111816406 198.76358032226562 135 241.13880920410156 203.11601257324219 -1 245.92973327636719 210.54769897460938 183 17.891170501708984 127.24440002441406 10 17.891170501708984 127.24440002441406 -1 32.080238342285156 101.80767822265625 16 40.201747894287109 136.59701538085938 127 40.135650634765625 108.33168029785156 -1 187.52955627441406 123.60031127929688 7 54.555568695068359 125.19012451171875 23 40.094528198242188 133.49531555175781 127 31.902320861816406 139.99520874023438 -1 22.730276107788086 150.00643920898438 61 28.036779403686523 142.80093383789062 42 19.068868637084961 149.99592590332031 61 18.973167419433594 87.769462585449219 60 15.494256973266602 84.125228881835938 43 18.85511589050293 82.470710754394531 -1 40.135650634765625 108.33168029785156 138 15.494256973266602 84.125228881835938 80 232.20025634765625 186.54893493652344 -1 239.65806579589844 196.58070373535156 140 243.04438781738281 200.62364196777344 -1 61.048633575439453 201.70277404785156 141 245.5594482421875 214.99368286132812 -1 225.91799926757812 183.2950439453125 178 223.81190490722656 179.85751342773438 110 225.38002014160156 177.69834899902344 147 203.05099487304688 151.47811889648438 92 222.05865478515625 173.6307373046875 179 11.323750495910645 156.07276916503906 31 204.02961730957031 156.80781555175781 154 207.48101806640625 157.58944702148438 91 213.30807495117188 157.83634948730469 109 208.99264526367188 159.55036926269531 97 12.026015281677246 164.08229064941406 143 215.54605102539062 164.56439208984375 96 216.47320556640625 170.05418395996094 114 219.52876281738281 170.16200256347656 179 221.1468505859375 176.59944152832031 110 18.207160949707031 131.43138122558594 122 18.207160949707031 131.43138122558594 144 219.00300598144531 173.32846069335938 93 200.64573669433594 148.23210144042969 145 
60 0.95687018687240732 0.22283896223501065 0.17209443174666378 0.071594335995110711 0.1079251014898182 0.11757651552561325 0.40124136997145093 1 0059.png
170.85794067382812 136.68521118164062 83 56.693038940429688 137.5615234375 1 170.10502624511719 76.804008483886719 -1 170.10502624511719 76.804008483886719 -1 26.526046752929688 91.445564270019531 38 26.526046752929688 91.445564270019531 39 60.197402954101562 197.00300598144531 85 60.197402954101562 197.00300598144531 84 170.67250061035156 114.64810180664062 86 36.0538330078125 103.6683349609375 4 170.67250061035156 114.64810180664062 87 41.001361846923828 127.20830535888672 5 36.573760986328125 91.222160339355469 8 186.51693725585938 122.59717559814453 88 36.573760986328125 91.222160339355469 6 192.16596984863281 116.46138000488281 7 10.520238876342773 97.647132873535156 20 52.694950103759766 120.4267578125 9 10.520238876342773 97.647132873535156 155 240.53964233398438 195.54637145996094 187 14.464757919311523 155.67417907714844 106 32.553565979003906 82.019927978515625 63 229.92512512207031 180.23187255859375 133 31.229427337646484 142.47364807128906 42 19.70225715637207 126.98448181152344 10 18.517131805419922 82.263175964355469 43 40.825912475585938 114.93817901611328 12 233.83587646484375 185.6368408203125 44 14.680810928344727 94.684211730957031 70 14.680810928344727 94.684211730957031 59 228.89602661132812 164.24000549316406 89 10.967288970947266 98.401168823242188 155 10.967288970947266 98.401168823242188 20 34.693721771240234 99.585601806640625 16 33.078372955322266 105.45085144042969 24 53.678810119628906 125.02181243896484 13 43.130889892578125 132.91749572753906 127 224.92776489257812 159.80790710449219 125 243.99203491210938 192.70893859863281 187 239.65669250488281 187.26203918457031 -1 13.750961303710938 151.83450317382812 31 192.87722778320312 120.2584228515625 137 26.282941818237305 142.49971008300781 48 203.92974853515625 144.46652221679688 145 25.705141067504883 145.66082763671875 61 208.50814819335938 146.86746215820312 92 207.41215515136719 149.24632263183594 92 39.462329864501953 93.548011779785156 167 39.440261840820312 89.410316467285156 120 39.440261840820312 89.410316467285156 121 21.504179000854492 85.1561279296875 60 227.20744323730469 170.95492553710938 110 241.21461486816406 194.11070251464844 187 57.165225982666016 122.23139953613281 23 237.31657409667969 179.45230102539062 -1 231.18856811523438 176.36672973632812 178 234.11589050292969 175.40882873535156 178 213.79550170898438 153.60194396972656 91 228.06715393066406 167.92396545410156 179 225.65013122558594 164.79634094238281 179 216.95802307128906 162.16253662109375 114 218.36598205566406 159.79403686523438 114 221.34835815429688 159.63604736328125 96 211.64149475097656 154.92604064941406 97 232.24494934082031 169.33731079101562 147 242.13824462890625 189.87663269042969 187 
61 0.95685911677424917 0.21669944636662958 0.18057458903423412 0.069676383269495129 -0.31957252666015112 -0.25080583393306116 0.22132523246965327 1 0060.png
57.186695098876953 137.44755554199219 1 27.079336166381836 90.9945068359375 38 27.079336166381836 90.9945068359375 39 36.752475738525391 124.93478393554688 5 59.718154907226562 198.25836181640625 84 59.718154907226562 198.25836181640625 85 40.122119903564453 126.48741149902344 5 36.396080017089844 103.54209899902344 4 36.774555206298828 90.768760681152344 8 192.26118469238281 115.59001159667969 7 36.774555206298828 90.768760681152344 6 40.697418212890625 108.19553375244141 146 19.575082778930664 127.26264190673828 10 189.01121520996094 122.61697387695312 88 53.072639465332031 120.42095184326172 9 14.764264106750488 155.77986145019531 106 31.669914245605469 142.63932800292969 42 41.157997131347656 115.09437561035156 12 35.094680786132812 99.349884033203125 16 18.936359405517578 81.840362548828125 43 234.35554504394531 185.62852478027344 44 18.936359405517578 81.840362548828125 80 14.649868965148926 160.09796142578125 143 62.24591064453125 206.80943298339844 141 244.26918029785156 192.248291015625 187 230.7918701171875 179.81265258789062 133 229.12400817871094 163.98027038574219 89 31.501609802246094 81.82354736328125 63 22.650287628173828 145.31196594238281 61 43.636993408203125 132.95390319824219 127 23.375909805297852 127.23990631103516 49 57.746677398681641 122.19245910644531 23 54.378673553466797 124.76930999755859 13 215.9910888671875 155.79638671875 142 26.354333877563477 145.63453674316406 61 194.03376770019531 121.23567199707031 137 19.974094390869141 148.00971984863281 -1 207.78022766113281 149.11370849609375 92 14.004137992858887 152.15528869628906 31 213.98576354980469 153.24443054199219 91 212.02862548828125 154.74937438964844 97 234.11569213867188 170.82679748535156 147 40.952796936035156 96.805755615234375 167 22.080915451049805 84.505943298339844 60 234.61289978027344 175.43141174316406 178 242.10525512695312 189.46951293945312 187 237.82827758789062 179.466064453125 -1 233.80491638183594 178.58326721191406 161 231.64649963378906 176.35246276855469 178 222.25428771972656 156.66122436523438 164 231.50926208496094 171.54776000976562 147 227.43600463867188 170.67483520507812 110 228.27970886230469 167.65130615234375 179 224.875732421875 167.41465759277344 93 220.0360107421875 165.57290649414062 114 225.9012451171875 164.5357666015625 179 222.645751953125 164.82266235351562 93 224.10198974609375 162.45059204101562 77 217.24887084960938 161.94619750976562 114 221.66397094726562 159.43556213378906 96 
62 0.95999941543202383 0.21621602306495113 0.16169778893433781 0.074199587558795063 0.78762967497872027 -0.19595116465818638 0.40703857024713208 1 0061.png
173.83575439453125 138.09989929199219 83 57.801494598388672 137.37809753417969 1 36.837528228759766 124.90644073486328 -1 27.625785827636719 90.503089904785156 38 27.625785827636719 90.503089904785156 39 60.290699005126953 199.69871520996094 84 60.290699005126953 199.69871520996094 85 39.939846038818359 125.94012451171875 5 186.49822998046875 127.52292633056641 88 66.998085021972656 214.51055908203125 -1 66.998085021972656 214.51055908203125 -1 37.006263732910156 103.12949371337891 4 172.31645202636719 116.79904174804688 86 172.31645202636719 116.79904174804688 87 41.999668121337891 127.28359985351562 5 37.581253051757812 90.528076171875 6 193.11247253417969 116.56432342529297 7 37.581253051757812 90.528076171875 8 189.40658569335938 123.57341003417969 88 15.176983833312988 155.78509521484375 106 20.556329727172852 127.13362121582031 10 40.916522979736328 98.729476928710938 130 53.625015258789062 120.44225311279297 9 40.916522979736328 98.729476928710938 167 47.288505554199219 121.00808715820312 34 47.288505554199219 121.00808715820312 71 32.493499755859375 142.48017883300781 42 41.586498260498047 114.74961090087891 12 19.5526123046875 81.112266540527344 43 35.503387451171875 99.264350891113281 16 235.353759765625 185.63034057617188 44 231.80963134765625 179.88117980957031 133 10.260333061218262 124.56513977050781 17 245.31634521484375 192.30633544921875 187 230.13348388671875 163.96978759765625 89 23.028635025024414 144.96435546875 61 27.498783111572266 142.07708740234375 48 44.125598907470703 132.92401123046875 127 32.57904052734375 81.482955932617188 63 54.672603607177734 125.02117919921875 13 10.260333061218262 124.56513977050781 15 204.36431884765625 143.50714111328125 145 24.213537216186523 126.40290069580078 49 40.479598999023438 92.808616638183594 167 26.905378341674805 145.54409790039062 61 208.61018371582031 149.03346252441406 92 215.01168823242188 153.27276611328125 91 213.02517700195312 154.74391174316406 97 12.01160717010498 98.239433288574219 20 40.494857788085938 88.696693420410156 120 12.01160717010498 98.239433288574219 155 21.754499435424805 128.83995056152344 144 223.93704223632812 165.29512023925781 93 40.494857788085938 88.696693420410156 121 232.65716552734375 176.36630249023438 178 58.188758850097656 122.20995330810547 23 21.754499435424805 128.83995056152344 122 243.09773254394531 189.48890686035156 187 238.82373046875 179.46110534667969 -1 217.00025939941406 155.81817626953125 142 235.62443542480469 175.44270324707031 178 232.49488830566406 171.52522277832031 147 235.11962890625 170.82844543457031 147 228.43244934082031 170.67498779296875 110 229.29737854003906 167.67005920410156 179 226.91690063476562 164.54129028320312 179 225.06541442871094 162.37973022460938 -1 221.14346313476562 161.98440551757812 114 222.42605590820312 159.18521118164062 96 41.241222381591797 96.675468444824219 167 14.223354339599609 152.18760681152344 31 201.87882995605469 50.115837097167969 -1 
63 0.95944288986155701 0.20914717587924028 0.17504072803214607 0.071327017642817389 0.10083960031277352 -0.63499407495548743 0.13741028605394479 1 0062.png
12.17425537109375 190.21310424804688 166 175.35171508789062 138.27738952636719 83 58.390750885009766 137.20944213867188 1 54.735786437988281 88.474014282226562 129 54.735786437988281 88.474014282226562 116 60.540473937988281 201.29794311523438 84 60.540473937988281 201.29794311523438 85 39.972759246826172 125.73275756835938 5 37.114830017089844 102.62966156005859 4 174.78720092773438 116.83660888671875 86 174.78720092773438 116.83660888671875 87 189.05458068847656 126.91665649414062 88 42.187751770019531 127.16269683837891 5 37.977783203125 90.086830139160156 6 194.02793884277344 116.79174041748047 7 37.977783203125 90.086830139160156 8 20.547426223754883 127.04547882080078 10 54.054244995117188 120.39566040039062 9 32.626617431640625 142.56387329101562 42 40.936904907226562 136.40153503417969 132 35.784210205078125 98.606895446777344 16 19.942777633666992 80.726470947265625 43 203.5692138671875 50.20782470703125 -1 243.52096557617188 194.98939514160156 -1 10.212163925170898 124.08359527587891 17 236.8529052734375 185.27676391601562 44 231.13322448730469 163.97184753417969 89 23.111955642700195 145.27322387695312 61 15.649025917053223 94.027000427246094 59 58.748329162597656 122.16129302978516 23 10.212163925170898 124.08359527587891 15 44.374004364013672 132.94816589355469 127 55.087200164794922 125.09278106689453 13 10.41133975982666 154.8555908203125 90 24.210727691650391 125.98769378662109 49 215.98576354980469 153.24441528320312 91 27.487396240234375 142.46090698242188 48 26.972745895385742 145.61167907714844 61 209.78022766113281 149.11370849609375 92 14.62699031829834 152.16490173339844 31 12.494434356689453 97.532203674316406 155 21.808282852172852 128.89762878417969 144 12.494434356689453 97.532203674316406 20 23.077032089233398 83.525924682617188 60 32.602012634277344 80.944580078125 63 61.065788269042969 211.20472717285156 -1 21.808282852172852 128.89762878417969 -1 244.25459289550781 189.05638122558594 187 245.18632507324219 185.65928649902344 176 15.838319778442383 154.14309692382812 106 233.5042724609375 171.5384521484375 147 236.11566162109375 170.82601928710938 147 229.43278503417969 170.67304992675781 110 230.27976989746094 167.65150451660156 179 227.14073181152344 167.64852905273438 93 222.37713623046875 165.56465148925781 114 224.89872741699219 164.86958312988281 93 227.86772155761719 164.49575805664062 179 226.14364624023438 162.35574340820312 77 219.43655395507812 161.85319519042969 114 223.78352355957031 159.51771545410156 96 214.02864074707031 154.74934387207031 97 
64 0.95461633684545666 0.21269436592779292 0.19783316785676516 0.065808767091421486 -1.1906276954257713 -0.53748283459957502 -0.26807763506705895 1 0063.png
13.98985481262207 190.13470458984375 166 59.109066009521484 137.08206176757812 1 177.47508239746094 138.68653869628906 83 55.35595703125 87.36114501953125 129 55.35595703125 87.36114501953125 116 60.875156402587891 202.50897216796875 85 60.875156402587891 202.50897216796875 84 37.999851226806641 102.40357971191406 4 42.887886047363281 127.38521575927734 5 38.493911743164062 89.834236145019531 6 194.95289611816406 116.47931671142578 7 191.17071533203125 125.52587890625 88 38.493911743164062 89.834236145019531 8 32.407752990722656 143.74102783203125 42 21.276876449584961 126.43743896484375 10 54.823116302490234 120.42536926269531 9 36.582813262939453 98.337539672851562 16 233.97801208496094 180.1917724609375 133 244.85618591308594 194.37138366699219 187 10.728812217712402 123.79225921630859 15 47.820175170898438 122.546142578125 71 238.07681274414062 185.29345703125 44 45.060752868652344 133.08726501464844 127 232.56346130371094 164.02464294433594 89 55.928611755371094 125.07247924804688 13 42.327022552490234 113.07324981689453 12 23.450639724731445 145.87355041503906 61 23.79176139831543 83.721145629882812 60 42.327022552490234 113.07324981689453 11 10.728812217712402 123.79225921630859 17 47.820175170898438 122.546142578125 34 41.400894165039062 91.934341430664062 167 44.135719299316406 115.25795745849609 -1 25.011064529418945 125.47344207763672 49 59.383129119873047 122.18885040283203 23 216.85531616210938 156.60731506347656 97 44.87664794921875 129.92127990722656 127 213.88352966308594 149.12347412109375 92 15.714432716369629 151.85595703125 31 230.94075012207031 170.67594909667969 110 40.1591796875 108.1260986328125 146 31.567523956298828 104.35536956787109 24 10.168001174926758 98.757469177246094 155 13.038464546203613 97.588279724121094 20 13.038464546203613 97.588279724121094 155 237.59939575195312 170.97750854492188 147 237.45600891113281 178.48408508300781 161 245.46804809570312 189.08230590820312 187 238.03074645996094 175.27978515625 178 241.20703125 175.02128601074219 -1 235.02706909179688 171.57110595703125 147 225.22370910644531 159.63119506835938 96 235.39450073242188 176.41641235351562 178 231.74461364746094 167.60171508789062 179 228.65733337402344 167.65409851074219 93 223.93421936035156 165.69943237304688 114 226.4368896484375 164.90020751953125 93 229.3619384765625 164.50440979003906 179 227.55038452148438 162.21430969238281 77 223.7598876953125 161.65036010742188 114 37.717685699462891 109.39571380615234 180 221.49992370605469 151.62165832519531 109 
67 0.95700954646891867 0.19754369187278556 0.20185369801048961 0.06606286678698392 -1.1638389798691331 -1.3598964685038892 -0.73327477154013576 1 0066.png
61.35198974609375 137.73980712890625 1 182.72616577148438 139.80567932128906 83 61.941741943359375 207.02383422851562 85 61.941741943359375 207.02383422851562 84 41.965644836425781 126.19513702392578 5 40.183292388916016 102.68418121337891 4 195.57667541503906 128.87312316894531 88 13.504261016845703 92.996734619140625 -1 45.183425903320312 128.08293151855469 5 198.18569946289062 117.32620239257812 7 190.97293090820312 109.12973022460938 117 190.97293090820312 109.12973022460938 118 41.025279998779297 90.217491149902344 6 41.025279998779297 90.217491149902344 8 23.46917724609375 126.44003295898438 10 56.934757232666016 121.03754425048828 9 33.191829681396484 100.75305938720703 -1 14.372259140014648 95.313072204589844 20 14.372259140014648 95.313072204589844 155 244.44667053222656 187.38038635253906 44 35.180850982666016 143.70045471191406 42 12.95379638671875 123.77150726318359 15 38.800022125244141 98.597274780273438 16 23.017776489257812 80.745162963867188 43 51.598224639892578 222.34640502929688 -1 12.95379638671875 123.77150726318359 17 51.598224639892578 222.34640502929688 -1 38.068775177001953 146.81135559082031 42 18.728326797485352 93.864707946777344 70 44.415908813476562 113.44117736816406 11 50.005393981933594 122.59137725830078 71 50.005393981933594 122.59137725830078 34 47.188194274902344 133.90548706054688 127 35.384361267089844 80.884941101074219 63 18.728326797485352 93.864707946777344 59 44.415908813476562 113.44117736816406 12 49.831836700439453 123.30776214599609 34 26.172470092773438 146.27545166015625 61 10.070990562438965 158.31547546386719 90 239.59297180175781 167.18232727050781 89 29.767604827880859 143.98588562011719 48 48.483760833740234 136.51890563964844 159 204.7708740234375 135.59246826171875 -1 27.235034942626953 125.44147491455078 49 18.300996780395508 152.53276062011719 31 220.99911499023438 145.98225402832031 123 215.88444519042969 146.37089538574219 177 214.82952880859375 149.03462219238281 -1 58.33489990234375 125.22077941894531 13 61.238510131835938 123.004150390625 23 202.61105346679688 117.67754364013672 -1 47.209339141845703 105.13943481445312 138 47.209339141845703 105.13943481445312 -1 244.07838439941406 172.77476501464844 147 12.546389579772949 98.658660888671875 155 26.081199645996094 83.546669006347656 60 243.38130187988281 176.130859375 -1 245.75856018066406 183.01089477539062 -1 68.240730285644531 215.27467346191406 141 244.00157165527344 180.57130432128906 -1 241.795166015625 178.39154052734375 178 221.37017822265625 153.03057861328125 91 243.38130187988281 176.130859375 -1 237.66049194335938 173.65982055664062 110 238.64234924316406 170.70635986328125 179 235.40122985839844 170.661865234375 93 230.57209777832031 168.6192626953125 114 236.13059997558594 167.50741577148438 179 234.36529541015625 165.29037475585938 77 227.56964111328125 164.7996826171875 114 231.96153259277344 162.42591857910156 96 218.85531616210938 153.89134216308594 97 29.769290924072266 146.64936828613281 61 
68 0.94180306957503246 0.19195079967210588 0.27112917620219856 0.051486293867425245 -5.0652851233934895 -1.9042871259773151 -1.4327252852763024 1 0067.png
61.176750183105469 138.140380859375 1 183.85606384277344 140.54472351074219 83 62.922943115234375 208.12916564941406 85 42.040996551513672 126.22509765625 5 40.441043853759766 102.94496917724609 4 44.389560699462891 127.82695007324219 5 41.260387420654297 90.459609985351562 6 198.63978576660156 118.52464294433594 7 41.260387420654297 90.459609985351562 8 10.187410354614258 99.680946350097656 -1 57.445236206054688 121.56410217285156 9 23.645238876342773 126.58731079101562 10 29.514442443847656 143.92213439941406 -1 44.464565277099609 113.68302917480469 11 23.649221420288086 81.11309814453125 43 37.439987182617188 104.85826873779297 24 240.30349731445312 181.65756225585938 -1 244.43687438964844 187.13175964355469 44 37.439987182617188 104.85826873779297 180 23.649221420288086 81.11309814453125 80 44.464565277099609 113.68302917480469 12 237.02381896972656 177.20599365234375 133 26.945842742919922 150.15632629394531 -1 58.510871887207031 126.08629608154297 13 245.76763916015625 182.81756591796875 178 10.08580207824707 159.0458984375 90 47.477497100830078 134.32586669921875 127 13.486846923828125 124.06919860839844 15 39.021156311035156 98.882347106933594 16 13.486846923828125 124.06919860839844 17 46.659248352050781 92.217147827148438 167 29.713924407958984 147.50392150878906 61 26.181072235107422 147.29325866699219 61 15.806681632995605 97.530357360839844 20 29.808595657348633 144.60955810546875 48 210.32756042480469 142.843994140625 -1 49.107131958007812 136.45924377441406 159 47.376029968261719 131.00921630859375 127 53.98175048828125 126.53797149658203 13 12.904744148254395 99.074317932128906 155 27.511398315429688 125.38188171386719 49 61.730152130126953 123.49423980712891 23 58.405437469482422 123.03199005126953 13 61.955455780029297 120.32473754882812 160 33.961277008056641 104.71030426025391 24 42.695209503173828 108.65290069580078 146 40.190589904785156 109.95836639404297 -1 232.95246887207031 163.4296875 96 15.806681632995605 97.530357360839844 155 40.190589904785156 109.95836639404297 180 236.33378601074219 171.55393981933594 93 241.85098266601562 178.18357849121094 110 238.43135070800781 174.17182922363281 110 240.0660400390625 171.97886657714844 179 243.25407409667969 171.76324462890625 147 237.09835815429688 168.5577392578125 -1 238.275634765625 166.082275390625 89 228.75021362304688 165.82313537597656 114 242.79981994628906 175.13432312011719 147 227.06095886230469 159.80973815917969 142 232.04136657714844 159.22030639648438 -1 18.351343154907227 153.37313842773438 31 225.49310302734375 151.17646789550781 109 235.18199157714844 166.06741333007812 77 205.76246643066406 136.46417236328125 -1 220.59770202636719 155.59642028808594 97 220.42643737792969 151.85487365722656 92 
71 0.94645913592493669 0.19661996369231899 0.24990290029593265 0.055715656018166963 -3.8690383716775476 -1.5725650355962837 -1.331827937011766 1 0070.png
185.16770935058594 141.74714660644531 83 60.592021942138672 139.20907592773438 1 31.35078239440918 91.294059753417969 39 31.35078239440918 91.294059753417969 38 42.304290771484375 127.76134490966797 5 40.421222686767578 103.86663055419922 4 197.92240905761719 131.05130004882812 88 182.98527526855469 121.65695953369141 87 51.383289337158203 227.37672424316406 -1 199.41752624511719 119.78890228271484 7 182.98527526855469 121.65695953369141 86 41.457466125488281 91.437896728515625 6 23.603166580200195 127.69650268554688 10 23.603166580200195 127.69650268554688 -1 57.357349395751953 123.06357574462891 9 10.162211418151855 100.63686370849609 -1 44.873622894287109 114.87739562988281 11 37.437538146972656 105.85740661621094 24 23.666599273681641 82.104446411132812 43 37.437538146972656 105.85740661621094 180 23.666599273681641 82.104446411132812 80 44.873622894287109 114.87739562988281 12 47.267429351806641 136.0653076171875 127 26.115627288818359 148.43833923339844 61 38.253108978271484 149.09603881835938 42 244.34573364257812 173.10980224609375 147 50.322208404541016 124.83829498291016 34 13.469430923461914 125.10353851318359 17 13.469430923461914 125.10353851318359 15 18.427217483520508 96.208221435546875 59 39.043914794921875 99.888320922851562 16 47.046794891357422 132.84324645996094 127 29.750949859619141 149.04341125488281 61 221.41363525390625 153.3525390625 92 18.199886322021484 154.8231201171875 31 224.12103271484375 156.54290771484375 91 221.62188720703125 157.17227172851562 97 240.72923278808594 180.81338500976562 133 27.540132522583008 126.10323333740234 49 61.813014984130859 124.69750213623047 23 40.146121978759766 110.95211029052734 180 42.694442749023438 109.65103912353516 146 15.800759315490723 98.562026977539062 155 33.957756042480469 105.71391296386719 24 12.853508949279785 100.09458160400391 155 15.800759315490723 98.562026977539062 20 46.908180236816406 93.107872009277344 167 245.40428161621094 178.66845703125 147 58.632537841796875 127.21672821044922 13 72.429344177246094 219.69601440429688 141 241.76972961425781 178.33973693847656 110 243.52690124511719 176.24461364746094 147 239.43180847167969 175.66317749023438 110 241.05445861816406 173.46742248535156 179 237.36895751953125 173.12443542480469 93 238.10491943359375 170.05691528320312 -1 239.21774291992188 167.6146240234375 89 229.64262390136719 167.2515869140625 114 243.81027221679688 180.89610290527344 178 233.947998046875 164.92372131347656 96 26.294710159301758 81.81683349609375 165 48.818115234375 138.25575256347656 159 226.4915771484375 152.62840270996094 109 228.06536865234375 161.32571411132812 142 237.00471496582031 165.18199157714844 89 
78 0.94609371750712001 0.18669921175844595 0.25882065615075733 0.055334889283564455 -4.3055209476507752 -2.1364491899382774 -1.3879348400779306 1 0077.png
55.58056640625 144.05793762207031 -1 55.58056640625 144.05793762207031 -1 48.142677307128906 70.210403442382812 -1 198.453857421875 132.99752807617188 88 44.087577819824219 128.16650390625 5 39.970386505126953 103.24639892578125 4 12.572303771972656 92.780860900878906 -1 41.136165618896484 90.528549194335938 6 199.71621704101562 120.95853424072266 7 182.65046691894531 122.88964080810547 87 182.65046691894531 122.88964080810547 86 14.333815574645996 95.349418640136719 155 14.333815574645996 95.349418640136719 20 23.131628036499023 80.973434448242188 43 38.90789794921875 99.100303649902344 16 23.09138298034668 127.80576324462891 10 23.131628036499023 80.973434448242188 80 37.010677337646484 105.09680938720703 24 12.498083114624023 124.37876892089844 15 47.127632141113281 134.65705871582031 127 12.358113288879395 156.95257568359375 90 243.9249267578125 181.51243591308594 -1 38.408500671386719 147.36175537109375 42 12.498083114624023 124.37876892089844 17 37.010677337646484 105.09680938720703 180 45.323650360107422 114.45948791503906 12 38.493816375732422 137.91279602050781 -1 45.323650360107422 114.45948791503906 11 211.59477233886719 145.20230102539062 -1 55.024028778076172 129.03671264648438 13 26.393054962158203 146.90420532226562 61 18.414028167724609 152.98776245117188 31 226.5745849609375 153.14253234863281 109 19.411928176879883 155.50566101074219 -1 25.276269912719727 83.973617553710938 60 27.04774284362793 125.49351501464844 49 39.893314361572266 110.43611907958984 180 42.513755798339844 108.95244598388672 146 33.582473754882812 104.96153259277344 24 12.717684745788574 99.042594909667969 155 39.893314361572266 110.43611907958984 -1 27.04774284362793 125.49351501464844 49 46.543624877929688 92.235076904296875 167 245.86811828613281 179.59416198730469 -1 229.73101806640625 167.84089660644531 114 239.53619384765625 168.17216491699219 89 235.0115966796875 170.64012145996094 93 238.11885070800781 170.54100036621094 -1 242.54071044921875 171.90315246582031 147 237.32933044433594 173.5418701171875 93 241.45571899414062 174.59645080566406 179 239.98963928222656 176.99424743652344 110 243.44810485839844 176.87945556640625 147 241.53157043457031 178.80239868164062 110 221.94480895996094 158.09272766113281 97 233.94920349121094 165.42306518554688 96 228.06585693359375 161.85920715332031 142 233.06877136230469 161.11079406738281 -1 223.4498291015625 160.14564514160156 -1 237.02598571777344 165.61740112304688 89 236.24197387695312 168.16395568847656 77 221.90374755859375 154.32505798339844 91 
