# 3D point list with one line of data per point:
#   POINT3D_ID, X, Y, Z, R, G, B, ERROR, TRACK[] as (IMAGE_ID, POINT2D_IDX)
# Number of points: 107, mean track length: 8.4485981308411215
1 -10.917906205798792 12.579570193414833 22.197216831984019 207 205 200 1.2162369406728106 64 1 68 0 71 1 62 1 60 1 67 0 61 0 63 2 55 3 54 4
4 -11.790343957923346 12.424931336881841 22.055657967962993 79 81 87 0.31297896580678086 64 7 68 4 71 5 62 11 60 9 67 5 61 7 63 8 78 5 47 11 55 7 46 10 54 12 49 8 45 9
5 -11.580642455153166 12.534792569939489 21.933757838546342 24 22 29 1.7069710005105214 64 8 68 5 71 4 68 3 62 14 60 11 67 4 67 8 62 7 61 6 63 7 63 12 78 4 47 9 55 6 46 7 54 9 61 3 49 7 45 7
6 -11.828931308747288 12.36970162458522 22.166646948926601 5 4 6 0.46635446264334945 64 9 68 6 71 11 62 15 60 14 67 12 61 10 63 13 78 7 47 17 55 8 46 13 54 13 49 9 45 13
7 -5.8910698863668065 11.795625413351358 23.526512170607639 27 25 24 1.6298433720469905 64 10 68 7 71 9 62 16 60 15 67 9 61 9 63 14 78 8 55 12 55 35 54 16
8 -11.833154633207485 12.373929750995396 22.173172764486306 5 4 6 0.48855848513034544 64 12 68 8 62 17 60 12 67 13 61 8 63 15 47 14 55 11 46 11 54 15 49 12 45 11
9 -11.134230850008187 12.503744571219364 22.238010378519476 107 113 118 0.39762192870720686 64 15 68 10 71 14 62 22 60 17 67 15 61 14 63 17 55 14 54 17
10 -12.348849891877784 12.637428469587693 21.758175336538358 29 27 34 0.78630250936396651 64 14 68 11 71 12 62 20 60 24 67 14 61 12 63 16 78 15 47 27 55 30 46 23 54 20 49 24
11 -11.602571132438435 12.485367119163229 22.087394787634306 16 17 24 0.32020559303037888 64 28 68 13 71 16 67 29 78 27
12 -11.587029483367132 12.459597068121036 22.012277495043485 16 17 24 1.3232199783666221 64 25 68 20 71 21 62 27 60 26 67 35 61 17 78 25 47 16 49 10 45 10
13 -11.042393532206312 12.466177864402027 22.096284308603003 235 236 236 1.7480115647100471 64 24 68 23 71 48 62 39 60 35 67 48 61 32 63 32 47 51 78 29 68 38 46 48 68 42 54 41 49 43 45 31
15 -12.727018826666118 12.638448477031504 21.598169650483179 27 25 32 0.33858847258294128 64 19 68 27 71 28 62 40 67 21 63 30 78 18
16 -11.850797291464346 12.40631378425245 22.062887438635361 122 123 127 0.25864082500645985 64 16 68 28 71 30 62 29 60 33 67 22 61 18 63 20 78 14 55 32 49 38
17 -12.727018826666118 12.638448477031504 21.598169650483179 27 25 32 0.33858847258294128 64 29 68 29 71 27 62 32 67 25 63 24 78 23
20 -12.696292697686054 12.435245080199444 21.690160417249135 102 101 106 0.7831732680127117 64 43 68 33 71 45 62 48 60 32 67 17 60 16 63 42 78 12 46 55
23 -10.921831104380491 12.45946098688319 22.208966226614891 233 234 233 0.37187642685159994 64 34 68 41 71 39 62 55 60 53 67 49 61 31 63 29 47 83 55 36 46 45 54 39 49 82
24 -11.919450479811445 12.435284114206871 21.971384507071761 15 14 21 1.3489278606410438 64 41 68 44 71 43 60 34 68 15 71 17 78 17 78 38 47 25 55 21 46 22 54 25 49 20 45 41
31 -12.483996241024812 12.807509209909503 21.542716431986872 25 24 27 0.86471596621988922 64 38 68 61 71 34 62 70 60 40 67 44 61 38 63 39 78 31 55 57 54 37
34 -11.422758788789153 12.56546287115628 22.190526033674008 107 111 116 0.60039912063984358 64 30 71 26 62 24 67 31 67 36 54 24 45 21 46 80
38 -12.178455546675252 12.375432938046615 21.98292649255135 2 3 5 0.44729742284948604 71 3 62 3 60 4 61 1 47 7 46 6 54 7 49 6 45 6
39 -12.198591197772153 12.394776375776086 22.020113588814997 2 3 5 0.56597558878717569 71 2 62 4 60 5 61 2 54 8
42 -11.976948710663516 12.837081123523346 22.075190081424854 238 236 233 1.7309522896997367 64 13 62 26 60 23 67 20 61 16 63 18 78 22 67 27 71 24 55 40 54 18 47 42
43 -12.496180007806336 12.3495664251361 21.937606843355162 23 23 23 0.47144082999946085 68 14 71 18 62 28 60 25 67 23 61 19 63 21 78 13 47 35 55 43 46 32 49 39 45 38
44 -4.0911154564406234 11.768136528114951 23.111816003430256 231 224 225 0.49534319782575553 64 21 62 30 60 27 67 19 68 17 61 20 63 25 55 25 47 28 46 25 54 29 49 26 45 27
48 -12.056229121101323 12.7088521637376 21.739225138232147 20 21 25 0.76516019556731274 68 34 62 36 60 42 67 40 63 36 54 47
49 -12.198942050614468 12.604133563048762 21.784274920060973 5 5 12 0.65427214885656848 68 40 71 38 62 42 67 43 61 30 64 33 63 34 78 35 78 41 47 53 46 47 54 36 49 51 45 50
59 -12.671045404222774 12.505577771457398 21.952226255607453 6 6 13 0.97360652214482091 71 29 60 29 67 34 63 28 46 21 49 23 45 22
60 -12.377173948970146 12.355691781566057 21.962343901747733 35 34 36 0.5393647397770901 64 27 60 50 67 55 61 43 63 43 78 34 55 42 54 52
61 -12.1067023828224 12.71365737690112 21.659839125309905 131 131 132 1.8929659862694992 68 31 71 32 62 44 60 44 64 26 68 32 71 23 62 35 67 37 67 72 61 28 61 34 63 27 63 37 78 30 55 39 55 41 54 49 54 59
63 -11.985840435146757 12.280920145288661 22.05831352820908 123 123 122 0.40910897971744536 62 38 60 21 67 33 61 27 63 44
70 -12.656506082937439 12.504328674285011 21.961516733822126 5 6 11 0.79549835197840368 60 28 67 28 46 28 49 32 45 28
71 -11.381953968558319 12.532694902556894 22.137956951621735 107 111 116 0.49259127245431272 62 25 64 20 67 30 54 27
77 -4.5881051018263976 11.873975700078628 23.522256183186769 187 187 183 0.54100612085206445 64 58 68 63 67 68 61 57 63 58 78 60 54 73
80 -12.499149863766412 12.352783110617937 21.940501342444044 21 21 22 0.34422723754837314 68 19 71 20 61 21 78 16 47 41 55 46 46 39 49 40 45 39
83 -6.529356945859341 12.086791124525938 23.438255881437694 229 229 225 1.4038531252270399 60 0 62 0 64 2 67 1 68 1 71 0 63 1
84 -11.0464269348013 13.376085603472026 22.627497413586024 204 198 192 1.1943522713746308 60 7 61 4 62 5 64 6 67 3 63 5
85 -10.807446871125881 13.113480942605193 22.163506700422648 204 198 192 1.6499565011601514 60 6 61 5 62 6 64 5 67 2 68 2 63 6 55 23
86 -6.7123008224643614 12.081432328527626 23.757159504652364 148 146 143 0.68852872444303581 60 8 62 12 71 10 63 9 78 10
87 -6.7123008224643614 12.081432328527626 23.757159504652364 148 146 143 0.68852872444303581 60 10 62 13 71 7 63 10 78 9
88 -6.12444756318766 12.064529693975491 23.860241590480502 231 229 226 1.2927434144109418 60 13 61 13 62 8 64 11 67 6 71 6 63 11 62 18 78 3
89 -4.3611962333086955 11.713990163115067 23.248342031214552 116 114 112 1.2779751542158373 60 30 61 26 62 34 64 23 67 39 68 56 71 56 63 26 78 45 78 59 71 64 47 80 49 33 45 75
90 -12.714320109539901 12.866981479791223 21.463480951091974 25 26 30 1.7357418805502567 67 38 63 33 68 25 78 20
91 -4.9377772596560296 11.755595403603943 23.245523552887342 157 157 153 0.87947614256114892 60 57 61 39 62 46 67 61 71 35 63 35 78 61 47 74 55 59 46 78 49 71 45 71
92 -5.204950374643559 11.94785105192841 23.62071766467761 235 236 230 1.2793116162864864 60 46 61 37 62 45 64 37 68 66 63 38 60 45 71 33 55 55
93 -4.5670948739772257 11.895481113745374 23.497659697709874 151 151 147 1.5991603867117077 61 53 64 54 67 65 63 54 62 52 68 50 71 54 64 56 61 56 63 56 78 46 78 49 55 69 54 77
96 -4.6396755660990623 11.817197450837922 23.406750275957666 192 192 188 0.87892038591815269 60 62 61 59 64 51 67 70 68 47 71 59 63 60 62 68 78 55 47 77 55 63 46 52 54 71 49 68 45 73
97 -4.9881733280326008 11.783609143136662 23.244674694153233 232 232 228 1.2935824856120401 60 63 61 40 62 47 64 35 67 71 68 65 71 36 63 61 78 54 47 75 55 61 46 79 54 28 49 72 45 70 49 70
106 -12.201451486229205 12.542896384039427 21.033091996128579 226 225 227 0.89079151847394078 62 19 63 49 60 20 61 15 55 17 49 18 46 18 47 22 45 20
109 -4.7619083672086404 11.659798082151148 23.14466734489465 128 126 123 0.97472141118861999 64 61 68 62 71 62 78 32 55 60
110 -4.3979317109694644 11.859413025435892 23.410053165152423 145 143 141 1.4498718126457151 68 51 78 51 78 53 64 39 62 63 60 51 67 63 68 52 71 52 61 51 71 50 63 52 47 70 55 53 55 66 46 68 54 79 49 67 45 67
114 -4.7710595856294811 11.923972201457877 23.524111799030262 232 227 225 2.0811231402626005 64 59 68 57 71 57 62 67 60 60 60 61 67 69 61 58 63 59 78 44 61 54 64 55 67 66 63 55 47 76 55 64 46 72 54 67 54 75 49 73 45 72
116 -11.000275765895346 12.166205063217333 22.211028647037882 140 140 138 2.1503515774741473 63 4 47 2 64 4 55 4 46 2 54 3 49 2
117 -6.4239986341428574 12.118393111004305 24.272885451132758 159 157 156 1.1140612696513719 67 10 47 18 49 15 45 17
118 -6.4239986341428574 12.118393111004305 24.272885451132758 159 157 156 1.1140612696513719 67 11 47 20 49 13 45 15
120 -11.727084946617545 12.338682639657481 22.176225888139879 0 0 1 0.65989480299315817 60 48 62 49 47 43 46 41
121 -11.727084946617545 12.338682639657481 22.176225888139879 0 0 1 0.65989480299315817 60 49 62 53 47 44 46 37
122 -12.336551677462323 12.694503046390436 21.855236666469253 34 36 42 0.79578287146765903 62 56 47 47 55 67 46 49 54 42 49 50 45 42
123 -5.0697856184593739 11.823421349292808 23.501473879367534 128 126 123 0.27972719768866555 67 45 47 52 46 75 49 47
125 -4.5027969615993326 11.774320688380186 23.380176779020122 130 128 125 0.28895658197780283 60 37 47 78 45 74
127 -11.424738671951433 12.573115517101961 21.993748610595258 197 193 195 1.3143795882853735 64 22 68 26 71 22 62 37 60 36 67 32 61 29 63 31 78 19 47 49 64 36 68 37 71 31 55 33 55 37 46 51 54 35 54 43 49 41 49 42
129 -11.192916095167954 12.31277968760527 22.431051896692377 131 131 127 0.67129074778373277 63 3 64 3 55 2 54 5
130 -11.660098104331114 12.421715427551181 22.219937723757095 125 124 126 0.66059578390179285 62 21 55 13 46 15 54 19 45 19
132 -11.504819087674635 12.564590384773615 21.837732748835666 246 245 245 0.066025374948282464 63 19 55 19 54 22
133 -4.2073829716158624 11.660130829459892 22.931729990706572 226 222 222 1.1669731966181476 60 22 61 25 62 31 64 17 71 37 55 22 68 21 54 26 49 59 46 36 47 65 45 63
134 -3.84404804407062 11.807695488973147 23.260610008000036 136 129 128 0.36835166573271433 47 37 55 26 46 61 54 30 49 64 45 60
135 -3.7368153007773603 11.682496521522381 23.019406346549129 130 126 124 0.56439603286525453 47 39 55 27 46 30 54 31 49 36 45 58
137 -6.0866504806933168 12.307501071011082 24.493505020292716 3 3 1 1.1539096545280878 47 24 61 35 54 38 45 23 60 41
138 -11.497056666464728 12.396606025744084 22.102511922014497 114 116 122 0.062000460917990143 67 51 55 45
140 -3.6871610409275073 11.718545075408338 23.158886426556919 196 192 190 0.68333813040867553 47 59 55 48 54 76 49 65 45 59 45 61
141 -11.192093747196614 13.748492297619036 23.26086997921561 129 119 116 1.1062792786059181 71 49 55 50 67 58 61 23 54 65
142 -4.8863729663579605 11.896911590449019 23.530790649070678 0 0 0 0.27300633654828832 61 33 62 59 71 63 68 59 78 56
143 -12.195721245497328 12.590312948683273 21.052022956024125 203 200 197 0.94970235322832242 47 45 61 22 55 62 54 70 49 74 45 32
144 -12.3501862080932 12.694608861709671 21.839846776584064 32 32 39 0.41671122332191646 62 51 63 41 55 68 46 58 54 54
145 -5.5113678083799806 12.268152996127037 24.234968201254055 160 160 156 0.7763713864316959 47 48 60 43 55 70 62 41 46 74 54 48 49 45 45 47
146 -11.705024873568389 12.470739439514936 22.10354001624356 100 105 110 0.68806693956653542 64 40 68 45 71 41 61 11 78 37 45 51
147 -4.206408611639203 11.748406338734444 23.272926942103339 149 147 144 1.6594299376545549 64 45 62 62 60 64 67 53 61 41 68 54 71 25 63 51 78 48 47 69 55 54 64 50 68 58 71 51 62 61 61 50 71 47 63 50 78 52 46 59
149 -7.0108310144265751 11.894840128648438 23.871822241113428 168 168 164 1.1082013954399548 47 4 55 1 46 4 54 6 49 3 45 5
150 -7.0108310144265751 11.894840128648438 23.871822241113428 168 168 164 1.1082013954399548 47 5 55 5 46 5 54 2 49 4 45 4
151 -6.4030519864620334 12.335040909200272 24.356838584288944 233 231 228 0.29259460544365473 47 15 55 9 46 12 54 14 49 11 45 12
154 -5.3722027794056215 12.353114097690135 24.310945267140816 235 235 231 0.45342746083166618 47 72 55 58 46 76 54 68 49 48 45 45
155 -12.786007479384789 12.492061850566222 21.771010004303591 77 76 81 1.5756192704808376 64 44 68 48 71 42 62 50 60 31 67 18 60 18 63 40 78 11 47 19 46 56 64 42 68 39 71 44 67 54 78 39 45 18
158 -11.46918920686398 12.555588482026813 22.0945740029074 14 19 24 0.031218652010033109 46 46 54 40
159 -11.331105385652069 12.564487412594161 21.947988430397118 205 201 199 0.40282690414503097 67 41 68 36 71 61 54 45
160 -10.845198436596103 12.446670238897012 22.327895418363994 124 127 130 2.2290244428539014 47 55 68 43 54 51 46 44 45 54
161 -4.0974195290965589 11.701140276272268 23.086047970805065 152 148 146 0.41979053270071925 47 67 61 47 64 46 54 55 49 57 46 35
162 -3.6691511117711051 11.719463843546125 23.232128630567651 116 109 108 1.0040423192457211 46 62 47 61 54 57 49 61 45 34 45 57
163 -3.7701856138794936 11.713166447123182 23.159688356473822 193 186 185 0.12986139765107907 47 60 54 60 49 62
164 -4.7940510538542922 12.071791074520252 23.94931461461983 127 126 121 0.66261179078581756 61 49 54 69 49 69 45 69
165 -12.441530511784206 12.377138663747067 22.046618157983009 15 15 15 0.0041399120467776364 71 60 54 80
166 -12.807125243939202 13.415514262675659 21.976582891403204 197 194 187 1.5779711458416523 63 0 64 0 54 0
167 -11.534915515396511 12.263945073161965 21.981490191511426 129 128 129 2.1856537745704974 61 42 62 23 55 15 62 69 46 14 54 21 64 31 68 30 71 46 62 43 60 47 78 42 45 16
168 -10.680079545424976 11.671521611409693 21.413793414190039 137 137 135 0.29097686513317483 46 0 47 1 49 0
170 -11.136034160566522 13.941536049712772 23.550990541854869 129 116 113 0.4920404700516034 46 17 47 13 49 14
172 -3.9531489157731596 11.863478225116589 23.274877890741333 227 220 221 0.28170204334375182 46 26 47 29 49 27 45 35
173 -10.594151293471127 12.428128193224435 22.46251455646917 245 243 240 0.76786820359522645 46 57 47 57 49 30
175 -5.2414371543180307 12.082453409450238 23.809225751432844 229 229 225 0.24048384607712331 46 77 47 64 49 44 45 44
176 -3.8729876587614873 11.838266782524203 23.392193400537263 192 185 184 0.74110936594942378 46 63 47 62 63 48 49 60 54 56 45 62
177 -5.0893594344599205 11.655586942022165 23.060779793691147 156 156 152 0.7959093274043223 46 73 67 46 49 80 45 68
178 -4.1728653906946267 11.776715224704772 23.250159944983331 194 187 186 1.6210082588814285 68 24 60 55 62 54 47 68 61 48 55 52 64 52 46 65 67 60 54 74 71 58 49 56 46 66 54 58 64 48 60 56 61 44 62 60 45 64
179 -4.4593956788646825 11.882997315629353 23.524969944812614 193 190 188 1.8752125499159371 64 53 68 53 71 53 62 64 60 58 67 64 61 52 63 53 78 50 55 56 47 71 46 70 54 78 49 77 60 59 61 55 62 65 64 57 67 67 63 57 55 65 54 50 45 77
180 -11.931793566335553 12.525842588534692 22.142624080544838 80 82 88 2.2999785654769482 71 19 78 24 47 31 68 18 46 27 49 31 64 60 68 49 71 40 78 36
181 -6.1258094197487152 12.212401843726944 24.337050400470417 32 32 28 0.57750007262380998 46 16 47 21 49 17 45 14
182 -11.709661017992905 12.480106852366115 21.414183757924238 244 244 243 0.64260830198603458 46 24 49 25 45 25
183 -3.475676135946403 11.941319837383189 23.463140762821943 152 151 148 0.85586649377143065 54 34 55 29 45 37
184 -10.570130490035476 12.392985615232455 22.407202397921225 241 241 237 0.71975904157649084 46 53 47 56 49 21 45 53
185 -4.354422352122632 11.817946911535927 23.385897939260939 195 195 191 0.13691190346416895 46 69 49 75 45 78
187 -3.6764653967690295 11.450057724900724 22.525694850694293 195 192 190 2.2553422208129641 60 52 47 79 46 60 49 66 45 36 46 19 64 18 49 28 47 30 60 19 62 33 60 38 61 24 62 57 64 47 63 47 60 65 61 45 47 40 46 40 49 37 45 40
