# Frame list with one line of data per frame:
#   FRAME_ID, RIG_ID, RIG_FROM_WORLD[QW, QX, QY, QZ, TX, TY, TZ], NUM_DATA_IDS, DATA_IDS[] as (SENSOR_TYPE, SENSOR_ID, DATA_ID)
# Number of frames: 12
60 1 0.99619238604157956 -0.086518268795057404 0.0064962637595063783 -0.0085508896997737015 -0.50458484075064258 0.48885671361152788 15.378928572958168 1 CAMERA 1 60
69 1 0.99616182418075516 -0.086976070322484555 0.0084708101255559064 0.0050028603763787776 -1.1178782390510817 -0.26605450858674251 -6.5921082359374861 1 CAMERA 1 69
78 1 0.99602599388596147 -0.087588775839632815 0.0088266815423510957 -0.013509831358948989 0.23696249001270075 -0.15819572927986636 0.0089303748690321462 1 CAMERA 1 78
79 1 0.99600640210542946 -0.088685761712997677 0.008709673220914706 -0.0054976564796169409 0.2393508037149002 -0.1545495443378988 0.0059422611999777261 1 CAMERA 1 79
80 1 0.99590298562588309 -0.085986516095499441 0.0029554981270893156 0.027835719894254519 0.29812827008381465 -0.078636206594177735 1.282555571339959 1 CAMERA 1 80
81 1 0.9951411878265678 -0.070617993620114811 0.058208719071393307 0.036316116150613649 0.29677119727206691 -0.076273833830498114 1.2483545630546695 1 CAMERA 1 81
83 1 0.99601525039106364 -0.088164439376589882 0.0087847693031913587 -0.01017253390892838 0.25057968539017522 -0.14179155719913983 0.33197390529962356 1 CAMERA 1 83
84 1 0.99505910605517256 -0.073577272475234878 0.05699487711249842 0.034573753263380302 0.29694181425007504 -0.076965745769626087 1.2549444394833134 1 CAMERA 1 84
85 1 0.99537016275337509 -0.068359655925065682 0.057378123915014213 0.035678388950730708 0.29680601692747494 -0.076452609653746922 1.2499476458234564 1 CAMERA 1 85
86 1 0.99538361480604942 -0.083896393971101102 -0.00080448724787597972 0.04660694427395997 0.19203819005122871 0.27392267651151553 3.2820173792324261 1 CAMERA 1 86
89 1 0.95271253618277651 -0.077758749182116046 0.026478334612514916 -0.29255990518518121 0.83855290715569641 0.25595859722444297 -2.14856884432497 1 CAMERA 1 89
103 1 0.99266791498713414 -0.094872476554802868 -0.002940250388817402 0.074839686497908883 -1.4601399745610177 2.9260795776740784 -8.4919826561084779 1 CAMERA 1 103
