# Image list with two lines of data per image:
#   IMAGE_ID, QW, QX, QY, QZ, TX, TY, TZ, CAMERA_ID, NAME
#   POINTS2D[] as (X, Y, POINT3D_ID)
# Number of images: 12, mean observations per image: 2
60 0.99619238604157956 -0.086518268795057404 0.0064962637595063783 -0.0085508896997737015 -0.50458484075064258 0.48885671361152788 15.378928572958168 1 000059.png
114.88311767578125 87.106399536132812 -1 108.75137329101562 190.35081481933594 -1 170.85794067382812 136.68521118164062 -1 211.71858215332031 184.65704345703125 -1 56.693038940429688 137.5615234375 -1 174.79660034179688 237.37203979492188 -1 170.10502624511719 76.804008483886719 -1 170.10502624511719 76.804008483886719 -1 26.526046752929688 91.445564270019531 -1 153.4998779296875 176.0494384765625 -1 19.366718292236328 242.60554504394531 -1 26.526046752929688 91.445564270019531 -1 73.569091796875 177.45574951171875 -1 58.152957916259766 167.05213928222656 -1 170.31724548339844 213.48207092285156 -1 157.35227966308594 125.15028381347656 -1 148.65330505371094 235.41737365722656 -1 76.051467895507812 131.71145629882812 -1 60.197402954101562 197.00300598144531 -1 67.719284057617188 210.77580261230469 -1 60.197402954101562 197.00300598144531 -1 67.719284057617188 210.77580261230469 -1 8.862635612487793 94.573837280273438 -1 170.67250061035156 114.64810180664062 -1 172.36666870117188 167.26913452148438 -1 145.24057006835938 206.63871765136719 -1 36.0538330078125 103.6683349609375 -1 170.67250061035156 114.64810180664062 -1 172.36666870117188 167.26913452148438 -1 44.874061584472656 178.14540100097656 -1 41.001361846923828 127.20830535888672 -1 137.18275451660156 67.461097717285156 -1 36.573760986328125 91.222160339355469 -1 186.51693725585938 122.59717559814453 -1 106.42334747314453 155.74041748046875 -1 186.77555847167969 182.27490234375 -1 51.108901977539062 186.36502075195312 -1 59.252246856689453 190.52009582519531 -1 177.70957946777344 223.17729187011719 -1 180.2069091796875 248.86654663085938 -1 177.70957946777344 223.17729187011719 -1 59.252246856689453 190.52009582519531 -1 59.252246856689453 190.52009582519531 -1 36.573760986328125 91.222160339355469 -1 135.18849182128906 223.23062133789062 -1 177.021484375 179.61006164550781 -1 163.7021484375 244.07952880859375 -1 63.457786560058594 105.89102172851562 -1 133.95443725585938 136.48091125488281 -1 131.35133361816406 156.15632629394531 -1 171.92852783203125 183.92210388183594 -1 144.42002868652344 77.064369201660156 -1 176.68836975097656 158.96092224121094 -1 176.24777221679688 188.94261169433594 -1 192.16596984863281 116.46138000488281 -1 81.274459838867188 160.360107421875 -1 246.61381530761719 204.84049987792969 -1 36.087974548339844 221.79904174804688 -1 119.23173522949219 242.27098083496094 -1 36.087974548339844 221.79904174804688 -1 144.56159973144531 221.44656372070312 -1 171.92852783203125 183.92210388183594 -1 83.599006652832031 141.20973205566406 -1 14.464757919311523 155.67417907714844 -1 45.819953918457031 165.43621826171875 -1 169.25453186035156 178.09550476074219 -1 163.8311767578125 204.18363952636719 -1 52.694950103759766 120.4267578125 -1 240.53964233398438 195.54637145996094 -1 160.5447998046875 48.342758178710938 -1 146.97598266601562 42.625545501708984 -1 57.048538208007812 46.310581207275391 -1 124.36618041992188 154.82357788085938 -1 160.5447998046875 48.342758178710938 -1 144.98135375976562 67.533599853515625 -1 10.520238876342773 97.647132873535156 -1 140.97538757324219 121.58155822753906 -1 58.268878936767578 185.13652038574219 -1 62.778182983398438 181.71539306640625 -1 45.819953918457031 165.43621826171875 -1 10.520238876342773 97.647132873535156 -1 169.25453186035156 178.09550476074219 -1 58.268878936767578 185.13652038574219 -1 62.778182983398438 181.71539306640625 -1 187.19277954101562 173.73683166503906 -1 48.977470397949219 169.77507019042969 -1 57.048538208007812 46.310581207275391 -1 88.855964660644531 148.25128173828125 -1 32.553565979003906 82.019927978515625 -1 186.58161926269531 165.56260681152344 -1 181.80967712402344 170.60997009277344 -1 57.744216918945312 183.71424865722656 -1 77.155349731445312 152.64314270019531 -1 14.680810928344727 94.684211730957031 -1 161.45785522460938 53.768886566162109 -1 69.065864562988281 58.135932922363281 -1 18.517131805419922 82.263175964355469 -1 40.825912475585938 114.93817901611328 -1 19.70225715637207 126.98448181152344 -1 139.9185791015625 132.32347106933594 -1 31.229427337646484 142.47364807128906 -1 86.073471069335938 164.42961120605469 487 186.58161926269531 165.56260681152344 -1 190.29682922363281 169.728515625 -1 181.80967712402344 170.60997009277344 -1 47.716152191162109 175.1046142578125 -1 229.92512512207031 180.23187255859375 -1 57.744216918945312 183.71424865722656 -1 233.83587646484375 185.6368408203125 -1 163.14822387695312 186.30525207519531 -1 181.28253173828125 187.74125671386719 -1 156.39158630371094 195.33717346191406 -1 181.93312072753906 234.83732604980469 -1 190.64089965820312 245.03556823730469 -1 160.36619567871094 251.21405029296875 -1 165.45094299316406 251.33076477050781 -1 14.680810928344727 94.684211730957031 -1 69.065864562988281 58.135932922363281 -1 86.073471069335938 164.42961120605469 -1 53.678810119628906 125.02181243896484 -1 9.4749460220336914 154.90335083007812 -1 224.92776489257812 159.80790710449219 -1 54.382537841796875 184.49130249023438 -1 239.65669250488281 187.26203918457031 -1 243.99203491210938 192.70893859863281 -1 9.213322639465332 125.05854797363281 -1 247.43147277832031 196.87431335449219 -1 252.52085876464844 203.804931640625 -1 186.70198059082031 205.05369567871094 -1 131.52836608886719 219.48277282714844 -1 126.14287567138672 44.160758972167969 -1 228.89602661132812 164.24000549316406 -1 10.967288970947266 98.401168823242188 -1 34.693721771240234 99.585601806640625 -1 4.5490813255310059 100.00840759277344 -1 33.078372955322266 105.45085144042969 -1 53.574382781982422 170.57026672363281 -1 175.19297790527344 174.70030212402344 -1 43.130889892578125 132.91749572753906 -1 10.967288970947266 98.401168823242188 -1 9.213322639465332 125.05854797363281 -1 175.19297790527344 174.70030212402344 -1 143.47528076171875 45.577613830566406 -1 207.41215515136719 149.24632263183594 -1 241.21461486816406 194.11070251464844 -1 228.06715393066406 167.92396545410156 -1 208.50814819335938 146.86746215820312 -1 86.211166381835938 170.72071838378906 -1 216.95802307128906 162.16253662109375 -1 46.659713745117188 170.96788024902344 -1 227.20744323730469 170.95492553710938 -1 234.11589050292969 175.40882873535156 -1 231.18856811523438 176.36672973632812 -1 218.36598205566406 159.79403686523438 -1 188.25566101074219 177.24565124511719 -1 237.31657409667969 179.45230102539062 -1 8.3771038055419922 100.49334716796875 -1 249.35354614257812 194.0035400390625 -1 78.779243469238281 196.654541015625 -1 5.0003113746643066 166.73527526855469 -1 57.165225982666016 122.23139953613281 -1 132.27690124511719 44.649509429931641 -1 25.705141067504883 145.66082763671875 -1 203.92974853515625 144.46652221679688 -1 26.282941818237305 142.49971008300781 -1 84.988456726074219 135.39680480957031 -1 192.87722778320312 120.2584228515625 -1 58.076698303222656 118.46006011962891 -1 225.65013122558594 164.79634094238281 -1 39.462329864501953 93.548011779785156 -1 39.440261840820312 89.410316467285156 -1 21.504179000854492 85.1561279296875 -1 157.95220947265625 51.786994934082031 -1 157.95220947265625 51.786994934082031 -1 39.440261840820312 89.410316467285156 -1 5.0003113746643066 166.73527526855469 -1 253.57009887695312 199.58033752441406 -1 221.34835815429688 159.63604736328125 -1 5.4382600784301758 158.08428955078125 -1 211.64149475097656 154.92604064941406 -1 213.79550170898438 153.60194396972656 -1 13.750961303710938 151.83450317382812 -1 153.6593017578125 46.286701202392578 -1 232.24494934082031 169.33731079101562 -1 242.13824462890625 189.87663269042969 -1 
69 0.99616182418075516 -0.086976070322484555 0.0084708101255559064 0.0050028603763787776 -1.1178782390510817 -0.26605450858674251 -6.5921082359374861 1 000069.png
127.78558349609375 93.952095031738281 -1 124.79348754882812 178.66728210449219 -1 35.448932647705078 185.35104370117188 -1 35.448932647705078 185.35104370117188 -1 35.448932647705078 185.35104370117188 -1 185.31781005859375 141.24220275878906 -1 71.8585205078125 199.01536560058594 -1 57.3336181640625 90.54248046875 -1 61.279544830322266 138.87889099121094 -1 164.20001220703125 211.36869812011719 -1 31.529064178466797 91.143394470214844 -1 31.529064178466797 91.143394470214844 -1 29.199802398681641 213.50196838378906 -1 19.428155899047852 236.25534057617188 -1 43.387779235839844 127.82805633544922 -1 173.30819702148438 151.76730346679688 -1 75.139495849609375 177.0472412109375 -1 29.199802398681641 213.50196838378906 -1 19.428155899047852 236.25534057617188 -1 152.85574340820312 247.75117492675781 -1 64.821075439453125 164.39956665039062 -1 168.24862670898438 238.56181335449219 -1 112.33639526367188 144.65719604492188 -1 156.16363525390625 68.078834533691406 -1 40.580760955810547 103.70401763916016 -1 125.86446380615234 146.43310546875 -1 137.49285888671875 152.56013488769531 -1 115.32266235351562 166.65208435058594 -1 171.95005798339844 167.22198486328125 -1 164.50381469726562 178.00300598144531 -1 45.113002777099609 211.54193115234375 -1 174.4981689453125 224.13348388671875 -1 194.21534729003906 224.81974792480469 -1 177.86190795898438 250.22360229492188 -1 115.32266235351562 166.65208435058594 -1 137.49285888671875 152.56013488769531 -1 125.86446380615234 146.43310546875 -1 148.76274108886719 228.76557922363281 -1 196.22604370117188 245.67869567871094 -1 66.026527404785156 102.91645812988281 -1 182.97073364257812 120.90928649902344 -1 41.4749755859375 91.186897277832031 -1 199.41847229003906 118.78981781005859 -1 182.97073364257812 120.90928649902344 -1 149.72314453125 145.41757202148438 -1 41.4749755859375 91.186897277832031 -1 185.4334716796875 182.156005859375 -1 142.10195922851562 165.37168884277344 -1 175.46011352539062 179.71247863769531 -1 170.63523864746094 183.78573608398438 -1 59.377033233642578 186.67433166503906 -1 174.69319152832031 189.44367980957031 -1 83.631278991699219 204.11605834960938 -1 157.58233642578125 220.32595825195312 -1 83.631278991699219 204.11605834960938 -1 164.09950256347656 39.174472808837891 -1 157.58233642578125 220.32595825195312 -1 65.775070190429688 174.96885681152344 -1 181.44654846191406 46.512382507324219 -1 14.576414108276367 96.063453674316406 -1 89.537666320800781 147.76676940917969 -1 75.072883605957031 155.26751708984375 -1 181.44654846191406 46.512382507324219 -1 163.72706604003906 75.829025268554688 -1 28.653270721435547 78.433952331542969 -1 10.464226722717285 100.63699340820312 -1 58.771633148193359 176.46723937988281 -1 57.780502319335938 122.50399017333984 -1 23.994434356689453 127.37387847900391 -1 46.42291259765625 165.47540283203125 -1 49.584178924560547 169.59417724609375 -1 63.131015777587891 181.56803894042969 -1 46.42291259765625 165.47540283203125 -1 23.994434356689453 127.37387847900391 -1 60.779457092285156 43.536670684814453 -1 185.69026184082031 173.47544860839844 -1 164.45799255371094 66.203239440917969 -1 63.131015777587891 181.56803894042969 -1 77.441993713378906 206.35145568847656 -1 149.4512939453125 207.19340515136719 -1 179.50090026855469 236.19770812988281 -1 60.779457092285156 43.536670684814453 -1 155.86988830566406 155.54219055175781 -1 69.305900573730469 110.48274993896484 -1 58.494792938232422 183.65325927734375 -1 15.289388656616211 97.260025024414062 -1 39.214572906494141 99.634857177734375 -1 99.180130004882812 39.727878570556641 371 74.166877746582031 56.869438171386719 -1 23.938426971435547 82.101463317871094 -1 4.6525993347167969 99.082374572753906 -1 7.1382441520690918 137.27760314941406 -1 0.76500463485717773 150.87641906738281 -1 185.01237487792969 165.4111328125 -1 188.77861022949219 169.53805541992188 -1 54.706016540527344 169.62332153320312 -1 180.2960205078125 170.34039306640625 -1 156.06236267089844 183.49882507324219 -1 58.494792938232422 183.65325927734375 -1 179.8592529296875 187.73924255371094 -1 246.49493408203125 188.63327026367188 -1 189.87159729003906 249.46188354492188 -1 23.938426971435547 82.101463317871094 -1 15.289388656616211 97.260025024414062 -1 185.01237487792969 165.4111328125 -1 180.2960205078125 170.34039306640625 -1 10.299753189086914 160.40644836425781 -1 250.23184204101562 187.26541137695312 -1 45.244087219238281 114.64176940917969 -1 250.91716003417969 193.506591796875 -1 172.06442260742188 119.70961761474609 -1 47.545875549316406 135.72837829589844 -1 26.799776077270508 148.07415771484375 -1 38.62109375 148.68698120117188 -1 185.5955810546875 205.22232055664062 -1 154.78330993652344 209.35775756835938 -1 244.65464782714844 171.97152709960938 -1 48.546585083007812 174.57792663574219 -1 173.50570678710938 174.81442260742188 -1 55.052696228027344 184.16062927246094 -1 162.72001647949219 251.70063781738281 -1 9.0760707855224609 99.505119323730469 -1 62.161819458007812 124.44158935546875 -1 169.45161437988281 43.676521301269531 495 45.244087219238281 114.64176940917969 -1 173.50570678710938 174.81442260742188 -1 154.78330993652344 209.35775756835938 -1 247.87570190429688 184.49967956542969 -1 72.364433288574219 43.611019134521484 -1 18.987064361572266 95.188316345214844 -1 234.03471374511719 163.87513732910156 -1 229.76325988769531 166.25103759765625 -1 239.5343017578125 166.58102416992188 -1 57.415924072265625 167.00807189941406 -1 238.14743041992188 168.97557067871094 -1 237.45121765136719 172.07736206054688 -1 239.49601745605469 174.60418701171875 -1 186.84553527832031 177.0230712890625 -1 249.5235595703125 178.30511474609375 -1 240.79087829589844 179.86056518554688 -1 243.9632568359375 179.89689636230469 -1 222.24171447753906 153.16423034667969 -1 212.36761474609375 144.54942321777344 -1 6.5086631774902344 138.42268371582031 -1 49.237995147705078 137.83647155761719 -1 47.39111328125 132.54203796386719 -1 27.621015548706055 125.94084167480469 -1 13.488590240478516 125.07814788818359 -1 172.27767944335938 115.50643920898438 -1 241.06185913085938 172.23635864257812 -1 62.425945281982422 120.90559387207031 -1 42.993114471435547 109.38531494140625 -1 13.32680606842041 100.16898345947266 -1 46.949386596679688 92.852584838867188 -1 26.523015975952148 84.540489196777344 -1 177.50840759277344 44.633110046386719 -1 58.394424438476562 40.449119567871094 -1 26.523015975952148 84.540489196777344 -1 13.488590240478516 125.07814788818359 -1 57.415924072265625 167.00807189941406 -1 219.8946533203125 154.10369873046875 -1 63.573982238769531 157.2518310546875 -1 228.09147644042969 160.17283630371094 -1 250.99998474121094 183.80964660644531 -1 221.88777160644531 146.13037109375 -1 233.43630981445312 159.87054443359375 -1 30.447429656982422 145.62374877929688 -1 30.266458511352539 148.69392395019531 -1 26.456951141357422 81.830001831054688 -1 3.3719370365142822 102.07913208007812 -1 
78 0.99602599388596147 -0.087588775839632815 0.0088266815423510957 -0.013509831358948989 0.23696249001270075 -0.15819572927986636 0.0089303748690321462 1 000079.png
125.49501800537109 94.601959228515625 -1 40.972957611083984 175.37586975097656 -1 40.972957611083984 175.37586975097656 -1 191.34333801269531 152.00289916992188 -1 55.326728820800781 145.05970764160156 -1 84.407508850097656 170.31764221191406 -1 55.326728820800781 145.05970764160156 -1 47.988265991210938 70.33697509765625 -1 55.168670654296875 93.709846496582031 -1 73.285781860351562 206.09812927246094 -1 166.69662475585938 248.12576293945312 -1 107.8724365234375 144.554443359375 -1 42.160045623779297 126.83959197998047 -1 160.13673400878906 202.09306335449219 -1 40.509788513183594 211.42594909667969 -1 69.291389465332031 167.52104187011719 -1 86.356124877929688 192.1138916015625 -1 121.18824005126953 149.43788146972656 -1 144.9881591796875 195.431640625 -1 148.61729431152344 232.62919616699219 -1 22.075986862182617 243.51811218261719 -1 165.29388427734375 35.325145721435547 -1 120.621826171875 245.67959594726562 -1 154.26515197753906 68.120735168457031 -1 12.841492652893066 92.755699157714844 -1 40.137790679931641 103.21397399902344 -1 133.89739990234375 159.395751953125 -1 92.951942443847656 156.08091735839844 -1 110.950927734375 172.74043273925781 -1 79.896095275878906 223.12567138671875 -1 22.075986862182617 243.51811218261719 -1 79.896095275878906 223.12567138671875 -1 60.243709564208984 101.201416015625 -1 137.43995666503906 173.84376525878906 -1 168.72288513183594 157.31396484375 -1 183.19845581054688 122.71225738525391 -1 147.63990783691406 146.76376342773438 -1 199.48582458496094 130.86459350585938 -1 45.815593719482422 128.95027160644531 -1 183.19845581054688 122.71225738525391 -1 64.35931396484375 123.92772674560547 -1 41.419353485107422 90.44317626953125 -1 151.56831359863281 56.360179901123047 -1 127.15074920654297 236.29930114746094 -1 200.12144470214844 120.41847229003906 -1 83.790672302246094 149.61334228515625 -1 84.217147827148438 164.02732849121094 -1 152.957763671875 166.13258361816406 -1 60.300979614257812 174.20307922363281 -1 173.66984558105469 178.95814514160156 -1 156.55343627929688 223.11770629882812 -1 161.09288024902344 237.21577453613281 -1 149.833251953125 245.96099853515625 -1 153.85281372070312 154.10055541992188 -1 165.15036010742188 189.42266845703125 -1 183.37481689453125 45.362152099609375 -1 141.4703369140625 210.76652526855469 -1 166.77522277832031 179.58883666992188 -1 136.38066101074219 178.21757507324219 -1 156.19157409667969 177.88589477539062 -1 165.75355529785156 166.652587890625 -1 155.09152221679688 140.0126953125 -1 57.647304534912109 122.28787231445312 -1 173.70521545410156 117.24795532226562 -1 33.172267913818359 100.86763000488281 -1 10.162396430969238 99.67138671875 -1 150.18247985839844 204.40284729003906 -1 146.9061279296875 187.21591186523438 -1 136.38066101074219 178.21757507324219 -1 67.9669189453125 54.947883605957031 -1 67.9669189453125 54.947883605957031 -1 23.260416030883789 127.49776458740234 -1 63.406593322753906 113.76611328125 -1 39.027912139892578 99.100425720214844 -1 4.4965496063232422 98.06732177734375 -1 23.578346252441406 81.060379028320312 -1 233.46427917480469 173.34173583984375 -1 66.455329895019531 40.244716644287109 -1 176.95939636230469 167.57691955566406 -1 161.71188354492188 178.39631652832031 -1 248.0670166015625 191.11573791503906 -1 155.71757507324219 193.36082458496094 -1 145.40695190429688 203.40205383300781 -1 174.681396484375 171.68560791015625 -1 169.76606750488281 170.28904724121094 -1 62.710395812988281 168.10948181152344 -1 60.735965728759766 163.90684509277344 -1 8.3851814270019531 159.91046142578125 -1 38.634712219238281 147.46246337890625 -1 70.252120971679688 175.614013671875 -1 240.0869140625 167.15025329589844 -1 161.38739013671875 167.45700073242188 -1 67.447509765625 168.11955261230469 -1 230.03831481933594 168.24224853515625 -1 247.57528686523438 175.93026733398438 -1 252.86538696289062 182.22599792480469 -1 249.13505554199219 186.64913940429688 -1 251.53471374511719 189.41395568847656 -1 85.048881530761719 215.36224365234375 -1 65.5924072265625 216.69334411621094 -1 154.62850952148438 228.44139099121094 -1 70.487739562988281 181.65830993652344 -1 161.2493896484375 40.980373382568359 -1 8.9371147155761719 98.533729553222656 -1 37.086578369140625 105.07264709472656 -1 45.303310394287109 114.27060699462891 -1 70.090476989746094 128.80819702148438 -1 47.419582366943359 134.656005859375 -1 26.739158630371094 146.57058715820312 -1 162.93745422363281 157.27369689941406 -1 223.46987915039062 159.352294921875 -1 75.472198486328125 163.31767272949219 -1 173.35078430175781 163.60650634765625 -1 37.086578369140625 105.07264709472656 -1 45.303310394287109 114.27060699462891 -1 75.472198486328125 163.31767272949219 -1 161.38739013671875 167.45700073242188 487 85.048881530761719 215.36224365234375 -1 30.295976638793945 144.36386108398438 -1 248.70155334472656 181.65986633300781 -1 252.2928466796875 185.95526123046875 -1 74.834060668945312 186.25225830078125 -1 40.902172088623047 222.14315795898438 -1 212.47378540039062 144.98429870605469 -1 215.08673095703125 148.06385803222656 -1 242.88838195800781 178.90827941894531 -1 47.584468841552734 131.39262390136719 -1 58.581817626953125 126.42845153808594 -1 27.281499862670898 125.40676116943359 -1 61.707523345947266 124.03012084960938 -1 58.287609100341797 123.710205078125 -1 172.00495910644531 122.63858032226562 -1 72.933853149414062 179.69793701171875 -1 42.561843872070312 108.92765808105469 -1 12.897976875305176 99.070533752441406 -1 15.811471939086914 97.553581237792969 -1 46.951309204101562 92.141448974609375 -1 30.202266693115234 147.06568908691406 -1 220.10690307617188 150.77963256835938 -1 18.830095291137695 152.91239929199219 -1 40.1041259765625 110.23166656494141 -1 227.86387634277344 153.42079162597656 -1 226.08460998535156 157.95997619628906 494 72.363845825195312 147.01766967773438 -1 57.593559265136719 169.12788391113281 -1 239.70338439941406 171.17178344726562 -1 242.81153869628906 170.77229309082031 -1 179.10171508789062 172.03875732421875 -1 15.811471939086914 97.553581237792969 -1 241.82492065429688 173.61924743652344 -1 244.65994262695312 176.82907104492188 -1 5.4018564224243164 137.96041870117188 -1 67.416229248046875 117.03491973876953 -1 231.30230712890625 157.56834411621094 -1 222.69137573242188 154.08734130859375 -1 165.28768920898438 172.93998718261719 -1 165.28768920898438 172.93998718261719 -1 
79 0.99600640210542946 -0.088685761712997677 0.008709673220914706 -0.0054976564796169409 0.2393508037149002 -0.1545495443378988 0.0059422611999777261 1 000077.png
125.27085113525391 95.087005615234375 -1 119.81889343261719 184.36494445800781 -1 39.527477264404297 176.97532653808594 -1 39.527477264404297 176.97532653808594 -1 55.58056640625 144.05793762207031 -1 84.066688537597656 169.36116027832031 -1 55.58056640625 144.05793762207031 -1 48.142677307128906 70.210403442382812 -1 55.005725860595703 93.797966003417969 -1 72.607841491699219 206.32673645019531 -1 108.00775909423828 147.50471496582031 -1 144.0345458984375 195.45266723632812 -1 160.15045166015625 202.35908508300781 -1 39.381061553955078 211.76686096191406 -1 54.018932342529297 54.033790588378906 -1 44.087577819824219 128.16650390625 -1 198.453857421875 132.99752807617188 -1 66.19158935546875 151.34695434570312 -1 122.19427490234375 150.17698669433594 -1 67.961441040039062 166.94229125976562 -1 86.874557495117188 192.34318542480469 -1 78.709678649902344 224.81288146972656 -1 148.00416564941406 232.87164306640625 -1 119.20595550537109 241.43531799316406 -1 167.57211303710938 247.88014221191406 -1 164.48724365234375 36.313201904296875 -1 154.08546447753906 68.845588684082031 -1 12.572303771972656 92.780860900878906 -1 39.970386505126953 103.24639892578125 -1 134.47909545898438 157.81045532226562 -1 111.61400604248047 173.05076599121094 -1 130.330078125 245.65524291992188 -1 130.330078125 245.65524291992188 -1 20.400789260864258 243.62612915039062 -1 182.65046691894531 122.88964080810547 -1 84.941329956054688 163.08531188964844 -1 41.136165618896484 90.528549194335938 -1 199.71621704101562 120.95853424072266 -1 182.65046691894531 122.88964080810547 -1 148.01490783691406 146.65522766113281 -1 168.47007751464844 157.17642211914062 -1 138.35525512695312 173.53472900390625 -1 138.35525512695312 173.53472900390625 -1 182.36967468261719 45.824005126953125 -1 164.25909423828125 67.373100280761719 -1 84.470481872558594 149.37742614746094 -1 153.44509887695312 165.90939331054688 -1 155.48373413085938 177.30381774902344 -1 173.95063781738281 178.99586486816406 -1 165.43998718261719 189.665771484375 -1 141.49607849121094 207.07469177246094 -1 161.37309265136719 237.41485595703125 -1 149.98800659179688 245.90496826171875 -1 156.24673461914062 222.49015808105469 -1 14.333815574645996 95.349418640136719 -1 154.0399169921875 153.95184326171875 -1 166.94821166992188 179.14251708984375 -1 65.174232482910156 122.50823974609375 -1 155.38491821289062 138.47677612304688 -1 165.89100646972656 166.056396484375 -1 59.25482177734375 173.77134704589844 -1 74.27374267578125 175.04560852050781 -1 137.10054016113281 178.3114013671875 -1 6.7688803672790527 137.24966430664062 -1 69.560012817382812 185.21481323242188 -1 57.500507354736328 122.30592346191406 -1 147.1214599609375 186.82945251464844 -1 149.3853759765625 204.21963500976562 -1 137.10054016113281 178.3114013671875 -1 14.333815574645996 95.349418640136719 -1 9.8539142608642578 99.493415832519531 -1 23.09138298034668 127.80576324462891 -1 7.9193439483642578 159.90985107421875 -1 59.406513214111328 163.82952880859375 -1 177.61994934082031 167.59616088867188 -1 61.432018280029297 168.04685974121094 -1 170.25442504882812 170.18679809570312 -1 175.26582336425781 171.70198059082031 -1 69.212867736816406 175.88211059570312 -1 161.49507141113281 178.15292358398438 -1 156.27778625488281 178.8973388671875 -1 246.71678161621094 191.04405212402344 -1 154.58308410644531 193.73568725585938 -1 152.25703430175781 197.86793518066406 -1 152.25703430175781 197.86793518066406 -1 68.26898193359375 55.571613311767578 -1 23.131628036499023 80.973434448242188 -1 133.41647338867188 183.12886047363281 -1 68.26898193359375 55.571613311767578 -1 23.131628036499023 80.973434448242188 -1 38.90789794921875 99.100303649902344 -1 63.397144317626953 105.77674865722656 -1 12.498083114624023 124.37876892089844 -1 70.056098937988281 128.91293334960938 -1 47.127632141113281 134.65705871582031 -1 72.247291564941406 146.69927978515625 -1 12.358113288879395 156.95257568359375 -1 75.686271667480469 162.75596618652344 -1 45.323650360107422 114.45948791503906 -1 12.498083114624023 124.37876892089844 -1 66.092704772949219 167.07447814941406 -1 72.3369140625 180.53720092773438 -1 252.89653015136719 192.81546020507812 -1 251.62168884277344 182.24569702148438 -1 75.686271667480469 162.75596618652344 -1 250.43104553222656 189.61402893066406 -1 69.211067199707031 182.43487548828125 -1 85.059768676757812 215.80036926269531 -1 243.9249267578125 181.51243591308594 -1 63.994857788085938 217.4886474609375 -1 38.408500671386719 147.36175537109375 -1 38.493816375732422 137.91279602050781 -1 45.323650360107422 114.45948791503906 -1 37.010677337646484 105.09680938720703 -1 66.973159790039062 41.056190490722656 -1 161.24478149414062 41.666122436523438 -1 4.515284538269043 98.301643371582031 -1 8.8671464920043945 98.595947265625 -1 37.010677337646484 105.09680938720703 -1 64.052330017089844 114.14505004882812 -1 25.276269912719727 83.973617553710938 -1 46.543624877929688 92.235076904296875 -1 12.717684745788574 99.042594909667969 -1 33.582473754882812 104.96153259277344 -1 42.513755798339844 108.95244598388672 -1 39.893314361572266 110.43611907958984 -1 171.61550903320312 122.81100463867188 -1 58.176933288574219 123.77469635009766 -1 61.571063995361328 124.05523681640625 -1 58.412849426269531 126.47303009033203 -1 167.93672180175781 127.51925659179688 -1 55.024028778076172 129.03671264648438 -1 241.53157043457031 178.80239868164062 -1 245.86811828613281 179.59416198730469 -1 247.43696594238281 181.65530395507812 -1 251.02577209472656 185.92849731445312 -1 154.39706420898438 201.37107849121094 -1 39.987262725830078 222.2393798828125 -1 166.44776916503906 232.887939453125 -1 174.19886779785156 163.38568115234375 -1 223.4498291015625 160.14564514160156 -1 154.304931640625 228.0338134765625 -1 229.73101806640625 167.84089660644531 -1 239.53619384765625 168.17216491699219 -1 241.45571899414062 174.59645080566406 -1 56.167366027832031 169.12332153320312 -1 235.0115966796875 170.64012145996094 -1 238.11885070800781 170.54100036621094 -1 179.61395263671875 172.05473327636719 -1 242.54071044921875 171.90315246582031 -1 237.32933044433594 173.5418701171875 -1 221.94480895996094 158.09272766113281 -1 233.06877136230469 161.11079406738281 -1 246.40164184570312 176.29136657714844 -1 239.98963928222656 176.99424743652344 -1 243.44810485839844 176.87945556640625 -1 19.411928176879883 155.50566101074219 -1 226.5745849609375 153.14253234863281 -1 18.414028167724609 152.98776245117188 -1 26.393054962158203 146.90420532226562 -1 211.59477233886719 145.20230102539062 -1 27.04774284362793 125.49351501464844 -1 39.893314361572266 110.43611907958984 -1 228.06585693359375 161.85920715332031 494 27.04774284362793 125.49351501464844 -1 56.167366027832031 169.12332153320312 -1 233.94920349121094 165.42306518554688 -1 161.43232727050781 166.92543029785156 487 174.19886779785156 163.38568115234375 -1 3.7265443801879883 132.79763793945312 -1 236.24197387695312 168.16395568847656 -1 221.90374755859375 154.32505798339844 -1 237.02598571777344 165.61740112304688 -1 
80 0.99590298562588309 -0.085986516095499441 0.0029554981270893156 0.027835719894254519 0.29812827008381465 -0.078636206594177735 1.282555571339959 1 000082.png
125.96225738525391 93.629570007324219 -1 42.470054626464844 172.85702514648438 -1 42.470054626464844 172.85702514648438 -1 191.46675109863281 153.16964721679688 -1 48.059211730957031 69.428230285644531 -1 53.79010009765625 148.1905517578125 -1 53.79010009765625 148.1905517578125 -1 55.033863067626953 94.072303771972656 -1 158.07160949707031 209.21578979492188 -1 192.17861938476562 34.2872314453125 -1 42.065711975097656 211.46244812011719 -1 192.17861938476562 34.2872314453125 -1 166.10459899902344 247.2308349609375 -1 192.17861938476562 34.2872314453125 -1 54.325218200683594 50.320018768310547 -1 160.4920654296875 198.98905944824219 -1 145.12020874023438 195.51251220703125 -1 120.85137939453125 149.46968078613281 -1 154.72006225585938 67.534500122070312 -1 39.720611572265625 103.19172668457031 -1 199.58177185058594 132.90324401855469 -1 92.537315368652344 156.39581298828125 -1 103.34994506835938 160.13705444335938 -1 133.41041564941406 159.42811584472656 -1 148.486572265625 232.6988525390625 -1 24.721590042114258 243.467041015625 -1 12.598043441772461 92.739921569824219 -1 24.721590042114258 243.467041015625 -1 103.34994506835938 160.13705444335938 -1 103.34994506835938 160.13705444335938 -1 168.57907104492188 230.87747192382812 -1 45.454444885253906 129.08146667480469 -1 168.8382568359375 157.23963928222656 -1 137.17474365234375 173.66508483886719 -1 80.965774536132812 221.05949401855469 -1 164.80766296386719 35.534145355224609 -1 147.62171936035156 146.79412841796875 -1 186.28317260742188 241.41361999511719 -1 141.46408081054688 246.05741882324219 -1 80.965774536132812 221.05949401855469 -1 199.7750244140625 120.94143676757812 -1 150.70358276367188 55.869770050048828 -1 64.280357360839844 123.97474670410156 -1 40.739387512207031 90.5806884765625 -1 61.776588439941406 173.76866149902344 -1 83.786880493164062 150.17369079589844 -1 153.71992492675781 154.34233093261719 -1 84.365509033203125 164.86843872070312 -1 72.411697387695312 224.72357177734375 -1 134.25321960449219 226.65562438964844 -1 172.91122436523438 178.94833374023438 -1 184.01136779785156 45.519767761230469 -1 174.73843383789062 117.046142578125 -1 164.26651000976562 189.44906616210938 -1 165.05372619628906 66.664222717285156 -1 147.69694519042969 38.654071807861328 -1 14.486383438110352 95.475799560546875 -1 9.9692602157592773 99.481094360351562 -1 57.496147155761719 122.38644409179688 -1 6.5255084037780762 137.76139831542969 -1 154.98060607910156 141.04853820800781 -1 156.16752624511719 177.08872985839844 -1 146.79351806640625 187.32101440429688 -1 77.846168518066406 33.953109741210938 349 152.90631103515625 166.41787719726562 -1 160.45730590820312 237.21847534179688 -1 166.09776306152344 179.90707397460938 -1 155.69303894042969 223.474365234375 -1 22.85273551940918 127.08887481689453 -1 141.94609069824219 210.93023681640625 -1 148.99652099609375 246.00570678710938 -1 14.486383438110352 95.475799560546875 -1 150.76486206054688 203.54440307617188 -1 22.85273551940918 127.08887481689453 -1 8.3691329956054688 159.90577697753906 -1 63.397468566894531 163.350830078125 -1 64.927436828613281 167.74748229980469 -1 72.661598205566406 170.04512023925781 -1 168.81979370117188 170.34918212890625 -1 173.42951965332031 171.5712890625 -1 161.27838134765625 178.4405517578125 -1 247.77079772949219 191.05030822753906 -1 155.73580932617188 193.47969055175781 -1 67.885223388671875 52.234714508056641 -1 23.190406799316406 81.141448974609375 -1 15.968428611755371 115.88816070556641 -1 205.16773986816406 120.86224365234375 -1 63.397468566894531 163.350830078125 -1 67.885223388671875 52.234714508056641 -1 23.190406799316406 81.141448974609375 -1 4.4937334060668945 98.061294555664062 -1 38.822933197021484 99.142959594726562 -1 63.406524658203125 113.9564208984375 -1 15.968428611755371 115.88816070556641 -1 205.16773986816406 120.86224365234375 -1 38.620594024658203 147.47279357910156 -1 161.21650695800781 40.405746459960938 -1 47.317474365234375 134.70077514648438 -1 81.878273010253906 141.14106750488281 -1 26.677705764770508 146.77171325683594 -1 12.817490577697754 156.94612121582031 -1 163.01686096191406 157.3580322265625 -1 160.80216979980469 167.89909362792969 487 244.90969848632812 181.73342895507812 -1 252.62088012695312 182.51596069335938 -1 157.82577514648438 183.85652160644531 -1 36.746829986572266 105.02814483642578 -1 69.666694641113281 166.67900085449219 -1 84.716911315917969 215.08526611328125 -1 84.716911315917969 215.08526611328125 -1 160.80216979980469 167.89909362792969 -1 71.860977172851562 175.29512023925781 -1 83.190032958984375 206.79338073730469 -1 66.959320068359375 38.366996765136719 -1 81.878273010253906 141.14106750488281 -1 8.933934211730957 98.532432556152344 -1 36.746829986572266 105.02814483642578 -1 26.572917938232422 125.74948883056641 -1 71.860977172851562 175.29512023925781 -1 71.860977172851562 175.29512023925781 -1 83.190032958984375 206.79338073730469 -1 67.331954956054688 116.92115783691406 -1 58.020294189453125 123.91290283203125 -1 58.393779754638672 126.64154052734375 -1 69.675491333007812 130.06776428222656 -1 71.986076354980469 147.86932373046875 -1 67.025543212890625 216.569580078125 -1 37.847274780273438 223.15074157714844 -1 164.85063171386719 232.22880554199219 -1 172.15634155273438 163.34861755371094 -1 67.103408813476562 164.61979675292969 -1 75.61431884765625 179.76860046386719 -1 72.210014343261719 165.19032287597656 -1 237.25381469726562 164.71272277832031 -1 229.46755981445312 167.26849365234375 -1 35.016288757324219 80.849281311035156 -1 239.63043212890625 167.45529174804688 -1 175.20858764648438 168.58743286132812 -1 238.287353515625 170.02384948730469 -1 235.39407348632812 170.31533813476562 -1 242.48809814453125 170.97280883789062 -1 177.59146118164062 171.78044128417969 -1 237.66419982910156 173.21812438964844 -1 74.830467224121094 173.70896911621094 -1 241.48075866699219 173.77098083496094 -1 241.08961486816406 177.26106262207031 -1 244.43147277832031 177.11473083496094 -1 247.42388916015625 176.70925903320312 -1 242.55438232421875 179.069580078125 -1 248.46000671386719 181.94599914550781 -1 234.01893615722656 164.50736999511719 -1 233.49072265625 160.76417541503906 -1 231.04617309570312 164.83158874511719 -1 228.14131164550781 161.11492919921875 -1 223.82658386230469 159.57630920410156 -1 223.85987854003906 156.08708190917969 -1 224.39756774902344 153.06234741210938 -1 18.838308334350586 153.02102661132812 -1 25.242834091186523 83.964195251464844 -1 74.830467224121094 173.70896911621094 -1 236.55567932128906 167.71881103515625 -1 25.242834091186523 83.964195251464844 -1 12.786431312561035 98.982757568359375 -1 42.285480499267578 108.9263916015625 -1 252.03866577148438 186.195068359375 -1 160.64820861816406 194.89096069335938 -1 154.69337463378906 202.79318237304688 -1 81.643669128417969 213.85113525390625 -1 221.76054382324219 157.32240295410156 -1 4.8670539855957031 138.41352844238281 -1 54.539508819580078 126.77582550048828 -1 221.88880920410156 153.78048706054688 -1 223.91914367675781 149.5462646484375 -1 30.201663970947266 147.15190124511719 -1 
81 0.9951411878265678 -0.070617993620114811 0.058208719071393307 0.036316116150613649 0.29677119727206691 -0.076273833830498114 1.2483545630546695 1 000083.png
126.05121612548828 93.651817321777344 -1 42.527145385742188 172.84916687011719 -1 42.527145385742188 172.84916687011719 -1 191.37107849121094 153.20777893066406 -1 48.107048034667969 69.599372863769531 -1 54.110847473144531 147.52534484863281 -1 54.110847473144531 147.52534484863281 -1 55.06353759765625 93.379226684570312 -1 74.277381896972656 206.22901916503906 -1 158.04464721679688 209.26023864746094 -1 107.47207641601562 145.36172485351562 -1 191.98771667480469 34.440433502197266 -1 159.39521789550781 203.62937927246094 -1 191.98771667480469 34.440433502197266 -1 41.487022399902344 211.489013671875 -1 166.10205078125 247.91644287109375 -1 191.98771667480469 34.440433502197266 -1 121.03667449951172 149.38739013671875 -1 145.75663757324219 195.75160217285156 -1 160.37983703613281 199.26025390625 -1 39.791343688964844 103.44707489013672 -1 92.651527404785156 156.46070861816406 -1 103.32539367675781 160.19642639160156 -1 133.50889587402344 159.57191467285156 -1 148.38462829589844 233.10673522949219 -1 24.138809204101562 244.23640441894531 -1 154.97625732421875 67.439598083496094 -1 103.32539367675781 160.19642639160156 -1 24.138809204101562 244.23640441894531 -1 45.283172607421875 129.16810607910156 -1 147.70204162597656 146.73637390136719 -1 64.324935913085938 124.05657958984375 -1 199.78077697753906 121.00479888916016 -1 40.770221710205078 90.870452880859375 -1 150.71089172363281 55.738365173339844 -1 164.86764526367188 35.530136108398438 -1 80.829010009765625 221.7762451171875 -1 80.829010009765625 221.7762451171875 -1 60.843830108642578 174.39332580566406 -1 137.43917846679688 173.44534301757812 -1 168.81732177734375 157.27980041503906 -1 141.41741943359375 211.45085144042969 -1 73.08056640625 225.59796142578125 -1 134.24734497070312 226.5736083984375 -1 155.65817260742188 223.77388000488281 -1 164.27552795410156 189.42005920410156 -1 172.94621276855469 178.99600219726562 -1 184.03036499023438 45.501911163330078 -1 165.07585144042969 66.626235961914062 -1 83.914176940917969 150.60981750488281 -1 153.80314636230469 154.41651916503906 -1 84.436691284179688 164.86532592773438 -1 6.5271525382995605 137.76248168945312 -1 22.852762222290039 127.09548187255859 -1 57.450386047363281 122.43286895751953 -1 14.38612174987793 96.00140380859375 -1 35.936805725097656 80.470985412597656 -1 77.622413635253906 33.966670989990234 349 166.10099792480469 180.00149536132812 -1 150.87272644042969 203.4296875 -1 159.95726013183594 237.95095825195312 -1 156.22567749023438 176.93644714355469 -1 22.852762222290039 127.09548187255859 -1 14.38612174987793 96.00140380859375 -1 70.274711608886719 123.86533355712891 -1 148.98667907714844 246.37870788574219 -1 146.91416931152344 187.26622009277344 -1 156.22567749023438 176.93644714355469 -1 155.08625793457031 141.01089477539062 -1 63.498844146728516 106.43358612060547 -1 38.668182373046875 147.44221496582031 -1 8.3691329956054688 159.90577697753906 -1 63.485919952392578 163.26925659179688 -1 64.965843200683594 167.68009948730469 -1 72.749267578125 169.86395263671875 -1 168.80386352539062 170.41029357910156 -1 173.43287658691406 171.57563781738281 -1 161.29649353027344 178.43156433105469 -1 247.52326965332031 191.66386413574219 -1 155.79104614257812 193.43843078613281 -1 68.043785095214844 52.180290222167969 -1 15.970017433166504 115.84128570556641 -1 63.485919952392578 163.26925659179688 -1 68.043785095214844 52.180290222167969 -1 23.085941314697266 81.162162780761719 -1 38.792285919189453 99.396125793457031 -1 63.358715057373047 114.15435028076172 -1 15.970017433166504 115.84128570556641 -1 26.587284088134766 125.65821075439453 -1 26.684909820556641 146.77772521972656 -1 12.817490577697754 156.94612121582031 -1 8.6456737518310547 99.037796020507812 -1 163.05955505371094 157.39677429199219 -1 172.08193969726562 163.40779113769531 -1 69.662200927734375 166.77217102050781 -1 160.84674072265625 167.96723937988281 -1 71.931404113769531 175.29859924316406 -1 247.43719482421875 176.91044616699219 -1 84.81207275390625 215.12417602539062 -1 66.851119995117188 217.71615600585938 -1 161.22276306152344 40.381973266601562 -1 4.3587131500244141 98.796180725097656 -1 244.92538452148438 182.41256713867188 -1 36.733966827392578 105.2510986328125 -1 45.379379272460938 115.37905120849609 -1 67.667579650878906 116.92362976074219 -1 252.71849060058594 183.10649108886719 -1 70.001968383789062 130.42230224609375 -1 85.165023803710938 140.67308044433594 -1 81.781929016113281 141.47773742675781 -1 47.469024658203125 134.68527221679688 -1 36.733966827392578 105.2510986328125 -1 81.781929016113281 141.47773742675781 -1 160.84674072265625 167.96723937988281 487 71.931404113769531 175.29859924316406 -1 71.931404113769531 175.29859924316406 -1 84.81207275390625 215.12417602539062 -1 66.49713134765625 38.256553649902344 -1 58.394737243652344 126.641357421875 -1 237.36416625976562 165.34059143066406 -1 58.020336151123047 123.91294860839844 -1 75.617080688476562 179.76458740234375 -1 157.89529418945312 183.81759643554688 -1 83.265998840332031 206.76593017578125 -1 72.387077331542969 165.32296752929688 -1 229.49755859375 167.73899841308594 -1 236.53581237792969 168.19612121582031 -1 239.55415344238281 167.93357849121094 -1 228.24482727050781 161.73094177246094 494 238.28169250488281 170.55047607421875 -1 235.38053894042969 170.79238891601562 -1 242.66459655761719 171.39912414550781 -1 177.59037780761719 171.75297546386719 -1 161.41566467285156 173.00630187988281 -1 74.90350341796875 173.67623901367188 -1 237.58792114257812 173.58074951171875 -1 241.47370910644531 174.27699279785156 -1 244.46261596679688 177.77548217773438 -1 248.38551330566406 182.45204162597656 -1 252.02745056152344 186.79365539550781 -1 154.7239990234375 202.73979187011719 -1 223.5435791015625 160.20803833007812 -1 221.98715209960938 158.16319274902344 -1 11.465123176574707 96.621070861816406 -1 18.838308334350586 153.02102661132812 -1 72.078094482421875 148.29438781738281 -1 210.94464111328125 144.13186645507812 -1 39.591625213623047 83.520240783691406 -1 25.240175247192383 83.963127136230469 -1 161.41566467285156 173.00630187988281 -1 74.90350341796875 173.67623901367188 -1 73.076828002929688 152.68450927734375 -1 25.240175247192383 83.963127136230469 -1 12.4964599609375 99.479217529296875 -1 34.443340301513672 100.92414093017578 -1 33.473953247070312 105.33196258544922 -1 42.171363830566406 109.08885192871094 -1 172.5198974609375 122.87439727783203 -1 81.630790710449219 213.99478149414062 -1 202.57218933105469 38.990341186523438 -1 81.630790710449219 213.99478149414062 -1 4.8670539855957031 138.41352844238281 -1 30.278488159179688 147.16305541992188 -1 54.539516448974609 126.77583312988281 -1 
83 0.99601525039106364 -0.088164439376589882 0.0087847693031913587 -0.01017253390892838 0.25057968539017522 -0.14179155719913983 0.33197390529962356 1 000078.png
125.46953582763672 94.906364440917969 -1 119.96370697021484 185.02001953125 -1 40.183986663818359 176.4163818359375 -1 40.183986663818359 176.4163818359375 -1 191.27153015136719 151.63107299804688 -1 55.595260620117188 144.54216003417969 -1 84.225341796875 169.90008544921875 -1 55.595260620117188 144.54216003417969 -1 48.13311767578125 70.545501708984375 -1 55.183807373046875 94.13330078125 -1 72.947410583496094 206.35978698730469 -1 144.68878173828125 195.51374816894531 -1 167.19316101074219 248.13763427734375 -1 40.247509002685547 211.4381103515625 -1 160.23930358886719 203.03480529785156 -1 107.04808807373047 147.47579956054688 -1 42.131172180175781 127.02703857421875 -1 53.898899078369141 54.470424652099609 -1 121.65693664550781 149.5106201171875 -1 134.10177612304688 158.13067626953125 -1 68.677818298339844 166.98130798339844 -1 86.780021667480469 192.31329345703125 -1 66.208534240722656 151.29335021972656 -1 148.6534423828125 232.82528686523438 -1 79.426773071289062 224.78070068359375 -1 165.24009704589844 35.569881439208984 -1 120.46382904052734 245.47886657714844 -1 21.21406364440918 243.11965942382812 -1 111.14366149902344 172.78117370605469 -1 93.163299560546875 156.44842529296875 -1 40.148670196533203 103.21086120605469 -1 12.890292167663574 92.781387329101562 -1 21.21406364440918 243.11965942382812 -1 154.14997863769531 68.165443420410156 -1 45.556941986083984 128.91999816894531 -1 199.35989379882812 130.91372680664062 -1 183.22019958496094 122.63787078857422 -1 41.418701171875 90.447624206542969 -1 84.532943725585938 163.49749755859375 -1 147.73594665527344 146.80978393554688 -1 168.68415832519531 157.36933898925781 -1 200.12654113769531 120.41973114013672 -1 186.209228515625 241.09696960449219 -1 183.22019958496094 122.63787078857422 -1 137.93563842773438 173.83723449707031 -1 156.39987182617188 222.84611511230469 -1 150.30496215820312 245.86749267578125 -1 182.98292541503906 45.448600769042969 -1 151.88734436035156 56.546134948730469 -1 161.37832641601562 237.24392700195312 -1 164.33132934570312 66.873100280761719 -1 84.0064697265625 149.86515808105469 -1 153.86700439453125 153.92950439453125 -1 173.88029479980469 179.04884338378906 -1 165.32978820800781 189.91510009765625 -1 141.60475158691406 208.90910339355469 -1 155.16604614257812 139.54046630859375 -1 57.641838073730469 122.28691101074219 -1 173.61897277832031 117.41757965087891 -1 33.188159942626953 100.89295196533203 -1 10.178299903869629 99.676826477050781 -1 148.61396789550781 39.485782623291016 -1 165.88388061523438 166.45304870605469 -1 60.058815002441406 173.7215576171875 -1 74.428291320800781 174.94953918457031 -1 136.71197509765625 178.44660949707031 -1 167.05580139160156 179.31251525878906 -1 147.32984924316406 187.07192993164062 -1 80.184890747070312 218.14022827148438 -1 136.71197509765625 178.44660949707031 -1 149.68368530273438 204.77401733398438 -1 80.184890747070312 218.14022827148438 -1 65.192543029785156 122.53388214111328 -1 63.240474700927734 105.49490356445312 -1 23.267019271850586 127.7606201171875 -1 38.663398742675781 147.44319152832031 -1 60.121574401855469 163.74308776855469 -1 177.35745239257812 167.62310791015625 -1 62.174964904785156 168.05137634277344 -1 169.99063110351562 170.21730041503906 -1 175.01744079589844 171.76698303222656 -1 69.844284057617188 175.76455688476562 -1 156.62925720214844 178.89193725585938 -1 133.080810546875 183.43629455566406 -1 166.29405212402344 186.81655883789062 -1 247.72608947753906 191.24920654296875 -1 152.52961730957031 198.53172302246094 -1 145.16639709472656 203.63246154785156 -1 67.895431518554688 55.312122344970703 -1 161.72059631347656 178.37811279296875 -1 97.714363098144531 36.346759796142578 -1 130.35565185546875 37.480293273925781 -1 67.895431518554688 55.312122344970703 -1 23.637195587158203 81.128974914550781 -1 4.4892678260803223 98.089630126953125 -1 39.028572082519531 99.101150512695312 -1 63.861896514892578 114.02653503417969 -1 37.087177276611328 105.07312774658203 -1 45.309738159179688 114.267333984375 -1 70.055458068847656 128.91305541992188 -1 26.678554534912109 146.77249145507812 -1 85.20599365234375 216.05390930175781 -1 63.806835174560547 165.29588317871094 -1 66.726638793945312 166.7076416015625 -1 229.98287963867188 168.26570129394531 -1 244.90927124023438 181.73316955566406 -1 154.00726318359375 232.86201477050781 -1 69.829216003417969 182.45550537109375 -1 47.501998901367188 134.65185546875 -1 66.552154541015625 182.93955993652344 -1 164.736572265625 174.42068481445312 -1 252.62088012695312 182.51596069335938 -1 154.7569580078125 228.46270751953125 -1 158.73501586914062 183.30278015136719 -1 162.95091247558594 157.34573364257812 -1 251.52464294433594 189.98260498046875 -1 79.203170776367188 40.377819061279297 -1 66.989532470703125 40.804943084716797 -1 161.23843383789062 41.149028778076172 -1 8.9428253173828125 98.535903930664062 -1 38.986179351806641 137.88789367675781 -1 164.736572265625 174.42068481445312 -1 37.087177276611328 105.07312774658203 -1 45.309738159179688 114.267333984375 -1 42.557559967041016 108.92681121826172 -1 172.00820922851562 122.62844085693359 -1 58.287639617919922 123.7105712890625 -1 61.702426910400391 124.03337097167969 -1 27.289802551269531 125.50938415527344 -1 47.409965515136719 131.6158447265625 -1 252.03861999511719 186.19500732421875 -1 74.846534729003906 186.8966064453125 -1 154.64256286621094 202.41630554199219 -1 166.41622924804688 232.78501892089844 -1 72.363967895507812 147.01783752441406 -1 234.49369812011719 161.57156372070312 -1 58.585239410400391 126.42731475830078 -1 75.565841674804688 162.85365295410156 -1 173.94773864746094 163.39825439453125 -1 235.16011047363281 165.63070678710938 -1 238.33143615722656 165.84402465820312 -1 161.32118225097656 167.32763671875 487 233.48545837402344 167.77296447753906 -1 237.55795288085938 168.71241760253906 -1 73.158432006835938 169.86085510253906 -1 239.3565673828125 171.06588745117188 -1 242.43133544921875 170.89390563964844 -1 236.39360046386719 171.31440734863281 -1 179.33966064453125 172.06307983398438 -1 238.62081909179688 174.14053344726562 -1 241.54010009765625 173.82196044921875 -1 231.41011047363281 157.89547729492188 -1 241.04104614257812 177.2559814453125 -1 244.43183898925781 177.11506652832031 -1 247.42388916015625 176.70925903320312 -1 72.790885925292969 180.39891052246094 -1 248.46000671386719 181.94599914550781 -1 18.844297409057617 153.02308654785156 -1 215.08673095703125 148.06385803222656 -1 212.47142028808594 144.98280334472656 -1 82.963882446289062 39.980358123779297 -1 242.53448486328125 179.05821228027344 -1 27.289802551269531 125.50938415527344 -1 75.565841674804688 162.85365295410156 -1 75.565841674804688 162.85365295410156 -1 173.94773864746094 163.39825439453125 -1 161.32118225097656 167.32763671875 -1 46.936580657958984 92.143661499023438 -1 15.812963485717773 97.561065673828125 -1 12.89940357208252 99.073333740234375 -1 15.812963485717773 97.561065673828125 -1 220.10664367675781 150.779052734375 -1 40.715476989746094 221.93669128417969 -1 30.278219223022461 147.16317749023438 -1 5.4019889831542969 137.96072387695312 -1 206.78330993652344 137.38621520996094 -1 
84 0.99505910605517256 -0.073577272475234878 0.05699487711249842 0.034573753263380302 0.29694181425007504 -0.076965745769626087 1.2549444394833134 1 000080.png
125.44307708740234 94.279548645019531 -1 41.491287231445312 173.95368957519531 -1 41.491287231445312 173.95368957519531 -1 191.38467407226562 152.49815368652344 -1 47.917484283447266 70.106430053710938 -1 54.582653045654297 146.28207397460938 -1 82.519561767578125 172.22108459472656 -1 55.121589660644531 93.533821105957031 -1 73.942634582519531 205.46279907226562 -1 158.16119384765625 209.14794921875 -1 193.22358703613281 36.850170135498047 -1 107.12654876708984 145.271240234375 -1 41.181983947753906 210.79566955566406 -1 166.35084533691406 248.132080078125 -1 193.22358703613281 36.850170135498047 -1 44.098911285400391 128.07113647460938 -1 65.813507080078125 151.96434020996094 -1 120.45681762695312 149.71749877929688 -1 70.513275146484375 168.63905334472656 -1 22.300270080566406 242.23765563964844 -1 145.01065063476562 195.61048889160156 -1 22.300270080566406 242.23765563964844 -1 120.45681762695312 149.71749877929688 -1 133.28208923339844 159.69319152832031 -1 148.57229614257812 232.63191223144531 -1 165.12004089355469 35.578659057617188 -1 154.34730529785156 67.606216430664062 -1 12.812490463256836 92.708038330078125 -1 102.88800811767578 160.27537536621094 -1 40.075035095214844 103.20261383056641 -1 102.88800811767578 160.27537536621094 -1 102.88800811767578 160.27537536621094 -1 63.821891784667969 186.00155639648438 -1 60.406009674072266 101.683837890625 -1 141.67710876464844 245.21101379394531 -1 80.096450805664062 221.427978515625 -1 183.16236877441406 122.79776000976562 -1 152.69979858398438 188.53834533691406 -1 183.16236877441406 122.79776000976562 -1 64.247756958007812 124.04072570800781 -1 152.69979858398438 188.53834533691406 -1 151.63514709472656 56.186748504638672 -1 41.408432006835938 90.460823059082031 -1 200.13365173339844 120.41457366943359 -1 199.64427185058594 130.80876159667969 -1 147.65074157714844 146.76997375488281 -1 168.72492980957031 157.27403259277344 -1 136.796875 173.72193908691406 -1 80.096450805664062 221.427978515625 -1 141.67710876464844 245.21101379394531 -1 83.85345458984375 164.57893371582031 -1 149.37442016601562 245.87765502929688 -1 183.42718505859375 45.362293243408203 -1 83.455970764160156 149.6358642578125 -1 153.76930236816406 153.88241577148438 -1 173.37255859375 178.93797302246094 -1 164.66030883789062 189.93780517578125 -1 10.109201431274414 99.650856018066406 -1 166.55326843261719 179.72219848632812 -1 156.25498962402344 176.92658996582031 -1 150.76690673828125 203.53907775878906 -1 146.79351806640625 187.32099914550781 -1 152.89999389648438 165.70230102539062 -1 61.578994750976562 173.67478942871094 -1 154.98959350585938 140.51325988769531 -1 14.487833023071289 95.49725341796875 -1 22.910120010375977 127.06618499755859 -1 57.612758636474609 122.30852508544922 -1 173.616943359375 117.45650482177734 -1 141.41874694824219 211.05870056152344 -1 161.10008239746094 237.1641845703125 -1 155.77078247070312 223.1339111328125 -1 14.487833023071289 95.49725341796875 -1 78.0494384765625 35.196201324462891 349 67.908523559570312 54.377372741699219 -1 67.908523559570312 54.377372741699219 -1 161.65211486816406 178.46025085449219 -1 247.86482238769531 191.12123107910156 -1 155.91160583496094 193.28555297851562 -1 4.4965457916259766 98.06732177734375 -1 15.881012916564941 116.10440063476562 -1 62.201305389404297 163.43020629882812 -1 63.508522033691406 106.2459716796875 -1 23.513290405273438 80.981880187988281 -1 38.942249298095703 99.125259399414062 -1 63.1192626953125 113.62881469726562 -1 15.881012916564941 116.10440063476562 -1 70.056007385253906 129.41070556640625 -1 38.580184936523438 147.5025634765625 -1 8.3702850341796875 159.53945922851562 -1 62.201305389404297 163.43020629882812 -1 72.184097290039062 165.7825927734375 -1 63.874317169189453 167.82864379882812 -1 72.156272888183594 169.26950073242188 -1 169.32269287109375 170.40536499023438 -1 173.92727661132812 171.57301330566406 -1 74.482955932617188 174.24569702148438 -1 26.576223373413086 125.58366394042969 -1 252.65818786621094 182.24436950683594 -1 251.29548645019531 189.4412841796875 -1 83.064117431640625 206.01364135742188 -1 84.925239562988281 215.247802734375 -1 66.753837585449219 216.46620178222656 -1 45.285480499267578 114.24077606201172 -1 50.388629913330078 123.73325347900391 -1 68.672988891601562 166.70785522460938 -1 47.12921142578125 134.65359497070312 -1 81.553230285644531 141.26432800292969 -1 26.67857551574707 146.47709655761719 -1 71.916763305664062 147.09959411621094 -1 162.9434814453125 157.20223999023438 -1 223.31813049316406 159.51554870605469 -1 244.98146057128906 181.54287719726562 -1 161.22752380371094 40.7957763671875 -1 161.04832458496094 167.99922180175781 -1 70.791641235351562 175.2965087890625 -1 247.33755493164062 175.93344116210938 -1 66.871330261230469 39.564178466796875 -1 15.392122268676758 96.844390869140625 -1 8.9353790283203125 98.53277587890625 -1 27.424276351928711 149.65176391601562 -1 38.493740081787109 137.91278076171875 -1 15.392122268676758 96.844390869140625 -1 37.008377075195312 105.09535217285156 -1 45.285480499267578 114.24077606201172 -1 50.388629913330078 123.73325347900391 -1 81.553230285644531 141.26432800292969 -1 161.04832458496094 167.99922180175781 487 84.925239562988281 215.247802734375 -1 37.008377075195312 105.09535217285156 -1 246.84701538085938 179.55413818359375 -1 178.0574951171875 171.81523132324219 -1 248.43771362304688 181.6563720703125 -1 157.69256591796875 184.22926330566406 -1 252.04063415527344 185.9451904296875 -1 154.693359375 202.79318237304688 -1 41.134002685546875 222.30921936035156 -1 12.834916114807129 99.0252685546875 -1 75.06878662109375 180.85635375976562 -1 33.637660980224609 104.97135162353516 -1 227.01612854003906 163.67900085449219 494 224.929443359375 153.58052062988281 -1 219.70887756347656 150.68028259277344 -1 42.561229705810547 108.96508026123047 -1 67.328330993652344 116.92527008056641 -1 30.202394485473633 147.00215148925781 -1 172.00581359863281 122.64332580566406 -1 172.6754150390625 163.29206848144531 -1 55.004749298095703 129.04420471191406 -1 58.562679290771484 126.44686889648438 -1 61.714527130126953 124.02970886230469 -1 58.287975311279297 123.71102905273438 -1 161.8885498046875 173.00546264648438 -1 41.134002685546875 222.30921936035156 -1 242.45880126953125 170.92930603027344 -1 46.952667236328125 92.1414794921875 -1 154.31910705566406 228.69363403320312 -1 161.8885498046875 173.00546264648438 -1 241.52609252929688 173.80809020996094 -1 241.12882995605469 177.1612548828125 -1 244.513916015625 176.99174499511719 -1 242.57415771484375 178.83572387695312 -1 59.06866455078125 168.64537048339844 -1 59.06866455078125 168.64537048339844 -1 5.4018549919128418 137.960693359375 -1 
85 0.99537016275337509 -0.068359655925065682 0.057378123915014213 0.035678388950730708 0.29680601692747494 -0.076452609653746922 1.2499476458234564 1 000081.png
125.78840637207031 93.931343078613281 -1 41.960350036621094 173.31004333496094 -1 41.960350036621094 173.31004333496094 -1 191.3507080078125 152.90806579589844 -1 47.860584259033203 69.068374633789062 -1 54.516654968261719 146.87966918945312 -1 55.059562683105469 93.457283020019531 -1 74.107337951660156 205.47535705566406 -1 192.44416809082031 35.207050323486328 -1 42.146232604980469 126.80519104003906 -1 159.06344604492188 204.92247009277344 -1 41.562606811523438 210.86125183105469 -1 166.10272216796875 247.23063659667969 -1 192.44416809082031 35.207050323486328 -1 192.44416809082031 35.207050323486328 -1 160.52836608886719 199.07492065429688 -1 120.69676208496094 149.60946655273438 -1 23.199373245239258 242.5040283203125 -1 145.06764221191406 195.54202270507812 -1 23.199373245239258 242.5040283203125 -1 154.57426452636719 67.494766235351562 -1 39.934951782226562 103.21473693847656 -1 199.59916687011719 132.9031982421875 -1 92.399971008300781 156.29693603515625 -1 103.21681213378906 160.22077941894531 -1 133.34947204589844 159.55430603027344 -1 148.37364196777344 232.95964050292969 -1 12.68984317779541 92.70697021484375 -1 103.21681213378906 160.22077941894531 -1 103.21681213378906 160.22077941894531 -1 168.56216430664062 230.80599975585938 -1 80.817733764648438 221.11320495605469 -1 80.817733764648438 221.11320495605469 -1 41.125484466552734 90.5400390625 -1 64.273689270019531 123.96907043457031 -1 151.478515625 56.041801452636719 -1 199.77059936523438 120.94682312011719 -1 45.597736358642578 128.82830810546875 -1 147.6180419921875 146.82962036132812 -1 168.75581359863281 157.28018188476562 -1 136.93309020996094 173.73973083496094 -1 64.420822143554688 185.50794982910156 -1 153.74923706054688 154.08792114257812 -1 61.756256103515625 173.73640441894531 -1 172.89678955078125 178.93515014648438 -1 72.504295349121094 224.61628723144531 -1 164.27494812011719 189.387451171875 -1 164.54486083984375 67.131393432617188 -1 83.646087646484375 149.83735656738281 -1 84.351715087890625 164.85209655761719 -1 10.082242965698242 99.641197204589844 -1 166.10298156738281 179.95574951171875 -1 155.710205078125 223.48088073730469 -1 160.45730590820312 237.21847534179688 -1 149.12113952636719 245.86198425292969 -1 141.61013793945312 211.01667785644531 -1 150.76580810546875 203.54183959960938 -1 57.618385314941406 122.30988311767578 -1 146.79353332519531 187.32101440429688 -1 135.78457641601562 178.95124816894531 -1 156.26322937011719 177.14680480957031 -1 154.97084045410156 140.94009399414062 -1 6.7556357383728027 137.459228515625 -1 22.901334762573242 127.10161590576172 -1 152.89271545410156 165.90811157226562 -1 135.78457641601562 178.95124816894531 -1 66.236083984375 38.648548126220703 -1 67.899765014648438 52.513450622558594 -1 23.337507247924805 81.073822021484375 -1 14.8990478515625 96.105918884277344 -1 4.4937362670898438 98.061294555664062 -1 38.888050079345703 99.133270263671875 -1 63.333534240722656 113.85804748535156 -1 205.12876892089844 120.92957305908203 -1 70.00469970703125 129.78291320800781 -1 38.620906829833984 147.47090148925781 -1 63.044342041015625 163.20957946777344 -1 64.483505249023438 167.78221130371094 -1 72.408645629882812 170.05879211425781 -1 169.05119323730469 170.32527160644531 -1 173.68463134765625 171.58659362792969 -1 161.26603698730469 178.46267700195312 -1 247.68743896484375 191.05796813964844 -1 155.74771118164062 193.46876525878906 -1 67.899765014648438 52.513450622558594 -1 23.337507247924805 81.073822021484375 -1 14.8990478515625 96.105918884277344 -1 205.12876892089844 120.92957305908203 -1 63.044342041015625 163.20957946777344 -1 77.658798217773438 34.308452606201172 349 160.9151611328125 167.91859436035156 -1 175.59495544433594 168.10165405273438 -1 71.653961181640625 175.31986999511719 -1 247.31338500976562 176.09893798828125 -1 71.653961181640625 175.31986999511719 -1 252.62344360351562 182.38589477539062 -1 83.081024169921875 206.22073364257812 -1 251.34547424316406 189.61103820800781 -1 55.092685699462891 129.1162109375 -1 66.918632507324219 216.56431579589844 -1 244.91801452636719 181.61473083496094 -1 8.9353094100952148 98.533218383789062 -1 27.426040649414062 149.65171813964844 -1 83.081024169921875 206.22073364257812 -1 84.717071533203125 215.08462524414062 -1 161.18124389648438 40.564968109130859 -1 45.335952758789062 114.81855010986328 -1 84.717071533203125 215.08462524414062 -1 36.794963836669922 105.01641082763672 -1 81.733894348144531 141.0189208984375 -1 160.9151611328125 167.91859436035156 487 71.653961181640625 175.31986999511719 -1 36.794963836669922 105.01641082763672 -1 45.335952758789062 114.81855010986328 -1 50.398338317871094 123.72476196289062 -1 26.570991516113281 125.58074188232422 -1 47.232563018798828 134.67111206054688 -1 81.733894348144531 141.0189208984375 -1 26.679849624633789 146.48857116699219 -1 71.998291015625 147.33601379394531 -1 162.98152160644531 157.29495239257812 -1 223.02513122558594 159.5185546875 -1 8.321385383605957 159.93028259277344 -1 25.685859680175781 84.09930419921875 -1 12.810385704040527 99.005744934082031 -1 33.556678771972656 105.02858734130859 -1 42.407970428466797 108.9178466796875 -1 67.33123779296875 116.92068481445312 -1 58.287563323974609 123.71006774902344 -1 61.716968536376953 124.02732849121094 -1 58.573509216308594 126.4390869140625 -1 47.381439208984375 131.42306518554688 -1 30.189048767089844 147.01548767089844 -1 224.42373657226562 153.30429077148438 -1 235.39421081542969 170.31561279296875 -1 248.47532653808594 181.83123779296875 -1 221.86358642578125 157.54190063476562 -1 164.85063171386719 232.22880554199219 -1 239.61648559570312 167.49710083007812 -1 228.25743103027344 161.25227355957031 494 233.60462951660156 160.85734558105469 -1 172.44212341308594 163.24557495117188 -1 75.463409423828125 179.71412658691406 -1 157.787109375 183.92045593261719 -1 236.55517578125 167.72126770019531 -1 238.28729248046875 170.02394104003906 -1 160.70198059082031 195.08218383789062 -1 154.693359375 202.79318237304688 -1 252.03749084472656 186.06517028808594 -1 81.673484802246094 213.82594299316406 -1 242.48812866210938 170.97264099121094 -1 229.46757507324219 167.26847839355469 -1 69.438117980957031 166.50936889648438 -1 177.53865051269531 171.80703735351562 -1 72.019813537597656 165.28688049316406 -1 161.48043823242188 173.07177734375 -1 231.04573059082031 164.83079528808594 -1 234.01858520507812 164.50701904296875 -1 66.84588623046875 164.70530700683594 -1 25.685859680175781 84.09930419921875 -1 161.48043823242188 173.07177734375 -1 74.596664428710938 173.838134765625 -1 74.596664428710938 173.838134765625 -1 241.48194885253906 173.76860046386719 -1 7.4987788200378418 133.13328552246094 -1 241.10336303710938 177.19425964355469 -1 244.47135925292969 177.0498046875 -1 242.53955078125 178.929443359375 -1 246.82833862304688 179.67887878417969 -1 227.54745483398438 153.66845703125 -1 221.91026306152344 153.82208251953125 -1 230.98628234863281 157.71812438964844 -1 225.93296813964844 158.29670715332031 494 81.355400085449219 210.73373413085938 -1 81.355400085449219 210.73373413085938 -1 237.19622802734375 164.70628356933594 -1 
86 0.99538361480604942 -0.083896393971101102 -0.00080448724787597972 0.04660694427395997 0.19203819005122871 0.27392267651151553 3.2820173792324261 1 000086.png
126.3642578125 93.695571899414062 -1 191.0953369140625 153.81204223632812 -1 47.769550323486328 69.722419738769531 -1 54.741989135742188 148.74325561523438 -1 31.336030960083008 92.208328247070312 -1 55.261695861816406 96.928062438964844 -1 74.188278198242188 208.54737854003906 -1 31.336030960083008 92.208328247070312 -1 42.239063262939453 129.07687377929688 -1 73.567817687988281 171.99490356445312 -1 40.323978424072266 214.95458984375 -1 121.18629455566406 149.51058959960938 -1 194.69427490234375 39.222518920898438 -1 145.900146484375 195.67350769042969 -1 160.30311584472656 199.27792358398438 -1 194.69427490234375 39.222518920898438 -1 194.69427490234375 39.222518920898438 -1 155.32203674316406 67.5174560546875 -1 40.292213439941406 104.88993072509766 -1 103.53375244140625 160.695068359375 -1 133.58099365234375 160.18153381347656 -1 162.22987365722656 166.91145324707031 -1 122.45236968994141 245.65153503417969 -1 12.722504615783691 94.316848754882812 -1 103.53375244140625 160.695068359375 -1 64.630767822265625 186.17375183105469 -1 150.46878051757812 55.633464813232422 -1 41.484325408935547 92.402267456054688 -1 199.77481079101562 122.07968139648438 -1 147.84080505371094 146.74905395507812 -1 168.85426330566406 157.27142333984375 -1 137.51150512695312 173.29664611816406 -1 41.484325408935547 92.402267456054688 -1 165.00437927246094 35.55755615234375 -1 184.05482482910156 45.455375671386719 -1 62.162757873535156 173.42118835449219 -1 172.96905517578125 179.046875 -1 166.04655456542969 180.10319519042969 -1 140.78715515136719 212.68074035644531 -1 81.412696838378906 222.71958923339844 -1 165.18896484375 66.697433471679688 -1 46.044727325439453 99.752510070800781 -1 183.68992614746094 124.5999755859375 -1 153.95442199707031 154.50289916992188 -1 84.571922302246094 164.92369079589844 -1 81.412696838378906 222.71958923339844 -1 183.68992614746094 124.5999755859375 -1 164.30059814453125 189.28492736816406 -1 46.044727325439453 99.752510070800781 -1 27.70930290222168 79.493125915527344 -1 57.896343231201172 124.06803894042969 -1 6.876986026763916 139.0538330078125 -1 155.23771667480469 140.88766479492188 -1 153.08644104003906 166.07533264160156 -1 148.030517578125 250.10789489746094 -1 154.6826171875 226.49087524414062 -1 159.37066650390625 241.7449951171875 -1 150.38038635253906 222.15463256835938 -1 65.42559814453125 124.36870574951172 -1 150.38038635253906 222.15463256835938 -1 151.28520202636719 202.81707763671875 -1 147.05775451660156 187.09906005859375 -1 156.32289123535156 176.99307250976562 -1 156.32289123535156 176.99307250976562 -1 63.635078430175781 107.46819305419922 -1 68.468429565429688 51.914405822753906 -1 23.507278442382812 82.929267883300781 -1 85.436088562011719 140.62446594238281 -1 81.592605590820312 141.38511657714844 -1 39.218254089355469 149.3714599609375 -1 9.3949594497680664 161.86759948730469 -1 63.840133666992188 162.88127136230469 -1 65.300437927246094 167.4449462890625 -1 73.005966186523438 169.51718139648438 -1 168.76095581054688 170.45896911621094 -1 173.42439270019531 171.56300354003906 -1 161.33041381835938 178.36068725585938 -1 247.77079772949219 193.05030822753906 -1 155.92131042480469 193.41024780273438 -1 85.489128112792969 216.85281372070312 -1 61.402629852294922 223.88299560546875 -1 68.468429565429688 51.914405822753906 -1 63.840133666992188 162.88127136230469 -1 161.33041381835938 178.36068725585938 -1 85.489128112792969 216.85281372070312 -1 61.402629852294922 223.88299560546875 -1 39.085468292236328 100.80319976806641 -1 77.213905334472656 33.817111968994141 -1 68.098197937011719 118.40361022949219 -1 172.52937316894531 123.68000793457031 -1 50.423683166503906 125.96689605712891 -1 15.514407157897949 98.821685791015625 -1 70.131301879882812 130.70480346679688 -1 47.866683959960938 136.62567138671875 -1 163.12115478515625 157.60354614257812 -1 69.617057800292969 167.09468078613281 -1 152.87107849121094 232.55191040039062 -1 161.35250854492188 40.367057800292969 -1 45.241527557373047 116.05083465576172 -1 64.369003295898438 115.67884826660156 -1 175.19441223144531 167.96968078613281 -1 72.124717712402344 175.22427368164062 -1 75.985420227050781 179.72079467773438 -1 158.21360778808594 183.46638488769531 -1 66.553207397460938 38.045600891113281 -1 244.90971374511719 183.73342895507812 -1 252.62088012695312 184.51596069335938 -1 84.052391052246094 210.09927368164062 -1 65.880836486816406 221.43997192382812 -1 4.5979189872741699 99.924728393554688 -1 151.90269470214844 238.12078857421875 -1 37.029098510742188 106.69430541992188 -1 15.514407157897949 98.821685791015625 -1 45.241527557373047 116.05083465576172 -1 72.124717712402344 175.22427368164062 -1 72.124717712402344 175.22427368164062 -1 84.052391052246094 210.09927368164062 -1 8.957423210144043 100.24071502685547 -1 37.029098510742188 106.69430541992188 -1 224.99777221679688 159.11572265625 -1 223.82952880859375 161.40673828125 -1 228.13261413574219 163.10646057128906 -1 171.91470336914062 163.57499694824219 -1 72.669326782226562 165.23228454589844 -1 69.948135375976562 166.22718811035156 -1 160.99526977539062 168.09786987304688 -1 163.75137329101562 235.43827819824219 -1 241.59310913085938 175.89154052734375 -1 241.09153747558594 179.26380920410156 -1 244.43426513671875 179.12055969238281 -1 27.344703674316406 148.92829895019531 -1 75.092208862304688 173.56307983398438 -1 247.41539001464844 178.560546875 -1 242.55436706542969 181.06956481933594 -1 248.46000671386719 183.94599914550781 -1 252.03866577148438 188.195068359375 -1 154.96328735351562 202.35679626464844 -1 154.56863403320312 206.52705383300781 -1 81.6517333984375 214.75169372558594 -1 41.089321136474609 226.41862487792969 -1 164.49748229980469 239.95440673828125 -1 162.82839965820312 43.438457489013672 -1 46.963150024414062 93.912879943847656 -1 235.39402770996094 172.31529235839844 -1 238.26637268066406 172.01499938964844 -1 177.59478759765625 171.78102111816406 -1 239.64242553710938 169.49282836914062 -1 237.65664672851562 175.20906066894531 -1 11.700300216674805 97.901535034179688 -1 229.46743774414062 169.26866149902344 -1 237.31401062011719 166.73828125 -1 231.04615783691406 166.83157348632812 -1 234.01885986328125 166.50726318359375 -1 75.092208862304688 173.56307983398438 -1 154.56863403320312 206.52705383300781 -1 81.6517333984375 214.75169372558594 -1 41.089321136474609 226.41862487792969 -1 24.716300964355469 125.24854278564453 -1 242.82600402832031 173.21861267089844 -1 58.295642852783203 125.643310546875 -1 160.99526977539062 168.09786987304688 -1 61.739860534667969 125.94988250732422 -1 27.1385498046875 127.01892852783203 -1 58.943626403808594 128.26016235351562 -1 19.359199523925781 155.03079223632812 -1 12.793571472167969 100.88205718994141 -1 221.98834228515625 159.1641845703125 -1 236.555419921875 169.71867370605469 -1 3.0682711601257324 102.78150177001953 -1 79.727134704589844 193.23374938964844 349 233.37605285644531 162.76179504394531 -1 30.754499435424805 149.16209411621094 -1 5.3817882537841797 139.91770935058594 -1 
89 0.95271253618277651 -0.077758749182116046 0.026478334612514916 -0.29255990518518121 0.83855290715569641 0.25595859722444297 -2.14856884432497 1 000090.png
126.52462005615234 94.519004821777344 -1 191.20584106445312 156.779052734375 -1 46.831951141357422 164.40391540527344 -1 46.831951141357422 164.40391540527344 -1 47.68719482421875 71.445175170898438 -1 55.719966888427734 149.56083679199219 -1 82.728446960449219 174.89569091796875 -1 55.311935424804688 97.70147705078125 -1 191.54782104492188 33.517375946044922 -1 37.15447998046875 223.16989135742188 -1 191.54782104492188 33.517375946044922 -1 37.15447998046875 223.16989135742188 -1 74.215133666992188 199.57075500488281 -1 73.48223876953125 172.43719482421875 -1 133.6175537109375 140.92268371582031 -1 120.71141052246094 151.26605224609375 -1 80.915504455566406 232.3109130859375 -1 120.71141052246094 151.26605224609375 -1 145.72332763671875 195.75053405761719 -1 160.25927734375 199.52151489257812 -1 80.915504455566406 232.3109130859375 -1 155.32186889648438 67.519577026367188 -1 162.50868225097656 167.04347229003906 -1 133.70321655273438 159.91975402832031 -1 92.814163208007812 155.87193298339844 -1 53.181941986083984 117.81580352783203 -1 8.5326766967773438 107.09820556640625 -1 12.591651916503906 95.849807739257812 -1 53.181941986083984 117.81580352783203 -1 122.38687133789062 245.57986450195312 -1 122.38687133789062 245.57986450195312 -1 165.67263793945312 34.807727813720703 -1 64.617294311523438 186.21109008789062 -1 137.50361633300781 173.30169677734375 -1 110.15655517578125 173.04997253417969 -1 183.257568359375 45.616535186767578 -1 150.47517395019531 55.638595581054688 -1 41.010292053222656 93.927803039550781 -1 48.878604888916016 99.639999389648438 -1 199.357421875 125.06743621826172 -1 45.953586578369141 133.59613037109375 -1 198.01466369628906 134.8282470703125 -1 147.34536743164062 151.57754516601562 -1 168.86344909667969 157.24026489257812 -1 110.15655517578125 173.04997253417969 -1 62.216049194335938 173.45640563964844 -1 153.5916748046875 235.09809875488281 -1 164.30059814453125 189.28492736816406 -1 165.18898010253906 66.697433471679688 -1 183.86834716796875 127.60309600830078 -1 84.629623413085938 164.3065185546875 -1 172.96905517578125 179.046875 -1 166.04655456542969 180.10319519042969 -1 170.36131286621094 228.99119567871094 -1 8.7151126861572266 171.53596496582031 -1 151.28482055664062 202.81831359863281 -1 85.400527954101562 236.18081665039062 -1 157.16978454589844 250.79963684082031 -1 147.05044555664062 187.100830078125 -1 85.400527954101562 236.18081665039062 -1 9.9245901107788086 102.67238616943359 -1 156.32289123535156 176.99307250976562 -1 153.98095703125 151.36273193359375 -1 155.13053894042969 141.52384948730469 -1 22.54057502746582 130.78263854980469 -1 57.415451049804688 127.2664794921875 -1 65.679840087890625 126.533203125 -1 156.32289123535156 176.99307250976562 -1 63.934249877929688 163.01548767089844 -1 8.8899755477905273 165.88771057128906 -1 65.205963134765625 167.691650390625 -1 73.059181213378906 169.58445739746094 -1 168.76095581054688 170.45896911621094 -1 173.42439270019531 171.56300354003906 -1 161.33041381835938 178.36068725585938 -1 155.92131042480469 193.41024780273438 -1 38.862754821777344 102.34750366210938 -1 86.597152709960938 222.53640747070312 -1 58.362739562988281 232.70892333984375 -1 68.468429565429688 51.914405822753906 -1 23.173933029174805 84.490814208984375 -1 14.960351943969727 99.367034912109375 -1 36.984245300292969 108.07184600830078 -1 63.934249877929688 163.01548767089844 -1 161.33041381835938 178.36068725585938 -1 86.597152709960938 222.53640747070312 -1 58.362739562988281 232.70892333984375 -1 14.960351943969727 99.367034912109375 -1 77.213905334472656 33.817111968994141 -1 68.468429565429688 51.914405822753906 -1 23.173933029174805 84.490814208984375 -1 36.984245300292969 108.07184600830078 -1 70.527397155761719 127.78694152832031 -1 5.9102878570556641 139.95445251464844 -1 163.14857482910156 157.63046264648438 -1 70.449569702148438 133.33177185058594 -1 45.171943664550781 117.79592132568359 -1 82.508499145507812 219.33348083496094 -1 62.583393096923828 229.68612670898438 -1 13.216361045837402 163.01228332519531 -1 72.216094970703125 175.29052734375 -1 145.67973327636719 251.747802734375 -1 175.19441223144531 167.96968078613281 -1 69.171707153320312 168.96232604980469 -1 68.198478698730469 120.68299102783203 -1 66.553070068359375 38.045524597167969 -1 72.216094970703125 175.29052734375 -1 76.0069580078125 179.78265380859375 -1 39.519840240478516 152.34565734863281 -1 158.21360778808594 183.46638488769531 -1 250.58186340332031 188.18666076660156 -1 248.38473510742188 199.85940551757812 -1 72.216094970703125 175.29052734375 -1 82.508499145507812 219.33348083496094 -1 161.47804260253906 40.333526611328125 -1 4.580009937286377 101.45108795166016 -1 8.9408721923828125 101.8648681640625 -1 45.171943664550781 117.79592132568359 -1 64.4515380859375 118.05763244628906 -1 30.415996551513672 150.02322387695312 -1 30.166624069213867 153.09414672851562 -1 74.096542358398438 155.78729248046875 -1 67.618072509765625 159.2843017578125 -1 171.91470336914062 163.57499694824219 -1 221.99932861328125 164.13522338867188 -1 48.408912658691406 138.88143920898438 -1 7.3722515106201172 136.19644165039062 -1 160.99528503417969 168.09782409667969 -1 245.36669921875 181.89215087890625 -1 233.39942932128906 175.32485961914062 -1 239.45294189453125 178.93882751464844 -1 237.60118103027344 172.49946594238281 -1 239.02932739257812 182.23675537109375 -1 242.44122314453125 182.62886047363281 -1 163.17042541503906 43.438144683837891 495 246.44044494628906 187.66569519042969 -1 249.48947143554688 191.27316284179688 -1 252.10269165039062 195.04681396484375 -1 154.96328735351562 202.35679626464844 -1 154.56867980957031 206.5269775390625 -1 38.428836822509766 234.21934509277344 -1 150.82379150390625 241.70767211914062 -1 162.0928955078125 244.63569641113281 -1 162.82228088378906 249.18028259277344 -1 234.52867126464844 172.65948486328125 -1 227.48103332519531 172.25123596191406 -1 177.59478759765625 171.78102111816406 -1 229.0521240234375 169.83961486816406 -1 232.01173400878906 169.5 -1 62.026573181152344 128.34231567382812 -1 231.417236328125 165.64500427246094 -1 72.667236328125 165.60896301269531 -1 75.121383666992188 173.9879150390625 -1 154.56867980957031 206.5269775390625 -1 38.428836822509766 234.21934509277344 -1 160.99528503417969 168.09782409667969 -1 240.84080505371094 184.92437744140625 -1 40.069278717041016 86.987533569335938 -1 43.901451110839844 95.939682006835938 -1 11.578933715820312 99.471542358398438 -1 17.487762451171875 102.71205902099609 -1 39.097496032714844 113.20275115966797 -1 12.719250679016113 102.30867004394531 -1 75.121383666992188 173.9879150390625 -1 26.583560943603516 128.98756408691406 -1 59.127998352050781 130.81155395507812 -1 69.922470092773438 166.50718688964844 -1 9.8130683898925781 136.31134033203125 -1 44.005878448486328 92.247848510742188 -1 236.26614379882812 175.01519775390625 -1 44.005878448486328 92.247848510742188 -1 9.8130683898925781 136.31134033203125 -1 235.1815185546875 169.69981384277344 -1 3.0834851264953613 104.31992340087891 -1 
103 0.99266791498713414 -0.094872476554802868 -0.002940250388817402 0.074839686497908883 -1.4601399745610177 2.9260795776740784 -8.4919826561084779 1 000100.png
126.58780670166016 103.63159942626953 -1 126.58780670166016 103.63159942626953 -1 117.39317321777344 192.66886901855469 -1 112.20798492431641 222.06773376464844 -1 112.20798492431641 222.06773376464844 -1 54.671669006347656 105.29945373535156 -1 180.61982727050781 157.76716613769531 -1 81.153373718261719 172.93051147460938 -1 2.4012084007263184 101.25541687011719 -1 37.655067443847656 146.25509643554688 -1 60.294975280761719 152.07798767089844 -1 29.116012573242188 102.96870422363281 -1 29.116012573242188 102.96870422363281 -1 84.361473083496094 243.18623352050781 -1 145.03547668457031 195.47892761230469 -1 86.3280029296875 193.77836608886719 -1 190.41007995605469 36.314823150634766 -1 105.89498138427734 163.51870727539062 -1 73.947799682617188 194.54727172851562 -1 160.60652160644531 198.85467529296875 -1 190.41007995605469 36.314823150634766 -1 190.41007995605469 36.314823150634766 -1 76.06500244140625 146.34518432617188 -1 162.24966430664062 152.33767700195312 -1 194.02145385742188 141.48808288574219 -1 38.431537628173828 103.12757110595703 -1 65.366416931152344 140.76713562011719 -1 173.36941528320312 178.99832153320312 -1 48.658115386962891 134.90467834472656 -1 62.237480163574219 173.468994140625 -1 154.90007019042969 56.639320373535156 -1 166.03401184082031 180.06803894042969 -1 183.05010986328125 237.83912658691406 -1 98.734794616699219 249.85626220703125 -1 64.204261779785156 117.57296752929688 -1 166.03401184082031 180.06803894042969 -1 167.69224548339844 158.84866333007812 -1 98.734794616699219 249.85626220703125 -1 34.69476318359375 93.203025817871094 -1 151.3072509765625 202.72637939453125 495 147.16380310058594 187.09599304199219 -1 156.57574462890625 176.77888488769531 -1 12.334712982177734 107.12755584716797 -1 43.857757568359375 109.42765808105469 -1 12.334712982177734 107.12755584716797 -1 152.43670654296875 168.97885131835938 -1 85.849067687988281 165.24855041503906 -1 47.6600341796875 154.46237182617188 -1 43.857757568359375 109.42765808105469 -1 164.76069641113281 187.65663146972656 -1 164.758544921875 167.08064270019531 -1 65.136810302734375 167.763427734375 -1 73.027885437011719 169.71159362792969 -1 168.56988525390625 170.26640319824219 -1 173.20204162597656 171.58717346191406 -1 161.31198120117188 178.38581848144531 -1 155.88583374023438 193.40235900878906 -1 230.38896179199219 218.47944641113281 -1 21.152156829833984 93.779655456542969 -1 35.144424438476562 116.38795471191406 -1 85.512184143066406 140.69296264648438 -1 21.152156829833984 93.779655456542969 -1 35.144424438476562 116.38795471191406 -1 170.58462524414062 139.16897583007812 -1 85.512184143066406 140.69296264648438 -1 42.950534820556641 153.1287841796875 -1 35.497322082519531 160.00880432128906 -1 64.09088134765625 163.22740173339844 -1 175.06138610839844 168.02827453613281 -1 72.084678649902344 175.19218444824219 -1 66.286430358886719 126.16049957275391 -1 76.005477905273438 179.63554382324219 -1 208.92872619628906 181.5665283203125 -1 158.21376037597656 183.46614074707031 -1 39.918724060058594 120.14509582519531 -1 214.33627319335938 190.89102172851562 -1 229.81015014648438 210.39797973632812 -1 235.94447326660156 210.22903442382812 -1 84.647933959960938 230.87150573730469 -1 243.40074157714844 227.63363647460938 -1 227.83168029785156 213.53936767578125 -1 82.651420593261719 220.68670654296875 -1 41.843917846679688 125.20854949951172 -1 237.54931640625 222.97261047363281 -1 171.49531555175781 164.11741638183594 -1 239.8282470703125 226.99032592773438 -1 243.38211059570312 232.72842407226562 -1 248.4515380859375 236.33815002441406 -1 249.56185913085938 244.11903381347656 -1 252.927978515625 249.76649475097656 -1 41.866237640380859 110.61928558349609 -1 233.29225158691406 216.48884582519531 -1 146.19248962402344 241.14306640625 -1 69.210639953613281 37.619029998779297 -1 146.19248962402344 241.14306640625 -1 41.843917846679688 125.20854949951172 -1 72.084678649902344 175.19218444824219 -1 72.084678649902344 175.19218444824219 -1 45.071128845214844 156.00045776367188 -1 82.89794921875 157.31793212890625 -1 67.458641052246094 164.58653259277344 -1 199.49665832519531 164.37094116210938 -1 206.52861022949219 164.64874267578125 -1 27.755613327026367 167.97410583496094 -1 60.664787292480469 167.63381958007812 -1 160.87930297851562 167.95854187011719 -1 203.87728881835938 171.71878051757812 -1 22.130973815917969 172.98419189453125 -1 161.23443603515625 173.16519165039062 -1 163.99302673339844 173.46754455566406 -1 75.104835510253906 173.83364868164062 -1 154.9608154296875 202.35725402832031 -1 69.962944030761719 166.28697204589844 -1 5.0293292999267578 145.16140747070312 -1 165.88182067871094 43.430538177490234 -1 23.499982833862305 96.496612548828125 -1 38.073287963867188 96.369590759277344 -1 41.714076995849609 98.804779052734375 -1 229.47615051269531 200.41136169433594 -1 10.308323860168457 110.63116455078125 -1 225.12136840820312 202.904296875 -1 229.57835388183594 204.81376647949219 -1 233.21665954589844 206.113037109375 -1 154.58584594726562 206.54214477539062 -1 228.52156066894531 208.01441955566406 -1 232.46311950683594 209.18971252441406 -1 234.96054077148438 213.873291015625 -1 36.362205505371094 110.74288940429688 -1 240.94711303710938 218.115234375 -1 237.90794372558594 218.21920776367188 -1 243.23040771484375 221.20335388183594 -1 246.85302734375 228.542724609375 -1 226.60401916503906 200.63508605957031 -1 59.897491455078125 120.83695220947266 -1 44.524269104003906 131.88633728027344 -1 217.99615478515625 195.69679260253906 -1 220.67887878417969 195.36610412597656 -1 31.643457412719727 164.79258728027344 -1 222.58161926269531 193.77821350097656 -1 79.508567810058594 192.96687316894531 371 219.74259948730469 189.74319458007812 -1 215.73495483398438 187.44320678710938 -1 216.7200927734375 184.03427124023438 -1 212.50430297851562 181.91014099121094 -1 59.897491455078125 120.83695220947266 -1 252.9136962890625 242.44584655761719 -1 161.23443603515625 173.16519165039062 -1 163.99302673339844 173.46754455566406 -1 75.104835510253906 173.83364868164062 -1 154.58584594726562 206.54214477539062 -1 68.209579467773438 134.47706604003906 -1 49.147300720214844 149.21376037597656 -1 51.533618927001953 150.459716796875 -1 41.373508453369141 155.97842407226562 -1 182.6737060546875 246.71340942382812 -1 136.12535095214844 250.21121215820312 -1 82.89794921875 157.31793212890625 -1 59.230434417724609 140.38137817382812 -1 
