# Frame list with one line of data per frame:
#   FRAME_ID, RIG_ID, RIG_FROM_WORLD[QW, QX, QY, QZ, TX, TY, TZ], NUM_DATA_IDS, DATA_IDS[] as (SENSOR_TYPE, SENSOR_ID, DATA_ID)
# Number of frames: 18
49 1 0.94071763384429186 -0.20137036429569299 -0.25387473571367697 -0.10023935516615952 3.3070144917784159 -0.71181961780903413 1.400300963320549 1 CAMERA 1 49
50 1 0.94172246487704037 -0.20239349095639822 -0.24956048764695712 -0.099575282926070388 2.8674016150702033 -0.76983177150036319 1.5823465918513073 1 CAMERA 1 50
51 1 0.94061345879680647 -0.19869390162300965 -0.25643232997451415 -0.10004756234899513 3.3041154758179223 -0.47356964449513544 1.2697478105912845 1 CAMERA 1 51
52 1 0.94028322902429973 -0.20013078208913271 -0.25634218882309168 -0.10051766762820731 3.4291012939546719 -0.61608605232832825 1.1975560900502988 1 CAMERA 1 52
53 1 0.94024046071356349 -0.20087399120512678 -0.25588217796824952 -0.10060728946102084 3.4692655843270463 -0.68297434798345513 1.3071866631022075 1 CAMERA 1 53
54 1 0.94421765083049858 -0.19525171446442427 -0.2467967301406323 -0.097062710917888567 2.0536556029334436 -0.033944924766040323 1.4752686721733757 1 CAMERA 1 54
55 1 0.94297613291817783 -0.19756924134863721 -0.24926535312510373 -0.098128443129504764 2.4886357075073953 -0.28763125160539094 1.3407819992902572 1 CAMERA 1 55
56 1 0.94913252399768211 -0.19040378767899543 -0.23286922215653155 -0.093090143943886358 0.61868212848149384 0.58484194424412117 1.6025575092519333 1 CAMERA 1 56
57 1 0.94766370937442812 -0.19214691112571358 -0.23694859348534975 -0.094172302323247747 0.99714708642021432 0.37330131328159277 1.7595479968177234 1 CAMERA 1 57
58 1 0.95006821967334332 -0.19105096073492553 -0.22883185078605378 -0.092227395251169353 0.40259451058673312 0.55821571729181441 1.2744255873488812 1 CAMERA 1 58
59 1 0.94613275926597595 -0.19418566247724861 -0.24083833437475266 -0.095507209296564338 1.3899953237983738 0.12995585172499671 1.6107854728888022 1 CAMERA 1 59
60 1 0.95566950945541074 -0.19430998881267919 -0.2033553629592072 -0.087097722706166725 -1.6427115053823838 0.4726878373674247 -0.11176364349901806 1 CAMERA 1 60
61 1 0.96020464392220339 -0.19723216706831453 -0.17983833142475131 -0.082247727106178822 -3.5248419989740691 0.38997439319302923 -1.5419675970830204 1 CAMERA 1 61
62 1 0.96186431411552664 -0.19836765906685616 -0.17040123757383718 -0.080191840611795823 -4.3376165284370707 0.35653837147334055 -1.977387141208913 1 CAMERA 1 62
63 1 0.95881294226380298 -0.19639293814323805 -0.18728565293463059 -0.083854873440633915 -2.9642136640410239 0.40827812030680416 -1.2260207848606639 1 CAMERA 1 63
66 1 0.96369628945878272 -0.19967492078583007 -0.1593484561290095 -0.077636700225136204 -5.1783398085962338 0.31635961999596313 -2.0968036317794416 1 CAMERA 1 66
69 1 0.96484020877343735 -0.20029178431347472 -0.15219524850147553 -0.076178599384135681 -5.8162743639657677 0.31375338893134458 -2.0731006245455896 1 CAMERA 1 69
72 1 0.97294732957173768 -0.20921996920198346 -0.076978232637235799 -0.060620541620750243 -13.075363365362017 -0.036649475766702598 -3.7913145333977192 1 CAMERA 1 72
