# 3D point list with one line of data per point:
#   POINT3D_ID, X, Y, Z, R, G, B, ERROR, TRACK[] as (IMAGE_ID, POINT2D_IDX)
# Number of points: 233, mean track length: 8.1845493562231759
1 21.913100489647665 -19.808650793269411 46.874584960889877 125 4 20 1.0313412223447587 54 0 59 0 55 0 57 0 58 0 63 0 56 0 51 0 60 0 52 0 53 0 49 0 50 0 62 0 61 0
2 18.504766602500016 -17.579400279722616 43.446672306602871 106 6 18 1.5956828300034662 54 3 59 1 55 3 57 1 58 1 56 1 51 3 52 3 60 1 53 4 63 1 62 2 61 1
6 7.0602591032701367 -19.084502298395027 43.201670723491951 207 204 198 1.1694921546602295 54 9 59 5 55 9 57 4 58 4 63 3 56 4 51 9 60 4 52 9 72 8 62 4 61 4 69 4 66 1
7 6.551267533741461 -19.888092136278157 43.942469263337337 132 132 130 1.6317544034762588 54 8 59 6 55 8 51 8 52 8 53 7 49 4 50 3 62 7
10 6.4169112380061293 -20.091649245243119 44.351183128344118 132 132 130 0.87067997667620611 54 12 59 9 55 12 51 12 52 12 62 6
11 25.888885792122494 -16.909843627100738 42.346876598564641 116 21 27 1.0015774548885119 54 13 59 10 55 16 57 10 58 7 56 13 51 18 52 17 53 16 49 14 50 16
13 -0.12930666754639317 -18.220972635724721 41.484496004753737 105 99 95 1.6058503005173657 54 15 59 13 55 14 57 8 58 12 63 6 56 15 51 16 60 10 52 21 62 9 61 11
14 7.1700634928672189 -18.49282722092304 42.459149322048575 72 24 31 0.90907928032685925 54 17 59 15 55 18 57 13 58 15 63 10 56 18 51 19 60 13 52 19 53 18 49 16 50 13 62 11 61 16 66 8
15 26.727081136981518 -15.240379975291562 40.35849155821321 213 206 202 0.92496848107091367 54 19 59 16 55 13 57 14 58 20 56 21 60 25 52 16
16 3.2856406600062011 -20.318752041163595 44.915039028133336 21 22 28 1.201328541979753 54 16 59 19 55 19 57 12 58 14 63 8 63 17 56 19 51 17 60 30 52 18 53 23 49 15 50 15 72 14 62 16 61 7 61 20 69 12 66 6
17 14.703669282203977 -18.698358881537761 44.908559385756227 107 11 19 2.2845110515724913 54 22 59 23 55 23 63 12 56 26 72 11 69 8
18 10.455595733747714 -18.329245786822913 43.035435755962595 214 204 195 1.2501911100631169 54 18 59 24 55 22 57 16 58 16 63 11 56 24 51 20 60 12 52 20 53 12 49 12 62 12 61 17 69 14 66 9
19 16.922256831333712 -16.789683798506392 40.504844658133585 149 31 39 0.60390879609749881 54 35 59 25 55 32 57 26 56 32 51 24
21 7.2890958542593838 -18.062311946665154 42.082432344384969 208 200 195 1.2927921669628681 54 26 59 27 55 30 57 23 58 19 63 18 56 20 51 28 60 18 52 33 53 29 49 26 50 20 61 18 62 15
24 7.2651190805103827 -18.03756280753484 42.024125388218451 208 200 195 1.2550155011646109 54 34 59 32 55 27 58 22 63 15 56 27 51 30 60 20 52 30 53 32 49 29 50 30 61 15 62 10
25 11.272331374691522 -19.288080647766666 44.448020082579532 155 5 21 0.53576882130157077 54 21 59 33 57 19 58 26 63 14 56 25 60 17 62 17 61 23
29 8.6472084722778924 -18.059639672913178 42.554103995768614 106 96 93 1.4997907901546237 54 51 59 38 55 38 57 29 58 34 56 31 51 40 52 39 53 42 49 34 69 43 66 32
30 2.953918143093607 -20.449376938195197 44.464035537151858 6 5 7 0.52862948970302803 54 38 59 39 55 39 57 34 58 38 63 27 56 55 51 45 60 43 52 42 53 45 49 35 50 36 62 40 61 41 69 49 66 43
31 8.914944094919969 -20.196853675388542 45.723801781284976 216 210 204 1.0531838839839054 54 20 59 41 57 36 58 30
32 2.9693949726790954 -20.469690732390507 44.510358575440215 6 5 7 0.58681555158991161 54 45 59 42 55 46 57 37 58 29 63 30 56 40 51 48 60 32 52 44 53 34 49 37 50 33 72 47 62 28 61 43 69 53 66 46
34 23.873477835293649 -16.800666807355764 42.155554530775028 121 22 29 0.7880340062302823 54 58 59 45 57 45 58 56 63 28 51 57 60 49 52 68 53 86 49 81
36 15.555706042467079 -17.786284679588171 42.36261025930277 141 2 15 0.52796725945485967 54 43 59 47 55 44 57 35 56 63 51 36
42 31.877160008813277 -15.176278243514508 41.712244418472423 212 206 202 0.7085266955535936 54 76 59 55 55 68 57 57 51 82 52 78 53 75
45 33.844114485992122 -20.703292232768511 50.090770650281655 224 216 217 1.1691662089028927 54 69 59 62 55 83 57 48 58 62 56 81 51 71 60 70 52 83 63 59 53 71 49 60 50 69 62 44 61 46 56 36
47 7.9024093242438846 -18.384908560621405 42.666020626247317 57 47 44 1.0128235391981526 54 77 59 67 55 69 57 68 58 76 63 76 56 72 51 77 60 83 52 80 53 78 49 65 50 73 72 69 62 55 61 76 69 88 66 79
48 3.5376806263208707 -20.264899965438435 44.328984079483781 125 124 126 0.51496283726564951 54 73 59 68 55 71 51 100 52 85 61 78
49 7.9024093242438846 -18.384908560621405 42.666020626247317 57 47 44 1.0128235391981526 54 72 59 70 55 73 57 60 58 79 63 73 56 75 51 83 60 78 52 76 53 74 49 69 50 62 72 88 62 69 61 62 69 97 66 85
52 5.1156016660105923 -18.764514262231888 42.673423645139202 42 34 36 0.79909232017498744 54 79 59 73 55 77 57 55 58 68 63 56 56 77 51 80 60 85 52 82 53 66 49 68 50 76 72 83 62 52 61 65 69 77 66 62
53 4.5454931319802236 -18.839857311822946 42.635228119432426 202 201 195 0.8785925008087605 54 80 59 74 55 79 57 78 58 67 63 55 56 78 51 72 60 64 52 87 53 87 49 62 50 60 72 111 62 60 61 67 69 76 66 61
55 6.2840985925743604 -20.036675643894519 44.820398647104646 108 114 117 0.53152913580687533 54 68 59 76 55 50 57 51 58 53 63 64 56 80 51 56 60 67 52 60 72 87 62 75 61 80 69 93 66 57
57 4.899511747387062 -18.711590157820833 42.601965420827305 203 195 194 0.77546959195383125 54 89 59 82 55 90 57 81 58 109 63 106 56 107 51 118 60 105 52 90 53 117 49 108 50 105 72 70 72 144 62 106 61 101 69 148 66 108
58 6.9212985896672565 -18.519572773628379 42.790715336406279 197 185 182 1.0875195874872245 54 109 59 84 55 93 57 83 58 81 63 92 56 108 51 119 60 107 52 143 53 118 49 86 50 88 72 115 62 92 61 88 69 132 66 91
60 32.421225427093702 -15.364739112882273 41.765315031701434 228 222 216 0.94476693130533951 54 92 59 86 55 97 57 87 56 85 51 122 52 94 53 95 49 88 50 91 58 80
64 6.9212985896672565 -18.519572773628379 42.790715336406279 197 185 182 1.0875195874872245 54 140 59 92 55 105 57 94 58 94 63 107 56 94 51 103 60 91 52 156 53 104 49 97 50 102 72 102 62 107 61 102 69 118 66 111
65 9.312746302622319 -21.662192559182472 48.32117202275996 159 131 128 1.8352796469336305 54 106 59 94 55 107 57 71 58 111
66 7.589193506221755 -21.46539697744171 46.727368801432611 81 78 75 0.82243413712156344 59 96 57 96 58 97 63 159 56 96 60 71
68 10.473354058661576 -21.246074675722912 47.06305873721066 137 28 45 1.4107657670079934 54 104 59 98 57 99 58 100 63 96 56 99 60 95 62 96 61 91 66 119
69 30.908420288034431 -19.712222462382378 47.849784342520195 106 13 29 1.3747528334683163 54 142 59 99 57 121 58 101 51 108 52 123 52 161 49 101 50 119 49 164
70 31.57874403934585 -19.622293065202186 47.916579936566613 124 44 53 1.220468827659188 54 101 59 100 57 69 58 63 56 100 51 144 60 74 63 60 53 131 49 126 50 115 72 90 62 64 61 59 66 20 69 25
72 2.1738186535629436 -20.340070206148209 44.336710910303736 117 117 124 0.52124901364911946 54 84 59 103 55 113 57 117 58 120 56 97 51 105 60 135 52 108 53 105 49 74 50 104 72 103 66 166
74 23.723585494841604 -15.337222264134326 38.503073939313204 135 36 43 1.8456489597334733 54 108 59 107 55 142 57 74 58 106
78 24.813088460914436 -15.710172382288157 40.239090043610673 146 69 71 1.2751119967412552 54 119 59 114 55 136 51 160 50 133
79 -2.2288021142631895 -20.564427950502587 44.277983703010825 23 23 30 0.40825807966321714 54 125 59 116 55 126 57 108 58 123 63 135 60 125 72 138
84 22.318544998466457 -15.618321787377241 40.452593887641022 111 90 85 2.1921514212594375 54 118 59 123 55 132 57 120 56 123 51 130 53 97 49 91 50 123 58 122 60 129 63 156
85 12.04987728441588 -17.614516174563008 41.944686109418946 124 68 70 1.3107845698002094 54 156 59 124 55 120 57 82 58 82 63 81 51 137 52 142 62 110
86 2.6109306322060988 -20.359172774996555 44.35549049817503 128 127 131 0.43842372207355323 54 135 59 127 57 112 58 116 63 94 56 125 60 133 52 114 49 128 50 141 72 131 62 98 61 85 69 108 66 97
87 4.2571734147840425 -20.284170278616223 45.190625454722849 244 240 240 0.57986666147513566 54 127 59 128 55 143 57 113 58 124 63 137 56 128 51 174 60 138 52 112 53 183 49 119 72 137 62 134 61 117 69 142
89 6.0666375950875997 -18.681110936660811 42.710495914769503 105 83 89 0.96747888475528943 54 131 59 130 55 114 57 134 58 132 56 112 60 136 52 139 53 137 49 107 50 134 72 113 62 117 69 117 66 106
90 6.2305723328648002 -18.526600190613191 42.665272338860298 83 62 60 0.98659978315471464 54 126 59 131 55 123 57 102 58 134 63 113 56 114 51 149 60 122 52 125 53 140 49 111 50 112 72 172 69 151 66 132
94 10.537203564604745 -19.735180659200431 45.414499619791307 238 202 199 1.6216854594379371 54 182 59 135 55 191 57 126 58 125 63 187 56 129 51 157 72 181 62 174 69 134 66 75
95 -0.46226794173336322 -20.869041341879463 44.518642965620174 6 6 5 0.5598339126616062 54 186 59 136 58 92 63 89 56 91 51 151 52 127 53 126 49 131 50 135 72 99 66 120
97 10.333429727671312 -18.065313238141812 42.855872097937265 124 112 107 1.5987173884885024 54 112 59 139 55 127 57 109 58 138 63 119 56 118 52 146 53 145 49 116 51 106 52 148 62 150 61 149
108 -0.012944950553358621 -20.921710268055776 44.682074775961063 125 125 123 0.32139970444028587 54 191 59 159 55 202 56 136
109 -2.5226019480758972 -20.945214485338088 44.602623463919187 16 15 21 1.2367161681816667 54 195 59 160 57 119 58 117 63 183 56 140 51 51 63 63 60 156 52 64 53 72 53 198 49 59 50 40 72 86 72 190 62 73 62 159 61 163 69 90 69 194 66 72 66 154
111 28.385521773792728 -21.156362478001526 50.061114372474727 93 74 77 0.96137332973475265 54 141 59 162 55 198 63 161 51 168 60 161 52 124 49 162
116 7.2161628219014462 -19.832586450592459 44.605340408906244 232 233 234 0.54907051395247441 54 147 59 168 55 146 57 154 58 148 63 134 56 174 60 160 52 167 53 206 49 189 50 200 72 152 62 126 61 174 69 198 66 168
123 -0.1248759278685589 -20.250462574251472 44.100899482500736 31 31 38 0.6579059175719052 54 201 59 178 55 207 57 171 53 191 62 180 61 170
125 -0.10338771206737377 -20.128486876040082 43.837231684619013 31 31 38 0.77515578447104461 54 200 59 180 55 149 57 180 53 184 49 182 50 195 61 169
132 21.919070491358106 -19.810887147188897 46.879043072328848 121 2 16 1.3168817355908595 54 2 55 2 51 2 52 1 53 2 49 2 50 1
133 0.95991362312222284 -20.662160879982576 44.526019107849145 2 3 5 0.63420559782172858 59 14 55 15 57 11 58 13 63 7 56 16 51 15 60 11 52 15 53 14 72 13 61 12
134 0.97247228064605273 -20.638398588424195 44.476826846177779 2 3 5 0.60217578913363945 59 12 55 17 57 7 58 11 63 4 56 12 51 14 60 8 52 14 53 13 49 13 50 17 72 10 61 6
137 2.8279165175504128 -20.388667096621404 44.542131298020927 83 83 90 0.58074857382250322 54 24 55 29 57 18 58 25 63 20 56 29 51 23 60 26 52 25 53 25 50 29 72 26 62 24 61 27 69 27 66 22
139 7.2855624577726532 -18.298159153263448 42.496973805457408 216 209 203 0.53928303929251464 54 42 55 37 51 39 53 44 60 37
140 7.2855624577726532 -18.298159153263448 42.496973805457408 216 209 203 0.53928303929251464 54 40 55 40 51 43 53 41 60 42
141 7.2855624577726532 -18.298159153263448 42.496973805457408 216 209 203 0.53928303929251464 54 41 55 42 51 42 53 43 60 41
142 29.03552558824012 -19.572528055262584 47.327249954125833 109 6 26 1.1243042089912809 54 55 55 45 58 23 63 29 60 31 53 54 72 25 62 18 61 28
144 7.0113871179564589 -18.633006069375767 42.931512136247065 26 13 11 1.148511434479641 54 49 55 55 51 54 52 52 53 51 49 44 50 44 72 81 62 39 69 89 66 80
145 7.1949268755782283 -18.63038750869697 42.974827248711804 26 13 11 1.322829179029873 54 52 55 57 62 38
146 -0.26769898339632636 -20.265347046290994 44.066747904313445 26 26 33 0.79299690636770992 59 69 55 64 57 64 58 70 63 67 56 82 60 98 49 78 50 82 72 78 54 136 62 77 61 70 69 74 66 73
147 -2.4130801052803461 -20.376705077202306 44.496929884012111 237 235 235 1.6927761446225231 54 81 55 74 57 61 51 79 52 74 53 83 62 78 61 73
150 10.868532546508821 -18.24817791151666 42.565862823166036 127 81 80 0.3434372866537494 59 170 55 80 57 139 56 149
151 2.7433135669996109 -19.97746592102618 44.267693228222392 249 248 249 1.8523018654986334 54 86 55 86 54 183 51 89 52 109 53 84
153 30.197068366061028 -15.926485512443485 42.826779565471846 248 245 237 1.2714436904342328 59 56 55 98 57 54 58 61 56 69
158 9.0178873681583553 -21.632785663417497 47.957410840816777 170 131 132 1.647778458232406 54 190 55 124 57 174 56 135
163 4.2195164396034457 -20.190189085567159 44.923107191807752 40 39 40 0.68382862809072664 54 184 55 150 52 169 49 139 50 145 72 183
166 -1.1585705724077244 -20.609798609062565 45.261873839836198 203 201 198 1.1546566459815806 54 170 55 181 58 110 63 126 51 186 52 188 53 163 50 174
167 12.558650991786831 -17.160498781767885 40.602630704114844 144 42 47 1.4638167042938552 54 171 55 184 63 90 51 158 55 144 60 118 52 138 53 135
169 8.8559514774028365 -19.578719883653644 44.277492473043871 236 235 229 1.0481571064281827 54 174 55 194 57 177 59 104 63 184 51 192 52 128 53 102 50 100 72 109
170 11.21368473293267 -18.433557915359362 43.169828412449277 111 90 84 1.5476520677445171 59 121 55 195 57 133 58 129 56 111
179 5.58241472012892 -18.448004015112001 42.374361596398778 87 70 64 0.59964291139481474 59 37 57 41 58 33 63 35 56 49 60 36 62 35 61 39
185 12.92636053622927 -18.654973416769899 43.580821781396544 168 41 51 0.98326456656686556 59 77 57 63 58 66 63 68 56 79 55 87 51 91 60 62 62 45 61 81
186 7.1992305050426104 -18.601275827820061 43.073681002911776 202 194 188 0.43549483662752475 59 80 57 67 58 75 56 71 60 77
188 12.075866803065027 -18.514947446131394 43.504200354010436 102 9 14 1.0300087695960853 59 112 57 75 58 165 63 48 56 103 60 55
192 11.791925283133546 -20.203619622315017 44.791818120965964 93 84 83 0.99713294452542522 57 101 63 128 72 126
193 0.36107555562954735 -20.403921776830973 44.501299961248819 3 2 9 0.3982066876674884 59 177 57 105 63 136 62 167
198 10.542081644801575 -18.042034621482653 42.185575172357026 122 89 82 1.8872471500601038 59 137 57 129 58 184 63 139 59 158 56 152 51 185 55 196
206 -2.0247345368305933 -20.819182795186681 44.368082112057529 103 102 102 1.2933511373019844 54 107 55 108 57 72 54 53 59 43 55 41 54 46 58 103 51 32 51 50 51 111 60 75 52 45 52 71 60 22 53 90 72 185 60 139 62 175 61 167 69 86 66 55
208 30.422944800259405 -16.109622443887957 42.503871610059086 214 204 198 0.84209086744058093 54 10 58 8 51 10 60 9
214 2.2345975929526083 -20.370914412591528 44.413447578248217 115 113 120 0.38188705992416416 57 128 58 128 56 89 51 101 52 101 53 101 49 95 50 98 72 98
216 7.3480195085686359 -19.859800291570537 44.619034668357429 124 127 128 0.31407496395291051 57 179 58 146 63 185 55 206 56 176 60 167 52 184 49 186 61 162 62 162
220 10.701247186132724 -20.239398930994241 46.71511263876976 210 194 186 0.778875800444082 57 181 58 171 62 172 69 135 61 158 66 163
221 9.8902887814365084 -19.846695566289835 45.401761169117869 224 199 194 0.27493586930248715 57 115 58 173 63 122 62 133
227 16.859731679206462 -16.589573194827228 40.057261183031763 148 30 39 1.1839385992468503 54 30 59 30 55 26 57 25 58 31 59 29 57 21 56 28 56 34 60 34 52 32 53 27 49 24 50 23
229 19.844718485856756 -17.7651568082117 42.992052054527669 129 1 9 1.1998606831089849 54 37 63 22 51 35 52 36 53 37 61 25
230 15.128129150560843 -18.513624048259416 43.636071321360674 140 3 14 2.4453310019552759 55 28 57 20 63 32 56 44 51 22 52 24 62 32
231 31.059086759202348 -19.310214642712001 47.383033108642543 123 41 47 0.96141322594833778 57 49 59 102 60 51 63 61 72 51 61 60
232 4.4424274547200913 -19.778971600448379 44.73082644760219 201 200 194 1.0981954047868137 63 74 51 206 60 79 53 159 50 207 62 70 61 77 69 98
237 25.379353304884759 -16.154589561244055 40.482837522076444 118 34 37 1.3017765799028445 58 104 59 105 63 99 60 99 53 130 49 115 50 143 61 94 62 99
239 11.339200276212823 -14.978963467389885 35.496987632058122 137 41 52 1.9143255846719158 63 110 60 147 52 66 53 85 49 71 62 149 61 122 50 70
241 6.3964211197503236 -20.019721004175452 44.902475123735613 235 236 237 1.2451224326695818 55 148 58 121 63 121 56 172 60 119 53 185 50 157 72 154 62 127 61 128 69 189 66 140 53 187 49 190
252 -2.7798266025683058 -20.315802546666593 44.350951471891058 199 198 195 0.98777597650922178 55 209 63 181 56 151 60 159
253 9.2929016432209881 -21.857420980099189 47.951842254014764 115 72 77 1.430535788833722 59 186 57 158 58 164 63 130 58 112 59 155 56 134
254 1.9291922574219811 -20.468119006331133 45.283683814398742 240 238 237 0.88005971966959318 58 105 59 110 55 65 63 100 56 102 51 75 60 100 52 67 53 113 50 84 54 181 62 100 61 90 69 112
256 3.5509739084055054 -20.582994938850771 45.004784240637079 94 93 95 1.2443921380010736 54 67 59 64 55 82 63 182 57 176 58 144 51 112 52 84 61 72 61 177
257 8.5390244766405257 -19.497906945010779 44.052345636317646 240 239 235 2.0394709894484579 54 188 55 204 63 178 54 145 59 161 55 121 57 178 51 172 52 122 53 110 49 77 49 185 50 80
260 20.503432833102845 -15.875719927864861 39.259854624084255 132 34 41 1.8169116910997991 58 55 59 44 56 64 63 75 60 72 52 61 53 57 50 66 61 68
264 0.45530795000750729 -20.227430843631751 44.12254105906193 6 5 12 0.54045435965307353 55 137 56 127 52 175 53 186 49 191 50 194 72 184 61 168 69 187 66 180
266 2.0240656773971448 -20.884821730940875 45.057685528360132 123 123 123 0.44722180924178662 63 114 56 137 62 153 61 113 69 136 66 136
269 4.5909438001822345 -20.195140908215301 45.119992167840834 206 202 200 0.7128040171223794 55 192 58 172 56 170 52 207 72 202 69 185 66 164
270 29.691287919780692 -15.310965768755672 41.130648017021066 206 201 191 0.92865082002538835 55 158 57 173 56 179 51 195 52 195 53 166 49 183
271 29.691287919780692 -15.310965768755672 41.130648017021066 206 201 191 0.92865082002538835 55 197 57 147 56 186 51 193 52 199 53 193 49 152
273 4.4148061952268467 -19.92536975990506 44.335046942071997 116 119 117 1.8299914498797327 56 171 54 85 59 106 55 106 57 125 58 174 51 148 52 135 53 132 62 27 61 35 69 39 66 36
277 -1.5646875443471291 -19.773729295329474 43.82427793286022 197 194 187 2.0442186886788112 55 1 51 1 53 1 49 1 62 1 54 1
279 4.3674608382298636 -18.57999829879601 42.253749942903234 205 204 198 1.0003441031557965 55 31 57 28 51 37 72 35 60 29 69 38 66 31
280 8.5362859333246384 -18.510427121155253 42.95715795314063 221 202 199 1.038345844154023 63 33 51 52 52 47 53 48 49 42 50 43 72 50 62 33 61 42 69 68 66 51
282 5.7940356058286868 -20.291477939984855 45.421661916020966 252 252 246 0.77747600419136209 57 159 51 74 58 149 52 65
283 30.045816891639706 -15.165390755181717 41.425535048443749 212 206 202 0.45902966496375713 54 70 51 81 52 77 49 61
284 -1.8161522011064559 -19.672676630566343 42.378773718992896 19 21 27 1.0968927628494645 63 132 51 102 58 131 60 140 52 129 53 103 49 73 50 81 72 150 62 131 61 130 69 129 66 122
285 0.82932640210363129 -20.652391823335329 45.462208209496048 27 27 30 1.0432884377876896 55 189 51 114 61 119 62 173 69 184
287 12.593750406459309 -17.135318162542138 40.544249210758792 162 50 54 1.1908449652521389 55 138 63 103 51 150 60 101 52 130 53 147
289 4.0934369065236602 -18.724428225655139 42.399185498413075 197 197 193 1.0883042351333942 57 172 51 208 53 192 49 194 50 184 50 208 72 204 62 177 66 169
294 3.642139634774916 -20.416076257681201 44.981900211131695 14 19 24 1.1036333399448157 63 98 56 190 60 97 59 52 52 46 51 33 53 47 49 38 50 32 72 100 61 93 69 140 66 121
295 0.36684217255928148 -20.885441495148537 45.938179754243961 99 99 100 2.012351981250915 54 180 59 175 55 187 57 127 58 126 63 131 56 122 51 177 60 162 54 179 59 174 55 205 57 136 63 176 53 179 49 145 50 152 60 164 72 180 62 130 62 171 61 112 61 156 72 139 69 144 69 209 66 130 66 182
296 8.8327950472190757 -17.308660823550813 40.994111798212941 95 83 79 1.7962410379656848 60 21 63 19 52 22 53 21 61 24
297 11.19978286326006 -17.676412044543408 42.112026569930315 104 98 89 1.3126601131487567 51 93 60 158 52 96 53 77 49 64 50 53 62 158 61 120 66 30 69 50
298 2.5971083928891048 -18.086603339178197 41.504737319307679 130 124 118 1.1598597718035826 60 57 63 52 52 99 58 46 53 98 61 54
303 -2.9441335187877353 -20.747972766278476 44.069616187456248 31 30 32 0.52869903219064529 60 134 63 115 52 163 72 130 62 128 61 132 69 139 66 138
309 -2.44156380641195 -20.448887351609471 44.548872230499029 27 27 30 2.44325486930865 54 129 59 129 55 116 57 132 58 127 63 125 56 120 51 159 60 120 52 111 57 141 58 161 63 168 56 167 60 178 53 114 62 129 62 113 61 95 61 135
310 31.751180241834923 -17.113643291024371 43.824843399644976 231 227 222 1.6328562579707799 54 25 59 40 55 34 57 39 56 38 51 31 52 35 59 20 60 15 53 24 53 36 49 19 49 39 50 28 50 42
311 6.9504466601050705 -18.422732073285307 42.017608506236655 203 208 199 1.4578545459059689 51 44 53 38 49 31 50 22 69 33
315 -0.29482662818970939 -20.271439181946278 44.074926249323752 28 28 35 0.46213374113999622 51 73 53 81 72 66
317 -1.7575193867353756 -19.611096737630813 42.25679090432606 19 21 27 0.74713703282279631 51 113 52 133 53 112 49 96 50 101 62 120 61 133 69 109 66 99
318 32.176387333260635 -17.908319928710952 45.052824453874074 100 24 34 2.3377088550837639 56 110 57 188 58 182 53 124
319 4.832657302833856 -20.161982485606458 44.817676543758722 104 109 114 1.6487024361573641 51 147 58 64 53 129 49 188 55 85 72 135 61 84 69 141 69 154 66 167
320 27.17772347938833 -17.351642825429401 43.316528577339525 0 0 0 0.30491726875921543 52 134 60 76
325 28.905735425496843 -18.322232680553331 45.359804299615718 131 36 41 0.74700285687882728 52 115 54 143 53 199 49 172 50 190
327 4.7144948110646743 -19.472742845608352 43.505538476704565 243 241 235 1.2163141577785481 55 151 53 210 49 146 50 196 66 141
329 -1.9501186635181091 -20.822937644052402 44.404474939655039 104 103 105 0.73179016735385238 54 65 51 65 53 91 54 97 55 100 57 91 58 93 51 99 60 80 72 189 60 132 62 157 61 165 69 99
330 -1.3068718592795043 -20.365608027813391 44.55896357167795 106 105 107 1.7431479063650115 54 83 59 75 63 69 56 67 51 78 60 63 53 80 54 187 59 172 55 186 57 137 58 169 63 173 56 166 51 76 60 181 52 110 49 83 50 64 72 178 62 169 62 176 61 69 61 179 69 164 66 176
333 19.992704734400359 -16.857143881334775 41.380500534765844 111 16 21 0.99946209076533921 52 62 56 46 49 41 51 47
336 4.6828575143648559 -19.35239762121784 43.852073288373596 66 63 62 1.5494600971500248 55 115 49 176 50 175 66 86
338 3.8933013574172231 -19.912491950330431 43.914198596375094 104 107 113 0.53166268580169496 52 165 56 191 49 184 51 171 72 108 69 157 66 98
353 7.1941414854323993 -18.587596298231027 43.054487141056576 201 193 188 1.0868373407093188 54 62 59 48 55 61 58 43 56 57 51 61 52 54 53 62 49 47 50 47 59 79 57 52 58 78 56 74 60 82 63 51 72 67 62 43
356 7.3489925823668676 -20.059586696641166 43.620393978828773 80 72 70 1.3587995808122169 60 86 72 79 62 72 69 100 66 78
357 10.007721421726016 -20.189805080049428 44.666783772102775 145 31 52 1.0698972727721732 58 91 60 117 63 88 72 104 62 89 61 111 69 106 66 94
359 -1.2020106114400841 -20.716278889734316 44.273201270442705 2 3 9 0.54459161926685173 60 93 72 129 62 125 69 137
361 -0.17761955709184429 -20.852242761887737 44.560864722972454 21 20 21 2.0865261618819568 54 194 59 163 55 203 57 175 58 143 63 165 56 138 51 170 60 171 52 158 55 210 53 197 49 166 72 198 54 192 59 118 58 102 63 97 56 101 51 126 60 96 52 157 53 152 49 127 50 107 57 189 58 181 72 105 62 97 62 155 61 92 69 107 69 195 66 96
363 26.994249297237872 -13.736200346515936 36.889821044093189 210 198 196 1.1543251491859317 72 9 62 5 61 5 69 6 66 3
364 0.99321251221236961 -19.557059842355791 44.352443401774288 197 191 185 0.89343292940716412 72 16 62 13 61 9 69 15 66 10
365 19.116328002087201 -8.0519015519672799 22.300675540318185 129 121 120 0.57009475704427526 63 13 62 14 61 14 66 11
368 38.132859636357253 -15.454060829587977 42.588415616039377 0 0 0 0.70415988736984614 53 31 58 28 54 32 56 35 49 28 50 27 52 29
378 38.288228192724745 -15.408704854765535 42.94442189846599 0 0 0 0.77380847380544826 53 56 58 41 54 61 49 46 50 46 51 66 52 53 55 60 59 50
383 38.288228192724745 -15.408704854765535 42.94442189846599 0 0 0 0.77380847380544826 53 65 58 59 54 63 49 45 50 56 51 62 52 50 55 52 59 54
390 37.222562359862771 -15.507885025430813 42.776543135680775 0 0 0 0.79587017218808154 53 58 54 60 58 71 56 65 57 65 51 55 55 58 59 57 49 52 50 38 52 48
392 37.222562359862771 -15.507885025430813 42.776543135680775 0 0 0 0.79587017218808154 53 61 54 64 58 73 56 70 57 66 51 63 55 48 59 78 49 48 50 57 52 51
394 22.001298826940673 -7.3320261805057214 21.434912966557846 216 212 212 0.94292525402322391 63 86 62 84 61 108 69 156 66 92 58 87 60 113
397 18.797787679473689 -8.6452563553892947 23.813215044951704 194 186 185 0.60592050355250127 58 88 62 87 60 114 56 87
403 35.191743069400552 -15.652212961712703 42.851672672271754 0 0 0 0.86502603915465393 53 94 58 84 54 90 56 83 57 104 49 87 50 90 51 121 52 92 55 94 59 132
406 -3.3932113339037917 -20.262583266761965 42.909980448711899 99 98 100 0.53338087344843443 72 106 62 116 61 129 69 138 66 137
412 23.500733948177807 -19.12414613712248 44.730801660712913 98 73 78 1.3469237261933058 63 129 72 151 62 124 60 130
420 25.489807861284593 -15.865151054752131 40.008572563027471 97 5 12 1.1786369039861684 72 58 69 57 66 37
422 21.486540788133855 -8.4364208512651189 23.600561287060824 218 211 212 0.74315326609301791 63 24 62 23 61 29 69 44 66 17 60 38
429 20.830557537835702 -13.395475967874695 34.987256391709145 150 134 130 0.096635322382181879 63 45 62 76 60 44 61 55
430 20.987778034626249 -7.7042508346136138 21.932749698030321 182 175 174 0.56040401778237114 63 83 62 83 69 102 66 67 60 112
435 21.672500070246972 -7.4218901012454088 21.368084285622327 186 179 178 0.58799177122245039 63 124 62 123 69 155 66 158
436 22.206336152677359 -7.7476419360707629 22.183516541246586 187 180 179 0.41601346520061649 63 157 62 152 61 150 69 206 66 160
446 8.8629996210593056 -18.054993515063931 42.721945237156511 98 77 78 1.1937907308428697 60 19 63 16 61 22
455 2.6557041219420232 -19.295546884364679 44.342884150806896 111 97 94 0.58933566099701495 60 59 63 53 61 49
466 4.2197874131921145 -17.924342164003228 40.61630338435932 200 200 196 1.9129006492110321 55 81 72 203 57 160 62 139 66 148
469 4.8342851962078583 -20.485069267429822 45.51687292181964 103 108 113 0.60766058883337581 55 102 61 82
470 10.981123575225064 -18.086344327279974 42.109660095354464 120 21 30 0.225202717474137 60 92 61 83 58 107
485 12.311123011746783 -17.773768961107127 41.363123095087161 164 22 32 1.1332736366063538 60 165 61 118 63 188 61 176 62 185
502 3.5710071097159499 -22.594292765274371 49.264687056245627 2 2 3 0.72937862282323218 56 139 60 170 61 161
503 3.5511132395056779 -20.487835380411155 44.718727377102631 4 3 5 0.24815384822225089 60 169 61 164
504 3.557360010529611 -20.619322478192821 44.929591529956653 2 2 3 0.23300431777706962 60 174 61 166
523 1.283435117479788 -20.477997881764878 45.978606948605218 204 198 193 0.11144797349418673 72 2 69 1
524 1.283435117479788 -20.477997881764878 45.978606948605218 204 198 193 0.11144797349418673 72 3 69 2
526 21.642331877381906 -8.4320914121647661 23.815864237886071 157 144 145 1.4175328690393947 58 9 69 7 60 5 56 5
528 18.218232477406563 -18.06770542565312 43.428149220724798 157 21 27 0.92803099883933893 72 24 69 17 66 14
529 4.0269127913539124 -19.000904777358077 43.731341360000634 103 81 82 0.37407822632845228 72 38 69 21 66 28
531 23.095382026441808 -10.019631268061419 26.829900161680698 98 5 18 0.48886701092289464 62 21 63 23 69 35 61 33 66 26
533 21.743774521359072 -14.403352487881188 37.588391958033029 144 132 127 0.64686776595504381 72 32 69 45 66 41
535 10.174220557426466 -17.896401119237488 41.561504804096202 208 212 202 0.1366934549680261 72 60 69 51
537 28.130482193611041 -19.608156568681459 48.903691467122286 0 0 0 0.62212466295334035 63 42 72 40 60 48 61 36
538 11.680614896458565 -16.238857186623299 38.425064758184199 125 22 35 1.6132333092609279 53 39 69 63 66 59
539 22.867754639708266 -9.3364245945753819 25.40490869394867 51 41 38 0.49354291669417272 62 42 63 49 69 64 61 52 66 50
540 22.22764143717626 -9.5420226456972657 25.788453626607787 73 63 60 0.24464745185700967 62 46 63 50 69 65 61 50
543 23.022021231601766 -9.5622069388879911 25.666450159251863 225 219 215 1.0038636397193537 62 41 69 75 61 51 63 47 66 58
544 22.235472824316858 -9.845797386287451 26.397622386635565 232 213 212 0.40146655365791178 62 74 63 62 69 81 61 71 66 82
545 1.4758573170520395 -20.843783602653541 45.240894928181746 19 17 24 1.1495534315124616 53 73 72 191 69 82
546 7.4149975858087602 -20.028373668221114 43.562475189579089 79 72 68 1.2518309754837122 62 65 72 64 69 83 66 68
547 22.235472824316858 -9.845797386287451 26.397622386635565 232 213 212 0.40146655365791178 62 79 63 70 69 95 61 74 66 84
551 13.775238783416889 -18.662953919960657 44.322450811612882 160 53 63 0.80697432687381676 72 114 69 114 66 104
555 22.921647325903166 -8.8777883164369165 24.483996958646973 118 111 112 0.37592973080379705 62 109 63 82 69 120 61 105 66 112
558 23.409449937696124 -9.1747529247572537 25.035662656667043 203 189 184 0.46849978064042946 62 91 69 131 61 87 66 89
559 -2.7473823075183397 -20.271867412875206 44.153831213217536 22 22 24 0.81914474652651448 72 141 69 145 66 127
561 22.825624588146159 -9.5343771363191081 25.776113192237741 173 134 139 0.49552678328187827 62 118 63 111 69 149 61 123 66 123
563 2.5295572867855096 -20.120659413511031 44.729700029967923 203 200 193 0.1946399626147447 72 140 69 150 66 126
564 23.002664035317444 -8.3123983320818979 23.428776768148168 196 183 186 0.28798201152309993 62 122 63 120 69 153 61 115 66 115
566 5.1354738036978906 -21.624317756691333 48.110034146304301 107 111 116 1.5786322957372523 58 77 69 160
577 20.235304894131335 -16.480451116946011 40.995385752983296 106 16 25 0.60297758154989389 72 1 69 3
578 10.510531504846336 -18.842237508761496 44.717823760317813 79 72 63 0.4558906733161367 72 73 69 87 66 77
579 23.599058548628673 -8.6871422511541141 24.128236018893077 234 227 228 0.5052646041138541 62 34 69 40 63 34 61 38 66 39
580 20.038639491534756 -7.3879987781522498 21.129585077235795 202 196 195 0.50321866591054143 62 37 63 37 61 40 66 42 56 53 60 39 58 37
581 22.713682372365593 -9.2985295988072512 25.415103449003947 217 209 208 0.54813900994591136 62 48 63 54 69 69 61 53 66 52
582 19.229237431023112 -8.5748950753795565 23.663911244105265 198 190 189 0.55458212183160094 62 50 63 41 69 72 61 57 66 53 56 60 60 46 58 49
583 23.630919695782822 -8.7183627904130248 24.091488616765421 42 39 32 0.58906241549252392 62 54 69 101 63 77 61 61 66 81
584 23.933726784349169 -8.9609818985950938 24.598954612655238 125 110 101 0.72391676864534671 62 103 69 113 63 104 61 98 66 103
585 24.108819212893643 -8.6503845780644273 23.988851113270037 223 217 211 0.85008722846099283 62 53 63 57 61 99 69 115 66 105
586 23.31584377263572 -9.1126789809267201 24.873008417844961 203 189 184 0.57720508493222444 62 104 69 116 63 105 61 100 66 107
587 23.933726784349169 -8.9609818985950938 24.598954612655238 125 110 101 0.72391676864534671 62 90 69 130 63 91 61 86 66 88
589 23.931789111205422 -8.7306580776026745 24.234599639969037 215 211 209 0.58174072998781379 62 142 69 179 63 148 61 143 66 152
591 22.825624588146315 -9.5343771363191916 25.776113192237965 173 134 139 0.49552678328192157 62 132 63 133 69 159 66 135 61 131
596 27.579547679568023 -13.197260786736733 36.252810383691987 0 0 0 0.7277319189240099 69 16 72 22
597 8.0962176512669419 -18.615097716546806 42.879955912568072 85 15 20 0.24829774214571335 69 18 72 21 66 13
601 27.957549218849667 -11.695372677048624 33.071235265195796 0 0 0 1.2600753711980253 69 47 72 33
606 24.452253018978631 -14.250653802047449 37.402827798764633 242 217 213 0.20192974390750554 72 72 66 64
607 17.641725581909835 -3.1494170783196562 10.306617941172282 221 217 215 1.3189622239561203 61 63 66 74 63 78
609 26.840761644058716 -17.47954362259804 41.823704405129071 96 85 87 1.7103345593424422 56 181 69 105 66 93 60 142 57 155 58 176 61 114
613 25.109896025183943 -14.233152151931465 37.416780683273331 222 198 193 0.92646784512541991 69 79 72 123 66 113
614 14.567715677901727 -7.1046641542354552 18.734907068763789 128 39 46 0.13225156004955269 69 42 66 114
616 39.31989882518743 -15.25897142926153 42.602898926683466 0 0 0 0.82659238688148085 49 109 53 138 56 113 55 118 57 135 58 133 59 183 50 108 51 133 52 140 54 133
618 9.427453330183539 -19.642615711699378 43.150002682968996 112 72 78 1.8801564408645828 69 161 72 125 62 179 66 125
620 39.31989882518743 -15.25897142926153 42.602898926683466 0 0 0 0.82659238688148085 49 134 53 148 56 131 55 139 57 130 58 114 59 179 50 137 51 153 52 131 54 137
624 7.3341630161068183 -19.864884985207119 44.655470394046979 123 126 128 0.23954644029996899 72 196 66 174
626 7.783518985869482 -18.733850689632163 42.948607737368583 148 98 107 0.73441685538114154 72 200 66 181
627 -3.0154119799318608 -19.967549799288705 43.025502756896124 6 8 8 0.88616657414612643 49 140 72 145 50 185 66 100 72 65 69 110
628 13.447933861431716 -17.897390262805459 42.12148347892817 166 31 39 1.4656523795185805 69 58 72 49 54 74 59 111 55 43 57 62 63 101 56 68 60 87 66 38
629 8.3442262248826733 -19.546008539577556 43.853875980042154 132 132 130 1.5005182136991362 54 23 63 21 54 47 59 34 55 35 56 42 72 48 62 29 61 44 66 23 66 34 59 51 57 46 58 51 63 43 56 61 60 47 69 54
636 20.283409303480461 -3.66707623522246 12.038327971162758 183 176 175 0.73635992181061527 61 148 66 153 63 154
640 21.108712911463073 -4.050522967178102 13.094819974183025 143 136 136 1.0588829988373059 61 126 66 133 63 117
642 18.916556718004053 -8.1998530993493244 22.794638321710497 146 138 137 0.91668081761401243 63 87 62 88 61 110 66 118 60 115 58 96 56 88 69 128
643 7.8809798022153599 -18.169804002060111 42.580991041435283 128 117 114 1.9850020683475673 57 142 50 162 59 134 54 160 55 162 58 160 63 123 56 188 51 199 53 169 49 118 50 120
