# Frame list with one line of data per frame:
#   FRAME_ID, RIG_ID, RIG_FROM_WORLD[QW, QX, QY, QZ, TX, TY, TZ], NUM_DATA_IDS, DATA_IDS[] as (SENSOR_TYPE, SENSOR_ID, DATA_ID)
# Number of frames: 14
38 1 0.99317992021752954 -0.00023336503653162866 0.10990921936467388 0.038904435686814134 -20.372928006128287 -34.803841394958788 3.8596027604418888 1 CAMERA 1 38
46 1 0.99439012005589633 0.084165227804137946 0.044014688034341574 0.04655331138745343 1.0265193969582569 -4.7230936763373847 0.34771731535369738 1 CAMERA 1 46
50 1 0.99235588647147754 0.10307647422987547 0.047898594723392626 0.048070361651124244 -0.60423045593033597 1.8281874115269967 0.13054738448337025 1 CAMERA 1 50
51 1 0.99275305151244131 0.095236164204628757 0.055645373219298105 0.047697423196753852 -3.1502236958454368 -1.0326843611858685 0.57502443767669131 1 CAMERA 1 51
53 1 0.99240268946155796 0.10472667889850944 0.042900238914447282 0.048257581553974735 1.1012940578150272 2.4811326331522441 0.1887171231099512 1 CAMERA 1 53
54 1 0.99301720972580976 0.098589385087762077 0.044249188550838002 0.047317688542198394 0.71332092022441329 0.30656873575636806 0.061116318597478486 1 CAMERA 1 54
56 1 0.99273944516167256 0.10081381832397028 0.044639327862746124 0.048086364626558298 0.56561387241512584 1.0894992378750934 0.12997484629331324 1 CAMERA 1 56
59 1 0.99225543135135041 0.10823935129288476 0.037424406233188837 0.048091741531518351 2.9268336196437792 3.7898050039586879 -0.40816268724656118 1 CAMERA 1 59
63 1 0.99319538389966433 0.098311556916585011 0.04031311539901037 0.04767200335481566 2.095004212208456 0.27647357586070981 0.13132844122227122 1 CAMERA 1 63
67 1 0.99257707529025352 0.09813006374458301 0.053537911602319764 0.047905450827572041 -2.4674142186732229 0.012633334635867435 0.46194867971279602 1 CAMERA 1 67
70 1 0.99429361653486592 0.087555200445256026 0.03937579102312562 0.04651707293361463 2.5717723742480714 -3.4745713108034857 0.29095344621124253 1 CAMERA 1 70
71 1 0.99275587097568507 0.097380540653927344 0.052144419044894912 0.047262781421837943 -1.9931816182270523 -0.23187054268800475 0.22215504440284062 1 CAMERA 1 71
72 1 0.99253559242556921 0.10587554854610312 0.036893941032027942 0.047982320740158436 3.1492609028718235 2.9698480455993703 -0.26500171121214844 1 CAMERA 1 72
73 1 0.99252369168112975 0.0983441284468764 0.054062475918679583 0.047983357002488056 -2.6511770086856492 0.080595530470007282 0.43907400599068896 1 CAMERA 1 73
