# Image list with two lines of data per image:
#   IMAGE_ID, QW, QX, QY, QZ, TX, TY, TZ, CAMERA_ID, NAME
#   POINTS2D[] as (X, Y, POINT3D_ID)
# Number of images: 14, mean observations per image: 81.071428571428569
38 0.99317992021752954 -0.00023336503653162866 0.10990921936467388 0.038904435686814134 -20.372928006128287 -34.803841394958788 3.8596027604418888 1 000037.png
132.56462097167969 116.99075317382812 1 138.82170104980469 201.26869201660156 58 172.77351379394531 128.92996215820312 2 172.77351379394531 128.92996215820312 -1 129.63888549804688 137.87417602539062 66 112.90799713134766 24.669660568237305 3 156.20332336425781 36.041080474853516 -1 228.90719604492188 126.32836151123047 4 151.28759765625 156.59904479980469 5 202.349853515625 62.917243957519531 -1 118.03714752197266 178.47238159179688 59 223.98237609863281 205.63278198242188 -1 238.35348510742188 219.70803833007812 6 187.52436828613281 51.8770751953125 73 244.63807678222656 93.087501525878906 7 244.63807678222656 93.087501525878906 10 131.49520874023438 178.67724609375 54 131.49520874023438 178.67724609375 51 135.88591003417969 35.7550048828125 -1 119.25394439697266 162.43327331542969 -1 135.88591003417969 35.7550048828125 18 228.18106079101562 108.58937072753906 8 151.46151733398438 120.97749328613281 9 79.954475402832031 148.89472961425781 -1 119.25394439697266 162.43327331542969 -1 135.88591003417969 35.7550048828125 13 144.93675231933594 21.787250518798828 12 151.82818603515625 104.11041259765625 60 161.21711730957031 114.18766784667969 -1 164.31179809570312 102.83503723144531 19 156.44406127929688 76.996612548828125 17 156.44406127929688 76.996612548828125 15 180.92996215820312 44.797229766845703 11 167.87651062011719 90.699310302734375 16 113.02082824707031 44.380592346191406 22 175.26747131347656 95.298614501953125 25 121.63945007324219 26.42234992980957 21 175.26747131347656 95.298614501953125 33 251.8831787109375 102.50315856933594 27 109.19156646728516 34.864913940429688 20 169.21022033691406 45.865280151367188 -1 103.31423187255859 50.591178894042969 -1 169.91647338867188 63.051792144775391 23 183.51980590820312 69.842597961425781 62 171.74699401855469 88.009719848632812 24 179.96910095214844 94.472808837890625 42 169.00735473632812 95.904731750488281 26 251.8831787109375 102.50315856933594 34 243.923095703125 105.55014801025391 28 161.32577514648438 119.83448791503906 45 200.51608276367188 196.63641357421875 29 231.98631286621094 199.73318481445312 40 174.23284912109375 39.943305969238281 14 250.77909851074219 218.89918518066406 -1 169.91647338867188 63.051792144775391 31 169.91647338867188 63.051792144775391 32 246.90130615234375 214.73280334472656 74 151.67802429199219 115.94671630859375 68 209.72898864746094 176.38345336914062 46 151.67802429199219 115.94671630859375 -1 214.77420043945312 181.25094604492188 47 221.75436401367188 188.21279907226562 37 224.95109558105469 192.03028869628906 38 151.60372924804688 75.640068054199219 36 249.37074279785156 83.210372924804688 -1 249.37074279785156 83.210372924804688 -1 100.15135192871094 121.823974609375 -1 126.23644256591797 30.653417587280273 35 126.23644256591797 30.653417587280273 63 123.75608062744141 39.904876708984375 -1 100.15135192871094 121.823974609375 -1 119.82310485839844 34.753215789794922 61 123.75608062744141 39.904876708984375 -1 172.11471557617188 89.200859069824219 52 229.70147705078125 99.804931640625 48 244.36503601074219 101.15174865722656 43 154.02450561523438 102.62261962890625 64 227.34188842773438 107.07662963867188 67 92.615898132324219 128.412841796875 -1 86.923385620117188 133.15669250488281 -1 83.563705444335938 135.98947143554688 -1 68.856475830078125 148.02444458007812 -1 243.38575744628906 211.15817260742188 41 209.70341491699219 235.89523315429688 57 90.179756164550781 130.44889831542969 -1 6.561582088470459 202.55502319335938 -1 204.56922912597656 193.45852661132812 39 22.722984313964844 189.05262756347656 -1 25.167482376098633 187.0810546875 -1 200.36433410644531 166.59902954101562 70 60.118412017822266 155.1285400390625 -1 110.61495971679688 40.820674896240234 -1 166.28619384765625 88.963386535644531 53 244.36503601074219 101.15174865722656 44 154.02450561523438 102.62261962890625 -1 92.615898132324219 128.412841796875 -1 116.86616516113281 36.665321350097656 50 86.923385620117188 133.15669250488281 -1 83.563705444335938 135.98947143554688 -1 68.856475830078125 148.02444458007812 -1 65.985710144042969 150.46748352050781 -1 204.56922912597656 193.45852661132812 -1 204.56922912597656 193.45852661132812 -1 209.70341491699219 235.89523315429688 56 110.61495971679688 40.820674896240234 -1 189.49966430664062 64.494499206542969 49 248.27558898925781 86.02679443359375 65 251.62567138671875 88.019783020019531 -1 166.28619384765625 88.963386535644531 55 65.985710144042969 150.46748352050781 -1 90.179756164550781 130.44889831542969 -1 42.779315948486328 172.52720642089844 -1 108.24037170410156 79.697860717773438 71 
46 0.99439012005589633 0.084165227804137946 0.044014688034341574 0.04655331138745343 1.0265193969582569 -4.7230936763373847 0.34771731535369738 1 000044.png
131.78273010253906 117.99681091308594 1 136.50984191894531 201.60240173339844 58 173.95390319824219 130.32893371582031 2 199.90895080566406 74.591499328613281 75 130.56356811523438 134.75309753417969 66 112.96865081787109 24.637710571289062 3 225.74995422363281 121.95188140869141 4 225.74995422363281 121.95188140869141 102 152.00372314453125 155.96672058105469 5 203.51655578613281 189.60310363769531 -1 203.51655578613281 189.60310363769531 -1 98.034011840820312 28.921459197998047 79 118.46537780761719 178.17243957519531 59 221.43450927734375 200.983154296875 80 235.67994689941406 215.14706420898438 6 239.07937622070312 89.454971313476562 7 239.07937622070312 89.454971313476562 -1 124.96994018554688 11.211609840393066 -1 224.065673828125 105.44140625 8 101.90398406982422 126.00782012939453 -1 101.90398406982422 126.00782012939453 -1 201.75027465820312 59.814643859863281 82 151.6075439453125 121.18643188476562 9 132.44795227050781 180.93212890625 51 141.55819702148438 19.794355392456055 12 181.41325378417969 45.704090118408203 11 132.44795227050781 180.93212890625 54 134.8551025390625 33.719383239746094 13 140.49188232421875 179.99580383300781 84 167.84027099609375 90.530441284179688 16 151.89021301269531 104.09903717041016 60 203.21533203125 197.18426513671875 -1 203.21533203125 197.18426513671875 -1 156.46440124511719 76.961296081542969 17 156.46440124511719 76.961296081542969 15 164.39947509765625 48.423267364501953 112 174.60232543945312 40.266075134277344 14 164.42401123046875 102.67958068847656 19 175.32380676269531 95.257362365722656 33 175.32380676269531 95.257362365722656 25 180.00318908691406 94.373687744140625 42 109.17237091064453 34.998889923095703 20 161.1378173828125 119.92876434326172 45 121.72048950195312 26.509304046630859 21 113.0030517578125 43.721828460693359 22 169.0704345703125 46.383872985839844 119 169.92910766601562 63.0263671875 23 181.47172546386719 77.208892822265625 -1 171.86793518066406 88.10516357421875 24 168.93353271484375 95.901458740234375 26 247.20428466796875 97.6781005859375 27 239.87809753417969 101.10475921630859 28 197.97416687011719 192.66459655761719 29 229.189208984375 195.13267517089844 40 169.92910766601562 63.0263671875 31 169.92910766601562 63.0263671875 32 247.20428466796875 97.6781005859375 34 197.97416687011719 192.66459655761719 85 238.94438171386719 121.12874603271484 122 126.36891937255859 37.908496856689453 -1 249.68281555175781 83.001182556152344 -1 251.13845825195312 87.770652770996094 121 100.02641296386719 5.4565467834472656 93 229.41453552246094 74.58441162109375 118 218.62065124511719 183.65409851074219 37 243.67652893066406 209.47590637207031 74 222.31953430175781 187.55709838867188 38 205.28662109375 188.61508178710938 -1 238.98446655273438 204.81126403808594 41 141.14595031738281 18.519458770751953 -1 151.59881591796875 75.64990234375 36 241.460205078125 108.43746185302734 -1 116.64968872070312 126.94956207275391 -1 211.84980773925781 177.00030517578125 47 126.36891937255859 37.908496856689453 -1 251.13845825195312 87.770652770996094 120 113.96343994140625 146.05636596679688 -1 207.87370300292969 173.45582580566406 46 239.65162658691406 80.266647338867188 -1 244.37168884277344 88.361351013183594 -1 166.36729431152344 88.832870483398438 55 172.09550476074219 89.1356201171875 52 225.85647583007812 95.604270935058594 48 154.0748291015625 102.86543273925781 64 223.48320007324219 103.56981658935547 67 15.016519546508789 191.09133911132812 -1 217.92340087890625 173.8936767578125 -1 189.59796142578125 64.31256103515625 49 197.62625122070312 162.84904479980469 70 101.82146453857422 0.59874677658081055 -1 20.607540130615234 186.27301025390625 -1 203.55032348632812 168.5584716796875 -1 64.846809387207031 149.74043273925781 -1 73.094085693359375 139.8619384765625 -1 91.769599914550781 127.492431640625 90 108.89579010009766 4.8856978416442871 92 151.86790466308594 116.43997192382812 68 251.24510192871094 111.70614624023438 88 126.62425231933594 30.637165069580078 35 108.89579010009766 4.8856978416442871 96 244.37168884277344 88.361351013183594 -1 244.37168884277344 88.361351013183594 -1 166.36729431152344 88.832870483398438 53 166.36729431152344 88.832870483398438 99 154.0748291015625 102.86543273925781 124 180.98141479492188 89.128936767578125 125 116.97389221191406 36.613307952880859 50 169.45339965820312 40.42523193359375 98 37.345962524414062 172.566162109375 123 174.84733581542969 53.17987060546875 117 248.13287353515625 103.44029998779297 -1 158.52542114257812 80.580978393554688 -1 73.094085693359375 139.8619384765625 -1 231.32424926757812 187.06369018554688 -1 156.79362487792969 97.474319458007812 -1 102.09325408935547 35.602092742919922 -1 
50 0.99235588647147754 0.10307647422987547 0.047898594723392626 0.048070361651124244 -0.60423045593033597 1.8281874115269967 0.13054738448337025 1 000051.png
130.44180297851562 117.20941925048828 1 136.597412109375 201.10476684570312 58 173.31167602539062 129.69744873046875 2 200.07199096679688 74.680305480957031 75 130.84954833984375 134.0831298828125 66 113.00364685058594 24.654911041259766 3 226.0450439453125 121.89972686767578 4 226.0450439453125 121.89972686767578 102 130.78726196289062 170.46543884277344 -1 151.70401000976562 155.66020202636719 5 203.80072021484375 189.28218078613281 -1 203.80072021484375 189.28218078613281 -1 130.78726196289062 170.46543884277344 -1 130.78726196289062 170.46543884277344 -1 98.037162780761719 29.15580940246582 79 118.83960723876953 177.78114318847656 59 222.17088317871094 201.04794311523438 80 235.69490051269531 214.31591796875 6 181.84605407714844 155.66311645507812 -1 125.00556945800781 11.276131629943848 -1 151.63748168945312 120.76283264160156 9 239.78366088867188 88.462547302246094 7 224.49263000488281 104.80260467529297 8 201.67283630371094 59.964370727539062 82 75.534904479980469 147.52470397949219 -1 184.16470336914062 155.24858093261719 -1 132.470703125 178.88072204589844 54 132.470703125 178.88072204589844 51 239.78366088867188 88.462547302246094 10 239.78366088867188 88.462547302246094 -1 135.27076721191406 34.265914916992188 13 231.53086853027344 77.487998962402344 118 140.405029296875 180.58708190917969 84 135.27076721191406 34.265914916992188 18 181.35383605957031 45.620262145996094 11 174.50093078613281 40.193859100341797 14 151.98213195800781 104.48567962646484 60 164.34866333007812 102.72567749023438 19 156.47384643554688 76.928421020507812 15 156.47384643554688 76.928421020507812 17 167.89912414550781 90.597923278808594 16 121.67337799072266 26.610200881958008 87 141.611572265625 19.331682205200195 12 121.67337799072266 26.610200881958008 21 109.21206665039062 34.845355987548828 20 239.55108642578125 204.72160339355469 41 112.92837524414062 43.738513946533203 22 169.11312866210938 46.637100219726562 119 169.92176818847656 63.029888153076172 23 183.22103881835938 70.113655090332031 62 171.91128540039062 88.11431884765625 24 180.02398681640625 94.390731811523438 42 168.97535705566406 95.906883239746094 26 161.50028991699219 119.51881408691406 45 198.11021423339844 192.59379577636719 29 169.92176818847656 63.029888153076172 31 169.92176818847656 63.029888153076172 32 198.11021423339844 192.59379577636719 85 177.61369323730469 91.024917602539062 -1 221.97235107421875 186.79002380371094 38 115.92709350585938 45.485065460205078 105 251.3726806640625 88.034454345703125 120 126.24019622802734 30.615222930908203 35 229.06387329101562 194.09664916992188 40 229.57527160644531 74.546195983886719 118 207.33399963378906 172.08609008789062 46 25.750785827636719 182.0177001953125 -1 83.464225769042969 131.18647766113281 -1 93.140068054199219 123.04685974121094 90 226.27354431152344 95.443695068359375 48 126.24019622802734 30.615222930908203 63 93.140068054199219 123.04685974121094 -1 83.464225769042969 131.18647766113281 -1 115.92709350585938 45.485065460205078 22 251.3726806640625 88.034454345703125 121 177.61369323730469 91.024917602539062 -1 151.58689880371094 75.6707763671875 36 249.14166259765625 82.931175231933594 -1 195.9521484375 56.965206146240234 -1 214.94078063964844 179.59063720703125 47 54.084304809570312 158.51237487792969 94 21.870460510253906 185.01901245117188 -1 15.520726203918457 190.08964538574219 -1 241.68278503417969 200.28977966308594 91 207.57174682617188 230.37300109863281 57 35.613548278808594 173.68046569824219 -1 133.42753601074219 184.12226867675781 51 82.047401428222656 135.67999267578125 -1 86.599281311035156 131.83973693847656 -1 100.06923675537109 5.9001297950744629 93 116.95016479492188 36.615005493164062 50 242.17898559570312 108.13626861572266 -1 154.17532348632812 102.77946472167969 64 169.51542663574219 40.217533111572266 98 177.97795104980469 89.964981079101562 -1 180.98789978027344 89.115386962890625 125 108.87265777587891 4.9447031021118164 96 166.44120788574219 88.918891906738281 53 110.60686492919922 40.928340911865234 -1 177.97795104980469 89.964981079101562 -1 154.17532348632812 102.77946472167969 124 168.99806213378906 44.395950317382812 -1 174.82304382324219 53.251529693603516 117 133.42753601074219 184.12226867675781 54 207.57174682617188 230.37300109863281 56 246.71040344238281 84.935501098632812 65 108.87265777587891 4.9447031021118164 92 168.13307189941406 60.166683197021484 -1 189.63735961914062 64.298606872558594 49 172.07290649414062 89.1534423828125 52 243.04660034179688 82.565467834472656 65 166.44120788574219 88.918891906738281 55 166.44120788574219 88.918891906738281 99 177.00157165527344 139.92098999023438 -1 195.46656799316406 159.78372192382812 70 
51 0.99275305151244131 0.095236164204628757 0.055645373219298105 0.047697423196753852 -3.1502236958454368 -1.0326843611858685 0.57502443767669131 1 000052.png
130.39283752441406 117.08270263671875 1 136.71458435058594 201.09184265136719 58 173.78684997558594 129.78782653808594 2 200.06666564941406 74.726478576660156 75 130.86442565917969 134.12945556640625 66 126.50311279296875 98.702796936035156 -1 113.00215148925781 24.658660888671875 3 130.85472106933594 170.27821350097656 -1 151.54998779296875 156.02070617675781 5 130.85472106933594 170.27821350097656 -1 130.85472106933594 170.27821350097656 -1 98.0103759765625 29.036033630371094 79 119.33242797851562 177.72718811035156 59 221.49783325195312 200.29322814941406 80 235.44500732421875 214.02195739746094 6 187.69984436035156 51.882804870605469 73 183.95796203613281 154.83758544921875 -1 151.62062072753906 120.98499298095703 9 224.54266357421875 104.93437957763672 8 201.71250915527344 59.895427703857422 82 132.52818298339844 178.89442443847656 54 132.52818298339844 178.89442443847656 51 231.34025573730469 77.558258056640625 118 140.26078796386719 180.57447814941406 84 156.52272033691406 76.9453125 15 156.52272033691406 76.9453125 17 164.42263793945312 48.130298614501953 112 180.94557189941406 44.816120147705078 11 135.11651611328125 33.490253448486328 13 141.74650573730469 19.746936798095703 12 164.20855712890625 102.75704193115234 19 151.9237060546875 104.02992248535156 60 241.19696044921875 116.27555847167969 -1 167.93635559082031 90.594100952148438 16 248.91387939453125 92.507408142089844 -1 135.11651611328125 33.490253448486328 18 121.74185943603516 26.573112487792969 21 174.244140625 39.877658843994141 14 169.11134338378906 46.430976867675781 119 169.93113708496094 63.024299621582031 23 183.79319763183594 69.761848449707031 62 209.65695190429688 71.934585571289062 -1 171.89570617675781 88.000968933105469 24 180.02189636230469 94.323135375976562 42 169.05335998535156 95.761199951171875 26 248.35505676269531 97.898284912109375 27 161.37345886230469 114.42220306396484 -1 161.4964599609375 119.48575592041016 45 198.02764892578125 192.01490783691406 29 169.93113708496094 63.024299621582031 31 169.93113708496094 63.024299621582031 32 209.65695190429688 71.934585571289062 -1 248.35505676269531 97.898284912109375 34 198.02764892578125 192.01490783691406 85 109.18877410888672 35.066829681396484 20 250.98886108398438 87.655708312988281 120 219.15483093261719 183.71192932128906 37 223.85581970214844 103.12110137939453 67 177.71022033691406 91.188484191894531 -1 241.21847534179688 101.47130584716797 28 151.60029602050781 75.631362915039062 36 113.59305572509766 105.77651977539062 -1 233.582275390625 76.99462890625 -1 207.6710205078125 172.28961181640625 46 222.61737060546875 187.54548645019531 38 229.19830322265625 194.37565612792969 40 177.71022033691406 91.188484191894531 -1 250.98886108398438 87.655708312988281 121 241.21847534179688 101.47130584716797 43 202.41465759277344 188.48384094238281 39 239.931640625 205.03523254394531 41 244.06468200683594 209.20314025878906 74 251.28619384765625 216.54258728027344 -1 156.74435424804688 97.446334838867188 -1 154.05508422851562 102.91328430175781 64 239.73641967773438 121.03649139404297 122 93.074119567871094 123.06224822998047 90 89.680885314941406 129.3232421875 -1 207.41807556152344 230.70843505859375 57 9.6250448226928711 194.97792053222656 -1 244.932373046875 87.77752685546875 -1 189.73373413085938 64.193695068359375 49 108.79378509521484 4.9176440238952637 96 213.5516357421875 178.05256652832031 47 126.55287170410156 30.620967864990234 35 116.94610595703125 36.616291046142578 50 31.412919998168945 177.00848388671875 -1 39.342803955078125 170.55888366699219 123 47.126453399658203 164.08631896972656 -1 54.06304931640625 158.89312744140625 94 108.79378509521484 4.9176440238952637 92 196.9404296875 59.938392639160156 -1 172.09507751464844 89.133895874023438 52 169.46517944335938 40.123470306396484 98 154.05508422851562 102.91328430175781 124 93.074119567871094 123.06224822998047 -1 207.41807556152344 230.70843505859375 56 195.86289978027344 57.090633392333984 -1 244.932373046875 87.77752685546875 -1 166.41218566894531 88.919570922851562 99 196.9404296875 59.938392639160156 -1 243.19187927246094 82.612709045410156 65 166.41218566894531 88.919570922851562 55 181.01068115234375 89.136215209960938 125 226.13948059082031 95.254287719726562 48 166.41218566894531 88.919570922851562 53 86.550056457519531 131.80474853515625 -1 
53 0.99240268946155796 0.10472667889850944 0.042900238914447282 0.048257581553974735 1.1012940578150272 2.4811326331522441 0.1887171231099512 1 000050.png
131.06871032714844 117.51630401611328 1 136.63429260253906 201.08642578125 58 172.97946166992188 129.59162902832031 2 200.09202575683594 74.706977844238281 75 130.85873413085938 134.39352416992188 66 113.00441741943359 24.640554428100586 3 130.77427673339844 170.78659057617188 -1 151.74717712402344 155.65219116210938 5 130.77427673339844 170.78659057617188 -1 130.77427673339844 170.78659057617188 -1 97.993911743164062 28.870763778686523 79 118.75009155273438 177.54170227050781 59 221.53817749023438 200.05148315429688 80 187.57525634765625 51.876216888427734 73 124.87989044189453 11.087244987487793 -1 201.77931213378906 60.099514007568359 82 239.93057250976562 88.488250732421875 7 224.67864990234375 104.6077880859375 8 151.689697265625 120.67788696289062 9 239.93057250976562 88.488250732421875 10 239.93057250976562 88.488250732421875 -1 135.29545593261719 34.133411407470703 18 140.32247924804688 180.78456115722656 84 132.63761901855469 179.54270935058594 54 132.63761901855469 179.54270935058594 51 135.29545593261719 34.133411407470703 13 156.5115966796875 76.911544799804688 15 167.9149169921875 90.575973510742188 16 164.33834838867188 102.72946166992188 19 151.991943359375 103.7578125 60 141.74798583984375 19.768239974975586 12 180.85841369628906 44.772090911865234 11 156.5115966796875 76.911544799804688 17 169.93087768554688 63.016304016113281 32 236.09962463378906 82.578056335449219 -1 175.36497497558594 95.306221008300781 33 197.90155029296875 192.06242370605469 85 121.71288299560547 26.631080627441406 21 174.3604736328125 39.958667755126953 14 195.32968139648438 62.435947418212891 -1 169.93087768554688 63.016304016113281 23 181.5009765625 77.034988403320312 -1 236.09962463378906 82.578056335449219 -1 171.92961120605469 88.132858276367188 24 179.99678039550781 94.394760131835938 42 175.36497497558594 95.306221008300781 25 169.01585388183594 95.850074768066406 26 161.51679992675781 119.57286834716797 45 197.90155029296875 192.06242370605469 29 251.52461242675781 217.14697265625 -1 121.71288299560547 26.631080627441406 87 195.32968139648438 62.435947418212891 -1 169.93087768554688 63.016304016113281 31 164.97579956054688 49.275215148925781 112 154.06439208984375 102.70481109619141 64 238.99787902832031 197.67501831054688 -1 119.90617370605469 34.702423095703125 61 116.04750823974609 45.373542785644531 22 126.29353332519531 30.627521514892578 35 151.56935119628906 75.688835144042969 36 177.6514892578125 90.940460205078125 -1 177.6514892578125 90.940460205078125 -1 240.54751586914062 121.85406494140625 122 207.11317443847656 171.76242065429688 46 222.45973205566406 187.46513366699219 38 126.29353332519531 30.627521514892578 63 116.04750823974609 45.373542785644531 105 202.40133666992188 188.4761962890625 39 238.63385009765625 203.74188232421875 41 243.93316650390625 209.16151428222656 74 111.02816772460938 85.346038818359375 -1 166.42184448242188 88.850517272949219 55 172.06796264648438 89.090522766113281 52 180.94229125976562 89.134124755859375 125 177.95060729980469 90.090599060058594 -1 226.65577697753906 95.744941711425781 48 252.36795043945312 109.08833312988281 88 114.51681518554688 111.10572814941406 -1 151.81315612792969 116.39641571044922 68 92.611404418945312 123.42024230957031 90 241.44827270507812 200.09031677246094 91 207.50221252441406 230.69366455078125 57 184.37928771972656 69.888717651367188 62 108.92857360839844 5.0670065879821777 92 100.10749816894531 6.0368361473083496 93 117.02466583251953 36.583572387695312 50 216.97093200683594 181.52445983886719 37 212.11117553710938 176.68264770507812 47 203.64138793945312 168.00096130371094 -1 194.95761108398438 159.35206604003906 70 54.363925933837891 158.41935729980469 94 60.793754577636719 153.15043640136719 95 108.92857360839844 5.0670065879821777 96 169.38145446777344 40.534408569335938 -1 111.02816772460938 85.346038818359375 -1 169.38145446777344 40.534408569335938 98 166.42184448242188 88.850517272949219 99 177.95060729980469 90.090599060058594 -1 133.48355102539062 184.03123474121094 51 207.50221252441406 230.69366455078125 56 177.02175903320312 44.16888427734375 -1 196.13449096679688 56.768360137939453 -1 83.844581604003906 134.38534545898438 -1 133.48355102539062 184.03123474121094 54 189.58193969726562 64.309814453125 49 158.53752136230469 80.517868041992188 -1 242.9949951171875 82.657752990722656 65 19.998590469360352 186.50904846191406 -1 6.7379140853881836 197.16342163085938 -1 166.42184448242188 88.850517272949219 53 200.997314453125 165.34162902832031 -1 86.279502868652344 132.11907958984375 -1 
54 0.99301720972580976 0.098589385087762077 0.044249188550838002 0.047317688542198394 0.71332092022441329 0.30656873575636806 0.061116318597478486 1 000049.png
131.4901123046875 117.70196533203125 1 136.59031677246094 201.13575744628906 58 173.64483642578125 129.79214477539062 2 200.02729797363281 74.688087463378906 75 130.87043762207031 134.80305480957031 66 112.97945404052734 24.646787643432617 3 226.00259399414062 122.04306030273438 4 226.00259399414062 122.04306030273438 102 151.99066162109375 155.43115234375 5 97.983718872070312 28.826894760131836 79 118.94847106933594 177.778076171875 59 221.377685546875 200.13119506835938 80 235.61444091796875 214.26472473144531 6 187.59413146972656 51.892192840576172 73 124.93072509765625 11.176050186157227 -1 230.824462890625 77.561203002929688 118 201.78401184082031 59.962753295898438 82 239.73611450195312 88.377418518066406 7 224.58567810058594 104.75179290771484 8 151.7545166015625 120.67926788330078 9 75.626724243164062 147.698486328125 -1 183.62179565429688 154.87318420410156 -1 239.73611450195312 88.377418518066406 -1 156.49577331542969 76.949859619140625 15 181.22976684570312 45.253387451171875 11 140.32948303222656 180.28141784667969 84 156.49577331542969 76.949859619140625 17 174.55136108398438 40.249526977539062 14 167.94017028808594 90.634963989257812 16 134.96929931640625 33.474895477294922 18 134.96929931640625 33.474895477294922 13 164.27700805664062 102.61397552490234 19 151.99539184570312 104.22821807861328 60 113.77991485595703 121.882080078125 -1 183.29934692382812 69.916038513183594 62 249.02989196777344 92.456466674804688 -1 121.70874786376953 26.284795761108398 21 112.96583557128906 43.751621246337891 22 169.925537109375 63.040695190429688 23 171.76106262207031 87.942138671875 24 180.03779602050781 94.347702026367188 42 175.412353515625 95.308982849121094 25 168.97062683105469 95.863983154296875 26 248.24174499511719 97.9471435546875 34 239.45916748046875 100.43010711669922 28 161.49554443359375 119.57832336425781 45 198.08645629882812 192.42764282226562 29 228.82025146484375 193.92240905761719 40 251.96812438964844 217.55390930175781 -1 169.925537109375 63.040695190429688 31 169.925537109375 63.040695190429688 32 175.412353515625 95.308982849121094 33 248.24174499511719 97.9471435546875 27 198.08645629882812 192.42764282226562 85 109.18144989013672 34.913509368896484 20 141.51663208007812 19.11811637878418 12 184.0338134765625 69.990753173828125 62 210.10337829589844 72.299766540527344 -1 207.5673828125 172.36561584472656 46 229.71311950683594 74.691856384277344 118 222.32646179199219 187.32598876953125 38 151.56118774414062 75.753524780273438 36 252.25860595703125 105.73876190185547 -1 251.28555297851562 87.949615478515625 120 126.39933013916016 30.613861083984375 35 177.57846069335938 91.218986511230469 -1 243.56915283203125 208.95883178710938 74 202.37460327148438 188.54107666015625 39 211.96231079101562 176.60780334472656 47 177.57846069335938 91.218986511230469 -1 210.10337829589844 72.299766540527344 -1 251.28555297851562 87.949615478515625 121 252.25860595703125 105.73876190185547 -1 14.034329414367676 191.74945068359375 -1 240.29682922363281 205.461669921875 41 246.99801635742188 212.11212158203125 -1 151.78994750976562 116.58670806884766 68 90.082405090332031 125.56327056884766 90 54.290069580078125 158.60061645507812 94 226.36441040039062 95.354133605957031 48 242.44784545898438 101.78706359863281 -1 243.01475524902344 82.523651123046875 65 172.061279296875 89.161186218261719 52 108.72708892822266 5.010836124420166 96 100.24124908447266 6.0730695724487305 93 207.36106872558594 230.64761352539062 57 25.441303253173828 182.22305297851562 -1 37.836353302001953 171.75802612304688 -1 204.07557678222656 168.41267395019531 -1 108.72708892822266 5.010836124420166 92 116.92927551269531 36.630096435546875 50 169.40225219726562 40.190879821777344 98 166.41096496582031 88.892173767089844 53 207.36106872558594 230.64761352539062 56 189.60087585449219 64.365516662597656 49 166.41096496582031 88.892173767089844 55 166.41096496582031 88.892173767089844 99 180.95933532714844 89.105789184570312 125 240.61085510253906 96.468116760253906 43 113.95173645019531 105.13617706298828 -1 251.20698547363281 111.27144622802734 88 168.24223327636719 47.835659027099609 119 169.40225219726562 40.190879821777344 -1 107.04190063476562 57.854846954345703 -1 241.910888671875 108.11558532714844 -1 241.910888671875 108.11558532714844 -1 
56 0.99273944516167256 0.10081381832397028 0.044639327862746124 0.048086364626558298 0.56561387241512584 1.0894992378750934 0.12997484629331324 1 000056.png
132.00393676757812 118.02103424072266 1 136.66694641113281 201.10957336425781 58 173.99676513671875 129.71665954589844 2 200.10769653320312 74.695701599121094 75 130.97053527832031 134.66749572753906 66 112.95796203613281 24.630516052246094 3 126.42926025390625 98.724647521972656 -1 226.25784301757812 121.76753234863281 4 226.25784301757812 121.76753234863281 102 152.08351135253906 156.01252746582031 5 98.051811218261719 29.113552093505859 79 185.50624084472656 51.280181884765625 -1 118.50340270996094 177.63180541992188 59 221.44869995117188 199.86680603027344 80 235.53434753417969 213.98492431640625 6 124.87890625 11.064994812011719 -1 75.751411437988281 147.50283813476562 -1 224.56150817871094 104.59207153320312 8 240.06253051757812 88.583511352539062 7 201.87333679199219 60.234024047851562 82 151.798583984375 120.67604064941406 9 91.321449279785156 134.40306091308594 -1 183.99856567382812 155.02352905273438 -1 132.50303649902344 178.6431884765625 54 132.50303649902344 178.6431884765625 51 240.06253051757812 88.583511352539062 10 240.06253051757812 88.583511352539062 -1 140.40213012695312 180.6922607421875 84 135.34846496582031 34.203876495361328 18 135.34846496582031 34.203876495361328 13 231.35099792480469 77.44158935546875 118 164.17619323730469 102.73326110839844 19 167.892822265625 90.563552856445312 16 174.65055847167969 40.201969146728516 14 156.42720031738281 76.975425720214844 15 156.42720031738281 76.975425720214844 17 164.3079833984375 47.9388427734375 112 141.68133544921875 19.422052383422852 12 175.40242004394531 95.307632446289062 33 198.07939147949219 192.11418151855469 85 109.15956115722656 35.041774749755859 20 121.69312286376953 26.607902526855469 21 112.93619537353516 43.803821563720703 22 169.92097473144531 63.033218383789062 23 235.91239929199219 82.181221008300781 -1 171.89253234863281 88.120704650878906 24 180.00691223144531 94.385688781738281 42 175.40242004394531 95.307632446289062 25 168.85397338867188 96.045669555664062 26 239.13070678710938 100.01902770996094 28 161.52360534667969 114.31277465820312 -1 161.50613403320312 119.46552276611328 45 198.07939147949219 192.11418151855469 29 229.15380859375 194.19198608398438 40 121.69312286376953 26.607902526855469 87 169.92097473144531 63.033218383789062 31 169.92097473144531 63.033218383789062 32 235.91239929199219 82.181221008300781 -1 247.94122314453125 98.141014099121094 27 248.72506713867188 213.86947631835938 -1 229.69224548339844 74.673126220703125 118 123.23271942138672 36.174209594726562 -1 240.14700317382812 205.28195190429688 41 151.54716491699219 75.7725830078125 36 177.49134826660156 91.022102355957031 -1 177.49134826660156 91.022102355957031 -1 247.94122314453125 98.141014099121094 34 113.53036499023438 105.88042449951172 -1 241.82261657714844 107.79553985595703 -1 163.46856689453125 109.99303436279297 -1 222.47538757324219 187.40864562988281 38 202.39755249023438 188.5189208984375 39 158.53826904296875 80.542831420898438 -1 246.78768920898438 84.951911926269531 65 166.39410400390625 88.813911437988281 55 110.60413360595703 40.921421051025391 -1 180.98802185058594 89.100074768066406 125 226.41305541992188 95.397148132324219 48 154.05633544921875 102.70241546630859 64 248.98916625976562 103.40866851806641 -1 151.85580444335938 116.31952667236328 68 29.062503814697266 179.03878784179688 -1 22.18480110168457 184.66856384277344 -1 15.300807952880859 190.62162780761719 -1 8.6306171417236328 195.84002685546875 -1 5.9700450897216797 197.8585205078125 -1 2.8880946636199951 200.676025390625 -1 207.44453430175781 230.57710266113281 57 133.45845031738281 183.94091796875 51 115.91484069824219 45.256435394287109 105 100.17139434814453 5.9838361740112305 93 126.80901336669922 30.633529663085938 35 25.732030868530273 181.71446228027344 -1 212.41743469238281 176.91694641113281 47 34.271846771240234 174.91078186035156 -1 205.154296875 169.51547241210938 46 54.197547912597656 158.44093322753906 94 233.68307495117188 142.15457153320312 -1 108.89784240722656 4.8459000587463379 96 125.75975799560547 38.048038482666016 -1 117.00879669189453 36.590873718261719 50 166.39410400390625 88.813911437988281 53 166.39410400390625 88.813911437988281 99 154.05633544921875 102.70241546630859 124 133.45845031738281 183.94091796875 54 207.44453430175781 230.57710266113281 56 115.91484069824219 45.256435394287109 22 172.12263488769531 89.127799987792969 52 125.75975799560547 38.048038482666016 -1 122.252197265625 39.995193481445312 -1 169.47378540039062 40.513614654541016 98 108.89784240722656 4.8459000587463379 92 167.04824829101562 41.987266540527344 -1 189.789306640625 64.074813842773438 49 122.252197265625 39.995193481445312 -1 184.380859375 72.861076354980469 62 74.336906433105469 141.89401245117188 -1 59.786338806152344 153.788818359375 95 
59 0.99225543135135041 0.10823935129288476 0.037424406233188837 0.048091741531518351 2.9268336196437792 3.7898050039586879 -0.40816268724656118 1 000060.png
132.08441162109375 118.03857421875 1 136.662353515625 201.22325134277344 58 173.06330871582031 129.56806945800781 2 130.99775695800781 134.78581237792969 66 200.06733703613281 74.643898010253906 75 113.04781341552734 24.703123092651367 3 126.38127899169922 98.243400573730469 -1 226.02944946289062 121.99398803710938 4 226.02944946289062 121.99398803710938 102 130.89361572265625 169.85008239746094 -1 152.10557556152344 155.90948486328125 5 130.89361572265625 169.85008239746094 -1 130.89361572265625 169.85008239746094 -1 98.08575439453125 29.131378173828125 79 185.51158142089844 51.258518218994141 -1 119.24420928955078 177.51473999023438 59 221.64199829101562 200.46783447265625 80 235.31623840332031 213.68342590332031 6 124.86716461181641 11.06768798828125 -1 201.7513427734375 60.031326293945312 82 239.93818664550781 88.286460876464844 7 224.58126831054688 104.41777801513672 8 151.66764831542969 121.03150939941406 9 103.42947387695312 124.31545257568359 -1 184.29046630859375 155.15267944335938 -1 103.42947387695312 124.31545257568359 -1 239.93818664550781 88.286460876464844 10 239.93818664550781 88.286460876464844 -1 126.26650238037109 23.756370544433594 -1 181.39138793945312 45.481029510498047 11 231.33523559570312 77.270797729492188 118 140.40200805664062 180.51193237304688 84 141.7049560546875 19.705558776855469 12 135.16117858886719 33.469253540039062 13 174.57081604003906 40.299980163574219 14 156.43656921386719 76.9732666015625 15 167.93563842773438 90.614547729492188 16 241.33992004394531 116.36514282226562 -1 156.43656921386719 76.9732666015625 17 135.16117858886719 33.469253540039062 18 164.32194519042969 102.78877258300781 19 109.15887451171875 35.064289093017578 20 121.76837158203125 26.565692901611328 21 112.97840118408203 43.656505584716797 22 169.92173767089844 63.024253845214844 23 171.83250427246094 88.175910949707031 24 175.44483947753906 95.405632019042969 25 168.8990478515625 96.005531311035156 26 248.5203857421875 97.82440185546875 27 239.65133666992188 100.49198913574219 28 197.99174499511719 192.049560546875 29 243.51727294921875 208.77096557617188 74 251.24520874023438 216.6229248046875 -1 169.92173767089844 63.024253845214844 31 169.92173767089844 63.024253845214844 32 175.44483947753906 95.405632019042969 33 248.5203857421875 97.82440185546875 34 197.99174499511719 192.049560546875 85 90.316886901855469 4.6242246627807617 -1 210.36543273925781 72.361534118652344 -1 99.930931091308594 5.4492373466491699 93 126.38275909423828 30.629123687744141 35 151.60414123535156 75.622756958007812 36 219.00682067871094 183.60923767089844 37 222.62480163574219 187.73049926757812 38 202.43238830566406 188.47457885742188 39 229.88224792480469 74.767715454101562 -1 229.02180480957031 193.97279357910156 40 239.66119384765625 204.82693481445312 41 242.08197021484375 108.01506042480469 -1 141.39775085449219 18.785148620605469 -1 239.05970764160156 89.796943664550781 -1 179.93913269042969 94.525222778320312 42 241.84922790527344 97.49334716796875 43 90.085517883300781 125.55040740966797 90 210.36543273925781 72.361534118652344 -1 241.84922790527344 97.49334716796875 44 161.466796875 119.3431396484375 45 207.22724914550781 171.74929809570312 46 212.2921142578125 176.71272277832031 47 181.00370788574219 89.116401672363281 125 226.48719787597656 95.293754577636719 48 114.05852508544922 104.98923492431641 -1 252.42245483398438 109.09004211425781 88 114.40648651123047 111.83180236816406 -1 3.1213231086730957 200.52677917480469 -1 115.86019897460938 45.461822509765625 105 189.76748657226562 64.144943237304688 49 108.96551513671875 4.9539504051208496 96 116.89512634277344 36.644325256347656 50 169.40725708007812 40.490036010742188 98 133.48611450195312 184.13870239257812 51 25.065464019775391 182.51626586914062 -1 216.80368041992188 181.06080627441406 37 36.366661071777344 172.96438598632812 -1 195.13148498535156 159.31324768066406 70 104.04779815673828 51.534069061279297 -1 172.06707763671875 89.085502624511719 52 169.40725708007812 40.490036010742188 -1 196.81053161621094 60.113468170166016 -1 166.39996337890625 88.865386962890625 53 166.39996337890625 88.865386962890625 99 133.48611450195312 184.13870239257812 54 115.86019897460938 45.461822509765625 22 174.80751037597656 53.292873382568359 117 196.81053161621094 60.113468170166016 -1 167.93128967285156 60.294219970703125 -1 165.13459777832031 72.519111633300781 -1 166.39996337890625 88.865386962890625 55 108.96551513671875 4.9539504051208496 92 22.546628952026367 184.25776672363281 -1 207.5025634765625 230.30697631835938 56 207.5025634765625 230.30697631835938 57 88.357887268066406 130.39509582519531 -1 38.711505889892578 171.00851440429688 123 
63 0.99319538389966433 0.098311556916585011 0.04031311539901037 0.04767200335481566 2.095004212208456 0.27647357586070981 0.13132844122227122 1 000062.png
132.45510864257812 118.32328033447266 1 136.62028503417969 201.18043518066406 58 173.78448486328125 129.72694396972656 2 200.07533264160156 74.644454956054688 75 130.91078186035156 134.8272705078125 66 113.08463287353516 24.70399284362793 3 126.41002655029297 98.589912414550781 -1 152.17926025390625 155.45616149902344 5 117.92740631103516 178.21124267578125 59 98.266510009765625 29.656917572021484 79 221.61749267578125 200.24705505371094 80 235.55320739746094 214.29078674316406 6 187.54425048828125 51.962562561035156 73 239.62239074707031 88.277130126953125 7 102.41487121582031 125.65299987792969 -1 132.459228515625 178.83784484863281 54 239.62239074707031 88.277130126953125 -1 132.459228515625 178.83784484863281 51 102.41487121582031 125.65299987792969 -1 201.77749633789062 59.959915161132812 82 231.07405090332031 77.665809631347656 118 224.67976379394531 104.89620971679688 8 151.72412109375 120.77091217041016 9 184.95256042480469 154.45170593261719 -1 132.74531555175781 180.23629760742188 -1 140.20463562011719 180.7454833984375 84 132.74531555175781 180.23629760742188 -1 135.18218994140625 33.547267913818359 13 174.69172668457031 40.310325622558594 14 180.87950134277344 44.773975372314453 11 156.52867126464844 76.929519653320312 15 164.46388244628906 102.71757507324219 19 152.00296020507812 103.77991485595703 60 156.52867126464844 76.929519653320312 17 135.18218994140625 33.547267913818359 18 141.74681091308594 19.79167366027832 12 167.96302795410156 90.654708862304688 16 171.87290954589844 88.181770324707031 24 169.09925842285156 91.456680297851562 -1 180.02597045898438 94.351318359375 42 175.3350830078125 95.273284912109375 25 168.99008178710938 95.846855163574219 26 248.37022399902344 97.69140625 27 239.75189208984375 100.63534545898438 43 161.37712097167969 114.51560211181641 -1 161.53376770019531 119.48349761962891 45 197.91438293457031 191.77622985839844 29 121.73098754882812 26.592309951782227 87 169.92765808105469 63.038597106933594 31 169.92765808105469 63.038597106933594 32 175.3350830078125 95.273284912109375 33 248.37022399902344 97.69140625 34 239.75189208984375 100.63534545898438 28 197.91438293457031 191.77622985839844 85 109.21065521240234 34.899509429931641 20 121.73098754882812 26.592309951782227 21 169.92765808105469 63.038597106933594 23 226.55690002441406 95.557212829589844 48 110.47132873535156 70.369026184082031 -1 238.43580627441406 197.10244750976562 -1 151.90528869628906 116.43283843994141 68 89.917434692382812 125.69690704345703 90 129.18009948730469 36.293144226074219 -1 243.39472961425781 208.51881408691406 74 126.38373565673828 30.621309280395508 35 115.97107696533203 45.423240661621094 105 247.19694519042969 81.553695678710938 -1 151.55607604980469 75.751983642578125 36 245.9166259765625 84.493858337402344 65 115.97107696533203 45.423240661621094 22 110.47132873535156 70.369026184082031 -1 177.42359924316406 91.036552429199219 -1 177.42359924316406 91.036552429199219 -1 218.91433715820312 183.53727722167969 37 223.08132934570312 187.65766906738281 38 202.418212890625 188.46109008789062 39 166.34989929199219 88.757308959960938 55 114.57823944091797 111.22775268554688 -1 10.599720001220703 194.39720153808594 -1 17.611551284790039 188.4677734375 -1 3.0367860794067383 200.64810180664062 -1 133.55549621582031 184.11054992675781 54 7.00634765625 197.20538330078125 -1 229.7525634765625 74.701889038085938 -1 215.90275573730469 180.16670227050781 37 212.85105895996094 177.1661376953125 47 205.01519775390625 169.35696411132812 -1 201.53041076660156 165.63526916503906 -1 197.99971008300781 162.58836364746094 70 83.553825378417969 131.03604125976562 -1 172.1343994140625 89.110885620117188 52 108.82435607910156 5.1560673713684082 96 83.553825378417969 131.03604125976562 -1 133.55549621582031 184.11054992675781 51 117.01314544677734 36.560249328613281 50 169.52217102050781 40.234664916992188 98 195.9638671875 56.932537078857422 -1 166.34989929199219 88.757308959960938 99 189.7862548828125 64.032112121582031 49 207.54238891601562 172.26322937011719 46 184.43037414550781 69.495452880859375 62 158.53141784667969 80.51251220703125 -1 243.140869140625 82.707321166992188 65 108.82435607910156 5.1560673713684082 92 114.08647155761719 104.88759613037109 -1 248.85420227050781 92.528106689453125 -1 31.798261642456055 176.56173706054688 -1 
67 0.99257707529025352 0.09813006374458301 0.053537911602319764 0.047905450827572041 -2.4674142186732229 0.012633334635867435 0.46194867971279602 1 000067.png
132.25843811035156 118.19131469726562 1 136.65998840332031 201.23165893554688 58 173.934326171875 129.73594665527344 2 200.01913452148438 74.652877807617188 75 130.93199157714844 134.82919311523438 66 126.58242034912109 98.568023681640625 -1 113.08889007568359 24.738044738769531 3 226.47041320800781 121.98316192626953 4 226.47041320800781 121.98316192626953 102 130.97772216796875 170.44046020507812 -1 152.09518432617188 155.61068725585938 5 130.97772216796875 170.44046020507812 -1 130.97772216796875 170.44046020507812 -1 98.109725952148438 29.206323623657227 79 185.51533508300781 51.276317596435547 -1 118.50527191162109 177.57049560546875 59 221.69407653808594 200.37158203125 80 235.36911010742188 214.08439636230469 6 124.98150634765625 11.233297348022461 -1 184.16375732421875 155.12413024902344 -1 239.92192077636719 88.455368041992188 7 151.72352600097656 120.94327545166016 9 224.53616333007812 104.71485900878906 8 201.76078796386719 60.037330627441406 82 239.92192077636719 88.455368041992188 10 239.92192077636719 88.455368041992188 -1 181.35923767089844 45.561508178710938 11 140.44517517089844 180.58119201660156 84 231.35057067871094 77.631660461425781 118 132.82264709472656 179.6387939453125 51 132.82264709472656 179.6387939453125 54 156.51893615722656 76.913688659667969 17 152.06379699707031 103.75421905517578 60 174.708251953125 40.298046112060547 14 167.87104797363281 90.561317443847656 16 135.03837585449219 33.595611572265625 18 156.51893615722656 76.913688659667969 15 135.03837585449219 33.595611572265625 13 164.25053405761719 102.72260284423828 19 175.31495666503906 95.309310913085938 33 141.59255981445312 19.29595947265625 12 175.31495666503906 95.309310913085938 25 248.55810546875 97.849296569824219 27 239.4027099609375 100.35888671875 -1 161.57281494140625 119.59815979003906 45 198.26240539550781 192.7921142578125 29 229.26441955566406 194.40855407714844 40 251.72264099121094 217.2984619140625 -1 121.7265625 26.622652053833008 87 169.92160034179688 63.029609680175781 31 169.92160034179688 63.029609680175781 32 251.18339538574219 87.930259704589844 121 248.55810546875 97.849296569824219 34 239.4027099609375 100.35888671875 28 198.26240539550781 192.7921142578125 85 109.16349792480469 34.937122344970703 20 121.7265625 26.622652053833008 21 112.94166564941406 43.753440856933594 22 169.92160034179688 63.029609680175781 23 171.92750549316406 88.257423400878906 24 251.18339538574219 87.930259704589844 120 179.99176025390625 94.363899230957031 42 169.04179382324219 95.842742919921875 26 18.91148567199707 187.70756530761719 -1 151.56050109863281 75.672584533691406 36 251.52584838867188 84.374710083007812 -1 247.25125122070312 212.38883972167969 -1 242.29669189453125 101.50108337402344 -1 202.40980529785156 188.45501708984375 39 240.16514587402344 205.10111999511719 41 223.86361694335938 102.96197509765625 67 240.6181640625 121.55696868896484 122 207.64630126953125 172.32762145996094 46 219.36489868164062 183.6898193359375 37 126.28205108642578 30.621297836303711 63 240.6181640625 121.55696868896484 -1 242.89016723632812 208.10609436035156 74 241.94131469726562 107.89406585693359 -1 99.927558898925781 5.6072897911071777 93 126.28205108642578 30.621297836303711 35 245.06573486328125 87.467430114746094 -1 166.37603759765625 88.80255126953125 55 172.10273742675781 89.050285339355469 52 158.55207824707031 80.500228881835938 -1 154.02958679199219 102.85462951660156 64 30.96192741394043 177.27682495117188 -1 108.76190948486328 5.0663332939147949 96 212.2816162109375 176.62469482421875 47 40.058437347412109 169.96266174316406 123 203.59078979492188 168.00180053710938 -1 200.27876281738281 164.65245056152344 -1 191.57028198242188 147.06990051269531 -1 86.258590698242188 132.25238037109375 -1 251.7337646484375 111.50857543945312 88 226.1549072265625 95.239479064941406 48 245.06573486328125 87.467430114746094 -1 166.37603759765625 88.80255126953125 99 14.619982719421387 190.95721435546875 -1 116.98500823974609 36.584426879882812 50 108.76190948486328 5.0663332939147949 92 169.4796142578125 40.111339569091797 98 110.64209747314453 40.910591125488281 -1 189.66227722167969 64.289306640625 49 228.02755737304688 190.93086242675781 -1 207.51866149902344 230.39988708496094 57 2.4652335643768311 200.81607055664062 -1 246.71543884277344 84.982337951660156 65 151.787353515625 116.70516967773438 68 207.51866149902344 230.39988708496094 56 
70 0.99429361653486592 0.087555200445256026 0.03937579102312562 0.04651707293361463 2.5717723742480714 -3.4745713108034857 0.29095344621124253 1 000072.png
134.11846923828125 118.95063781738281 1 136.79437255859375 201.16310119628906 58 173.84469604492188 130.28215026855469 2 199.94438171386719 74.693305969238281 75 130.78829956054688 134.84588623046875 66 225.5867919921875 122.63128662109375 4 225.5867919921875 122.63128662109375 102 113.35308074951172 25.334880828857422 3 152.00117492675781 155.53077697753906 5 98.157119750976562 29.496288299560547 79 185.42068481445312 51.376560211181641 -1 118.37103271484375 177.6016845703125 59 221.46885681152344 201.32453918457031 80 235.05227661132812 214.24742126464844 6 191.27473449707031 169.30693054199219 -1 201.83988952636719 60.032852172851562 82 224.67361450195312 105.54716491699219 8 151.50825500488281 121.12846374511719 9 76.501739501953125 148.1903076171875 -1 132.34359741210938 178.58273315429688 54 132.34359741210938 178.58273315429688 51 135.21316528320312 34.259960174560547 18 140.47782897949219 180.34407043457031 84 135.21316528320312 34.259960174560547 13 141.77484130859375 19.796926498413086 12 180.91058349609375 44.811473846435547 11 164.34733581542969 48.132408142089844 112 156.41177368164062 77.072769165039062 15 167.80757141113281 90.591819763183594 16 164.34461975097656 102.76119995117188 19 151.99972534179688 104.14011383056641 60 202.95445251464844 197.43856811523438 -1 202.95445251464844 197.43856811523438 -1 156.41177368164062 77.072769165039062 17 104.34845733642578 13.687991142272949 -1 104.34845733642578 13.687991142272949 -1 175.29908752441406 95.277305603027344 33 121.60385894775391 26.550622940063477 87 175.29908752441406 95.277305603027344 25 121.60385894775391 26.550622940063477 21 169.896240234375 63.055465698242188 32 247.96012878417969 98.459266662597656 34 198.24505615234375 193.21469116210938 85 109.20710754394531 34.770778656005859 20 161.16995239257812 119.81735992431641 45 174.149169921875 39.753559112548828 14 112.91460418701172 43.813869476318359 22 169.896240234375 63.055465698242188 23 171.86930847167969 88.184425354003906 24 179.98583984375 94.461944580078125 42 168.97203063964844 95.869873046875 26 247.96012878417969 98.459266662597656 27 198.24505615234375 193.21469116210938 29 229.26133728027344 195.23780822753906 40 242.53572082519531 202.74935913085938 91 250.70597839355469 217.16726684570312 -1 109.20710754394531 34.770778656005859 -1 169.896240234375 63.055465698242188 31 243.85800170898438 209.69282531738281 74 247.18171691894531 213.15052795410156 -1 107.03940582275391 112.09619903564453 -1 126.19060516357422 30.6705322265625 35 222.2158203125 187.67399597167969 38 202.42054748535156 189.21159362792969 39 239.28398132324219 205.06333923339844 41 203.4693603515625 168.73728942871094 -1 116.00823211669922 45.279716491699219 22 110.43608093261719 70.539398193359375 -1 151.57176208496094 75.657333374023438 36 223.83078002929688 103.87277984619141 67 208.80879211425781 164.31523132324219 -1 110.43608093261719 70.539398193359375 -1 126.19060516357422 30.6705322265625 63 39.443737030029297 164.68260192871094 -1 116.00823211669922 45.279716491699219 105 223.83078002929688 103.87277984619141 -1 44.224834442138672 168.59597778320312 -1 206.73251342773438 172.05018615722656 46 166.29411315917969 88.814659118652344 55 172.13377380371094 89.275657653808594 52 226.61830139160156 96.105598449707031 48 154.07969665527344 102.48036193847656 64 252.09648132324219 107.29711151123047 88 117.11959075927734 119.51451110839844 -1 44.970535278320312 167.16781616210938 -1 225.09539794921875 180.56956481933594 -1 133.45535278320312 184.56727600097656 51 2.705524206161499 202.54949951171875 -1 207.50848388671875 231.594482421875 57 42.560489654541016 162.38153076171875 -1 215.17637634277344 171.09529113769531 -1 108.83644866943359 5.1693439483642578 96 99.749038696289062 6.3576693534851074 93 101.91912078857422 14.026527404785156 -1 117.01966857910156 36.589839935302734 50 213.02745056152344 178.19476318359375 47 57.282798767089844 157.13999938964844 94 49.594333648681641 156.97978210449219 -1 60.603660583496094 154.61541748046875 95 59.018115997314453 149.31199645996094 -1 175.89405822753906 131.00765991210938 -1 171.96331787109375 127.01881408691406 -1 108.83644866943359 5.1693439483642578 92 122.77082824707031 39.790203094482422 -1 122.77082824707031 39.790203094482422 -1 169.51658630371094 39.971054077148438 98 236.62458801269531 98.540428161621094 28 133.45535278320312 184.56727600097656 54 207.50848388671875 231.594482421875 56 174.78620910644531 53.204029083251953 117 189.54803466796875 64.382278442382812 49 148.56851196289062 77.408905029296875 -1 166.29411315917969 88.814659118652344 99 235.85932922363281 77.889053344726562 -1 90.114662170410156 126.54514312744141 90 236.62458801269531 98.540428161621094 -1 246.95912170410156 84.977516174316406 65 92.845466613769531 124.202392578125 90 110.97666168212891 85.333671569824219 -1 110.97666168212891 85.333671569824219 -1 
71 0.99275587097568507 0.097380540653927344 0.052144419044894912 0.047262781421837943 -1.9931816182270523 -0.23187054268800475 0.22215504440284062 1 000070.png
132.28872680664062 118.15129852294922 1 136.69549560546875 201.15089416503906 58 173.4393310546875 129.62712097167969 2 200.04042053222656 74.65264892578125 75 130.91572570800781 134.7301025390625 66 126.54377746582031 98.003219604492188 -1 113.12530517578125 24.742282867431641 3 152.17787170410156 155.95574951171875 5 98.078804016113281 29.326799392700195 79 185.54789733886719 51.286834716796875 -1 118.75752258300781 177.5477294921875 59 221.64537048339844 200.38824462890625 80 235.55059814453125 214.15608215332031 6 124.88538360595703 11.075494766235352 -1 224.51225280761719 104.68399810791016 8 201.74189758300781 60.006309509277344 82 240.40890502929688 88.652374267578125 7 151.68482971191406 120.67134857177734 9 183.95353698730469 155.40995788574219 -1 240.40890502929688 88.652374267578125 -1 240.40890502929688 88.652374267578125 10 181.48095703125 45.649284362792969 11 231.49317932128906 77.584564208984375 118 140.19140625 180.93626403808594 84 134.93891906738281 33.626537322998047 13 141.75759887695312 19.773700714111328 12 156.52154541015625 76.923851013183594 15 167.94692993164062 90.625694274902344 16 164.3223876953125 102.70551300048828 19 151.91792297363281 104.20685577392578 60 156.52154541015625 76.923851013183594 17 134.93891906738281 33.626537322998047 18 243.04144287109375 202.5089111328125 91 121.69695281982422 26.637014389038086 21 174.28558349609375 39.847652435302734 14 112.9637451171875 43.789077758789062 22 169.92903137207031 63.023765563964844 23 195.02670288085938 62.746719360351562 -1 183.41792297363281 69.932334899902344 62 179.96907043457031 94.373039245605469 42 175.46614074707031 95.360984802246094 25 168.87643432617188 96.042831420898438 26 248.31597900390625 97.740936279296875 27 239.58602905273438 100.29450225830078 28 161.53033447265625 119.51729583740234 45 198.04226684570312 192.31515502929688 29 203.4913330078125 195.83009338378906 -1 121.69695281982422 26.637014389038086 87 169.92903137207031 63.023765563964844 31 169.92903137207031 63.023765563964844 32 195.02670288085938 62.746719360351562 -1 175.46614074707031 95.360984802246094 33 248.31597900390625 97.740936279296875 34 203.4913330078125 195.83009338378906 -1 171.83349609375 88.052726745605469 24 109.17062377929688 34.943065643310547 20 164.98521423339844 49.255859375 112 234.12379455566406 77.217819213867188 -1 229.20671081542969 194.22142028808594 40 229.3985595703125 74.437461853027344 118 126.38111114501953 30.62598991394043 35 151.5439453125 75.747062683105469 36 223.93089294433594 103.23698425292969 67 145.61892700195312 124.53586578369141 -1 100.09932708740234 117.02838134765625 -1 207.62185668945312 172.22489929199219 46 219.82220458984375 184.03826904296875 37 145.61892700195312 124.53586578369141 -1 222.80778503417969 187.58306884765625 38 202.44322204589844 188.43617248535156 39 239.10977172851562 204.18074035644531 41 245.84085083007812 210.79972839355469 74 166.36955261230469 88.841102600097656 55 172.08673095703125 89.212196350097656 52 226.7509765625 95.466964721679688 48 116.10652923583984 102.14807891845703 -1 154.068115234375 102.71947479248047 64 242.10116577148438 107.80653381347656 -1 151.84027099609375 116.77976226806641 68 103.55632781982422 253.53114318847656 -1 119.72039031982422 34.804889678955078 61 35.837203979492188 173.30711364746094 -1 54.045398712158203 158.66267395019531 94 108.83656311035156 5.3070154190063477 96 15.286355972290039 190.50473022460938 -1 198.025634765625 162.59065246582031 70 115.90100860595703 45.694801330566406 105 99.828079223632812 6.277644157409668 93 57.460987091064453 155.65711975097656 -1 74.687713623046875 141.59443664550781 -1 180.98452758789062 89.12359619140625 125 116.9998779296875 36.582237243652344 50 166.36955261230469 88.841102600097656 99 207.57754516601562 230.59065246582031 56 115.90100860595703 45.694801330566406 22 128.20742797851562 36.571010589599609 -1 108.83656311035156 5.3070154190063477 92 169.54541015625 40.142314910888672 98 189.60768127441406 64.294563293457031 49 158.50936889648438 80.509773254394531 -1 246.96826171875 85.015533447265625 65 207.57754516601562 230.59065246582031 57 251.04351806640625 111.21830749511719 88 108.21047973632812 83.166419982910156 -1 184.39115905761719 72.817298889160156 -1 60.810150146484375 152.97026062011719 95 114.10717010498047 104.90631866455078 -1 8.2654399871826172 195.79774475097656 -1 108.21047973632812 83.166419982910156 71 
72 0.99253559242556921 0.10587554854610312 0.036893941032027942 0.047982320740158436 3.1492609028718235 2.9698480455993703 -0.26500171121214844 1 000069.png
132.34417724609375 118.2255859375 1 136.71636962890625 201.21537780761719 58 173.94505310058594 129.75141906738281 2 200.02499389648438 74.645065307617188 75 130.924560546875 135.16297912597656 66 113.11400604248047 24.740947723388672 3 226.10592651367188 121.79974365234375 4 226.10592651367188 121.79974365234375 102 152.11167907714844 156.3577880859375 5 98.182907104492188 29.398731231689453 79 185.45791625976562 51.303836822509766 -1 118.55905151367188 177.57542419433594 59 221.79437255859375 200.77867126464844 80 235.48359680175781 214.09135437011719 6 125.01094055175781 11.298957824707031 -1 224.59219360351562 104.47126007080078 8 201.8997802734375 60.122371673583984 82 231.10505676269531 77.550621032714844 118 151.62712097167969 120.98632049560547 9 102.42130279541016 125.41472625732422 -1 75.587211608886719 147.64421081542969 -1 102.42130279541016 125.41472625732422 -1 156.595947265625 76.883995056152344 15 140.38754272460938 180.6556396484375 84 132.92448425292969 179.97027587890625 51 156.595947265625 76.883995056152344 17 132.92448425292969 179.97027587890625 54 151.92753601074219 104.22583770751953 60 241.1005859375 116.40318298339844 -1 202.517578125 196.31289672851562 -1 135.17304992675781 33.535533905029297 13 180.97665405273438 44.756969451904297 11 135.17304992675781 33.535533905029297 18 167.86962890625 90.558609008789062 16 164.34721374511719 102.79564666748047 19 141.84538269042969 19.831586837768555 12 202.517578125 196.31289672851562 -1 202.517578125 196.31289672851562 -1 175.30616760253906 95.256744384765625 25 175.30616760253906 95.256744384765625 33 169.92173767089844 63.035129547119141 23 171.84635925292969 88.12115478515625 24 180.02024841308594 94.332748413085938 42 168.89860534667969 95.969085693359375 26 248.4720458984375 97.859992980957031 34 239.56071472167969 100.34889984130859 28 161.55345153808594 119.5433349609375 45 198.01448059082031 192.10350036621094 29 250.04617309570312 215.523193359375 -1 121.70254516601562 26.582197189331055 87 169.92173767089844 63.035129547119141 31 169.92173767089844 63.035129547119141 32 248.4720458984375 97.859992980957031 27 198.01448059082031 192.10350036621094 85 109.15525817871094 35.054187774658203 20 121.70254516601562 26.582197189331055 21 174.28562927246094 39.736259460449219 14 112.96109008789062 43.677825927734375 22 248.576416015625 82.379104614257812 -1 240.90542602539062 121.82500457763672 122 238.388427734375 203.30203247070312 41 119.86290740966797 34.726234436035156 61 126.27659606933594 30.625165939331055 35 230.26683044433594 74.958709716796875 118 241.60205078125 107.89167022705078 -1 151.549560546875 75.747039794921875 36 184.08543395996094 69.912246704101562 62 99.861648559570312 5.5513448715209961 93 110.46616363525391 70.521186828613281 -1 226.52397155761719 95.412399291992188 48 207.28915405273438 171.91714477539062 46 110.46616363525391 70.521186828613281 -1 126.27659606933594 30.625165939331055 63 216.82518005371094 181.11769104003906 37 218.84779357910156 183.2078857421875 37 222.52629089355469 187.42898559570312 38 202.41220092773438 188.46595764160156 39 172.06584167480469 89.36602783203125 52 153.96466064453125 102.88947296142578 64 115.81616973876953 45.526569366455078 105 195.76856994628906 61.170673370361328 -1 14.720704078674316 190.96903991699219 -1 158.51484680175781 80.424613952636719 -1 166.39012145996094 88.824615478515625 55 17.939931869506836 188.22135925292969 -1 133.52207946777344 184.07966613769531 51 29.481147766113281 178.55961608886719 -1 213.3040771484375 177.54173278808594 47 48.086460113525391 163.42042541503906 -1 64.086929321289062 147.04367065429688 -1 108.91590881347656 5.1043643951416016 96 117.10122680664062 36.529552459716797 50 166.39012145996094 88.824615478515625 99 64.086929321289062 147.04367065429688 -1 133.52207946777344 184.07966613769531 54 169.48431396484375 40.134616851806641 98 115.81616973876953 45.526569366455078 22 166.39012145996094 88.824615478515625 53 195.91334533691406 56.879875183105469 -1 189.66526794433594 64.204254150390625 49 243.24678039550781 82.629562377929688 65 114.03229522705078 105.05828094482422 -1 249.86820983886719 86.927513122558594 -1 108.91590881347656 5.1043643951416016 92 195.66014099121094 159.86979675292969 70 102.06993103027344 35.43084716796875 -1 
73 0.99252369168112975 0.0983441284468764 0.054062475918679583 0.047983357002488056 -2.6511770086856492 0.080595530470007282 0.43907400599068896 1 000071.png
132.49201965332031 118.34930419921875 1 136.714111328125 201.17085266113281 58 173.75538635253906 129.63705444335938 2 199.98030090332031 74.606414794921875 75 130.88273620605469 135.43099975585938 66 126.49883270263672 98.227798461914062 -1 225.94343566894531 121.80854034423828 4 225.94343566894531 121.80854034423828 102 113.18861389160156 24.792354583740234 3 130.99253845214844 169.42776489257812 -1 152.22526550292969 155.64961242675781 5 130.99253845214844 169.42776489257812 -1 130.99253845214844 169.42776489257812 -1 98.139549255371094 29.41077995300293 79 118.68318939208984 177.40107727050781 59 221.49652099609375 200.42335510253906 80 235.80813598632812 214.29415893554688 6 187.56471252441406 51.946346282958984 73 119.94368743896484 98.5938720703125 -1 124.94755554199219 11.175000190734863 -1 102.33437347412109 125.45896148681641 -1 240.14103698730469 88.670585632324219 10 224.65153503417969 104.83411407470703 8 240.14103698730469 88.670585632324219 -1 184.17616271972656 154.974365234375 -1 201.90707397460938 60.120204925537109 82 231.20472717285156 77.710601806640625 118 240.14103698730469 88.670585632324219 7 151.69664001464844 120.90391540527344 9 102.33437347412109 125.45896148681641 -1 91.350654602050781 134.09077453613281 -1 75.819679260253906 147.51654052734375 -1 132.49775695800781 178.60015869140625 54 132.49775695800781 178.60015869140625 51 140.34207153320312 180.57559204101562 84 181.31715393066406 45.497032165527344 11 141.81521606445312 19.791587829589844 12 135.05770874023438 33.542472839355469 13 156.49411010742188 76.929237365722656 15 174.51744079589844 40.294651031494141 14 202.59083557128906 196.24935913085938 -1 151.84446716308594 104.13755798339844 60 202.59083557128906 196.24935913085938 -1 156.49411010742188 76.929237365722656 17 135.05770874023438 33.542472839355469 18 164.23661804199219 102.70551300048828 19 167.91900634765625 90.585334777832031 16 202.59083557128906 196.24935913085938 -1 175.39682006835938 95.334342956542969 25 168.95843505859375 95.850715637207031 26 248.21018981933594 97.839767456054688 34 240.39939880371094 100.98157501220703 28 197.9769287109375 191.91366577148438 29 242.62770080566406 201.96601867675781 91 121.74220275878906 26.637903213500977 87 169.90599060058594 63.039222717285156 31 169.90599060058594 63.039222717285156 32 175.39682006835938 95.334342956542969 33 248.21018981933594 97.839767456054688 27 197.9769287109375 191.91366577148438 85 109.19342803955078 35.135555267333984 20 100.1329345703125 4.4096231460571289 93 121.74220275878906 26.637903213500977 21 112.93488311767578 43.809116363525391 22 169.90599060058594 63.039222717285156 23 183.53048706054688 69.666099548339844 62 171.86735534667969 88.209671020507812 24 179.97492980957031 94.425094604492188 42 89.876670837402344 125.69168090820312 90 92.541954040527344 123.61318206787109 90 81.060836791992188 133.21971130371094 -1 126.25082397460938 30.639192581176758 35 64.051864624023438 147.11231994628906 -1 229.14633178710938 74.379806518554688 -1 87.221420288085938 127.97056579589844 -1 229.14633178710938 74.379806518554688 -1 214.2322998046875 178.65074157714844 47 151.59223937988281 75.651901245117188 36 161.43873596191406 119.33026123046875 45 207.63165283203125 172.22315979003906 46 126.25082397460938 30.639192581176758 63 87.221420288085938 127.97056579589844 -1 81.060836791992188 133.21971130371094 -1 64.051864624023438 147.11231994628906 -1 218.074462890625 182.6444091796875 37 222.12808227539062 187.07551574707031 38 202.43370056152344 188.44291687011719 39 240.24691772460938 205.384765625 41 166.39654541015625 88.8756103515625 55 192.71357727050781 156.62689208984375 -1 53.851100921630859 159.04640197753906 94 197.77571105957031 162.27711486816406 70 91.210304260253906 128.07269287109375 -1 168.08335876464844 60.196392059326172 -1 95.253486633300781 124.69915771484375 -1 113.94850158691406 105.18952941894531 -1 153.98526000976562 102.91293334960938 64 226.69129943847656 95.226882934570312 48 172.0615234375 89.130241394042969 52 108.50742340087891 5.3137927055358887 92 158.56394958496094 80.557426452636719 -1 169.44400024414062 40.234912872314453 -1 108.50742340087891 5.3137927055358887 96 166.39654541015625 88.8756103515625 99 153.98526000976562 102.91293334960938 -1 99.89825439453125 6.4278106689453125 93 116.98818206787109 36.616008758544922 50 122.55384063720703 39.78369140625 -1 166.39654541015625 88.8756103515625 53 169.44400024414062 40.234912872314453 98 174.73452758789062 53.244911193847656 117 189.633056640625 64.247344970703125 49 246.93597412109375 85.109199523925781 65 62.641960144042969 151.52377319335938 95 122.55384063720703 39.78369140625 -1 114.64345550537109 111.23383331298828 -1 79.273353576660156 137.78364562988281 -1 195.65522766113281 159.95698547363281 70 
