# 3D point list with one line of data per point:
#   POINT3D_ID, X, Y, Z, R, G, B, ERROR, TRACK[] as (IMAGE_ID, POINT2D_IDX)
# Number of points: 100, mean track length: 11.35
1 -14.29523120563624 34.197452458043479 169.58022212933517 252 100 100 0.79239160560201605 38 0 59 0 56 0 70 0 54 0 72 0 71 0 73 0 67 0 53 0 50 0 46 0 63 0 51 0
2 -13.193175926106747 34.426946379180606 169.66403861743788 42 39 34 0.39796506901903561 38 2 59 2 56 2 70 2 54 2 72 2 71 2 73 2 67 2 53 2 50 2 46 2 63 2 51 2
3 -14.941862890613471 32.18932438005929 169.77848655274926 254 255 249 0.19241691558101742 38 5 59 5 56 5 70 7 54 5 72 5 71 6 73 8 67 6 53 5 50 5 46 5 63 5 51 6
4 -12.192397651371143 34.266776456231511 170.35284415443058 171 169 167 0.32702958373197194 38 7 59 7 56 7 70 5 54 6 72 6 73 6 67 7 50 6 46 6
5 -13.684421424111919 35.184161860731081 169.63852949985969 104 96 89 0.31528936697180004 38 8 59 10 56 9 70 8 54 8 72 8 71 7 73 10 67 10 53 7 50 9 46 8 63 7 51 8
6 -12.005339405029936 36.182992454455025 170.04567350161946 133 140 135 0.34228645740146429 38 12 59 17 56 14 70 13 54 12 72 13 71 12 73 16 67 17 50 17 46 14 63 11 51 14
7 -12.080784570519523 33.551512091326124 170.5754353925866 235 225 235 0.31493035824735788 38 14 59 20 56 18 54 17 71 16 73 27 67 20 53 16 50 21 46 15 63 13
8 -12.271280698994167 33.879517289579496 170.40634244762541 140 144 145 0.28975331883176719 38 21 59 21 56 17 70 16 54 18 72 15 71 14 73 22 67 22 53 17 50 22 46 18 63 21 51 18
9 -13.769461534638399 34.254033379039583 169.72033286473658 146 137 129 0.18756503508125677 38 22 59 22 56 20 70 17 54 19 72 18 71 17 73 28 67 21 53 18 50 20 46 22 63 22 51 17
10 -12.079629231159204 33.550809859109116 170.56911405999961 235 225 235 0.34649130821373358 38 15 59 26 56 25 71 20 73 21 67 24 53 19 50 28
11 -13.354686303477072 32.49732125718085 169.9338049029588 118 122 128 0.43750248315426671 38 32 59 29 70 25 54 24 72 31 71 21 73 35 67 26 53 31 50 34 46 25 63 29 51 27
12 -14.328867404886088 32.097439238471736 170.11451453479702 80 78 73 0.39951041629530526 38 26 59 32 56 37 70 24 72 35 71 25 54 55 73 36 67 40 53 30 50 42 46 24 63 35 51 29
13 -14.443247807864998 32.332854349132745 170.00178273779065 251 112 106 0.31337860269884626 38 25 59 33 56 29 70 23 54 30 72 30 71 24 73 37 67 37 53 25 50 30 46 27 63 27 51 28
14 -13.522015746751812 32.400297413226767 169.93654343544458 132 138 142 0.28892369947254037 38 52 59 34 56 33 70 45 54 27 72 56 71 34 73 39 67 33 53 38 50 35 46 36 63 28 51 37
15 -13.793715628820374 33.149853220818251 169.84100958287056 252 217 202 0.093035734258859179 38 31 59 35 56 34 70 27 54 23 72 22 71 26 73 38 67 36 53 26 50 38 46 34 63 30 51 24
16 -13.466354235945534 33.463574024467604 169.85146924857554 218 220 184 0.078362720978003883 38 33 59 36 56 32 70 28 54 28 72 33 71 27 73 46 67 34 53 27 50 40 46 29 63 36 51 33
17 -13.793715628820374 33.149853220818251 169.84100958287056 252 217 202 0.093035734258859179 38 30 59 38 56 35 70 33 54 26 72 25 71 30 73 43 67 31 53 32 50 39 46 33 63 33 51 25
18 -14.443170690160505 32.333226829629425 170.00255076481335 251 112 106 0.32476173113395423 38 20 59 39 56 28 70 21 54 29 72 32 71 31 73 44 67 35 53 21 50 33 63 34 51 35
19 -13.507615402904138 33.763025731190965 169.80837403221881 153 139 130 0.085787526664045197 38 29 59 40 56 31 70 29 54 31 72 34 71 28 73 45 67 38 53 28 50 37 46 37 63 31 51 30
20 -15.020920168213131 32.377280648404415 169.74448377549479 254 255 245 0.16490731362961147 38 39 59 41 56 40 70 43 54 54 72 54 71 55 73 60 67 55 50 44 46 41 63 54 51 54
21 -14.746234569378444 32.198858181089527 169.79803403786698 254 255 249 0.12781572844714537 38 36 59 42 56 41 70 39 54 36 72 55 71 33 73 62 67 56 53 37 50 43 46 43 63 55 51 36
22 -14.89161292753775 32.525578570538741 169.67702977989813 60 50 40 1.6211382376941224 38 34 59 43 56 42 70 46 54 37 72 57 71 35 73 63 67 57 53 57 56 106 59 103 70 66 71 94 72 96 50 46 50 73 46 44 63 69
23 -13.529993551998176 32.847506383642333 169.90672059286479 254 255 249 0.083834792552033827 38 42 59 44 56 43 70 47 54 38 72 40 71 36 73 64 67 58 53 40 50 48 46 46 63 56 51 39
24 -13.38073013290515 33.399570392659037 169.84607256257638 155 116 91 0.10917903508159862 38 44 59 45 56 45 70 48 54 39 72 41 71 54 73 66 67 59 53 43 50 50 46 48 63 37 51 42
25 -13.271838796505733 33.571498262479103 169.84833403241871 250 249 232 0.093082500237767526 38 35 59 46 56 47 70 38 54 41 72 38 71 40 73 48 67 41 53 45 46 39 63 40
26 -13.420218273923535 33.5900796038812 169.83649376743497 87 84 84 0.10582656866576913 38 46 59 47 56 48 70 50 54 42 72 43 71 41 73 49 67 62 53 46 50 52 46 49 63 41 51 44
27 -11.906479748168035 33.734114042586043 170.48217454806161 180 179 183 0.42785823520798366 38 38 59 48 56 58 70 51 54 52 72 52 71 42 73 58 67 42 46 50 63 42 51 45
28 -12.042950790337549 33.806821673324194 170.56973040141028 173 169 171 0.84452319809497478 38 48 59 49 56 49 70 106 54 44 72 45 71 43 73 51 67 53 46 51 63 52 51 59
29 -12.65320166802629 35.924334773208152 170.00474873626317 129 128 124 0.30101401129471178 38 50 59 50 56 52 70 52 54 46 72 47 71 45 73 52 67 45 53 48 50 54 46 52 63 46 51 48
31 -13.529993551998176 32.847506383642333 169.90672059286479 254 255 249 0.083834792552033827 38 54 59 53 56 55 70 57 54 49 72 50 71 48 73 55 67 49 53 52 50 55 46 54 63 48 51 49
32 -13.529993551998176 32.847506383642333 169.90672059286479 254 255 249 0.083834792552033827 38 55 59 54 56 56 70 40 54 50 72 51 71 49 73 56 67 50 53 33 50 56 46 55 63 49 51 50
33 -13.271838796505733 33.571498262479103 169.84833403241871 250 249 232 0.093082500237767526 38 37 59 55 56 38 70 36 54 51 72 39 71 51 73 57 67 39 53 35 46 38 63 50
34 -11.906479748168035 33.734114042586043 170.48217454806161 180 179 183 0.42785823520798366 38 47 59 56 56 66 70 41 54 43 72 44 71 52 73 50 67 52 46 56 63 51 51 52
35 -14.635635910407521 32.261344323816495 169.81723948115373 244 210 196 0.20336627807791047 38 67 59 61 56 91 70 61 54 64 72 62 71 60 73 71 67 79 53 58 50 62 46 98 63 64 51 84
36 -13.918184193264548 33.122881614663719 169.81906912600618 66 56 49 0.080626982606414224 38 63 59 62 56 63 70 68 54 61 72 65 71 61 73 77 67 64 53 59 50 76 46 70 63 67 51 60
37 -12.276801650986917 35.665596984289614 170.22260290203496 99 105 105 1.336671264210481 38 61 59 63 72 74 71 66 73 84 72 73 67 73 53 86 59 93 46 64 63 73 63 84 51 56
38 -12.193670749156555 35.714823838611629 170.06668943081931 98 109 109 0.38269736124771836 38 62 59 64 56 70 70 62 54 60 72 75 71 68 73 85 53 64 50 59 46 66 63 74 51 64
39 -12.567326648871713 35.832070894371171 170.04547223822058 198 185 180 0.22584855047457383 38 86 59 65 56 71 70 63 54 67 72 76 71 69 73 86 67 68 53 67 63 75 51 69
40 -12.090536814963858 35.838886862642767 170.12271829078421 104 114 116 0.26266041490614483 38 51 59 67 56 53 70 53 54 47 71 58 67 46 50 63 46 53 51 65
41 -11.93337333579144 36.00740942943019 170.17335608095951 100 110 111 0.73078887784168467 38 82 59 68 56 62 70 64 54 74 72 60 71 70 73 87 67 69 53 68 50 45 46 68 51 70
42 -13.170510492500208 33.550875615155455 169.87552945767138 95 71 56 0.090840720347234963 38 45 59 72 56 46 70 49 54 40 72 42 71 39 73 67 67 61 53 44 50 51 46 40 63 39 51 43
43 -12.007274409016537 33.72807435457198 170.33604593639564 202 202 199 1.8202942364071135 38 75 59 73 54 98 63 43 51 68
44 -12.002414143855578 33.711449148218868 170.36053786204477 202 202 199 0.088079969589185181 38 93 59 76
45 -13.525900035561722 34.206791781986965 169.78126050483749 28 25 18 0.17970642296623346 38 49 59 77 56 51 70 44 54 45 72 46 71 44 73 78 67 44 53 47 50 53 46 42 63 45 51 47
46 -12.469437391396763 35.456952351814117 170.13038219754208 96 99 98 0.58268576846860509 38 58 59 78 56 95 70 77 54 58 72 70 71 65 73 79 67 72 53 63 50 65 46 77 63 99 51 63
47 -12.35838753222685 35.537822068505726 170.04523101021715 94 100 96 1.0055895247770421 38 60 59 79 56 93 70 95 54 68 72 87 73 76 67 87 53 87 46 73 50 79 63 85 51 83
48 -12.274024041101207 33.6743093167428 170.43825006569421 170 168 167 0.39415804571690066 38 74 59 81 56 77 70 80 54 79 72 69 71 74 73 97 67 94 53 75 50 69 46 82 63 57 51 104
49 -13.092181189659636 32.888367850680822 169.9742156639482 153 150 145 0.15417864440993437 38 105 59 87 56 113 70 110 54 94 72 99 71 98 73 111 67 102 53 104 50 108 46 87 63 98 51 81
50 -14.84292643852276 32.387738951541195 169.77803707876021 251 207 187 0.13189866508682804 38 96 59 89 56 100 70 94 54 90 72 91 71 91 73 106 67 98 53 85 50 90 46 106 63 94 51 85
51 -14.099560781128845 35.775208597799057 169.15438451202385 244 98 97 2.2282312545365466 38 17 59 91 56 88 70 86 72 24 72 85 67 29 73 33 53 24 53 98 50 86 50 27 56 24 70 20 46 23 63 17 63 93 51 21
52 -13.372899893424187 33.427789765043251 169.86431235850776 161 124 99 0.091204149260625811 38 73 59 97 56 107 70 79 54 82 72 77 71 73 73 98 67 82 53 72 50 109 46 81 63 90 51 92
53 -13.508172958808933 33.421925338344508 169.84379347950443 252 248 227 0.098784229173562665 38 92 59 100 56 101 54 92 72 97 73 108 53 109 50 97 46 102 51 105
54 -14.099560781128845 35.775208597799057 169.15438451202385 244 98 97 2.2282312545365466 38 16 59 102 56 104 70 107 72 26 72 94 67 30 73 32 53 23 53 103 50 103 50 26 56 23 70 19 46 26 63 15 63 81 51 20
55 -13.509220024096603 33.422058732043865 169.84793744074571 252 248 227 0.10260565269575066 38 108 59 108 56 74 70 78 54 95 72 83 71 72 73 88 67 81 53 71 50 111 46 80 63 76 51 102
56 -12.515189607596222 36.604709690325656 169.89673838142338 182 177 169 0.2467804103658906 38 103 59 111 56 105 70 108 54 93 71 93 67 108 53 99 50 104 51 96
57 -12.515189607596222 36.604709690325656 169.89673838142338 182 177 169 0.2467804103658906 38 83 59 112 56 87 70 88 54 85 71 101 67 104 53 81 50 84 51 78
58 -14.001452392978406 36.273159725033231 169.51240950029671 110 104 98 0.45879585431567355 38 1 59 1 72 1 54 1 56 1 70 1 71 1 73 1 67 1 53 1 50 1 46 1 63 1 51 1
59 -14.501634403720033 35.800014529258469 169.48196626264914 99 94 90 0.38938167202857416 38 10 59 15 72 11 54 10 56 12 70 11 71 10 73 14 67 15 53 11 50 15 46 12 63 8 51 12
60 -13.812085773737639 33.808477205362912 169.75159314337782 145 143 138 0.17323169734791674 38 27 72 27 71 29 54 32 70 30 73 41 67 32 53 29 50 36 46 30 63 32 51 31
61 -14.780598004721906 32.347094168637796 169.79299381295914 250 209 187 0.097469701745508661 38 71 72 61 71 80 53 56
62 -13.183317978028581 32.99264080689376 169.87233017204429 135 135 133 0.6919186928236839 38 43 72 66 71 38 54 34 73 65 53 82 54 56 50 49 63 100 51 40 56 115
63 -14.639709582881467 32.261990259580479 169.81970758713078 243 211 196 0.084697429663663532 38 68 72 72 73 80 70 72 67 74 53 65 50 70
64 -13.761311293551673 33.769861113093604 169.74889605895982 154 148 143 0.16858642053618686 38 76 72 78 71 76 56 78 70 81 73 96 67 84 53 54 50 92 46 83 51 74
65 -12.002160729452974 33.414920181237058 170.38063283836402 194 197 210 1.977885369111446 38 106 72 100 71 100 54 81 56 73 70 116 73 112 67 106 53 106 50 105 50 110 63 68 63 102 51 101
66 -14.309590894751476 34.720958459749596 169.82063416265404 253 104 99 0.49354742530263424 38 4 54 4 56 4 59 3 70 4 72 4 71 4 73 4 67 4 53 4 50 4 46 4 63 4 51 4
67 -12.293324310748051 33.845308307842188 170.43500287675269 137 137 137 0.30367854980528802 38 77 70 69 71 62 67 70 46 84 51 57
68 -13.770415151327997 34.121956271348346 169.65769946973495 152 145 134 0.18176460949157427 38 57 54 76 56 80 71 78 67 107 53 78 46 96 63 60
70 -12.700096362407178 35.2883509290006 170.35237955328162 89 92 92 1.5108432254749136 38 89 59 95 72 104 71 85 73 91 73 117 53 89 50 114 46 88 63 88
71 -14.952717380861621 33.306523553444819 169.35252702504803 102 91 80 0.85004060182953745 38 112 71 108
73 -13.190588329144537 32.636103582911183 169.96671255542336 117 121 123 0.16028167554789061 38 13 54 13 73 17 53 13 63 12 51 15
74 -11.865094733223353 36.053616502368889 170.08988603375761 98 108 106 0.647606313374543 38 56 54 66 59 51 67 76 70 58 71 71 53 69 46 65 63 63 51 71
75 -12.831980510669306 33.123413885946917 170.01696087250207 114 118 113 0.10230578405149518 54 3 56 3 59 4 67 3 70 3 71 3 72 3 73 3 53 3 50 3 46 3 63 3 51 3
79 -15.273824943997528 32.31911332211763 169.76811692753307 88 86 74 0.22145370416777121 54 9 56 10 59 13 67 13 70 9 71 8 72 9 73 13 53 10 50 14 46 11 63 9 51 11
80 -12.211875310059225 35.954706383194534 169.90347782662926 134 133 136 0.3204301587054858 54 11 56 13 59 16 67 16 70 12 71 11 72 12 73 15 53 12 50 16 46 13 63 10 51 13
82 -12.861044458086019 32.81068152919152 169.98296112499105 120 120 120 0.15975190524067034 54 16 56 19 59 19 67 23 70 15 71 15 72 16 73 25 53 15 50 23 46 21 63 19 51 19
84 -13.93231302454819 35.791719047088066 169.41740749890337 105 79 75 0.31994852046202255 54 25 56 27 59 31 67 27 70 22 71 23 72 23 73 34 53 22 50 32 46 28 63 25 51 23
85 -12.64951442534711 35.914633932232015 169.95762982358738 128 128 124 0.29903019357928279 54 53 56 39 59 57 67 54 70 42 72 53 73 59 53 36 50 57 46 57 63 53 51 53
87 -14.750056079935685 32.205921059598268 169.83379386136869 254 255 249 0.075941895452451821 56 54 67 48 70 37 71 47 72 49 73 54 53 50 50 41 63 47
88 -11.778679118187579 33.896985529129189 169.97739326731383 167 164 170 1.4813893602434511 59 83 67 93 70 82 71 102 53 76 54 100 46 97
90 -15.445767864917777 34.703589012841221 170.55020971039716 40 32 20 1.6822950373023746 54 77 59 74 70 117 73 69 53 79 70 114 73 68 50 68 46 94 63 61 51 76
91 -11.928753976778268 36.05841833355619 170.77982330221386 45 46 38 0.62116124364202518 70 54 71 32 73 53 53 80 50 83
92 -15.047388038702742 31.889093844736784 169.81988624675401 224 182 165 0.19216406485854326 54 89 56 111 59 109 67 99 70 102 71 96 72 103 73 99 53 83 50 106 46 95 63 103 51 90
93 -15.238205054519387 31.938902709660013 169.86119984695378 147 133 129 0.44802049644978825 54 84 56 90 59 60 67 78 70 92 71 87 72 67 73 105 53 84 73 61 50 89 46 62
94 -15.952607815226788 35.12109615162943 168.11769819647611 100 100 99 0.78710152649211651 54 78 56 96 70 96 73 90 53 90 71 82 50 80 51 89
95 -16.051455551496442 35.449246506432097 170.31388606377402 92 94 96 0.88675969982888425 56 117 70 98 71 105 73 113 53 91
96 -15.047388038702742 31.889093844736784 169.81988624675401 224 182 165 0.19216406485854326 54 83 56 98 59 88 67 86 70 91 71 83 72 90 73 102 53 92 50 96 46 99 63 91 51 82
98 -13.63074692536064 32.401850116904903 169.93022274187436 134 134 133 0.18029998009415341 54 91 56 110 59 90 67 100 70 105 71 97 72 95 73 109 53 95 50 93 46 107 63 95 51 93
99 -13.512566447013354 33.431151135921453 169.89421542876192 253 250 231 0.092818272479580827 54 96 56 102 59 101 67 96 70 112 71 92 72 92 73 103 53 96 50 112 46 103 63 97 51 99
102 -12.181185185648573 34.233844266292088 170.19492263224248 171 170 169 0.27405937706787387 54 7 59 8 67 8 50 7 72 7 73 7 56 8 70 6 46 7
105 -14.858084802825889 32.553137809165278 169.76169468063586 251 107 97 0.12122932176070136 53 66 59 86 71 86 50 60 56 89 70 74 72 79 63 65
112 -13.69990997182931 32.537259652065877 169.80797759908248 100 100 96 0.52219888215106491 53 53 71 56 46 35 56 36 70 26 51 26
117 -13.460432410645724 32.651644475168752 169.93356069738616 141 147 148 0.10510528260169624 59 104 46 109 50 102 70 109 73 110
118 -12.249040481913353 33.182365592329887 170.02581845522087 184 188 191 1.5455982995458681 46 63 50 31 56 30 59 30 71 22 51 22 54 15 63 20 67 28 72 17 73 26 71 59 50 64 54 59 56 60 72 63
119 -13.605574568241941 32.502226778171398 169.7990141929881 132 135 134 0.60173186798318501 46 45 50 47 51 38 54 101
120 -11.857598340549368 33.418455685322208 169.957998548131 192 195 203 0.14340529583881106 46 75 50 61 51 55 54 63 67 60
121 -11.857598340549368 33.418455685322208 169.957998548131 192 195 203 0.14340529583881106 46 61 50 74 51 67 54 71 67 51
122 -11.915267476424924 34.118437050383868 169.77786276883231 157 156 157 0.60407592409071398 46 58 53 62 51 75 67 71 72 59
123 -16.395413159610676 35.810956007890979 170.0409172830862 103 110 110 0.82350681833315109 46 108 59 114 51 87 67 88
124 -13.767753504067223 33.790352135178885 169.84549891536011 157 147 143 0.12649577704614259 46 104 50 100 56 103 51 94
125 -13.173251922393231 33.437095596221447 169.94270758913461 252 246 226 0.087143742947371317 46 105 50 95 53 73 56 76 59 80 71 90 51 103 54 97
