# Frame list with one line of data per frame:
#   FRAME_ID, RIG_ID, RIG_FROM_WORLD[QW, QX, QY, QZ, TX, TY, TZ], NUM_DATA_IDS, DATA_IDS[] as (SENSOR_TYPE, SENSOR_ID, DATA_ID)
# Number of frames: 10
98 1 0.99903541015810626 0.023743925581157063 -0.036922825040050178 -0.001086388182420761 0.47740600642773984 1.2803080850156474 0.12015937844244896 1 CAMERA 1 98
100 1 0.99893510060208845 0.01934769768286923 -0.041869867258205767 -0.0011160623853397448 1.4100224373258401 0.45144254901212827 0.060837557238433357 1 CAMERA 1 100
101 1 0.99878550035105618 0.019864575177865978 -0.04507244018263417 -0.0011824032630052815 2.014043015420635 0.54960390608110987 0.047458859168897145 1 CAMERA 1 101
102 1 0.99897153710808018 0.021494670057949576 -0.039870097157391995 -0.0020548867802404752 1.0333780209931998 0.86161940642693524 0.052200503769417442 1 CAMERA 1 102
103 1 0.9986726442543874 0.01979847652774085 -0.047548369343979852 -0.00035002551203896359 2.4837455334403149 0.53195480098322712 0.060944221113295595 1 CAMERA 1 103
105 1 0.99855830209989371 0.012535482439853102 -0.052193333266899268 0.00018694883742485782 3.3576127985680526 -0.83708851907553272 0.08104204744766709 1 CAMERA 1 105
106 1 0.99831228556309437 0.018338384425377961 -0.0551016980430711 -0.00029499699666234495 3.907850698316548 0.25702425320801303 0.15675714462142801 1 CAMERA 1 106
128 1 0.99991352700073177 0.012064773927285817 -0.0038801461983861722 -0.0035105863498159848 -5.7582598845485142 -0.88938733780511592 0.35088052663839397 1 CAMERA 1 128
130 1 0.99985416960391016 0.011950528158983514 -0.0118874601781304 -0.0027409292055697327 -4.2496584534897579 -0.92298079084005269 0.19419671210368683 1 CAMERA 1 130
132 1 0.99989709893955014 0.010354713412474811 -0.0096305308309924641 -0.0024133624531655529 -4.6742137615147934 -1.2255612368512583 0.15240349901570868 1 CAMERA 1 132
