# Image list with two lines of data per image:
#   IMAGE_ID, QW, QX, QY, QZ, TX, TY, TZ, CAMERA_ID, NAME
#   POINTS2D[] as (X, Y, POINT3D_ID)
# Number of images: 10, mean observations per image: 134.5
98 0.99903541015810626 0.023743925581157063 -0.036922825040050178 -0.001086388182420761 0.47740600642773984 1.2803080850156474 0.12015937844244896 1 000098.png
129.39878845214844 133.31758117675781 -1 62.855831146240234 27.782854080200195 -1 62.855831146240234 27.782854080200195 -1 62.855831146240234 27.782854080200195 -1 156.81217956542969 67.412162780761719 1 66.9132080078125 172.45021057128906 128 58.295799255371094 197.27439880371094 -1 58.295799255371094 197.27439880371094 -1 123.98484802246094 76.331718444824219 3 185.43464660644531 83.739875793457031 131 186.81929016113281 200.49627685546875 130 124.07303619384766 144.60252380371094 -1 156.11347961425781 146.45045471191406 4 155.27580261230469 177.63111877441406 132 124.07303619384766 144.60252380371094 183 156.11347961425781 146.45045471191406 -1 155.27580261230469 177.63111877441406 6 175.52389526367188 161.99441528320312 133 139.21511840820312 161.44917297363281 -1 128.43374633789062 145.41322326660156 135 149.761474609375 115.31372833251953 -1 131.26364135742188 63.364059448242188 -1 149.761474609375 115.31372833251953 11 136.78048706054688 129.30996704101562 15 122.97499847412109 11.868931770324707 111 131.26364135742188 63.364059448242188 -1 136.78048706054688 129.30996704101562 -1 123.01897430419922 115.38053131103516 10 128.43374633789062 145.41322326660156 -1 139.21511840820312 161.44917297363281 9 107.30365753173828 127.26203918457031 18 164.989990234375 115.80166625976562 17 161.51673889160156 90.296073913574219 14 132.94308471679688 59.778827667236328 -1 157.46649169921875 161.89553833007812 13 136.71453857421875 102.96486663818359 16 107.30365753173828 127.26203918457031 -1 107.30365753173828 127.26203918457031 -1 164.989990234375 115.80166625976562 -1 132.94308471679688 59.778827667236328 -1 157.46649169921875 161.89553833007812 -1 110.58296966552734 102.06182861328125 23 148.77813720703125 105.47980499267578 28 109.00748443603516 113.88788604736328 19 121.48844909667969 125.87448883056641 136 94.971572875976562 160.58839416503906 24 112.67633056640625 160.84159851074219 22 121.48844909667969 125.87448883056641 20 121.48844909667969 125.87448883056641 25 109.00748443603516 113.88788604736328 -1 148.77813720703125 105.47980499267578 -1 121.48844909667969 125.87448883056641 25 136.12451171875 115.49164581298828 30 150.82591247558594 129.22554016113281 138 161.51422119140625 129.06686401367188 139 176.74636840820312 129.72660827636719 141 200.87350463867188 194.00701904296875 181 200.87350463867188 194.00701904296875 182 161.51422119140625 129.06686401367188 32 142.34628295898438 18.806003570556641 -1 150.07229614257812 101.63710021972656 -1 170.76620483398438 102.78922271728516 137 150.82591247558594 129.22554016113281 31 176.74636840820312 129.72660827636719 143 142.34628295898438 18.806003570556641 88 122.65570068359375 100.637451171875 27 150.07229614257812 101.63710021972656 28 170.76620483398438 102.78922271728516 29 166.8787841796875 156.46279907226562 147 158.24313354492188 102.22606658935547 36 177.53990173339844 120.62737274169922 145 178.81716918945312 150.3594970703125 87 12.442015647888184 250.00611877441406 -1 177.53990173339844 120.62737274169922 146 158.24313354492188 102.22606658935547 35 125.04377746582031 40.110073089599609 34 144.59516906738281 31.901248931884766 -1 166.8787841796875 156.46279907226562 144 132.12307739257812 20.607936859130859 33 144.59516906738281 31.901248931884766 26 118.70109558105469 4.9580850601196289 121 9.7202348709106445 6.1246590614318848 -1 107.87251281738281 7.3237242698669434 184 104.44654846191406 12.93340015411377 185 124.37410736083984 22.231254577636719 117 124.33771514892578 32.516994476318359 112 121.27993774414062 50.037086486816406 38 167.25590515136719 54.547695159912109 115 175.45578002929688 60.378772735595703 56 164.24076843261719 98.611549377441406 149 131.31489562988281 99.24639892578125 51 141.79776000976562 99.566429138183594 50 136.67568969726562 106.82421112060547 47 58.209648132324219 120.65604400634766 -1 250.11952209472656 153.50531005859375 43 125.26950836181641 4.7022771835327148 116 103.76504516601562 160.1910400390625 40 141.79776000976562 99.566429138183594 48 131.31489562988281 99.24639892578125 172 125.26950836181641 4.7022771835327148 113 1.7708797454833984 247.47607421875 94 169.7559814453125 150.56019592285156 -1 136.67568969726562 106.82421112060547 42 203.49191284179688 192.65650939941406 181 103.76504516601562 160.1910400390625 46 203.49191284179688 192.65650939941406 182 144.34561157226562 40.781566619873047 39 45.063087463378906 154.27549743652344 -1 99.295730590820312 156.23768615722656 119 141.81306457519531 244.28080749511719 -1 2.5973327159881592 248.05213928222656 94 140.77479553222656 8.3283138275146484 59 109.53799438476562 106.81233215332031 -1 139.62290954589844 14.035393714904785 93 127.55768585205078 48.53814697265625 -1 172.11666870117188 56.444400787353516 67 136.46559143066406 101.597412109375 -1 127.55768585205078 48.53814697265625 -1 103.32049560546875 120.76763153076172 68 112.48694610595703 120.87870788574219 65 168.98576354980469 129.00482177734375 155 106.15763854980469 134.47390747070312 58 109.53799438476562 106.81233215332031 -1 54.607978820800781 127.55681610107422 186 138.93791198730469 3.711939811706543 92 117.46209716796875 6.8919816017150879 -1 8.9922084808349609 7.2721548080444336 -1 148.41151428222656 11.16964054107666 61 139.62290954589844 14.035393714904785 78 116.60927581787109 27.781887054443359 171 138.99581909179688 28.740467071533203 150 148.62431335449219 53.601650238037109 62 172.11666870117188 56.444400787353516 60 68.323883056640625 91.732284545898438 -1 136.46559143066406 101.597412109375 63 226.93441772460938 108.73140716552734 -1 103.32049560546875 120.76763153076172 64 112.48694610595703 120.87870788574219 69 99.295730590820312 156.23768615722656 -1 168.98576354980469 129.00482177734375 151 106.15763854980469 134.47390747070312 66 102.22874450683594 132.56361389160156 77 158.62548828125 131.43460083007812 76 115.40119934082031 129.20121765136719 86 144.21095275878906 35.889427185058594 70 167.71726989746094 167.50570678710938 -1 108.01261138916016 119.36968231201172 -1 98.322090148925781 128.93450927734375 75 172.27803039550781 125.71836853027344 -1 161.44520568847656 52.959079742431641 106 137.83392333984375 243.37008666992188 193 85.723907470703125 187.99722290039062 -1 178.06608581542969 118.77812957763672 -1 170.08763122558594 108.05226898193359 191 144.20314025878906 22.753190994262695 -1 140.58802795410156 24.109228134155273 95 84.93182373046875 47.4952392578125 79 155.90928649902344 53.014419555664062 178 148.45597839355469 22.187950134277344 80 77.165275573730469 66.87847900390625 -1 104.44462585449219 15.822549819946289 -1 167.71726989746094 167.50570678710938 -1 144.20314025878906 22.753190994262695 -1 107.37907409667969 18.478185653686523 187 178.06608581542969 118.77812957763672 -1 98.322090148925781 128.93450927734375 73 115.40119934082031 129.20121765136719 83 158.62548828125 131.43460083007812 74 168.04319763183594 151.51881408691406 152 131.54833984375 7.7934765815734863 96 140.30308532714844 52.625343322753906 167 196.54295349121094 48.671642303466797 -1 115.57245635986328 42.417469024658203 -1 114.04537963867188 23.634815216064453 120 131.33033752441406 15.041930198669434 161 142.03013610839844 1.3970730304718018 164 142.46682739257812 2.8759946823120117 164 113.43565368652344 5.8271794319152832 123 112.29140472412109 8.6137971878051758 163 8.1357259750366211 8.843841552734375 -1 11.627375602722168 9.1958513259887695 -1 134.51278686523438 14.44745922088623 99 137.87417602539062 36.057342529296875 107 120.65387725830078 15.136054992675781 162 142.03013610839844 1.3970730304718018 -1 142.46682739257812 2.8759946823120117 -1 134.51278686523438 14.44745922088623 109 143.03364562988281 17.265169143676758 122 129.20204162597656 26.341670989990234 98 134.05850219726562 26.341245651245117 97 138.71656799316406 247.23258972167969 -1 143.03364562988281 17.265169143676758 124 129.20204162597656 26.341670989990234 102 134.05850219726562 26.341245651245117 103 135.22897338867188 30.931791305541992 108 118.49922180175781 33.835124969482422 100 130.66043090820312 216.51387023925781 85 97.940803527832031 152.6126708984375 180 191.38479614257812 141.0087890625 192 134.05850219726562 26.341245651245117 104 136.51925659179688 99.226402282714844 -1 152.74653625488281 52.563686370849609 -1 83.025215148925781 252.98968505859375 -1 66.981979370117188 253.01521301269531 -1 7.0350832939147949 252.80732727050781 170 116.60823822021484 235.80929565429688 -1 134.39407348632812 216.47257995605469 -1 134.05850219726562 26.341245651245117 -1 
100 0.99893510060208845 0.01934769768286923 -0.041869867258205767 -0.0011160623853397448 1.4100224373258401 0.45144254901212827 0.060837557238433357 1 000100.png
211.93655395507812 163.57221984863281 -1 211.93655395507812 163.57221984863281 -1 58.370208740234375 199.99394226074219 -1 156.75218200683594 67.452964782714844 1 66.833229064941406 171.16290283203125 128 58.370208740234375 199.99394226074219 -1 123.52913665771484 76.362884521484375 3 97.08648681640625 198.19783020019531 7 187.33421325683594 200.33564758300781 130 185.5357666015625 83.9637451171875 131 124.01590728759766 144.45008850097656 183 156.36532592773438 146.62985229492188 4 156.48190307617188 177.50717163085938 132 124.01590728759766 144.45008850097656 -1 156.48190307617188 177.50717163085938 6 175.75515747070312 162.02156066894531 133 122.90504455566406 115.11578369140625 10 147.34304809570312 144.42387390136719 -1 139.34860229492188 161.48233032226562 -1 173.10835266113281 144.58802795410156 -1 128.47027587890625 145.30322265625 -1 105.45281982421875 146.39833068847656 -1 122.42107391357422 12.04558277130127 111 173.10835266113281 144.58802795410156 -1 149.64581298828125 114.90422821044922 11 128.47027587890625 145.30322265625 135 147.34304809570312 144.42387390136719 110 105.45281982421875 146.39833068847656 12 139.34860229492188 161.48233032226562 9 157.57562255859375 161.88479614257812 13 136.86064147949219 129.67111206054688 15 157.57562255859375 161.88479614257812 -1 161.63163757324219 90.246681213378906 14 136.86064147949219 129.67111206054688 -1 107.34493255615234 127.2254638671875 18 164.98770141601562 115.70973205566406 17 136.73126220703125 102.84888458251953 16 110.531982421875 102.03329467773438 23 108.86663818359375 113.98301696777344 19 121.55910491943359 125.3800048828125 20 94.933624267578125 160.59747314453125 24 112.67639923095703 160.8546142578125 22 94.933624267578125 160.59747314453125 21 148.76602172851562 105.37602996826172 28 121.55910491943359 125.3800048828125 25 121.55910491943359 125.3800048828125 136 170.81611633300781 102.80474853515625 137 144.68247985839844 31.79936408996582 -1 142.31544494628906 18.769676208496094 -1 150.90939331054688 129.48408508300781 138 161.55900573730469 129.07620239257812 139 142.31544494628906 18.769676208496094 88 144.68247985839844 31.79936408996582 26 122.69901275634766 100.82295989990234 27 201.34620666503906 193.76020812988281 182 170.81611633300781 102.80474853515625 29 136.22785949707031 115.37765502929688 30 176.8082275390625 129.74459838867188 141 201.34620666503906 193.76020812988281 181 176.8082275390625 129.74459838867188 143 161.55900573730469 129.07620239257812 32 150.90939331054688 129.48408508300781 31 166.86953735351562 156.49195861816406 144 158.24113464355469 102.17977905273438 35 178.57369995117188 150.32501220703125 87 177.92289733886719 120.92674255371094 145 177.92289733886719 120.92674255371094 146 132.11756896972656 20.526824951171875 33 166.86953735351562 156.49195861816406 147 158.24113464355469 102.17977905273438 36 13.410837173461914 245.35012817382812 53 1.6885496377944946 247.53273010253906 94 125.20196533203125 4.6800575256347656 116 13.410837173461914 245.35012817382812 44 118.84300231933594 4.7846550941467285 -1 103.79213714599609 160.02812194824219 46 9.6626043319702148 6.1769123077392578 -1 136.65371704101562 106.80081939697266 42 141.84172058105469 99.538009643554688 48 131.30165100097656 99.237266540527344 172 118.84300231933594 4.7846550941467285 121 125.20196533203125 4.6800575256347656 113 124.43773651123047 22.210168838500977 117 116.60805511474609 27.806427001953125 171 124.15042114257812 32.403659820556641 112 80.605094909667969 188.78836059570312 45 153.22683715820312 54.174369812011719 89 167.30633544921875 54.413532257080078 115 28.752225875854492 202.7203369140625 -1 175.41325378417969 60.345653533935547 56 164.17987060546875 98.676589965820312 149 131.30165100097656 99.237266540527344 51 141.84172058105469 99.538009643554688 50 136.65371704101562 106.80081939697266 47 103.79213714599609 160.02812194824219 40 80.605094909667969 188.78836059570312 49 121.31281280517578 50.101490020751953 38 113.98855590820312 128.81683349609375 41 113.98855590820312 128.81683349609375 54 172.13764953613281 56.3406982421875 60 172.13764953613281 56.3406982421875 67 73.608306884765625 252.36459350585938 -1 114.32900238037109 3.5771341323852539 123 138.6046142578125 3.7882425785064697 92 141.16990661621094 8.2067241668701172 59 148.44967651367188 11.082385063171387 61 139.88264465332031 14.129684448242188 78 138.89207458496094 18.826000213623047 90 139.00155639648438 28.727718353271484 150 148.75215148925781 53.448177337646484 62 147.76441955566406 83.659782409667969 174 136.47042846679688 101.52340698242188 63 62.451030731201172 107.5009765625 -1 169.05711364746094 129.05616760253906 151 53.057388305664062 132.27589416503906 -1 106.14009094238281 134.456298828125 66 168.13511657714844 151.43191528320312 152 204.40817260742188 192.11198425292969 182 29.82408332824707 195.98814392089844 -1 23.972526550292969 211.97128295898438 52 123.58480072021484 243.65682983398438 -1 138.47109985351562 247.70042419433594 -1 2.5409843921661377 248.05781555175781 94 100.99141693115234 252.31427001953125 -1 112.94766998291016 252.37539672851562 -1 103.25887298583984 120.70152282714844 64 73.608306884765625 252.36459350585938 -1 139.88264465332031 14.129684448242188 93 100.99141693115234 252.31427001953125 -1 136.47042846679688 101.52340698242188 -1 103.25887298583984 120.70152282714844 68 169.05711364746094 129.05616760253906 155 106.14009094238281 134.456298828125 58 204.40817260742188 192.11198425292969 181 148.34298706054688 21.971086502075195 80 102.26673889160156 132.50187683105469 77 3.2758510112762451 248.47750854492188 94 79.167739868164062 187.65740966796875 45 144.32719421386719 8.1068973541259766 156 131.60995483398438 7.8038687705993652 96 8.5303411483764648 7.9231910705566406 -1 117.34255218505859 7.2702374458312988 -1 130.34294128417969 30.785818099975586 -1 79.167739868164062 187.65740966796875 49 181.94361877441406 168.3623046875 -1 140.79951477050781 24.052244186401367 95 126.92896270751953 21.345039367675781 -1 144.32719421386719 8.1068973541259766 -1 130.34294128417969 30.785818099975586 -1 168.53860473632812 53.367919921875 72 168.53860473632812 53.367919921875 -1 112.70555114746094 120.61781311035156 65 98.3267822265625 128.89077758789062 73 115.42037200927734 129.17280578613281 83 118.38636779785156 33.777927398681641 100 97.809646606445312 47.789760589599609 -1 168.53860473632812 53.367919921875 71 178.25401306152344 118.89549255371094 -1 112.70555114746094 120.61781311035156 69 98.3267822265625 128.89077758789062 75 115.42037200927734 129.17280578613281 86 143.20217895507812 17.149816513061523 124 131.40802001953125 14.993889808654785 161 120.59844970703125 15.137967109680176 162 134.62344360351562 14.454127311706543 99 144.98533630371094 13.971902847290039 81 109.95908355712891 11.006331443786621 163 117.08397674560547 22.878007888793945 -1 142.50422668457031 3.0156035423278809 164 141.95675659179688 0.93394178152084351 164 107.38843536376953 19.010585784912109 187 141.95675659179688 0.93394178152084351 -1 142.50422668457031 3.0156035423278809 -1 144.98533630371094 13.971902847290039 82 134.62344360351562 14.454127311706543 109 4.8799686431884766 7.1072850227355957 -1 117.08397674560547 22.878007888793945 -1 144.26148986816406 23.030950546264648 -1 131.88897705078125 24.248817443847656 -1 134.09115600585938 26.327978134155273 103 134.09115600585938 26.327978134155273 -1 134.09115600585938 26.327978134155273 104 135.229248046875 30.972829818725586 105 129.13618469238281 26.264152526855469 102 129.13618469238281 26.264152526855469 98 170.74313354492188 154.58876037597656 -1 136.50477600097656 99.209793090820312 -1 140.24627685546875 52.627548217773438 167 196.67543029785156 48.990032196044922 -1 84.327529907226562 47.19207763671875 79 152.60546875 42.452022552490234 -1 144.34443664550781 35.79180908203125 70 137.83552551269531 35.953880310058594 107 135.229248046875 30.972829818725586 108 134.09115600585938 26.327978134155273 97 131.88897705078125 24.248817443847656 -1 114.14443969726562 23.686819076538086 120 144.26148986816406 23.030950546264648 -1 143.20217895507812 17.149816513061523 122 191.86616516113281 44.066459655761719 -1 6.9841461181640625 252.73954772949219 170 
101 0.99878550035105618 0.019864575177865978 -0.04507244018263417 -0.0011824032630052815 2.014043015420635 0.54960390608110987 0.047458859168897145 1 000101.png
211.93061828613281 163.13870239257812 -1 211.93061828613281 163.13870239257812 -1 156.71089172363281 67.42626953125 1 66.282356262207031 172.54779052734375 128 123.58629608154297 76.639671325683594 3 185.3994140625 84.111099243164062 131 96.772850036621094 198.06259155273438 7 187.56523132324219 200.29673767089844 130 156.41215515136719 146.56697082519531 4 156.64089965820312 177.50752258300781 132 156.64089965820312 177.50752258300781 6 128.00442504882812 145.12216186523438 135 147.46006774902344 144.31767272949219 110 122.96215057373047 115.15984344482422 10 104.97795867919922 146.14665222167969 12 139.39602661132812 161.49801635742188 9 175.84469604492188 162.04533386230469 133 128.00442504882812 145.12216186523438 -1 139.39602661132812 161.49801635742188 -1 104.97795867919922 146.14665222167969 -1 147.46006774902344 144.31767272949219 -1 122.26401519775391 12.080089569091797 111 149.66700744628906 115.00788879394531 11 157.64288330078125 162.00843811035156 13 161.82331848144531 90.306640625 14 136.7181396484375 102.85504913330078 16 165.06689453125 115.78193664550781 17 107.31439208984375 127.21123504638672 -1 157.64288330078125 162.00843811035156 -1 107.31439208984375 127.21123504638672 18 136.7840576171875 129.63247680664062 15 110.52918243408203 102.05579376220703 23 148.78578186035156 105.01152038574219 28 121.50772857666016 125.46397399902344 20 94.933395385742188 160.60098266601562 24 112.64710235595703 160.88475036621094 22 108.92174530029297 114.02475738525391 19 94.933395385742188 160.60098266601562 21 121.50772857666016 125.46397399902344 136 121.50772857666016 125.46397399902344 25 201.25395202636719 193.84040832519531 181 161.58262634277344 129.06170654296875 32 151.14266967773438 129.06379699707031 138 144.68072509765625 31.753108978271484 -1 136.05882263183594 115.37248229980469 30 170.82855224609375 102.79713439941406 29 115.38023376464844 12.862537384033203 -1 170.82855224609375 102.79713439941406 137 142.40434265136719 18.712484359741211 88 144.68072509765625 31.753108978271484 26 122.64048767089844 100.60508728027344 27 151.14266967773438 129.06379699707031 31 161.58262634277344 129.06170654296875 139 176.85151672363281 129.79176330566406 141 176.85151672363281 129.79176330566406 143 201.25395202636719 193.84040832519531 182 158.25592041015625 102.22806549072266 35 158.25592041015625 102.22806549072266 36 164.55551147460938 98.493843078613281 149 166.85205078125 156.52101135253906 144 132.13595581054688 20.584711074829102 33 177.76315307617188 120.88626861572266 145 178.65853881835938 150.41242980957031 87 166.85205078125 156.52101135253906 147 118.75225830078125 4.990755558013916 -1 9.7345552444458008 6.1512694358825684 -1 80.532447814941406 188.8323974609375 45 124.45406341552734 22.247289657592773 117 103.75650787353516 160.22257995605469 46 116.60722351074219 28.098447799682617 171 136.650634765625 106.81967163085938 42 141.83650207519531 99.555282592773438 48 131.33273315429688 99.236351013183594 172 121.43177032470703 50.050670623779297 173 125.23343658447266 4.7815508842468262 113 114.47299194335938 50.330207824707031 37 121.43177032470703 50.050670623779297 38 153.71067810058594 54.246780395507812 89 167.23945617675781 54.493202209472656 115 103.75650787353516 160.22257995605469 40 131.33273315429688 99.236351013183594 51 141.83650207519531 99.555282592773438 50 136.650634765625 106.81967163085938 47 250.22544860839844 153.32601928710938 43 124.32706451416016 32.374862670898438 112 80.532447814941406 188.8323974609375 49 125.23343658447266 4.7815508842468262 116 144.06510925292969 40.960311889648438 39 172.12397766113281 56.451385498046875 60 172.12397766113281 56.451385498046875 67 79.623931884765625 188.03399658203125 49 138.83547973632812 3.8118963241577148 92 113.66455841064453 4.1543483734130859 123 139.73158264160156 14.020656585693359 78 138.987548828125 18.850498199462891 90 138.99227905273438 28.744283676147461 150 107.7200927734375 48.969474792480469 -1 148.50997924804688 53.502010345458984 62 175.97128295898438 59.540706634521484 56 147.41851806640625 83.603775024414062 174 227.22872924804688 108.90477752685547 -1 61.610282897949219 109.74665832519531 -1 229.71682739257812 114.46739959716797 -1 103.20578765869141 120.68244934082031 64 112.49196624755859 120.80958557128906 69 114.57539367675781 128.9827880859375 54 169.0294189453125 128.92921447753906 151 106.12295532226562 134.47140502929688 66 240.94114685058594 134.88006591796875 -1 168.39622497558594 151.4482421875 152 99.228164672851562 156.22053527832031 119 123.52341461181641 243.94963073730469 -1 138.04872131347656 247.670654296875 -1 101.0928955078125 252.40728759765625 -1 113.19142913818359 252.27716064453125 -1 136.4688720703125 101.53415679931641 63 141.04676818847656 8.3338727951049805 59 79.623931884765625 188.03399658203125 45 139.73158264160156 14.020656585693359 93 99.228164672851562 156.22053527832031 -1 136.4688720703125 101.53415679931641 -1 103.20578765869141 120.68244934082031 68 112.49196624755859 120.80958557128906 65 114.57539367675781 128.9827880859375 41 169.0294189453125 128.92921447753906 155 106.12295532226562 134.47140502929688 58 178.10446166992188 119.01776123046875 -1 131.62664794921875 7.8253793716430664 96 140.70051574707031 23.988374710083008 95 98.360954284667969 128.88664245605469 75 107.89037322998047 119.4686279296875 -1 115.71782684326172 129.23512268066406 83 144.77098083496094 8.1020622253417969 156 144.77098083496094 8.1020622253417969 -1 115.71782684326172 129.23512268066406 86 168.33287048339844 53.449150085449219 72 168.33287048339844 53.449150085449219 -1 178.10446166992188 119.01776123046875 -1 98.360954284667969 128.88664245605469 73 158.69096374511719 131.41766357421875 74 148.250244140625 22.015571594238281 80 117.33186340332031 7.1111621856689453 -1 158.69096374511719 131.41766357421875 76 102.26954650878906 132.53666687011719 77 155.94322204589844 53.004177093505859 178 168.33287048339844 53.449150085449219 71 117.33186340332031 7.1111621856689453 -1 139.2947998046875 20.314111709594727 -1 131.47314453125 14.932328224182129 161 145.05374145507812 13.99623966217041 81 137.10710144042969 12.881147384643555 -1 11.139098167419434 9.6208610534667969 -1 152.8055419921875 42.512760162353516 -1 145.05374145507812 13.99623966217041 82 139.2947998046875 20.314111709594727 -1 130.12712097167969 245.36381530761719 -1 142.37730407714844 248.36116027832031 -1 129.21926879882812 26.346965789794922 98 7.573239803314209 252.54714965820312 170 3.4164462089538574 248.82562255859375 94 142.37730407714844 248.36116027832031 -1 130.12712097167969 245.36381530761719 -1 136.5184326171875 99.192169189453125 -1 161.42219543457031 52.698677062988281 106 84.406723022460938 47.170230865478516 79 144.40773010253906 35.916793823242188 70 137.94068908691406 36.13336181640625 107 134.52934265136719 14.308273315429688 99 129.21926879882812 26.346965789794922 102 118.95116424560547 33.749172210693359 100 143.19215393066406 17.177913665771484 124 135.25492858886719 30.980518341064453 108 114.07665252685547 23.665647506713867 120 134.52934265136719 14.308273315429688 109 142.17033386230469 1.387791633605957 164 142.17033386230469 1.387791633605957 -1 190.15396118164062 129.03652954101562 -1 97.847206115722656 152.68096923828125 180 
102 0.99897153710808018 0.021494670057949576 -0.039870097157391995 -0.0020548867802404752 1.0333780209931998 0.86161940642693524 0.052200503769417442 1 000099.png
156.77166748046875 67.418487548828125 1 76.314781188964844 135.665283203125 -1 66.811882019042969 172.89738464355469 128 58.239830017089844 196.8028564453125 -1 58.239830017089844 196.8028564453125 -1 123.51560211181641 76.063621520996094 3 185.38128662109375 83.918312072753906 131 98.226287841796875 198.54306030273438 7 186.88972473144531 200.461181640625 130 124.05677032470703 144.66229248046875 183 156.05024719238281 146.39756774902344 4 155.7816162109375 177.62944030761719 132 156.05024719238281 146.39756774902344 -1 155.7816162109375 177.62944030761719 6 124.05677032470703 144.66229248046875 -1 122.88588714599609 11.931890487670898 111 122.77941131591797 115.29677581787109 10 106.99720764160156 146.23396301269531 12 149.71176147460938 115.19474792480469 11 128.35935974121094 145.42369079589844 -1 106.99720764160156 146.23396301269531 -1 139.30087280273438 161.47669982910156 9 175.62934875488281 162.00556945800781 133 128.35935974121094 145.42369079589844 135 136.7911376953125 129.29446411132812 -1 139.30087280273438 161.47669982910156 -1 136.7911376953125 129.29446411132812 15 165.06690979003906 115.75059509277344 17 157.56541442871094 162.0150146484375 13 161.65423583984375 90.275520324707031 14 136.75807189941406 102.87825012207031 16 107.29864501953125 127.27288818359375 18 107.29864501953125 127.27288818359375 -1 157.56541442871094 162.0150146484375 -1 165.06690979003906 115.75059509277344 -1 107.29864501953125 127.27288818359375 -1 108.8154296875 113.96170806884766 19 121.56208038330078 125.22785949707031 20 94.9443359375 160.6031494140625 24 112.68533325195312 160.86932373046875 22 106.76877593994141 21.763008117675781 188 110.51188659667969 102.07818603515625 23 121.56208038330078 125.22785949707031 25 121.56208038330078 125.22785949707031 136 121.56208038330078 125.22785949707031 25 170.82237243652344 102.75896453857422 137 201.08392333984375 193.92868041992188 182 176.78462219238281 129.75033569335938 143 161.54904174804688 129.06796264648438 32 151.11958312988281 129.60989379882812 31 149.94284057617188 101.90083312988281 -1 176.78462219238281 129.75033569335938 141 142.18519592285156 18.785934448242188 -1 142.18519592285156 18.785934448242188 88 201.08392333984375 193.92868041992188 181 122.67909240722656 100.57123565673828 27 149.94284057617188 101.90083312988281 28 170.82237243652344 102.75896453857422 29 136.33412170410156 115.44879913330078 30 151.11958312988281 129.60989379882812 138 161.54904174804688 129.06796264648438 139 158.266845703125 102.23561859130859 36 76.519706726074219 195.47412109375 -1 144.5130615234375 32.009674072265625 26 203.29922485351562 192.74543762207031 182 203.29922485351562 192.74543762207031 181 166.87600708007812 156.50076293945312 144 132.17312622070312 20.560091018676758 33 125.08418273925781 40.141468048095703 34 158.266845703125 102.23561859130859 35 177.77455139160156 120.81700897216797 145 178.77748107910156 150.49813842773438 87 144.5130615234375 32.009674072265625 -1 164.46922302246094 98.602821350097656 149 166.87600708007812 156.50076293945312 147 80.62847900390625 188.81790161132812 49 80.62847900390625 188.81790161132812 45 103.77346038818359 160.04409790039062 46 136.65592956542969 106.812744140625 42 125.27140808105469 4.6990165710449219 113 131.31318664550781 99.243270874023438 172 118.67633819580078 5.0417819023132324 -1 125.27140808105469 4.6990165710449219 116 118.67633819580078 5.0417819023132324 121 9.6913738250732422 6.1343541145324707 -1 108.26805114746094 7.3521623611450195 184 124.36110687255859 22.193698883056641 117 124.15110778808594 32.375450134277344 112 244.99513244628906 144.58201599121094 118 136.65592956542969 106.812744140625 47 141.84754943847656 99.575920104980469 50 131.31318664550781 99.243270874023438 51 121.36920928955078 50.158714294433594 38 167.30747985839844 54.50653076171875 115 103.77346038818359 160.04409790039062 40 141.84754943847656 99.575920104980469 48 204.25193786621094 192.19151306152344 182 99.022895812988281 156.14605712890625 -1 204.25193786621094 192.19151306152344 181 144.24128723144531 40.817600250244141 39 175.79795837402344 59.772808074951172 56 99.022895812988281 156.14605712890625 119 105.60359954833984 12.843653678894043 185 169.0052490234375 128.97688293457031 155 139.71644592285156 13.959842681884766 93 123.60946655273438 243.76669311523438 -1 141.79043579101562 244.14633178710938 -1 138.42544555664062 247.64340209960938 -1 100.8533935546875 252.48870849609375 -1 103.35025024414062 120.80056762695312 68 114.49112701416016 3.4649960994720459 123 138.72244262695312 3.7943854331970215 92 117.44202423095703 6.889040470123291 -1 112.45333862304688 120.85184478759766 69 139.71644592285156 13.959842681884766 78 107.52340698242188 18.282686233520508 187 138.93583679199219 28.724390029907227 150 136.472412109375 101.53948211669922 63 127.55512237548828 48.746391296386719 -1 149.00340270996094 53.576957702636719 62 172.08058166503906 56.477619171142578 60 141.01608276367188 8.2589826583862305 59 112.45333862304688 120.85184478759766 65 103.35025024414062 120.80056762695312 64 136.472412109375 101.53948211669922 -1 172.08058166503906 56.477619171142578 67 169.0052490234375 128.97688293457031 151 106.16661071777344 134.41098022460938 66 162.39070129394531 135.09187316894531 -1 168.22463989257812 151.42686462402344 152 127.55512237548828 48.746391296386719 -1 38.989192962646484 171.57467651367188 -1 106.16661071777344 134.41098022460938 58 230.350341796875 113.5557861328125 -1 177.97671508789062 118.98225402832031 -1 158.71620178222656 131.42379760742188 76 79.561859130859375 187.97465515136719 49 3.2857003211975098 248.48936462402344 94 140.68803405761719 23.991451263427734 95 144.32441711425781 35.66680908203125 70 141.73910522460938 0.64864718914031982 164 115.02208709716797 129.06813049316406 -1 84.764694213867188 47.584022521972656 79 168.31886291503906 53.603923797607422 71 145.09547424316406 13.950448036193848 82 144.51678466796875 8.0863609313964844 156 131.70185852050781 7.8248004913330078 96 8.4463958740234375 8.0812015533447266 -1 147.48027038574219 3.9524469375610352 -1 101.89977264404297 12.813345909118652 -1 98.0045166015625 128.90719604492188 75 129.27659606933594 26.187355041503906 98 102.42925262451172 132.544189453125 77 141.73910522460938 0.64864718914031982 -1 148.23353576660156 22.097291946411133 80 129.27659606933594 26.187355041503906 102 98.0045166015625 128.90719604492188 73 144.51678466796875 8.0863609313964844 -1 145.09547424316406 13.950448036193848 81 144.32441711425781 35.66680908203125 -1 168.31886291503906 53.603923797607422 72 177.97671508789062 118.98225402832031 -1 158.71620178222656 131.42379760742188 74 79.561859130859375 187.97465515136719 45 115.02208709716797 129.06813049316406 -1 169.89862060546875 108.00273895263672 191 220.22315979003906 94.280220031738281 -1 8.1463394165039062 8.7644729614257812 -1 4.7044882774353027 6.5503044128417969 -1 4.7044882774353027 6.5503044128417969 -1 161.65574645996094 52.631008148193359 106 3.0063180923461914 2.0886731147766113 -1 155.51126098632812 52.656879425048828 178 117.25472259521484 23.057979583740234 -1 152.59956359863281 42.487346649169922 -1 137.80424499511719 35.973037719726562 107 115.82021331787109 129.27522277832031 83 191.572265625 141.25730895996094 -1 179.14495849609375 143.930908203125 -1 118.5155029296875 33.910354614257812 100 135.37205505371094 30.838222503662109 108 115.82021331787109 129.27522277832031 86 79.118972778320312 60.5543212890625 -1 114.15033721923828 23.726591110229492 120 117.25472259521484 23.057979583740234 -1 143.20709228515625 17.197998046875 124 191.572265625 141.25730895996094 192 179.14495849609375 143.930908203125 -1 147.81745910644531 239.90565490722656 -1 138.13447570800781 243.18571472167969 193 167.58351135253906 253.60575866699219 84 131.34706115722656 15.002529144287109 161 3.0063180923461914 2.0886731147766113 -1 120.68264007568359 15.19468879699707 162 134.44918823242188 14.336001396179199 99 134.44918823242188 14.336001396179199 109 131.76144409179688 24.368953704833984 -1 
103 0.9986726442543874 0.01979847652774085 -0.047548369343979852 -0.00035002551203896359 2.4837455334403149 0.53195480098322712 0.060944221113295595 1 000102.png
212.23179626464844 162.83297729492188 -1 156.71136474609375 67.373237609863281 1 58.080638885498047 196.85472106933594 -1 58.080638885498047 196.85472106933594 -1 94.387611389160156 197.5224609375 7 123.89310455322266 77.099830627441406 3 185.39480590820312 84.044914245605469 131 188.11189270019531 200.11540222167969 130 155.32121276855469 146.00393676757812 4 157.64933776855469 177.61566162109375 132 157.64933776855469 177.61566162109375 6 105.02916717529297 145.89585876464844 12 173.90106201171875 144.71499633789062 -1 147.22123718261719 144.15158081054688 110 149.564208984375 114.99105072021484 11 127.87858581542969 144.90542602539062 135 123.16950225830078 115.06052398681641 10 139.36090087890625 161.47685241699219 9 176.03585815429688 162.05110168457031 133 173.90106201171875 144.71499633789062 -1 136.64625549316406 102.78325653076172 16 107.33333587646484 127.19589233398438 18 136.77548217773438 129.63174438476562 15 157.70684814453125 162.01629638671875 13 124.11376190185547 11.537754058837891 111 157.70684814453125 162.01629638671875 -1 110.68661499023438 18.460466384887695 -1 161.60963439941406 90.266471862792969 14 165.55397033691406 115.81095123291016 17 112.64430236816406 160.86921691894531 22 121.51324462890625 125.58148193359375 20 121.51324462890625 125.58148193359375 25 121.51324462890625 125.58148193359375 136 94.920761108398438 160.61009216308594 21 94.920761108398438 160.61009216308594 24 109.1934814453125 113.93112182617188 19 112.64430236816406 160.86921691894531 22 148.67599487304688 105.667236328125 28 110.55088806152344 102.04537200927734 23 143.78741455078125 61.563510894775391 -1 143.78741455078125 61.563510894775391 -1 161.57200622558594 129.09904479980469 139 176.85057067871094 129.82139587402344 141 149.92987060546875 102.01648712158203 -1 170.84429931640625 102.80607604980469 137 150.87026977539062 129.46272277832031 138 150.87026977539062 129.46272277832031 -1 161.57200622558594 129.09904479980469 32 176.85057067871094 129.82139587402344 143 142.31317138671875 18.76982307434082 88 122.622314453125 100.62945556640625 27 149.92987060546875 102.01648712158203 28 170.84429931640625 102.80607604980469 29 136.0772705078125 115.32998657226562 30 150.87026977539062 129.46272277832031 31 144.70396423339844 31.824796676635742 26 166.90202331542969 156.50503540039062 144 132.14326477050781 20.546941757202148 33 125.28791809082031 39.709117889404297 34 158.27481079101562 102.24433898925781 35 158.27481079101562 102.24433898925781 36 164.45858764648438 98.54656982421875 149 144.70396423339844 31.824796676635742 -1 177.83984375 120.85292816162109 146 177.83984375 120.85292816162109 145 178.33821105957031 150.26913452148438 87 166.90202331542969 156.50503540039062 147 117.22617340087891 28.581451416015625 171 124.20676422119141 32.363128662109375 112 121.24767303466797 50.094272613525391 38 103.77637481689453 160.30157470703125 40 28.744071960449219 202.07075500488281 -1 13.322098731994629 245.59945678710938 53 1.4625262022018433 247.39286804199219 94 13.322098731994629 245.59945678710938 44 103.77637481689453 160.30157470703125 46 125.17914581298828 4.8542399406433105 113 136.61984252929688 106.82851409912109 42 141.84298706054688 99.552482604980469 48 172.1358642578125 56.224987030029297 67 124.20676422119141 32.363128662109375 114 62.118255615234375 110.09967803955078 -1 136.61984252929688 106.82851409912109 47 114.70481109619141 50.157131195068359 37 141.84298706054688 99.552482604980469 50 175.44088745117188 60.297389984130859 56 172.1358642578125 56.224987030029297 60 167.21116638183594 54.479953765869141 115 125.17914581298828 4.8542399406433105 116 9.8757266998291016 6.0076656341552734 -1 124.54019165039062 22.175657272338867 117 249.79757690429688 153.14938354492188 43 244.74942016601562 144.35110473632812 118 131.32229614257812 99.244483947753906 51 113.93815612792969 128.81080627441406 41 113.93815612792969 128.81080627441406 54 144.24192810058594 40.975257873535156 39 136.468994140625 101.48553466796875 63 232.53009033203125 119.10929870605469 -1 103.23853302001953 120.71267700195312 64 112.50736999511719 120.86004638671875 69 114.74105072021484 129.018798828125 -1 169.02546691894531 129.0166015625 151 106.16793060302734 134.41323852539062 66 241.33906555175781 135.60697937011719 -1 99.193931579589844 156.19696044921875 119 204.64080810546875 191.94081115722656 182 137.69174194335938 247.8580322265625 -1 100.98483276367188 252.38771057128906 -1 139.75482177734375 14.000751495361328 78 204.64080810546875 191.94081115722656 181 79.581642150878906 188.00395202636719 49 138.7843017578125 3.6910901069641113 92 118.06752014160156 23.057882308959961 120 139.0009765625 28.779239654541016 150 148.85684204101562 53.533573150634766 62 79.581642150878906 188.00395202636719 45 139.75482177734375 14.000751495361328 93 103.23853302001953 120.71267700195312 68 112.50736999511719 120.86004638671875 65 114.74105072021484 129.018798828125 -1 169.02546691894531 129.0166015625 155 106.16793060302734 134.41323852539062 58 99.193931579589844 156.19696044921875 -1 161.60716247558594 53.015350341796875 106 168.52716064453125 53.28985595703125 71 169.70890808105469 108.12366485595703 191 178.03535461425781 118.85063934326172 -1 98.366233825683594 128.89479064941406 75 115.39035797119141 129.16999816894531 86 118.35804748535156 33.812095642089844 100 140.86709594726562 8.2959213256835938 59 102.25883483886719 132.72618103027344 77 137.77659606933594 243.38993835449219 193 131.63700866699219 7.8512020111083984 96 145.02024841308594 13.903581619262695 81 144.21339416503906 22.691585540771484 -1 168.52716064453125 53.28985595703125 72 168.52716064453125 53.28985595703125 -1 178.03535461425781 118.85063934326172 -1 98.366233825683594 128.89479064941406 73 115.39035797119141 129.16999816894531 83 145.02024841308594 13.903581619262695 82 144.21339416503906 22.691585540771484 -1 140.86549377441406 24.329730987548828 95 144.66105651855469 35.683666229248047 70 84.922218322753906 47.510078430175781 79 131.4361572265625 15.071342468261719 161 120.66493225097656 15.161901473999023 162 134.5384521484375 14.354290962219238 99 144.89198303222656 8.0199060440063477 156 119.84923553466797 3.8510334491729736 121 7.6692814826965332 252.525146484375 170 158.50038146972656 131.70443725585938 76 142.01307678222656 248.51982116699219 -1 191.53904724121094 140.96873474121094 192 119.84923553466797 3.8510334491729736 -1 144.89198303222656 8.0199060440063477 -1 134.5384521484375 14.354290962219238 109 143.04426574707031 17.184120178222656 122 139.25216674804688 20.611040115356445 -1 129.29499816894531 26.326231002807617 98 134.13117980957031 26.559246063232422 103 134.13117980957031 26.559246063232422 104 158.50038146972656 131.70443725585938 74 196.573486328125 48.650291442871094 -1 192.42643737792969 44.059135437011719 -1 152.88722229003906 42.509231567382812 -1 123.39480590820312 41.849414825439453 -1 137.82630920410156 35.992366790771484 107 135.28665161132812 30.953113555908203 108 134.13117980957031 26.559246063232422 97 130.50149536132812 216.49461364746094 85 116.53797149658203 3.2813031673431396 123 129.29499816894531 26.326231002807617 102 148.36007690429688 22.158441543579102 80 117.38597869873047 26.725772857666016 -1 139.25216674804688 20.611040115356445 -1 143.04426574707031 17.184120178222656 124 123.542724609375 17.219345092773438 125 120.66493225097656 15.161901473999023 -1 175.07635498046875 253.65933227539062 -1 93.720878601074219 253.23809814453125 -1 
105 0.99855830209989371 0.012535482439853102 -0.052193333266899268 0.00018694883742485782 3.3576127985680526 -0.83708851907553272 0.08104204744766709 1 000105.png
213.91191101074219 162.46565246582031 -1 122.65729522705078 75.514152526855469 3 56.935333251953125 200.99606323242188 -1 156.66609191894531 67.572769165039062 1 65.196075439453125 172.840087890625 128 65.196075439453125 172.840087890625 2 56.935333251953125 200.99606323242188 -1 83.992256164550781 96.107795715332031 -1 189.316162109375 199.61282348632812 130 185.34272766113281 84.070205688476562 131 154.07649230957031 145.532470703125 4 158.30198669433594 176.62596130371094 6 93.617759704589844 197.12040710449219 7 158.30198669433594 176.62596130371094 132 103.49803924560547 177.54631042480469 8 103.49803924560547 177.54631042480469 5 149.39385986328125 114.74593353271484 11 122.04595947265625 19.864805221557617 -1 131.15316772460938 63.411098480224609 -1 122.87606048583984 115.23531341552734 10 105.12458038330078 145.5745849609375 12 173.34031677246094 144.54667663574219 -1 139.32600402832031 161.31500244140625 9 176.14871215820312 162.02458190917969 133 175.36601257324219 179.98155212402344 -1 131.15316772460938 63.411098480224609 -1 173.34031677246094 144.54667663574219 -1 136.78311157226562 129.64080810546875 15 157.56814575195312 162.0589599609375 13 165.03099060058594 115.61721038818359 17 136.62074279785156 102.84439086914062 16 107.30825042724609 127.17997741699219 18 161.57745361328125 90.286827087402344 14 148.70834350585938 105.30614471435547 28 108.91077423095703 113.986328125 19 121.50293731689453 125.73357391357422 20 94.915390014648438 160.58265686035156 21 112.67612457275391 160.83378601074219 22 110.50120544433594 102.02329254150391 23 121.50293731689453 125.73357391357422 25 94.915390014648438 160.58265686035156 24 112.67612457275391 160.83378601074219 22 136.30278015136719 115.32637023925781 30 176.88386535644531 129.82820129394531 -1 200.92550659179688 194.03445434570312 182 122.54261779785156 100.07209777832031 27 150.02070617675781 101.71651458740234 28 170.86735534667969 102.76388549804688 29 151.11186218261719 129.70108032226562 31 161.57501220703125 129.06993103027344 32 176.88386535644531 129.82820129394531 141 200.92550659179688 194.03445434570312 181 151.11186218261719 129.70108032226562 138 170.86735534667969 102.76388549804688 137 150.02070617675781 101.71651458740234 -1 161.57501220703125 129.06993103027344 139 176.88386535644531 129.82820129394531 143 158.25119018554688 102.22565460205078 35 144.61990356445312 31.835193634033203 26 158.25119018554688 102.22565460205078 36 166.87257385253906 156.45637512207031 144 177.74177551269531 121.06713104248047 146 166.87257385253906 156.45637512207031 147 177.74177551269531 121.06713104248047 145 164.73419189453125 98.569961547851562 149 103.30929565429688 13.21269416809082 -1 121.34917449951172 50.148048400878906 38 203.52674865722656 192.67092895507812 182 28.683815002441406 201.67420959472656 -1 13.340273857116699 245.46333312988281 53 103.77059173583984 160.26829528808594 40 203.52674865722656 192.67092895507812 181 80.580513000488281 188.85563659667969 45 103.77059173583984 160.26829528808594 46 103.77059173583984 160.26829528808594 -1 136.68400573730469 106.83277893066406 42 141.80734252929688 99.532875061035156 48 249.96495056152344 153.21592712402344 43 114.60317993164062 50.159439086914062 37 136.68400573730469 106.83277893066406 47 141.80734252929688 99.532875061035156 50 131.30934143066406 99.235877990722656 51 175.40318298339844 60.391624450683594 56 80.580513000488281 188.85563659667969 49 132.54731750488281 27.26710319519043 -1 13.340273857116699 245.46333312988281 44 144.12213134765625 40.786464691162109 39 138.93190002441406 18.812309265136719 -1 138.24861145019531 3.773740291595459 -1 141.07704162597656 8.2681150436401367 -1 148.47537231445312 11.253094673156738 61 132.11105346679688 11.749642372131348 -1 134.44114685058594 21.547040939331055 33 138.9388427734375 28.788442611694336 150 131.06631469726562 34.520286560058594 -1 123.96031188964844 41.024559020996094 34 127.86838531494141 48.977638244628906 -1 148.71946716308594 53.46600341796875 62 172.03237915039062 56.462497711181641 60 136.48284912109375 101.51998901367188 63 64.046173095703125 101.7457275390625 -1 103.19529724121094 120.65343475341797 64 114.25184631347656 128.9437255859375 54 169.03271484375 128.96778869628906 151 106.14381408691406 134.45085144042969 58 162.4306640625 135.01141357421875 -1 241.10702514648438 135.05369567871094 -1 43.137031555175781 159.71453857421875 -1 23.752191543579102 212.510009765625 52 134.54151916503906 252.43612670898438 -1 140.03529357910156 14.194953918457031 -1 106.14381408691406 134.45085144042969 66 112.69343566894531 120.65239715576172 69 79.620025634765625 188.06172180175781 49 140.03529357910156 14.194953918457031 78 112.69343566894531 120.65239715576172 65 79.620025634765625 188.06172180175781 45 141.07704162597656 8.2681150436401367 59 141.07704162597656 8.2681150436401367 -1 131.06631469726562 34.520286560058594 -1 172.03237915039062 56.462497711181641 67 103.19529724121094 120.65343475341797 68 114.25184631347656 128.9437255859375 41 169.03271484375 128.96778869628906 155 144.47793579101562 35.844467163085938 -1 126.88857269287109 37.278469085693359 -1 107.90113830566406 119.41294860839844 -1 84.746879577636719 47.453189849853516 79 148.28549194335938 21.974494934082031 80 168.48829650878906 53.435028076171875 71 98.137786865234375 128.93191528320312 75 144.47793579101562 35.844467163085938 70 115.20101165771484 129.17402648925781 86 196.30818176269531 49.224384307861328 -1 168.48829650878906 53.435028076171875 72 168.48829650878906 53.435028076171875 -1 158.56854248046875 131.5264892578125 76 98.137786865234375 128.93191528320312 73 115.20101165771484 129.17402648925781 83 158.56854248046875 131.5264892578125 74 102.20623016357422 132.65953063964844 77 196.30818176269531 49.224384307861328 -1 169.84503173828125 108.05188751220703 191 128.88775634765625 4.4216642379760742 -1 132.5484619140625 3.8782134056091309 -1 15.190792083740234 6.9212093353271484 -1 142.40374755859375 2.8483965396881104 164 164.29055786132812 253.53199768066406 84 134.64143371582031 14.468926429748535 -1 7.254389762878418 252.82708740234375 170 130.3243408203125 216.56201171875 85 144.45870971679688 8.2299327850341797 -1 130.3243408203125 216.56201171875 85 136.49967956542969 99.489875793457031 -1 160.58670043945312 80.327484130859375 -1 76.117240905761719 68.121109008789062 -1 79.052742004394531 60.726169586181641 -1 148.04142761230469 44.964031219482422 -1 164.55157470703125 80.575759887695312 -1 142.09185791015625 31.794223785400391 -1 135.29713439941406 30.935283660888672 108 134.64143371582031 14.468926429748535 -1 142.40374755859375 2.8483965396881104 -1 144.97538757324219 13.918941497802734 81 144.45870971679688 8.2299327850341797 -1 107.10793304443359 13.242033004760742 163 128.97004699707031 11.479083061218262 -1 144.97538757324219 13.918941497802734 82 137.29269409179688 12.898210525512695 -1 94.235977172851562 253.15867614746094 -1 
106 0.99831228556309437 0.018338384425377961 -0.0551016980430711 -0.00029499699666234495 3.907850698316548 0.25702425320801303 0.15675714462142801 1 000103.png
212.53707885742188 162.20648193359375 -1 66.604728698730469 172.85444641113281 128 156.66802978515625 67.406402587890625 1 58.273590087890625 204.40704345703125 -1 58.273590087890625 204.40704345703125 -1 123.76644897460938 77.209968566894531 3 185.24267578125 84.035408020019531 131 188.6922607421875 199.90934753417969 130 154.85369873046875 145.74253845214844 4 104.93238830566406 178.02734375 5 124.78805541992188 178.28338623046875 -1 159.01283264160156 177.41177368164062 6 94.174728393554688 197.43467712402344 7 104.93238830566406 178.02734375 8 159.01283264160156 177.41177368164062 132 124.78805541992188 178.28338623046875 -1 173.87528991699219 144.72900390625 -1 105.42745971679688 145.95310974121094 12 176.09910583496094 162.0562744140625 133 131.66304016113281 63.2396240234375 -1 123.20733642578125 114.95511627197266 10 139.30526733398438 161.40060424804688 9 131.66304016113281 63.2396240234375 -1 149.50222778320312 115.06651306152344 11 127.84408569335938 144.96214294433594 135 165.41543579101562 115.81742095947266 17 161.7178955078125 90.290824890136719 14 107.30512237548828 127.15592956542969 18 136.76283264160156 129.65682983398438 15 136.63670349121094 102.79647827148438 16 116.28115844726562 21.676023483276367 -1 157.59295654296875 161.97286987304688 13 127.04941558837891 12.112475395202637 111 110.55171203613281 102.01651763916016 23 108.98359680175781 113.87492370605469 19 121.64471435546875 125.1614990234375 20 94.945915222167969 160.6475830078125 24 112.66072845458984 160.84298706054688 22 121.64471435546875 125.1614990234375 136 112.66072845458984 160.84298706054688 22 121.64471435546875 125.1614990234375 25 94.945915222167969 160.6475830078125 21 176.8533935546875 129.80825805664062 143 144.55259704589844 31.793523788452148 26 176.8533935546875 129.80825805664062 -1 201.51039123535156 193.72184753417969 182 178.11054992675781 150.14065551757812 87 15.923068046569824 9.2457075119018555 -1 142.27215576171875 18.797647476196289 88 122.70262145996094 100.95687866210938 27 170.8404541015625 102.78084564208984 29 136.19602966308594 115.38220977783203 30 151.11358642578125 129.39234924316406 31 161.55268859863281 129.11766052246094 139 176.8533935546875 129.80825805664062 141 201.51039123535156 193.72184753417969 181 170.8404541015625 102.78084564208984 137 151.11358642578125 129.39234924316406 138 161.55268859863281 129.11766052246094 32 158.26185607910156 102.24764251708984 36 166.87371826171875 156.49266052246094 147 166.87371826171875 156.49266052246094 144 164.65008544921875 98.497634887695312 149 132.35969543457031 20.591619491577148 33 125.15342712402344 39.531169891357422 34 158.26185607910156 102.24764251708984 35 114.52580261230469 50.122257232666016 37 153.34706115722656 54.286418914794922 89 203.58113098144531 192.63119506835938 182 25.557727813720703 211.85665893554688 52 11.121356010437012 251.00924682617188 -1 103.79985809326172 160.2315673828125 40 103.79985809326172 160.2315673828125 -1 103.79985809326172 160.2315673828125 46 177.39662170410156 121.07944488525391 146 136.65153503417969 106.79751586914062 42 141.79531860351562 99.533065795898438 48 249.98573303222656 153.25357055664062 43 177.39662170410156 121.07944488525391 145 121.35610961914062 49.927040100097656 38 136.65153503417969 106.79751586914062 47 141.79531860351562 99.533065795898438 50 131.28688049316406 99.220634460449219 51 175.46470642089844 60.3013916015625 56 179.37652587890625 65.853279113769531 -1 203.58113098144531 192.63119506835938 181 113.85035705566406 128.80563354492188 41 113.85035705566406 128.80563354492188 54 138.92893981933594 18.61408805847168 90 144.13520812988281 40.748565673828125 39 139.55419921875 13.948768615722656 78 138.98318481445312 28.789970397949219 150 107.18106079101562 48.98223876953125 -1 148.70964050292969 53.530315399169922 62 172.03091430664062 56.533882141113281 60 158.00491333007812 83.6744384765625 -1 136.46096801757812 101.50048828125 63 60.787860870361328 111.47657775878906 -1 103.16458129882812 120.65645599365234 64 112.47379302978516 120.82905578613281 69 168.99226379394531 128.86062622070312 151 162.47177124023438 135.0672607421875 -1 168.11248779296875 151.44969177246094 152 30.598098754882812 195.2781982421875 -1 30.598098754882812 195.2781982421875 -1 137.74281311035156 247.87136840820312 -1 112.61428070068359 252.46420288085938 -1 123.85663604736328 27.47376823425293 -1 168.99226379394531 128.86062622070312 91 141.01628112792969 8.2920036315917969 59 106.11662292480469 134.58706665039062 66 138.9317626953125 3.8785197734832764 92 106.11662292480469 134.58706665039062 58 139.55419921875 13.948768615722656 93 172.03091430664062 56.533882141113281 67 103.16458129882812 120.65645599365234 68 112.47379302978516 120.82905578613281 65 168.99226379394531 128.86062622070312 155 102.21720886230469 132.62442016601562 77 148.22683715820312 22.050266265869141 80 137.90324401855469 243.35600280761719 193 3.4233996868133545 248.44314575195312 94 140.77940368652344 24.135881423950195 95 147.60014343261719 4.0738382339477539 -1 196.15419006347656 49.3623046875 -1 168.28846740722656 53.610069274902344 71 131.64743041992188 7.8503947257995605 96 75.441520690917969 71.427619934082031 -1 196.15419006347656 49.3623046875 -1 168.28846740722656 53.610069274902344 72 98.306083679199219 128.90545654296875 73 115.40950775146484 129.2275390625 83 158.63613891601562 131.4144287109375 74 170.27210998535156 108.10302734375 191 107.93815612792969 119.44691467285156 -1 98.306083679199219 128.90545654296875 75 115.40950775146484 129.2275390625 86 158.63613891601562 131.4144287109375 76 134.09426879882812 26.474369049072266 97 129.34310913085938 26.221750259399414 98 131.47291564941406 15.040048599243164 161 134.58039855957031 14.414393424987793 99 145.02699279785156 13.843656539916992 81 142.52626037597656 2.795546293258667 164 137.28021240234375 13.043093681335449 -1 144.19259643554688 35.764904022216797 70 7.6232199668884277 252.58233642578125 170 118.13377380371094 34.290260314941406 100 130.32987976074219 216.541748046875 85 145.02699279785156 13.843656539916992 82 115.4261474609375 188.54780578613281 101 129.34310913085938 26.221750259399414 102 134.09426879882812 26.474369049072266 103 134.09426879882812 26.474369049072266 104 135.31083679199219 30.977422714233398 105 130.115234375 31.320453643798828 -1 112.50931549072266 34.077007293701172 -1 138.76138305664062 102.62200927734375 -1 138.76138305664062 102.62200927734375 -1 191.53379821777344 141.16070556640625 192 138.76138305664062 102.62200927734375 -1 160.53144836425781 80.34564208984375 -1 161.41714477539062 52.667491912841797 106 140.28816223144531 52.745292663574219 167 84.47076416015625 47.174999237060547 79 118.13377380371094 34.290260314941406 -1 152.57569885253906 42.487209320068359 -1 137.82838439941406 36.014907836914062 107 112.50931549072266 34.077007293701172 -1 130.115234375 31.320453643798828 -1 135.31083679199219 30.977422714233398 108 134.58039855957031 14.414393424987793 109 
128 0.99991352700073177 0.012064773927285817 -0.0038801461983861722 -0.0035105863498159848 -5.7582598845485142 -0.88938733780511592 0.35088052663839397 1 000128.png
164.39338684082031 190.79365539550781 -1 216.93914794921875 158.62957763671875 -1 216.93914794921875 158.62957763671875 -1 82.410972595214844 104.43894958496094 -1 157.14289855957031 66.648765563964844 1 193.03547668457031 89.28009033203125 -1 66.209686279296875 171.81925964355469 2 193.03547668457031 89.28009033203125 -1 123.99900054931641 77.311630249023438 3 121.21646118164062 143.38192749023438 183 152.03993225097656 144.88417053222656 4 103.77359771728516 177.80638122558594 5 155.04981994628906 175.74551391601562 6 92.968162536621094 197.21855163574219 7 103.77359771728516 177.80638122558594 8 121.09845733642578 12.812616348266602 111 176.41606140136719 162.47882080078125 -1 138.71231079101562 161.31068420410156 9 106.43253326416016 145.65921020507812 12 147.04495239257812 143.91363525390625 110 122.36001586914062 114.90906524658203 10 149.53297424316406 114.92731475830078 11 189.44879150390625 181.10525512695312 -1 163.51573181152344 115.00112915039062 17 107.16226959228516 127.11331939697266 18 121.1905517578125 132.2591552734375 -1 158.05899047851562 163.20709228515625 13 130.5382080078125 214.0860595703125 -1 136.14100646972656 129.30599975585938 15 183.73979187011719 36.292961120605469 -1 183.73979187011719 36.292961120605469 -1 233.10589599609375 12.480698585510254 -1 161.56733703613281 90.118339538574219 14 136.484375 102.61859130859375 16 121.1905517578125 132.2591552734375 -1 163.51573181152344 115.00112915039062 -1 161.56733703613281 90.118339538574219 -1 94.7926025390625 160.54525756835938 21 112.48310089111328 160.78666687011719 22 121.36549377441406 125.66973114013672 20 108.73468017578125 113.93190765380859 19 109.949951171875 101.97894287109375 23 242.09535217285156 20.631559371948242 -1 112.48310089111328 160.78666687011719 -1 94.7926025390625 160.54525756835938 24 121.36549377441406 125.66973114013672 25 179.19099426269531 148.61032104492188 -1 179.19099426269531 148.61032104492188 -1 144.73291015625 31.723443984985352 26 175.31439208984375 44.76251220703125 -1 122.57111358642578 100.57260131835938 27 149.84707641601562 102.02967834472656 28 170.78025817871094 102.78189086914062 29 136.07823181152344 115.17562866210938 30 151.07041931152344 128.99311828613281 31 161.49005126953125 128.96119689941406 32 201.012939453125 194.00994873046875 -1 201.012939453125 194.00994873046875 -1 170.78025817871094 102.78189086914062 -1 169.24656677246094 164.93589782714844 -1 175.31439208984375 44.76251220703125 -1 169.24656677246094 164.93589782714844 -1 161.49005126953125 128.96119689941406 -1 142.04548645019531 18.789058685302734 88 106.71281433105469 20.969974517822266 188 177.71945190429688 75.415885925292969 -1 125.2076416015625 5.3238892555236816 113 125.06864929199219 40.010002136230469 34 164.87812805175781 98.459320068359375 -1 132.40338134765625 20.830808639526367 33 228.64031982421875 25.147487640380859 -1 188.90158081054688 186.34927368164062 -1 158.1591796875 102.16773223876953 35 178.76942443847656 150.02061462402344 87 248.981689453125 153.10694885253906 43 125.2076416015625 5.3238892555236816 116 158.1591796875 102.16773223876953 36 124.27220153808594 32.414146423339844 112 121.36212921142578 50.025440216064453 38 153.15007019042969 54.149005889892578 89 178.10591125488281 30.475988388061523 -1 131.09495544433594 99.181282043457031 51 141.64218139648438 99.487548828125 50 136.42892456054688 106.76888275146484 42 113.50208282470703 128.66636657714844 41 103.71613311767578 160.38853454589844 40 80.626564025878906 188.84584045410156 49 203.6156005859375 192.55024719238281 181 28.941341400146484 202.24981689453125 -1 108.03079223632812 7.4732346534729004 184 137.39913940429688 34.613807678222656 -1 104.71344757080078 12.746386528015137 185 132.33741760253906 12.230735778808594 -1 126.03351593017578 16.671215057373047 -1 166.72334289550781 156.21717834472656 -1 203.6156005859375 192.55024719238281 182 80.626564025878906 188.84584045410156 45 103.71613311767578 160.38853454589844 46 103.71613311767578 160.38853454589844 46 166.72334289550781 156.21717834472656 -1 124.48030090332031 22.360275268554688 117 136.42892456054688 106.76888275146484 47 141.64218139648438 99.487548828125 48 131.09495544433594 99.181282043457031 172 113.50208282470703 128.66636657714844 54 124.27220153808594 32.414146423339844 114 132.33741760253906 12.230735778808594 -1 104.71344757080078 12.746386528015137 -1 116.65328979492188 28.204030990600586 171 121.36212921142578 50.025440216064453 173 185.20637512207031 72.686477661132812 -1 185.20637512207031 72.686477661132812 -1 144.20196533203125 40.706569671630859 39 174.42938232421875 60.498252868652344 56 45.133468627929688 153.93504333496094 -1 140.91224670410156 8.2762899398803711 59 99.248359680175781 156.17655944824219 119 204.609619140625 191.95359802246094 182 138.54974365234375 247.81825256347656 -1 100.99539184570312 252.31727600097656 -1 112.35144805908203 252.54998779296875 -1 107.48940277099609 18.126604080200195 187 204.609619140625 191.95359802246094 181 231.035888671875 36.0919189453125 -1 174.870361328125 36.301967620849609 -1 171.71058654785156 56.738731384277344 60 136.4346923828125 101.47268676757812 -1 103.08798980712891 120.62702941894531 68 112.38025665283203 120.85849761962891 69 106.11930084228516 134.47163391113281 66 174.870361328125 36.301967620849609 -1 138.71026611328125 3.7711184024810791 92 114.22267913818359 3.7123713493347168 123 185.42855834960938 4.4354248046875 -1 148.41607666015625 11.164432525634766 61 138.98306274414062 18.906471252441406 90 236.44242858886719 30.308269500732422 -1 188.48147583007812 30.484151840209961 -1 231.035888671875 36.0919189453125 -1 166.40458679199219 252.47097778320312 -1 108.04771423339844 48.828048706054688 -1 148.72549438476562 53.381248474121094 62 171.71058654785156 56.738731384277344 67 136.4346923828125 101.47268676757812 63 230.2286376953125 115.19832611083984 -1 103.08798980712891 120.62702941894531 64 112.38025665283203 120.85849761962891 65 106.11930084228516 134.47163391113281 58 240.87196350097656 134.965087890625 -1 161.64888000488281 53.045730590820312 106 84.65045166015625 47.519359588623047 79 123.55545043945312 41.816509246826172 -1 131.97636413574219 7.7869343757629395 96 182.14250183105469 46.970478057861328 -1 181.24630737304688 42.814651489257812 -1 139.80116271972656 14.101115226745605 78 3.3481318950653076 248.456298828125 94 229.87554931640625 41.591350555419922 -1 102.09898376464844 132.65841674804688 77 168.79704284667969 128.93794250488281 91 98.183151245117188 128.951171875 75 172.37384033203125 126.22670745849609 -1 174.98794555664062 67.022438049316406 -1 168.3126220703125 53.546703338623047 71 177.70477294921875 41.041584014892578 -1 235.06803894042969 35.406177520751953 -1 144.6456298828125 35.674274444580078 70 183.40737915039062 9.0717086791992188 -1 104.56993103027344 15.746843338012695 -1 191.67556762695312 20.990085601806641 -1 148.20590209960938 22.059221267700195 80 140.70960998535156 24.032339096069336 95 168.79704284667969 128.93794250488281 -1 144.42929077148438 8.0703716278076172 -1 183.40737915039062 9.0717086791992188 -1 168.3126220703125 53.546703338623047 72 98.183151245117188 128.951171875 73 80.822700500488281 56.962928771972656 -1 144.42929077148438 8.0703716278076172 156 137.75404357910156 35.956748962402344 107 118.64762115478516 33.808395385742188 100 143.17013549804688 17.255699157714844 124 253.85684204101562 2.5557606220245361 -1 128.09359741210938 6.5495433807373047 -1 117.06990051269531 6.8738284111022949 -1 111.64189910888672 8.4676113128662109 -1 144.93511962890625 13.949092864990234 81 134.59434509277344 14.576444625854492 99 120.5316162109375 15.324487686157227 162 114.11070251464844 23.636022567749023 120 253.85684204101562 2.5557606220245361 -1 144.93511962890625 13.949092864990234 82 134.59434509277344 14.576444625854492 109 143.17013549804688 17.255699157714844 122 233.66143798828125 25.657791137695312 -1 244.58674621582031 4.7406840324401855 -1 150.81697082519531 30.202465057373047 -1 233.66143798828125 25.657791137695312 -1 138.78620910644531 102.59446716308594 -1 138.78620910644531 102.59446716308594 -1 115.76523590087891 129.312744140625 83 129.20365905761719 26.30389404296875 102 150.81697082519531 30.202465057373047 -1 120.60922241210938 30.983060836791992 -1 135.31416320800781 30.792179107666016 108 120.60922241210938 30.983060836791992 -1 180.49342346191406 65.720611572265625 -1 170.02073669433594 43.038425445556641 -1 134.22016906738281 216.49720764160156 85 151.24798583984375 189.500732421875 -1 115.76523590087891 129.312744140625 86 172.20393371582031 128.94818115234375 -1 138.78620910644531 102.59446716308594 -1 129.20365905761719 26.30389404296875 98 
130 0.99985416960391016 0.011950528158983514 -0.0118874601781304 -0.0027409292055697327 -4.2496584534897579 -0.92298079084005269 0.19419671210368683 1 000130.png
164.526123046875 190.82012939453125 -1 216.91215515136719 158.51142883300781 -1 216.91215515136719 158.51142883300781 -1 157.33978271484375 66.523834228515625 1 193.51211547851562 89.1036376953125 -1 66.154289245605469 172.01123046875 2 193.51211547851562 89.1036376953125 -1 123.89824676513672 77.204139709472656 3 121.30500030517578 143.38099670410156 183 152.31312561035156 144.95841979980469 4 103.79817962646484 177.82557678222656 5 155.38540649414062 175.71751403808594 6 92.988815307617188 197.22634887695312 7 103.79817962646484 177.82557678222656 8 120.9609375 12.863865852355957 111 138.67205810546875 161.32569885253906 9 176.43907165527344 162.46037292480469 -1 190.0576171875 181.19987487792969 -1 122.37088012695312 114.92735290527344 10 149.606201171875 114.96109771728516 11 147.06253051757812 143.9437255859375 110 106.14685821533203 145.74111938476562 12 184.17829895019531 37.54974365234375 -1 184.17829895019531 37.54974365234375 -1 158.13772583007812 163.39306640625 13 129.85289001464844 214.26664733886719 -1 163.45431518554688 115.07916259765625 -1 233.73191833496094 13.986627578735352 -1 161.6502685546875 90.150794982910156 14 136.14079284667969 129.32536315917969 15 136.52183532714844 102.66531372070312 16 163.45431518554688 115.07916259765625 17 107.15615081787109 127.10174560546875 18 161.6502685546875 90.150794982910156 -1 233.73191833496094 13.986627578735352 -1 242.32234191894531 22.296775817871094 -1 108.59359741210938 113.93203735351562 19 121.34944152832031 125.68710327148438 20 94.789817810058594 160.52745056152344 21 112.49066925048828 160.7823486328125 22 121.24763488769531 131.87394714355469 -1 109.93814086914062 101.98869323730469 23 121.24763488769531 131.87394714355469 -1 112.49066925048828 160.7823486328125 -1 94.789817810058594 160.52745056152344 24 121.34944152832031 125.68710327148438 25 106.66133880615234 21.43531608581543 188 201.71771240234375 193.68157958984375 -1 142.16769409179688 18.730960845947266 88 144.71942138671875 31.717628479003906 26 122.5806884765625 100.48253631591797 27 149.85575866699219 101.65569305419922 28 170.77201843261719 102.77178955078125 29 136.06163024902344 115.22068786621094 30 151.06990051269531 129.01181030273438 31 161.46600341796875 128.98158264160156 32 201.71771240234375 193.68157958984375 -1 161.46600341796875 128.98158264160156 -1 170.77201843261719 102.77178955078125 -1 132.37628173828125 20.850980758666992 33 179.67333984375 150.46786499023438 87 189.00811767578125 186.24307250976562 -1 179.67333984375 150.46786499023438 -1 125.22180938720703 5.3468828201293945 113 135.86911010742188 33.294212341308594 -1 125.10748291015625 39.735404968261719 34 158.14970397949219 102.14683532714844 35 158.14970397949219 102.14683532714844 36 125.22180938720703 5.3468828201293945 116 114.65657043457031 50.107990264892578 37 121.50888061523438 50.153778076171875 38 153.37892150878906 54.181743621826172 89 1.6272106170654297 247.53816223144531 94 240.63301086425781 2.9985852241516113 -1 144.24459838867188 40.570667266845703 39 103.72587585449219 160.38786315917969 40 118.88695526123047 4.027827262878418 121 244.832275390625 144.19886779785156 118 113.63780212402344 128.70877075195312 41 136.46148681640625 106.77153778076172 42 107.99616241455078 7.6450982093811035 184 104.70809173583984 12.75041389465332 185 125.96468353271484 16.638492584228516 -1 249.85733032226562 153.15704345703125 43 124.21468353271484 22.428792953491211 117 124.08987426757812 32.368068695068359 112 240.63301086425781 2.9985852241516113 -1 240.63301086425781 2.9985852241516113 -1 13.393959045410156 245.03684997558594 44 80.579841613769531 188.808837890625 45 103.72587585449219 160.38786315917969 46 103.72587585449219 160.38786315917969 46 116.603271484375 27.821191787719727 171 136.46148681640625 106.77153778076172 47 141.62612915039062 99.492630004882812 48 131.09034729003906 99.20257568359375 172 121.50888061523438 50.153778076171875 173 124.08987426757812 32.368068695068359 114 104.70809173583984 12.75041389465332 -1 80.579841613769531 188.808837890625 49 141.62612915039062 99.492630004882812 50 131.09034729003906 99.20257568359375 51 167.1939697265625 54.454708099365234 115 25.409172058105469 211.85002136230469 52 13.393959045410156 245.03684997558594 53 113.63780212402344 128.70877075195312 54 204.31324768066406 192.16059875488281 182 175.00050354003906 60.264812469482422 56 156.35917663574219 186.6734619140625 -1 204.31324768066406 192.16059875488281 181 189.90829467773438 27.365211486816406 -1 106.11577606201172 134.60569763183594 58 140.99700927734375 8.2312641143798828 59 174.24223327636719 14.045259475708008 -1 114.12904357910156 3.8885977268218994 123 138.54580688476562 3.8270804882049561 92 185.88777160644531 6.1750874519348145 -1 171.818603515625 56.706192016601562 60 148.37916564941406 11.212844848632812 61 131.96823120117188 11.88298225402832 -1 175.48847961425781 38.239536285400391 -1 107.57901000976562 17.93391227722168 187 138.91697692871094 18.644563674926758 90 148.79010009765625 53.434646606445312 62 231.08732604980469 26.720191955566406 -1 182.24673461914062 35.914131164550781 -1 185.57064819335938 73.500785827636719 -1 147.35856628417969 83.702552795410156 174 136.47120666503906 101.47598266601562 63 103.04389190673828 120.62346649169922 64 112.27738189697266 120.96798706054688 65 54.557590484619141 127.62793731689453 186 168.90536499023438 128.92839050292969 91 99.332931518554688 156.09939575195312 119 178.91218566894531 33.072502136230469 -1 168.90536499023438 128.92839050292969 -1 106.11577606201172 134.60569763183594 66 131.96823120117188 11.88298225402832 -1 175.48847961425781 38.239536285400391 -1 171.818603515625 56.706192016601562 67 136.47120666503906 101.47598266601562 -1 103.04389190673828 120.62346649169922 68 112.27738189697266 120.96798706054688 69 168.90536499023438 128.92839050292969 -1 132.01611328125 7.8544316291809082 96 231.29212951660156 39.252220153808594 -1 178.27505493164062 42.549690246582031 -1 181.64547729492188 44.48388671875 -1 182.76055908203125 48.149730682373047 -1 155.39070129394531 52.993320465087891 178 161.52644348144531 52.954399108886719 106 118.51543426513672 33.743206024169922 100 144.31849670410156 35.757583618164062 70 193.64779663085938 25.729001998901367 -1 140.76835632324219 24.089128494262695 95 168.37466430664062 53.447853088378906 71 110.74347686767578 96.712425231933594 -1 237.06671142578125 31.971248626708984 -1 110.74347686767578 96.712425231933594 -1 178.27505493164062 42.549690246582031 -1 168.37466430664062 53.447853088378906 72 98.2833251953125 128.94129943847656 73 158.64785766601562 131.42500305175781 74 98.2833251953125 128.94129943847656 75 158.64785766601562 131.42500305175781 76 231.29212951660156 39.252220153808594 -1 102.17036437988281 132.70079040527344 77 139.81381225585938 14.146407127380371 78 144.55308532714844 7.9843525886535645 156 84.700576782226562 47.447582244873047 79 237.06671142578125 31.971248626708984 -1 148.09738159179688 21.781221389770508 80 139.81381225585938 14.146407127380371 93 134.01634216308594 26.460939407348633 97 129.22471618652344 26.265642166137695 102 114.04940795898438 23.772624969482422 120 232.03297424316406 22.854196548461914 -1 122.58702087402344 17.640815734863281 125 143.18603515625 17.115396499633789 124 134.64041137695312 14.545032501220703 99 144.96812438964844 13.984682083129883 81 99.734611511230469 12.005539894104004 -1 235.69894409179688 1.7230155467987061 -1 110.01869964599609 10.637126922607422 -1 99.734611511230469 12.005539894104004 -1 144.96812438964844 13.984682083129883 82 134.64041137695312 14.545032501220703 109 143.18603515625 17.115396499633789 122 129.22471618652344 26.265642166137695 98 134.01634216308594 26.460939407348633 103 134.01634216308594 26.460939407348633 104 117.08335876464844 6.8534607887268066 -1 110.01869964599609 10.637126922607422 163 135.36460876464844 30.95513916015625 105 138.63505554199219 102.54413604736328 -1 138.63505554199219 102.54413604736328 -1 133.53155517578125 102.85507965087891 -1 133.53155517578125 102.85507965087891 -1 138.63505554199219 102.54413604736328 -1 138.63505554199219 102.54413604736328 -1 115.76813507080078 129.3004150390625 83 150.04930114746094 187.04190063476562 -1 235.69894409179688 1.7230155467987061 -1 120.53193664550781 15.23335075378418 162 166.90386962890625 253.53057861328125 84 150.93780517578125 30.255067825317383 -1 130.47270202636719 216.502197265625 85 113.43175506591797 203.97450256347656 -1 115.36332702636719 188.62809753417969 101 115.76813507080078 129.3004150390625 86 138.63505554199219 102.54413604736328 -1 133.53155517578125 102.85507965087891 -1 138.63505554199219 102.54413604736328 -1 230.41545104980469 42.643936157226562 -1 137.76393127441406 35.932624816894531 107 135.36460876464844 30.95513916015625 108 150.93780517578125 30.255067825317383 -1 190.46792602539062 28.321422576904297 -1 190.46792602539062 28.321422576904297 -1 98.218757629394531 152.66220092773438 180 
132 0.99989709893955014 0.010354713412474811 -0.0096305308309924641 -0.0024133624531655529 -4.6742137615147934 -1.2255612368512583 0.15240349901570868 1 000129.png
164.54315185546875 190.86656188964844 -1 216.92340087890625 158.61724853515625 -1 216.92340087890625 158.61724853515625 -1 66.229057312011719 171.99490356445312 2 157.3634033203125 66.516265869140625 1 193.59930419921875 88.972267150878906 -1 193.59930419921875 88.972267150878906 -1 123.92506408691406 77.334320068359375 3 121.23075103759766 143.36991882324219 183 152.29273986816406 144.90740966796875 4 103.82461547851562 177.81033325195312 5 92.970878601074219 197.20674133300781 7 155.47703552246094 175.69148254394531 6 103.82461547851562 177.81033325195312 8 121.07506561279297 12.836132049560547 111 190.26429748535156 181.09294128417969 -1 122.37526702880859 114.9208984375 10 147.17344665527344 143.92041015625 110 106.38211822509766 145.67413330078125 12 138.70782470703125 161.32786560058594 9 176.46926879882812 162.51020812988281 -1 149.50100708007812 114.89374542236328 11 129.69598388671875 214.37387084960938 -1 136.14530944824219 129.31922912597656 15 163.65689086914062 115.09998321533203 17 158.05572509765625 163.43310546875 13 107.14495849609375 127.11730194091797 18 136.48573303222656 102.64105987548828 16 161.68208312988281 90.095474243164062 -1 163.65689086914062 115.09998321533203 -1 161.68208312988281 90.095474243164062 14 234.13479614257812 13.748909950256348 -1 184.54878234863281 37.349578857421875 -1 234.13479614257812 13.748909950256348 -1 184.54878234863281 37.349578857421875 -1 242.7589111328125 22.150558471679688 -1 108.60935974121094 113.96466827392578 19 121.35053253173828 125.75960540771484 20 94.807502746582031 160.50762939453125 21 112.46151733398438 160.72474670410156 22 109.94778442382812 101.982421875 23 121.35053253173828 125.75960540771484 25 94.807502746582031 160.50762939453125 24 112.46151733398438 160.72474670410156 -1 151.07023620605469 128.92459106445312 31 161.49058532714844 128.9930419921875 32 177.41014099121094 210.87118530273438 -1 161.49058532714844 128.9930419921875 -1 122.61385345458984 100.60366058349609 27 170.78129577636719 102.76643371582031 -1 15.954690933227539 9.3281593322753906 -1 15.954690933227539 9.3281593322753906 -1 142.13716125488281 18.733283996582031 88 106.75162506103516 20.86822509765625 188 144.78407287597656 31.658870697021484 26 149.9017333984375 102.01240539550781 28 170.78129577636719 102.76643371582031 29 135.79216003417969 115.18389129638672 30 240.77363586425781 2.5194778442382812 -1 158.14898681640625 102.16410064697266 36 125.26091766357422 5.3434762954711914 116 179.96173095703125 150.44831848144531 -1 240.77363586425781 2.5194778442382812 -1 158.14898681640625 102.16410064697266 35 179.96173095703125 150.44831848144531 87 189.70266723632812 186.26329040527344 -1 125.15208435058594 39.761508941650391 34 125.26091766357422 5.3434762954711914 113 132.3492431640625 20.839054107666016 33 240.77363586425781 2.5194778442382812 -1 108.00991821289062 7.4908642768859863 184 132.58587646484375 12.396639823913574 -1 125.99370574951172 16.707159042358398 -1 28.851799011230469 202.94578552246094 -1 80.558525085449219 188.78178405761719 49 103.71982574462891 160.17619323730469 40 250.0887451171875 153.51521301269531 43 203.51800537109375 192.64761352539062 181 136.46067810058594 106.76651763916016 42 203.51800537109375 192.64761352539062 182 80.558525085449219 188.78178405761719 45 103.71982574462891 160.17619323730469 46 103.71982574462891 160.17619323730469 46 136.46067810058594 106.76651763916016 47 141.65850830078125 99.495246887207031 48 131.082275390625 99.173332214355469 172 104.55828857421875 13.06768798828125 185 124.32681274414062 32.510261535644531 114 104.55828857421875 13.06768798828125 -1 132.58587646484375 12.396639823913574 -1 118.99383544921875 3.8188416957855225 121 141.65850830078125 99.495246887207031 50 131.082275390625 99.173332214355469 51 121.33317565917969 50.095222473144531 38 124.32681274414062 32.510261535644531 112 230.53311157226562 26.486547470092773 -1 124.35829925537109 22.390085220336914 117 121.33317565917969 50.095222473144531 173 144.18186950683594 40.812152862548828 39 138.97712707519531 18.72599983215332 90 103.0357666015625 120.61507415771484 68 112.34683990478516 120.88958740234375 69 114.43666839599609 128.98121643066406 41 168.92024230957031 128.8441162109375 -1 179.23068237304688 32.763160705566406 -1 174.2891845703125 12.651162147521973 -1 168.92024230957031 128.8441162109375 -1 178.752197265625 42.264961242675781 -1 106.11196899414062 134.60215759277344 58 114.40119171142578 3.550804615020752 123 138.85523986816406 3.7500550746917725 92 141.02607727050781 8.2215404510498047 59 139.73562622070312 14.055388450622559 78 107.48163604736328 18.166318893432617 187 116.66548919677734 27.798307418823242 171 190.33375549316406 27.503156661987305 -1 139.0645751953125 28.777872085571289 -1 175.76596069335938 38.308689117431641 -1 148.682373046875 53.3997802734375 62 171.97845458984375 56.506435394287109 60 175.78361511230469 59.459461212158203 56 136.47308349609375 101.49691772460938 63 103.0357666015625 120.61507415771484 64 112.34683990478516 120.88958740234375 65 172.86273193359375 126.77475738525391 -1 114.43666839599609 128.98121643066406 54 168.92024230957031 128.8441162109375 91 48.441082000732422 145.06791687011719 -1 99.300971984863281 156.053955078125 119 41.111335754394531 165.10653686523438 -1 23.565641403198242 212.13613891601562 52 2.5321652889251709 248.15263366699219 94 100.89780426025391 252.34811401367188 -1 112.33909606933594 252.48477172851562 -1 178.752197265625 42.264961242675781 -1 106.11196899414062 134.60215759277344 66 139.73562622070312 14.055388450622559 93 190.33375549316406 27.503156661987305 -1 175.76596069335938 38.308689117431641 -1 171.97845458984375 56.506435394287109 67 136.47308349609375 101.49691772460938 -1 115.33482360839844 129.19155883789062 86 140.82615661621094 24.053327560424805 95 181.89039611816406 44.460563659667969 -1 84.8505859375 47.498752593994141 79 143.40567016601562 17.170059204101562 124 182.93881225585938 48.088447570800781 -1 168.32890319824219 53.526599884033203 71 98.311073303222656 128.92909240722656 75 102.11720275878906 132.62167358398438 77 148.42086791992188 22.093439102172852 80 184.07879638671875 10.126265525817871 -1 144.51167297363281 8.0557222366333008 156 131.9874267578125 7.7687406539916992 96 186.17672729492188 6.3441381454467773 -1 186.17672729492188 6.3441381454467773 -1 7.3653717041015625 252.84011840820312 -1 184.07879638671875 10.126265525817871 -1 193.66227722167969 25.117155075073242 -1 231.71275329589844 38.973918914794922 -1 161.66984558105469 52.685340881347656 106 104.55651092529297 15.321368217468262 -1 168.32890319824219 53.526599884033203 72 98.311073303222656 128.92909240722656 73 115.33482360839844 129.19155883789062 83 158.61666870117188 131.44070434570312 74 158.61666870117188 131.44070434570312 76 79.543930053710938 187.95443725585938 -1 118.51153564453125 33.785858154296875 100 193.66227722167969 25.117155075073242 -1 79.543930053710938 187.95443725585938 -1 3.2632219791412354 248.47451782226562 94 189.67903137207031 31.594301223754883 -1 231.71275329589844 38.973918914794922 -1 116.99352264404297 6.886803150177002 -1 110.19688415527344 10.946635246276855 163 144.87954711914062 13.851634979248047 81 129.35472106933594 26.280673980712891 102 163.16441345214844 253.36593627929688 84 195.73200988769531 188.5362548828125 -1 138.6612548828125 102.57771301269531 -1 143.5501708984375 82.493820190429688 -1 189.92007446289062 48.964012145996094 -1 230.55209350585938 42.620838165283203 -1 152.73536682128906 42.443958282470703 -1 123.54514312744141 41.900802612304688 -1 144.59947204589844 35.785568237304688 70 137.93150329589844 35.982196807861328 107 124.82443237304688 34.014736175537109 -1 237.61491394042969 31.717212677001953 -1 129.95889282226562 31.286365509033203 -1 135.21601867675781 30.999258041381836 108 134.11141967773438 26.500005722045898 97 232.20782470703125 25.556903839111328 -1 114.06102752685547 23.595790863037109 120 139.32157897949219 20.300748825073242 -1 103.39358520507812 19.605371475219727 -1 103.39358520507812 19.605371475219727 -1 139.32157897949219 20.300748825073242 -1 129.35472106933594 26.280673980712891 98 244.43379211425781 18.902473449707031 -1 129.95889282226562 31.286365509033203 -1 237.61491394042969 31.717212677001953 -1 142.41485595703125 2.290412425994873 -1 124.82443237304688 34.014736175537109 -1 138.6612548828125 102.57771301269531 -1 138.6612548828125 102.57771301269531 -1 120.53018188476562 15.253193855285645 162 134.66749572753906 14.468098640441895 99 110.19688415527344 10.946635246276855 -1 144.87954711914062 13.851634979248047 82 134.66749572753906 14.468098640441895 109 134.11141967773438 26.500005722045898 103 
