# 3D point list with one line of data per point:
#   POINT3D_ID, X, Y, Z, R, G, B, ERROR, TRACK[] as (IMAGE_ID, POINT2D_IDX)
# Number of points: 168, mean track length: 8.0059523809523814
1 7.041585365894572 2.0408950680828211 94.105078079654461 43 42 29 0.36341275187260436 105 3 130 3 132 4 128 4 106 2 103 1 100 3 101 2 98 4 102 0
2 5.2794189037431511 4.0499909508523002 94.117173674849596 120 126 126 0.42453738066468855 105 5 130 5 132 3 128 6
3 6.4076008084689091 2.2320675881216916 94.159443053911033 155 152 147 0.57097284969207918 105 1 130 7 132 7 128 8 106 5 103 5 100 6 101 4 98 8 102 5
4 6.9171924628540449 3.5069504879617583 93.177589319576427 85 111 153 0.96746061148254925 105 10 130 9 132 9 128 10 106 8 103 8 100 11 101 8 98 12 102 10
5 6.0071341451527029 4.1377279932720574 93.798997321112736 71 130 200 0.3140111276946585 105 15 130 10 132 10 128 11 106 9
6 6.9623582435960927 4.0999299375953999 93.235086071008567 68 103 154 0.91863001323974081 105 11 130 11 132 12 128 12 106 11 103 10 100 14 101 10 98 16 102 13
7 5.7946432658709481 4.5117734191283647 93.379869992357058 5 49 79 1.4014237041044939 105 12 130 12 132 11 128 13 106 12 103 4 100 7 101 6 102 7
8 6.0071341451527029 4.1377279932720574 93.798997321112736 71 130 200 0.3140111276946585 105 14 130 13 132 13 128 14 106 13
9 6.6690938782247171 3.8208705161063397 93.75526297673683 2 33 60 0.10992023886329072 105 22 130 15 132 19 128 17 106 21 103 17 100 28 101 15 98 29 102 21
10 6.3682257812152949 2.953092456656123 93.824821953046111 89 137 206 0.1208706323951713 105 19 130 18 132 16 128 20 106 20 103 16 100 16 101 13 98 27 102 16
11 6.8797870041529343 2.9564891092879262 93.941446179210615 86 128 186 0.15484778058569643 105 16 130 19 132 21 128 21 106 23 103 14 100 24 101 22 98 22 102 18
12 6.067139189508433 3.5407502835994 94.142407906760653 66 122 195 0.49164346266995107 105 20 130 21 132 18 128 18 106 17 103 11 100 27 101 14 102 17
13 7.0435133970036343 3.8554942898487612 94.045416614950881 90 111 153 0.64034251503076633 105 28 130 24 132 25 128 26 106 31 103 23 100 29 101 23 98 34 102 28
14 7.1151059498642271 2.4866133402817052 93.965309325770775 91 135 209 0.085992422082170172 105 32 130 28 132 30 128 32 106 26 103 27 100 32 101 24 98 32 102 29
15 6.6249794812792624 3.2224523799461995 93.806606857559274 4 35 66 0.15720225259970602 105 27 130 29 132 23 128 28 106 28 103 22 100 30 101 30 98 23 102 26
16 6.6361889713773925 2.7261612349840179 93.937773067769086 85 128 184 0.072952944595508537 105 30 130 30 132 27 128 33 106 29 103 20 100 36 101 25 98 35 102 30
17 7.1359777535525017 2.9542162800055918 93.540185553445056 73 122 189 0.17540374058799721 105 29 130 31 132 24 128 23 106 25 103 28 100 35 101 26 98 31 102 27
18 6.0833747371517592 3.1815591290420717 93.933880670063019 0 28 61 0.063215189480887168 105 31 130 32 132 26 128 24 106 27 103 21 100 34 101 29 98 30 102 31
19 6.1129247669340447 2.9332244272571741 93.924051897825393 71 136 220 0.10106601452085724 105 34 130 36 132 36 128 40 106 34 103 35 100 38 101 36 98 43 102 36
20 6.3507152863112841 3.1522461535671047 93.93485274777035 84 127 190 0.23177203392680129 105 35 130 37 132 37 128 39 106 35 103 30 100 39 101 33 98 47 102 37
21 5.8425806189180935 3.8104444258547039 93.901128769080373 1 30 56 0.073414280042240682 105 36 130 38 132 38 128 37 106 41 103 33 100 42 101 37
22 6.1778053494533065 3.8131170761401889 93.87999074469279 1 28 55 0.078750252310648416 105 37 130 39 132 39 128 38 106 37 103 36 100 41 103 29 105 41 106 39 101 35 98 46 102 39
23 6.137633289297364 2.7075275340009557 93.876339893522797 0 34 68 0.088496566318973929 105 38 130 41 132 40 128 41 106 33 103 38 100 37 101 31 98 41 102 41
24 5.8428282863016721 3.8102822909242198 93.903697670354532 1 30 56 0.087288156676479864 105 40 130 44 132 42 128 44 106 36 103 34 100 40 101 34 98 45 102 38
25 6.3507124095273468 3.1520654125868712 93.934558296420292 84 127 190 0.24946451523252555 105 39 130 45 132 41 128 45 106 40 103 31 100 44 101 39 98 48 102 42 102 44 98 51
26 6.8165977597424341 1.3098007032232253 94.102715065011509 154 148 144 0.11218935992450504 105 58 130 49 132 54 128 48 106 43 103 55 100 52 101 49 98 79 102 63
27 6.3755123827374476 2.6849387532159397 93.977024688047422 93 144 217 0.15872032389236448 105 45 130 50 132 48 128 50 106 49 103 50 100 53 101 50 98 65 102 55
28 6.8840180235964405 2.7383695328540107 94.018131760245524 90 138 204 1.7699416212223327 105 46 130 51 132 55 128 51 103 51 100 43 103 37 105 33 101 32 98 42 98 66 102 56
29 7.2865965040177683 2.724452198214002 93.938580775918879 2 24 51 0.10709865995576431 105 47 130 52 132 56 128 52 106 50 103 52 100 55 101 45 98 67 102 57
30 6.6241156181830512 2.9612028357996958 93.912017335886034 89 131 191 0.11840038603771257 105 42 130 53 132 57 128 53 106 51 103 53 100 56 101 44 98 52 102 58
31 6.9052223151309935 3.2241871110178675 93.926663897173654 84 119 167 0.23137096532414528 105 48 130 54 132 44 128 54 106 52 103 54 100 61 101 51 98 62 102 49
32 7.1027790732716163 3.2197919277065665 93.902396474182552 5 26 53 0.072661638790215949 105 49 130 55 132 45 128 55 106 58 103 47 100 60 101 41 98 58 102 48
33 6.573744343725795 1.0641902157544507 94.053844452138989 171 171 168 0.4827271393138301 105 92 130 59 132 68 128 69 106 63 103 57 100 67 101 60 98 78 102 67
34 6.4313952014381686 1.4890732901011936 94.155210865501303 241 233 239 0.4203041776484428 105 95 130 65 132 66 128 67 106 64 103 58 98 75 102 68
35 7.0452079251631492 2.7148316251355933 93.940651528624343 0 23 46 0.070416382727491345 105 57 130 66 132 63 128 72 106 65 103 59 100 63 101 56 98 74 102 69
36 7.0452079251631492 2.7148316251355933 93.940651528624343 0 23 46 0.070416382727491345 105 59 130 67 132 59 128 76 106 59 103 60 100 69 101 57 98 69 102 61
37 6.2271413160800142 1.6992156244185095 94.099132174359738 133 138 138 0.1106825881553011 105 78 130 69 106 66 103 83 101 75
38 6.3571818526284876 1.6982207604541182 94.087581268606215 155 152 152 0.11828481859781367 105 66 130 70 132 93 128 78 106 79 103 69 100 96 101 76 98 86 102 92
39 6.8019102889079139 1.503342813901634 94.073386704335249 188 181 177 0.13786247420394088 105 86 130 74 132 98 128 112 106 89 103 96 101 87 98 106 102 99
40 6.0133013135645417 3.8036603159304616 93.926747908115189 68 121 182 0.15026682951885295 105 70 130 75 132 75 128 85 106 71 103 70 100 94 101 79 98 96 102 94
41 6.2090256033626821 3.2125729610347489 93.908702169673973 9 42 78 0.33508536440200121 105 122 130 78 132 102 128 84 106 86 103 94 100 97 101 123
42 6.6349308006432386 2.8016878038627211 93.933731161435588 8 38 67 0.06938854652116902 105 75 130 79 132 78 128 83 106 75 103 77 100 77 101 70 98 102 102 78
43 8.9513723434900072 3.7156608078317124 93.612680279960671 138 128 119 0.39122243308639154 105 77 130 83 132 76 128 74 106 77 103 91 101 83 98 94
44 3.7929556107762608 5.9023526394086847 93.741360670076361 107 112 114 0.21372188753069804 105 85 130 88 103 74 100 73
45 5.5547644320079499 4.365571825480461 94.071220848045087 4 49 83 0.60020995943073829 105 72 130 89 132 80 128 96 103 116 100 85 100 137 105 116 101 66 101 117 102 76 102 163
46 6.0131081725526325 3.8042091097928026 93.9254154946223 68 121 182 0.15396796102760274 105 73 130 90 132 81 128 97 106 73 103 75 100 75 101 68 98 104 130 91 128 98 132 82 102 77
47 6.6349308006432386 2.8016878038627211 93.933731161435588 8 38 67 0.06938854652116902 105 79 130 93 132 83 128 101 106 80 103 82 100 93 101 82 98 92 102 89
48 6.7337757814634296 2.6648591142934519 93.94417928272631 10 37 70 0.0566897637153288 105 76 130 94 132 84 128 102 106 76 103 78 100 78 101 71 98 97 102 95
49 5.5547644320079499 4.365571825480461 94.071220848045087 4 49 83 0.60020995943073829 105 83 130 99 132 74 128 86 103 111 100 95 100 143 105 113 101 85 101 90 102 75 102 136
50 6.7337757814634296 2.6648591142934519 93.94417928272631 10 37 70 0.0566897637153288 105 80 130 100 132 91 128 82 106 81 103 84 100 92 101 81 98 91 102 90
51 6.5355186808511929 2.6587207362022767 93.945389488864308 8 39 72 0.054711090835816968 105 81 130 101 132 92 128 81 106 82 103 93 100 91 101 80 98 90 102 91
52 4.3027935975465486 4.9407923549870008 93.870639324994514 106 117 114 0.81329788239372847 105 108 130 103 132 130 106 69 100 119
53 3.7929556107762608 5.9023526394086847 93.741360670076361 107 112 114 0.21372188753069804 105 69 130 104 103 72 100 70
54 6.2090256033626821 3.2125729610347489 93.908702169673973 9 42 78 0.33508536440200121 105 102 130 105 132 125 128 104 106 87 103 95 100 98 101 105
56 7.3929837987585669 1.8862701836457934 93.896017614579321 52 50 40 0.40806917458558256 105 82 130 107 132 120 128 113 106 83 103 85 100 89 101 98 98 88 102 100
58 6.0637505480609146 3.3196218967708173 93.965365045437267 0 15 38 0.10293232123468535 105 104 130 111 132 108 128 147 106 112 103 122 100 132 101 125 98 121 102 132
59 6.7544092297852059 0.76677639695758837 94.113489524914456 176 173 175 0.12871062537330172 105 117 130 112 132 111 128 115 106 109 103 131 100 104 101 116 98 111 102 121
60 7.3342401203989178 1.8156872138846225 93.976379924296097 139 134 134 0.20292602403831581 105 98 130 117 132 119 128 125 106 94 103 86 100 99 101 88 98 132 102 120
61 6.9050909935342943 0.83324970585179925 94.112364123931073 213 209 213 0.063782820870345938 105 90 130 118 128 134 100 105 98 127
62 6.8834628065674535 1.765800698140672 94.038279238991151 87 80 77 0.11757214253176651 105 97 130 123 132 118 128 141 106 93 103 115 100 109 101 97 98 131 102 119
63 6.6362780106202486 2.7033423660838607 93.981762431649713 91 137 200 0.051136791352348776 105 99 130 128 132 121 128 143 106 96 103 97 100 111 101 115 98 134 102 117
64 6.0072748275739585 3.0596979507663868 93.945714681473177 3 45 84 0.077770373488732752 105 101 130 129 132 122 128 145 106 98 103 99 100 125 101 103 98 136 102 123
65 6.1817662246307021 3.0628828066384521 93.935037872772469 2 39 81 0.15087762510692848 105 115 130 130 132 123 128 146 106 116 103 119 100 151 101 122 98 119 102 122
66 6.0637505480609146 3.3196218967708173 93.965365045437267 0 15 38 0.10293232123468535 105 111 130 136 132 135 128 129 106 110 103 103 100 115 101 107 98 140 102 127
67 7.3342401203989178 1.8156872138846225 93.976379924296097 139 134 134 0.20292602403831581 105 120 130 139 132 139 128 142 106 114 103 79 100 100 101 89 98 115 102 125
68 6.0072748275739585 3.0596979507663868 93.945714681473177 3 45 84 0.077770373488732752 105 121 130 141 132 100 128 127 106 115 103 118 100 130 101 121 98 118 102 109
69 6.1817662246307021 3.0628828066384521 93.935037872772469 2 39 81 0.15087762510692848 105 112 130 142 132 101 128 128 106 99 103 100 100 158 101 104 98 137 102 113
70 6.8106377731503942 1.3964522383349982 94.108217936588218 152 148 144 0.14596596458635003 105 131 130 152 132 186 128 166 106 145 103 145 100 191 101 165 98 144 102 139
71 7.2671541758652154 1.7567311322852381 94.012295381208801 82 77 67 0.16664301879191804 105 129 130 155 132 147 128 163 106 125 103 125 100 156 101 145 102 143
72 7.2671541758652154 1.7567311322852381 94.012295381208801 82 77 67 0.16664301879191804 105 134 130 160 132 162 128 175 106 129 103 137 100 149 101 135 102 160
73 5.9157226072705091 3.2148477686251011 93.977118440804318 10 49 88 0.11944302834908975 105 137 130 161 132 163 128 176 106 130 103 140 100 152 101 138 98 165 102 156
74 7.049429096275861 3.2656472546306645 93.928746660887541 2 16 42 0.1119642464737034 105 139 130 162 132 165 106 132 103 164 101 139 98 167 102 162
75 5.9157226072705091 3.2148477686251011 93.977118440804318 10 49 88 0.11944302834908975 105 130 130 163 132 148 128 160 106 135 103 128 100 159 101 129 98 147 102 150
76 7.049429096275861 3.2656472546306645 93.928746660887541 2 16 42 0.1119642464737034 105 136 130 164 132 166 106 137 103 153 101 142 98 142 102 135
77 5.9889133464910289 3.2835345085579211 93.948887328666402 70 125 193 0.12057574250965149 105 140 130 166 132 149 128 158 106 118 103 132 100 135 101 143 98 141 102 152
78 6.727721952486986 0.90740872369655345 94.126366857712327 196 193 196 0.137295198000638 105 114 130 167 132 112 128 155 106 90 103 109 100 106 101 93 98 128 102 114
79 5.639488994607019 1.625058289181226 94.132010881731958 125 128 128 0.22935865047769247 105 127 130 169 132 144 128 150 106 164 103 146 100 189 101 164 98 156 102 142
80 6.8923406729736918 1.0894276179142839 94.079542292202007 173 171 169 0.12548159132710721 105 128 130 171 132 150 128 170 106 119 103 175 100 134 101 140 98 158 102 154
81 6.8313780498644183 0.90188305148072423 94.089634398311745 193 188 191 0.11205220914142905 105 163 130 180 132 176 128 186 106 142 103 135 100 165 101 149 102 158
82 6.8313780498644183 0.90188305148072423 94.089634398311745 193 188 191 0.11205220914142905 105 167 130 185 132 210 128 191 106 149 103 142 100 173 101 153 102 144
83 6.2437128969064064 3.2230752086017325 94.010209202179553 1 45 85 0.14924716617777395 105 138 130 200 132 164 128 200 106 131 103 141 100 153 101 131 98 166 102 176
84 7.2250405046613571 5.7922471976323573 93.595883202755843 122 125 118 1.6448888194736653 105 147 130 204 132 178 102 190
85 6.5544725643591519 4.9413615836771694 94.264359449824809 109 113 114 0.62496618692002592 105 150 130 206 128 208 106 148 105 152 103 172 98 196
86 6.2437128969064064 3.2230752086017325 94.010209202179553 1 45 85 0.14924716617777395 105 132 130 209 132 141 128 210 106 136 103 129 100 160 101 134 98 143 102 181
87 7.4534556876479554 3.6342559725857568 94.108954918658455 85 128 197 0.31471918758810769 130 60 106 46 128 73 132 64 103 65 100 64 101 62 98 71 102 71
88 6.7711673755907995 1.0166626570321831 94.061326885379572 212 202 195 0.070232435942712279 130 48 106 48 128 63 132 52 103 49 100 51 101 48 98 64 102 53
89 6.9711982935330488 1.7787243966579749 94.003180808374495 87 82 67 0.16305213237287403 130 71 106 67 128 79 100 86 101 77
90 6.7086144065701712 1.0178155867355991 94.112185875447778 218 207 200 0.1176211844134387 130 122 106 88 128 135 132 99 100 107 101 94
91 7.2435150972701514 3.2190871988316503 93.887256382770346 60 120 183 0.13805878797503524 130 132 106 108 128 159 132 126
92 6.7109290796575918 0.65564302997961166 94.112376347791226 204 201 195 0.12258478743251937 130 115 106 111 128 131 132 110 103 112 100 103 101 91 98 124 102 111
93 6.7279303297431063 0.90753908284557416 94.141792903045811 182 176 171 0.12100952453835846 130 172 106 113 132 136 103 117 100 127 101 118 98 113 102 104
94 3.3112356684159341 6.1968115097822016 93.880701599284677 100 104 95 0.69534967949407378 130 72 106 121 128 156 132 131 132 171 103 73 100 71 100 136 101 159 98 100 102 137 98 110 100 122
95 6.74160239681013 1.1394980220359243 94.100542175809309 167 162 156 0.10275563561880854 130 154 106 122 128 171 132 142 103 144 100 145 101 128 98 155 102 138
96 6.5730296267738355 0.75908492205200928 94.224090282256341 184 177 172 0.12969733878288817 130 144 106 126 128 152 132 153 103 134 100 139 101 127 98 169 102 146
97 6.607932371138828 1.1938170066365454 94.103202915420894 189 185 176 0.085475998356597568 130 173 106 138 132 192 103 171 100 194 98 189
98 6.5126155659894538 1.1902880907083788 94.104861265460016 202 198 191 0.089361165532644476 130 188 106 139 128 213 132 199 103 161 100 184 101 157 98 188 102 151
99 6.6239794941123318 0.91800918208217341 94.150022955513421 234 228 222 0.077117869656699645 130 179 106 141 128 187 132 208 103 149 100 164 101 167 98 181 102 194
100 6.302501039790088 1.3558599944435537 94.135011079950488 201 174 171 0.22935142755675578 130 151 106 147 128 180 132 168 103 130 100 154 101 169 98 195 102 179
101 6.2262693141369958 4.3511289646081979 93.882768263574221 5 44 80 0.074836803607386759 130 208 106 150
102 6.5126155659894538 1.1902880907083788 94.104861265460016 202 198 191 0.089361165532644476 130 174 106 151 128 201 132 177 103 174 100 183 101 168 98 192 102 155
103 6.607932371138828 1.1938170066365454 94.103202915420894 189 185 176 0.085475998356597568 130 189 106 152 132 212 103 162 100 179 98 193
104 6.6076452097191423 1.1935460422438573 94.099634792642519 189 185 176 0.088866447764652093 130 190 106 153 103 163 100 181 98 199
105 6.6329532201774626 1.2937925410168807 94.116570239346657 152 149 143 0.048588008354549406 130 193 106 154 100 182
106 7.1366394899083936 1.7486802823960177 94.074734456851019 79 75 64 0.1868345723392198 130 150 106 162 128 149 132 160 103 124 101 163 98 149 102 170
107 6.6785065434923467 1.4024123258544088 94.074157710443032 145 141 136 0.073053220075499053 130 214 106 167 128 179 132 187 103 169 100 192 101 166 98 182 102 175
108 6.6308227002365951 1.2927295911337793 94.094028959277523 152 149 143 0.10842208871455905 105 160 130 215 106 170 128 204 132 191 103 170 100 193 101 171 98 194 102 180
109 6.6239794941123318 0.91800918208217341 94.150022955513421 234 228 222 0.077117869656699645 130 186 106 171 128 192 132 211 103 158 100 174 101 173 98 186 102 195
110 6.8284210147064659 3.5000205503415107 93.847760351549908 76 122 183 0.13230613802644761 130 20 103 13 128 19 132 17 100 26 101 12
111 6.3364772918138135 0.85713099343732146 93.387736141820085 252 253 249 1.1093037477533116 106 32 130 14 103 24 128 15 132 14 100 22 101 21 98 24 102 15
112 6.4132080347500597 1.3252026059333553 94.102774272614155 170 168 162 0.10785976939954664 130 85 103 68 128 77 132 94 100 84 101 84 98 85 102 87
113 6.4369395908274241 0.68744111925065055 94.183785139577267 254 248 246 0.24073774450688695 130 63 103 76 128 66 132 67 100 81 101 74 98 99 102 79
114 6.4137205569590954 1.3250310429949574 94.136162347365612 170 168 162 0.098079619344915242 130 97 103 80 128 105 132 87
115 7.2447818758157059 1.778494509296245 94.027851926288307 77 71 57 0.073970981258089527 130 102 103 87 100 87 101 78 98 87 102 93
116 6.4369395908274241 0.68744111925065055 94.183785139577267 254 248 246 0.24073774450688695 130 68 103 88 128 75 132 60 100 72 101 86 98 95 102 82
117 6.4163475781762829 1.0995223281910276 94.105309826387199 172 168 160 0.091077997608492875 130 84 103 90 128 100 132 96 100 82 101 67 98 84 102 86
118 8.8333202067511678 3.5361510586420595 93.77581213701643 128 120 107 0.20512232730322388 130 77 103 92 102 88
119 5.9298361262438375 3.7280858894741704 93.964606765962202 3 38 74 0.14841542752692477 130 133 103 105 128 116 132 128 101 110 98 108 102 101
120 6.204454436334002 1.1228006572669538 93.816285040602267 210 185 178 0.85192412202076495 130 175 103 113 128 189 132 194 100 196 101 172 98 173 102 183
121 6.2981635032380394 0.67068960858231019 94.013773560008161 165 160 159 0.60024679683783022 130 76 103 151 132 90 100 80 98 80 102 83
122 6.795434574735407 0.98065242233456051 94.154084204569827 221 214 207 0.10080594498049197 130 187 103 159 128 193 100 198 98 187
123 6.2025768342788679 0.65561353743190898 93.981026655527657 229 151 136 0.84802650796883061 130 114 103 173 128 132 132 109 100 102 101 92 98 177 102 110
124 6.7960652630828298 0.98060493982823171 94.141226636647914 221 214 207 0.12179479862854188 130 178 103 178 128 181 132 145 100 161 101 170 98 191 102 185
125 6.3776816042275524 0.98652860148317978 93.923038182779806 246 236 233 0.20310804288395332 130 177 103 179
128 5.3247234331709583 4.0742459800651751 94.461732968523592 110 116 112 0.61847507962331127 105 4 106 1 100 4 101 3 98 5 102 2
130 7.500809588809064 4.5407052523454681 92.494086873443891 3 40 70 0.35449111912644199 103 7 105 8 106 7 100 8 101 7 98 10 102 8
131 7.5866153782585855 2.3580696778118035 94.009289133382026 130 123 116 0.12476154498660899 103 6 105 9 106 6 100 9 101 5 98 9 102 6
132 6.8504831206813241 4.0515752043390121 92.125512116090079 99 148 221 0.36271826066573037 103 9 105 13 106 14 100 12 101 9 98 13 102 11
133 7.3461196213523499 3.8305647038138528 93.529534070937856 0 31 61 0.12694661088898612 103 18 105 23 106 18 100 15 101 16 98 17 102 22
135 6.499919277147006 3.5324170305855218 94.213620718176472 58 120 193 0.27462885779311813 103 15 106 24 100 25 101 11 98 19 102 23
136 6.3446117888593516 3.1468232502740303 93.862859182136376 68 119 184 0.2020872189025871 103 32 106 38 100 45 101 38 98 44 102 43
137 7.2780951004517682 2.7203299586934357 93.852814335980824 2 35 70 0.057929938640684291 103 44 105 53 106 56 100 46 101 47 98 61 102 45
138 6.9007669833254051 3.2240671885687555 93.884919231386704 67 124 191 0.22017115474952437 103 45 105 52 106 57 100 49 101 42 98 53 102 59
139 7.0980967620398383 3.2172456717122189 93.854441543794366 4 36 66 0.066219468307457133 103 41 105 55 106 53 100 50 101 52 98 54 102 60
141 7.3868782203208641 3.2296283762927427 93.802675370766423 1 32 63 0.06565027685882989 103 42 105 50 106 54 100 57 101 53 98 55 102 51
143 7.3868782203208641 3.2296283762927427 93.802675370766423 1 32 63 0.06565027685882989 103 48 105 56 106 42 100 59 101 54 98 63 102 47
144 7.1983770378260976 3.7341919957647516 93.808093432149107 7 38 72 0.078326348214056846 103 56 105 60 106 61 100 62 101 59 98 77 102 66
145 7.4230304030563774 3.0684402253793128 93.987718534730021 44 126 219 0.16900282414496687 103 64 105 63 106 78 100 65 101 61 98 70 102 70
146 7.4259371431389631 3.0692042278188167 94.013128862992843 44 126 219 0.20346000648034163 103 63 105 61 106 74 100 66 98 73
147 7.1983770378260976 3.7341919957647516 93.808093432149107 7 38 72 0.078326348214056846 103 66 105 62 106 60 100 68 101 63 98 68 102 74
149 7.1425750805395634 2.6364096245948931 93.71345124048834 58 130 216 0.1363861317943304 103 61 105 64 106 62 100 90 101 58 98 89 102 73
150 6.7039488320336256 1.2440922617795696 94.088979102768661 176 173 166 0.047837270947452555 103 114 105 93 106 91 100 108 101 95 98 130 102 116
151 7.2396610039426825 3.2152346219730781 93.840508617155606 60 121 193 0.096388149603438111 103 102 105 103 106 100 100 113 101 106 98 139 102 126
152 7.224954723799101 3.640095251339845 93.834603705711743 88 128 196 0.086425054702812018 106 102 100 116 101 109 98 168 102 129
155 7.2396610039426825 3.2152346219730781 93.840508617155606 60 121 193 0.096388149603438111 103 121 105 123 106 117 100 131 101 124 98 120 102 103
156 6.8259149496469922 0.76010291149794917 94.077028984608035 153 152 146 0.12293459257548521 103 150 130 168 100 138 128 178 132 152 101 132 102 145
161 6.5533352891956547 0.93142758568588879 94.06884546128056 191 185 181 0.076643405098044584 103 147 106 140 100 162 101 148 98 174 102 191
162 6.3395576629536574 0.93468182131996991 94.110153816643532 190 182 179 0.069186676668116551 103 148 130 203 100 163 128 188 132 207 98 183 102 193
163 6.1524565633315804 0.82952983164140259 94.657105451578062 203 175 172 1.6936934867389755 105 165 130 192 100 166 132 175 98 178
164 6.7821012554431412 0.60793040465616233 94.102582318544151 170 166 162 0.90293023147627394 105 146 106 143 100 168 101 174 100 169 98 175 98 176 102 140
167 6.721582976251411 1.7509306194973915 94.063746793140865 87 84 73 0.050691381800252518 106 163 100 187 98 170
170 3.4090757590325977 6.2748428727175778 93.414754836599684 82 88 87 0.29650556672565337 103 152 105 149 106 146 100 200 101 158 98 204
171 6.261937237538536 1.2258670080141036 94.066705728349007 193 189 183 0.28332660990456976 100 83 103 67 130 92 101 69 128 108 132 114 98 129
172 6.5353091308583497 2.6585339633554668 93.938072186626115 11 43 76 0.046539605779444569 100 79 130 95 101 72 128 103 132 85 98 98 102 80
173 6.3569026172625103 1.6972962815533923 94.053912878694902 140 141 134 0.093493080086335029 130 96 101 73 128 109 132 97
174 6.846248674882573 2.3618977662821656 93.958222100802217 104 105 101 0.17645320608406811 100 110 130 127 101 99
178 7.0121436202718899 1.7498194259105073 93.938741567309606 84 79 70 0.22338931496800585 130 149 101 144 98 157 102 172
180 5.9127073791394782 3.6648844124059079 94.047709187743223 39 114 179 0.037418447845452313 130 219 101 177 98 197
181 7.965771937535167 4.4928640402458964 94.058939111724811 5 39 69 1.3074808465540038 105 51 106 55 100 58 101 40 105 71 130 109 132 77 128 87 128 122 106 85 103 110 100 133 98 56 98 103 102 54 102 65 102 98
182 7.965771937535167 4.4928640402458964 94.058939111724811 5 39 69 1.3074808465540038 105 44 106 45 100 54 101 55 105 67 130 106 132 79 128 95 128 117 106 68 103 106 100 117 98 57 98 105 102 46 102 64 102 96
183 6.3335219271116046 3.4680197864232478 93.120047493308007 61 135 218 0.26095901182648057 100 10 130 8 98 14 128 9 132 8 102 9
184 6.0826235308219356 0.73960293977832814 94.131324132746059 134 137 132 0.17822203687620722 130 80 98 82 128 89 132 70 102 85
185 6.0153371916645604 0.86829414866504129 94.002311655073683 161 161 159 0.38852875219075073 130 81 98 83 128 91 132 86 102 102
186 5.0635489925733426 3.1855823328399926 93.975777303238516 105 111 103 0.0039522189709647109 130 131 98 123
187 6.0766379724829251 1.0010456557592731 94.114103314695512 122 126 119 0.35137522756180634 100 170 130 121 98 163 128 121 132 113 102 115
188 6.0612876728632088 1.0671238494333422 94.034115622664899 133 132 127 0.36949310757120601 130 46 102 40 128 64 132 53
191 7.2604266585830404 2.8207009867555226 93.853011390466776 52 126 213 0.20698481952185938 98 153 106 133 102 165 103 126 105 142
192 7.675339119718581 3.4466079329969754 93.787032523626365 90 141 225 0.15216762650687882 98 198 106 159 102 186 103 155
193 6.6611588870559624 5.5217388200197366 93.808642498346543 251 247 227 0.094960904815276428 98 150 106 120 102 189 103 133
