# Frame list with one line of data per frame:
#   FRAME_ID, RIG_ID, RIG_FROM_WORLD[QW, QX, QY, QZ, TX, TY, TZ], NUM_DATA_IDS, DATA_IDS[] as (SENSOR_TYPE, SENSOR_ID, DATA_ID)
# Number of frames: 43
1 1 0.96763724132345008 -0.16884843568960345 0.18627572638332718 0.021673226097677745 -4.8234639063106899 -2.568162957803541 2.7508144710475086 1 CAMERA 1 1
2 1 0.97535687727869069 -0.1577616129878705 0.15268281735480366 0.021867617548010376 -4.3231364625275246 -2.4241630338695401 2.4063048051249361 1 CAMERA 1 2
3 1 0.97146795800317864 -0.16549034255295955 0.16876288944620993 0.019545849702816212 -4.5678848298129298 -2.517712795335628 2.569172447621725 1 CAMERA 1 3
4 1 0.96622574345546752 -0.17050747797493965 0.19193619460616229 0.022260050284313136 -4.9042841890078854 -2.593037736111699 2.8194483174851812 1 CAMERA 1 4
5 1 0.96917682113978421 -0.16786816864424112 0.17926299018629555 0.019528125124541496 -4.7221418309061578 -2.5445446010617658 2.6868968502659087 1 CAMERA 1 5
6 1 0.9668357319596631 -0.16982773786136957 0.18944457514572768 0.022315013035340205 -4.8692720005855028 -2.5851986784944927 2.7837011203731685 1 CAMERA 1 6
7 1 0.98684493791848982 -0.11976454852819864 0.10799535344623057 0.011424756212391529 -3.6349098628690464 -1.7689646413363935 2.0643749622691701 1 CAMERA 1 7
8 1 0.97709356120239987 -0.15387059243702558 0.14552188002887806 0.020866141779251137 -4.2117215721835306 -2.3629801700445068 2.4065177231239776 1 CAMERA 1 8
9 1 0.99567240069587282 -0.077428316443246617 0.051087260678171403 0.0056051852496199605 -2.7101485848919058 -1.0352387309752067 1.4271553702456969 1 CAMERA 1 9
10 1 0.98218873012306529 -0.13927792849313972 0.12516403425710548 0.015521648829501692 -3.9043539572277512 -2.0994726134280257 2.1573698014593972 1 CAMERA 1 10
11 1 0.9887838883139235 -0.11280150991278536 0.097504655875645746 0.0086650825019882281 -3.4690487353599058 -1.6389375154154786 1.9341183826570776 1 CAMERA 1 11
12 1 0.99309480429049424 -0.091228497340986398 0.073324481969225669 0.0079744158454008191 -3.0791712835240315 -1.2809222039162138 1.650406590019482 1 CAMERA 1 12
13 1 0.99556430038016364 -0.092749342554261704 0.014170233363629716 -0.0069633146365589644 -2.0883275394547454 -1.2388930043633946 1.0815104040901062 1 CAMERA 1 13
14 1 0.99595849112464441 -0.079913588820725481 0.040953730916111653 0.0018149938194248899 -2.5393205134371239 -1.0572526742004278 1.3325232508609977 1 CAMERA 1 14
15 1 0.99593853936860832 -0.086277192131453628 0.025190685913878113 -0.0053010622920109047 -2.2770795440159715 -1.1287508935372932 1.1578429483402988 1 CAMERA 1 15
16 1 0.99505579490000906 -0.098598299149884536 0.0079412881998546445 -0.0089037285666270869 -1.9837535202661418 -1.3322820134280084 1.0429116363155548 1 CAMERA 1 16
17 1 0.99453425767625492 -0.10367051289990337 -0.0007778802329790242 -0.012386685018792159 -1.8308526364291164 -1.4146015673418337 1.0810807067491885 1 CAMERA 1 17
18 1 0.9935561722481312 -0.11233766774476665 -0.0051667207390710488 -0.014131029336639966 -1.752876271005992 -1.5664503245943622 1.1734441148544745 1 CAMERA 1 18
19 1 0.99071644732001773 -0.13379245869080547 -0.015644931954847445 -0.018323075920817562 -1.5779032637625372 -1.9340929182161875 1.2498496421995833 1 CAMERA 1 19
20 1 0.99297416895722113 -0.11670062401182703 -0.010983926431142576 -0.016205477441947849 -1.6569420977055749 -1.6369061461244689 1.143745039745466 1 CAMERA 1 20
21 1 0.99184751440200036 -0.12563302740640581 -0.01370999150173313 -0.016336668335293111 -1.6106343068804068 -1.7938337544590439 1.1727667142218403 1 CAMERA 1 21
23 1 0.99030662726629226 -0.13632563642199214 -0.015810357827692946 -0.02140414520507767 -1.582889347664143 -1.9630684774327096 1.2011636693705032 1 CAMERA 1 23
24 1 0.99016839524175904 -0.13607558225283786 -0.02215319508583646 -0.023647852469083439 -1.4689404103266037 -1.9566638714213582 1.190258119384461 1 CAMERA 1 24
26 1 0.95233877266848033 0.077153631136917006 -0.28062475213953386 -0.091366994923257422 3.2203866555936385 1.4435025844289946 1.8451693607420276 1 CAMERA 1 26
27 1 0.95293172662061243 0.075903979080531037 -0.27921335596054642 -0.090551710159719925 3.1903361919529374 1.4284318352602756 1.7881789046307053 1 CAMERA 1 27
28 1 0.95231796459218998 0.075920930474008524 -0.28050915188530362 -0.09295763733839639 3.219348040534816 1.4226193321576042 1.7907150294781069 1 CAMERA 1 28
31 1 0.95133761677301742 0.077567358493835573 -0.28351660812070589 -0.092511495116307199 3.2765730944628686 1.4454832028524478 1.8224652932914496 1 CAMERA 1 31
32 1 0.95104179235558883 0.079798663323763286 -0.28440181403836168 -0.090924642955026683 3.2893421467157662 1.4877514354156076 1.8541366483784254 1 CAMERA 1 32
34 1 0.94964013477735831 0.077650186043031186 -0.28862919262409148 -0.094059833046251012 3.3745214876842375 1.4376851765354035 1.8435327062120201 1 CAMERA 1 34
35 1 0.94848512532195761 0.082104172469212727 -0.29168543722091833 -0.092490419068020316 3.426448531378139 1.5174778520265717 1.8464139948121179 1 CAMERA 1 35
36 1 0.94976717906325192 0.08114655498596765 -0.28789724515097237 -0.092047370536170833 3.3539753410455844 1.5111585179469682 1.8026032892427215 1 CAMERA 1 36
37 1 0.94944665710666021 0.087981090656572974 -0.28676691247107472 -0.092601894730481457 3.33704161585282 1.6410611582966337 1.7527437232770884 1 CAMERA 1 37
40 1 0.94960223186902715 0.087970547827499246 -0.28613558013038554 -0.092968885804552301 3.3276059378296559 1.6392398687975245 1.7708847924719604 1 CAMERA 1 40
41 1 0.94955967433578559 0.088757409135874446 -0.286573577707329 -0.091291465969307067 3.3324400939619476 1.654074566680156 1.7982431789840267 1 CAMERA 1 41
42 1 0.94931062008350853 0.088214478794100451 -0.2871981894221271 -0.092437829487724499 3.3442886533176659 1.6438011554686709 1.7649069736458654 1 CAMERA 1 42
44 1 0.94939747951537012 0.088715771452352363 -0.28647956329854407 -0.09329200178874883 3.3346007635814674 1.6512481625421849 1.7611686297406892 1 CAMERA 1 44
45 1 0.9493830028926914 0.086962505746613822 -0.28712369871946286 -0.09310970973202308 3.3443652714907008 1.6197135927640631 1.7625562214159256 1 CAMERA 1 45
47 1 0.94936780265377652 0.088211850139770273 -0.28683182263603518 -0.092988979468262747 3.3409420229371154 1.6409115215439691 1.7911074311444324 1 CAMERA 1 47
50 1 0.94944016820783683 0.08720586407159088 -0.28707506083344742 -0.092446815588609094 3.3419980690564284 1.6227116746916084 1.7832292102658451 1 CAMERA 1 50
52 1 0.94983454616104324 0.08521388328283909 -0.28608259909666939 -0.093325642290841282 3.3250072473098413 1.5927689035025752 1.74716050040265 1 CAMERA 1 52
53 1 0.94967302441603352 0.086846656975933356 -0.28609156767058952 -0.093436715355330061 3.3277992188246674 1.6193220015907432 1.7714793793524151 1 CAMERA 1 53
54 1 0.94957458700801212 0.086549879483371811 -0.28688839862226073 -0.092261957522762311 3.3394382540713785 1.613711276741121 1.7669723835413893 1 CAMERA 1 54
61 1 0.9494817287459365 0.08739577292007783 -0.28666276736090146 -0.093117578696613287 3.3388739630263675 1.6266122026634851 1.7948008375835576 1 CAMERA 1 61
