# 3D point list with one line of data per point:
#   POINT3D_ID, X, Y, Z, R, G, B, ERROR, TRACK[] as (IMAGE_ID, POINT2D_IDX)
# Number of points: 366, mean track length: 8.9398907103825138
1 1.7291997373617036 -0.37651907778899335 6.8640230287354651 249 188 147 1.438317444678056 15 2 12 6 9 5 14 6 11 4 7 3 10 5
3 2.7716117695398892 -0.76924717417664579 8.7230159264503175 88 107 129 0.41648206036555335 15 4 12 13 9 7 14 8 11 8 7 7 10 8 8 7 2 6 3 6 5 5 13 7 16 7 1 5 6 4 4 4
4 1.4488476851604521 -0.36014132587308884 7.1011111022463993 96 96 90 2.0092583219966689 15 7 12 20 14 14 11 10 7 9 10 9
5 1.5764319972074206 -1.365059633911752 8.2789451074390801 254 255 247 0.5970534320007258 15 8 12 21 9 12 14 12 11 19 7 10 10 11 8 10 2 10 3 10 5 8 13 10 16 11 1 11 6 8 4 8 17 8 20 7 21 9 18 8 19 8 23 7 24 8
6 1.6321206260250947 -1.2222319445519791 8.3375564882790432 50 44 28 0.62814519493665089 15 6 12 22 9 13 14 15 11 14 7 11 10 12 8 11 2 11 3 11 5 9 13 9 16 13 1 8 6 9 4 9 17 15 20 13 21 13 18 13 19 10 23 11 24 12
8 2.590105621546873 -0.46293758814738251 8.8158295162183133 253 240 217 0.62403937616055816 15 20 12 33 9 26 15 21 14 27 11 36 7 30 10 29 5 21 13 20 13 21 16 22 16 23 1 21 17 25 20 22 21 24 18 18 19 29 23 22 24 27
9 1.4408129517946637 -1.2993719795821477 8.2424079420603302 89 87 77 0.97536940180004594 15 10 12 34 9 19 14 20 11 30 7 28 10 26 8 25 2 17 3 14 5 16 13 12 16 15 1 16 6 16 4 28 17 18 20 20 21 18 18 22 19 16 23 19 24 17 32 7 41 8 52 8 37 9 26 9 54 8 47 8 61 10 53 8 42 9 50 9 31 7 44 9 36 10 40 11 45 7 27 6 28 6 35 7 34 7
10 2.3230340914981586 -0.57460497254165654 7.8521645311297652 111 110 109 1.7959942765440335 15 23 9 44 14 25 13 18 20 41 21 39 18 35 19 41 23 39
11 2.5392412149938739 -0.59404331715154834 8.7472696745758665 138 128 128 0.9259056722578507 15 9 12 37 9 15 14 16 11 24 7 21 10 22 8 13 2 15 3 15 5 12 13 11 16 14 1 14 6 11 4 13 17 17 20 16 21 16 18 14 19 14 23 13 24 14
12 2.5900479330421606 -0.46072330803731354 8.8107178616314723 253 240 217 0.5475085022325632 15 13 12 38 9 22 14 24 11 35 7 27 10 30 5 25 13 15 16 19 1 18 6 19 4 18 17 20 20 29 21 32 18 23 19 31 23 25 24 21
13 2.106968120053839 -0.75205020542720902 7.8092732320836866 102 102 98 1.1375355875499507 15 33 12 44 9 33 14 49 11 54 7 53 13 28 16 33 17 31 20 46 21 49 18 44 24 31
14 1.4356124384423352 -0.45511931984131931 7.1069802699174387 94 95 87 1.1136217978685594 12 45 9 21 11 47 8 30 2 18 3 20
15 2.3826030022637457 -0.70851643960058264 8.7050192782755431 27 30 29 1.649693550338456 12 46 11 67 7 45 10 45 8 41
18 2.4273730391117616 -0.6242112780564546 8.0126202386779504 27 30 29 0.8792326367287433 15 44 13 46 16 47 17 40 20 44 21 37 18 42 19 37 14 45 9 51
21 2.7663886698472009 -0.8696136200559258 8.6674382415084761 96 118 152 0.93938211259727922 15 36 12 58 9 53 14 55 11 59 7 52 13 42 16 32 1 31 6 34 4 35 17 30 20 38 21 30 18 26 19 26 23 34
22 2.5297740625380145 -0.77304616747613741 8.7017735806814649 254 255 249 0.33738089938324001 15 40 12 60 9 48 14 51 11 58 7 43 10 50 8 40 2 38 3 40 5 37 13 40 16 41 1 37 6 41 4 40 17 36 20 40 21 42 18 40
23 1.7509358297525863 -1.2321617115040642 8.2792770243416172 93 90 85 2.4216913985413884 15 52 12 61 9 32 14 29 15 24 19 62 23 60
24 2.5334006988160169 -0.77517163265386968 8.6962254425224845 254 255 249 0.6112888201392167 15 42 12 62 9 56 14 56 11 61 7 49 10 55 8 35 2 44 3 31 5 40 13 45 16 46 1 36 6 37 4 36 17 42 20 43 21 41 18 41 19 39 23 36 24 32 32 33 41 45 52 45 37 41 26 49 54 45 47 47 61 49 53 44 42 45 50 49 31 30 44 43 36 39 40 43 45 44 27 53 28 43 35 44 34 48
25 2.2764473371985319 -0.19852790064760964 8.7885685237653153 136 124 122 0.79125361847054498 15 32 12 64 9 50 14 38 11 83 7 57 10 60 8 62 2 48 3 46 5 56 13 33 16 28 1 50 6 45 4 45 17 32 20 33 21 31 18 29 19 30 23 32 32 11 41 13 52 17 37 12 26 16 54 13 47 12 61 15 53 16 50 14 31 12 44 15 36 17 40 15 45 16 27 16 28 13 35 12 34 13
26 2.5593273274993718 -0.52394429079488958 8.7717073448683749 142 127 122 0.42229635423746986 15 53 12 68 9 57 14 61 11 73 7 55 10 63 8 59 2 55 3 47 5 44 13 50 16 48 1 55 6 48 4 48 17 46 20 48 21 47 18 47 19 45 23 42 24 37
27 1.8175385132370834 0.4739148509938812 7.5389197639903109 251 105 102 0.54247841208359737 15 14 9 46 14 23
28 1.4726707496892992 -1.1853071010740763 8.3134499840800373 86 84 74 1.3943832297622387 15 71 12 77 16 70 1 66 6 80 4 64 23 70
29 2.6194416174344606 -0.41080424785098457 8.7706203788479069 249 246 238 0.64244635527837823 15 65 12 81 9 80 14 68 11 95 7 67 10 76 8 74 2 68 3 80 5 63 13 62 16 65 1 60 6 63 4 61 20 70 32 44 41 42 52 44 37 36 26 42 54 40 47 42 61 45 53 42 42 43 50 45 31 43 44 40 36 49 40 39 45 39 27 45 28 41 35 41 34 37
30 2.1007305907580536 -0.83847884283583296 7.8271798077080721 17 19 9 1.2133973374307867 15 72 12 84 9 71 14 75 7 65 13 65 16 72 17 59 20 64 21 57 18 50 19 49 23 53
31 2.677898301012239 -0.81673921830950724 8.7257833065492107 131 138 150 0.35653342681466593 15 58 12 85 9 89 11 116 7 96 10 72 8 82 2 83 3 71 5 69 1 67 6 92 4 82
32 2.5426338555061654 -0.46711913574480207 8.7667329385350588 252 255 245 0.52293135014248593 15 61 12 87 9 73 14 78 11 93 7 74 10 74 8 73 2 67 3 79 5 72 13 71 16 79 1 68 6 66 4 55 17 65 20 60 21 53 18 58 19 57 23 49 24 58 32 35 41 34 52 48 37 45 26 53 54 48 47 51 61 35 53 35 42 50 50 36 31 34 44 46 36 36 40 47 45 47 27 37 28 49 35 47 34 45
33 2.6177799325236388 -0.41015362814577566 8.7709361892174798 249 246 238 0.74863128477794905 15 69 12 89 9 67 14 69 11 91 7 71 10 81 8 65 2 60 3 65 5 78 13 64 16 81 1 57 6 58 4 56 17 68 20 61 21 58 18 51 19 52 23 59 24 52 32 37 41 36 52 40 37 47 26 55 54 50 47 33 61 37 53 37 42 52 50 38 31 36 44 48 36 46 40 49 45 49 27 39 28 51 35 49 34 35
34 2.7318846528651641 -0.11976133870080913 8.0379034247987953 120 123 123 1.2431876059918849 15 64 12 90 9 65 16 66 19 71 32 49
35 1.8420379635643029 0.53497860132557518 7.6012571615131757 249 105 102 1.6265460948513837 15 39 12 91 9 79 13 34 16 26 16 54 17 33 14 53
36 2.0997499444897656 -0.82198053323631937 7.7575577753496772 17 19 9 1.4498737099968513 15 66 12 92 9 81 14 70 7 66 11 130 13 58 16 62 17 69 20 71 18 62
37 1.8402163224555002 0.52920312366320588 7.5868122024409539 249 105 102 1.8634037219260502 15 41 12 93 9 64 13 36 16 34 14 57 17 26
38 2.7063321719209541 -0.14521553053042752 8.0691878190387065 120 123 123 0.88078297293692909 12 94 13 63 16 96 17 83 32 52 23 82 52 64 54 61 61 60 53 57 31 51
39 2.8655371129900677 -0.18282623271492424 8.0009514850551859 95 103 102 1.2357385376165484 15 90 14 103 12 101 13 82 16 90 20 76 21 71 18 71 19 70 23 73 24 70 32 53 26 82 53 49 47 67 31 49 36 55 40 52 26 72 27 60 28 82
40 1.6765786872598463 -1.3352588012084936 8.3174958460295478 248 218 206 0.5015774622853425 15 77 12 103 9 91 14 94 11 103 7 78 10 83 8 101 2 80 3 86 5 89 13 75 16 89 1 77 6 87 4 87 17 81 20 80 21 65 18 63 19 67 23 74 24 62
43 0.95905762457123322 0.19768206527891044 7.8661683528140474 97 104 103 1.1669944286684582 15 125 12 108 7 69 13 122
44 0.84277105990530343 0.27689500462257316 7.9703121829170369 94 103 102 1.1538438109714173 12 109 9 96
45 1.1964915271647851 0.014822593928477158 7.7370429555781728 83 95 86 0.68771242911698427 15 112 12 116 9 125 11 125
46 1.6192765879280124 -1.2984449515613072 8.3079540542559958 226 186 164 0.5884249006954998 15 118 12 121 9 121 14 125 11 121 7 102 10 120 8 119 2 91 3 127 5 124 13 109 1 89 6 121 17 87 21 74 18 91
48 1.4739270033817518 -1.4238113379725237 8.1917904649516657 147 126 116 0.87669824234274418 12 126 9 90 14 96 7 106 10 125 8 107 5 86 13 89 6 103 4 96 17 80 20 73 21 63 18 65 19 72 23 90 24 64 32 54 41 55 54 23 50 78 44 71 45 57 34 28
49 2.6159146618167837 -0.45788701729126141 8.7940081018589868 220 176 154 0.47415453445441302 15 136 12 128 9 104 7 113 8 104 13 102 17 101 20 89 21 86 18 76
50 2.940720566127017 -0.21872182731437195 8.0667096469164861 154 156 155 0.83655223430652037 15 81 12 139
51 2.0693634042519515 -0.84295000319035418 7.667179350383222 90 87 80 0.67070370472603702 12 0 9 0 14 1
52 2.0988917129273941 0.28611363171579135 7.789989789289705 94 91 83 1.1763361664053722 12 1 9 1 14 2
53 2.0693634042519515 -0.84295000319035418 7.667179350383222 90 87 80 0.67070370472603702 12 3 9 2 14 4
54 1.3588138580894182 -1.025878363433669 7.745366822426325 84 85 77 2.2234501301529024 12 9 9 3 14 3
55 1.3588138580894182 -1.025878363433669 7.745366822426325 84 85 77 2.2234501301529024 12 5 9 4 14 0
56 2.5483488745057161 -0.88124617330016985 8.3309844992394719 116 117 117 1.2030671493485987 12 16 9 8 14 11 11 9 17 7 20 17 21 23
57 1.7877407346208236 0.078459234395210423 6.7493596165158642 254 114 112 1.5907177925955713 12 17 9 10 11 15
58 1.7877407346208236 0.078459234395210423 6.7493596165158642 254 114 112 1.5907177925955713 12 18 9 11 11 13
59 1.9397598299065133 -0.080318547751518352 6.5943460336457109 245 73 65 1.2818553762778051 12 26 11 25 7 20 10 21 8 15 2 14 3 29 5 23 1 32 5 39 6 36 4 34 9 17
60 2.5319017085127964 -0.59884378013416906 8.76364479945323 141 127 123 1.0699795181075828 12 31 9 18 14 19 3 17 5 13 1 12 6 14 4 15
61 2.8566473017512299 -0.080920420015304972 7.9627759138746619 126 130 126 1.3363490196015151 12 27 15 17 9 24 14 17 11 32 7 26 13 16 16 20 17 21 20 23 21 21 18 19 19 19 23 23
62 2.8610768309130141 -0.06129562518644259 7.8816962799026848 126 130 126 0.90131845060753391 12 28 9 27 11 37 7 31
65 2.1338204897465824 -1.0666473435289046 7.6527447296695126 88 88 85 1.7036683081158521 12 43 15 50 9 31 14 46 11 43 7 50 12 76 10 35 8 45 2 34 8 34 3 41 3 81 5 53
66 1.3551871302326264 -0.088466774124304939 7.7695911254505567 105 108 108 0.69163919797422169 12 50 9 36 14 37 11 40 7 47 10 41
67 1.9171980762125167 0.53285674148589601 7.5740663008194096 206 74 61 0.90095814703814536 12 39 9 37 14 32 15 19 11 33 7 32 13 24 20 30
68 2.8784702443023993 0.67568471123053797 7.6182804199793281 136 136 130 0.93783595215395188 12 65 9 38 14 50
69 2.9362815173166981 0.67541290644016061 7.6133642558407599 81 85 74 1.633517003591282 12 127 9 39 14 81
70 2.0844768731890317 -0.77326645291951079 7.9177560529849575 105 104 101 1.907039819997512 12 52 9 40 14 33 11 46 7 51 10 36
71 1.9124217499956864 0.53203794464621179 7.6242164137713058 206 74 61 1.3059517428662164 12 41 9 41 14 31 15 15 11 38 7 25 13 22 21 29 19 34 23 40 20 24
72 1.3551871302326264 -0.088466774124304939 7.7695911254505567 105 108 108 0.69163919797422169 12 56 9 42 14 43 11 57 7 46 10 43
73 2.6982692681200753 0.83955913073865895 7.9390223203066856 129 137 136 0.87951985261236076 12 59 9 49 13 54 16 56 17 45 18 46
75 1.976957804099776 -0.5146587810575648 7.0226898388556478 52 40 33 1.2508353907283751 9 55 14 59 15 56 13 93 16 83 17 99 20 97 21 81 18 87 19 101
76 2.7206379398400031 -0.79923630246595789 8.7190671566854618 83 102 127 0.51123838901278928 12 80 9 58 11 77 7 61 10 59 8 52 2 46 5 57 1 53
77 2.7187946422486724 -0.79957677489771706 8.7227939595749842 83 102 127 0.53930306697494423 12 74 9 59 14 76 11 76 7 63 10 65 8 58 2 51 3 53 5 49 1 41 6 70
78 2.6738574848585057 -0.84567110242662513 8.2311435919782685 135 140 156 1.0240544450378006 15 47 9 60 14 58 11 64
79 2.6738700763104748 -0.40655057635494729 8.0407096275556977 54 48 45 0.78776760520126776 15 46 9 61 14 64 13 23 13 61 16 64 17 54 19 50 23 54 24 55
81 2.7709212285779659 0.1315555618513026 7.9510718087799983 143 142 137 0.59556875092623929 15 123 9 69 14 92
82 1.5474537578824785 -1.2351720536443342 8.3264978420624445 51 50 30 0.55410528351188415 15 70 9 70 14 74 11 90 2 64 8 70 3 69 5 65 16 69 1 65 6 68 4 63 17 57 20 63 21 60 18 61 19 54 23 61 24 51
83 2.6757472839874343 -0.41053901391746217 8.0849263087601866 54 48 45 0.74609798767572744 15 43 9 72 14 60 13 27
84 1.6024745285226925 -0.079708607358935799 6.6638437488278122 46 33 28 0.89456018601695386 15 68 9 74 14 79 13 77 16 94 17 86 21 96
85 1.6304483005967769 -0.089547091111513169 6.7617908340726194 252 112 110 0.78830922709617057 15 48 9 76 14 62 13 51 16 52 17 64
86 1.6726548083729538 -1.3615951832281166 8.2900798867592922 94 88 87 0.44932189742824863 12 97 9 82 14 98 11 127 7 103 10 96 13 74 16 82 17 71 18 73
87 2.6600741377346413 -0.5025383742089593 8.8471345208941017 252 244 214 0.11742659998199804 12 96 9 85 14 100
88 0.71012786562302699 0.29629744690960585 8.4197909993738946 95 104 101 1.5842542310932064 15 87 9 86 14 127
89 1.3862191764712881 -0.24930700014300555 7.7599143766254839 102 99 92 1.4513985182962266 12 115 9 87 14 101 10 111
90 1.3862191764712881 -0.24930700014300555 7.7599143766254839 102 99 92 1.4513985182962266 12 137 9 93 14 91 10 127
91 1.4720362469258668 -1.4219557211759031 8.1921376204802332 146 128 117 0.78324346951032231 12 132 9 94 14 85 7 108 10 126 8 121 13 94 4 111 6 116 17 79 20 83 21 72 18 75 19 98 23 101 24 71 32 80 41 72 50 76
92 1.2901977801855302 -0.1106871003552909 7.8290623971601567 87 89 89 1.2611748474109763 12 140 9 98 14 115 7 85 14 114 10 88 7 87 8 132
93 2.6095942687228311 -0.37729120536109156 8.8227180069578921 109 104 104 0.49914356672438459 12 99 15 116 9 101 11 102 7 84 10 89 8 66 8 75 2 62 2 69 15 121 3 66 17 76 21 73 19 64 21 64 23 78 24 61
94 2.710291032839681 -0.42500714001404705 8.7282363049023086 94 97 97 2.3461792690635881 9 103 14 121 12 138 11 135 7 91
95 2.6366433680119328 -0.48083522270711115 8.7708777743717619 242 168 127 0.41370334648684026 15 135 9 105 14 132 13 104 17 106 20 90 21 88 18 82
96 2.3294932131416419 -0.5686003380298541 8.7412834482865467 51 48 43 0.32059368004532462 15 129 9 107 14 120 11 112 7 82 10 87 8 108 2 98 3 109 5 104 13 90 16 131 1 69 6 113 4 102 20 91 21 95 19 77 23 111 24 90
97 2.3782150714357502 -0.77740093301070179 8.8136935585322078 105 105 105 1.2422131364994449 11 99 7 94 10 137
98 2.6434100549849919 -0.78091396290136483 8.7164108480915292 123 121 130 0.17247962453875174 12 129 9 113 11 115 7 95 8 113 3 116 4 109
99 1.8884715537404122 -0.63857116463986852 7.3500448091964943 121 79 72 2.237472271669513 15 73 9 114 14 97 13 86
101 2.636374404752452 -0.48099100361545355 8.7691638154420364 242 168 127 0.41187750709907206 15 132 9 119 14 133 13 111 17 102 20 106 21 107
102 1.6329552660253441 -1.1475085620240377 9.1172384496905927 93 81 70 1.5964430508258551 12 79 9 124 16 85
103 2.3958971278757146 -0.40582247038627478 8.7477452578864945 122 117 112 0.86668749697242731 12 143 9 127 11 131 7 99 8 103 5 100 1 91 6 106 1 122
104 2.7309081081537756 0.75307047335845811 7.8844861108058506 140 143 141 1.7083249089826915 12 29 15 16 9 23 14 22 13 17 16 21 17 23 18 21 20 25 11 23
105 2.6966812627602343 0.84350201547350778 7.8797556181034114 129 137 136 1.1281799420711023 12 57 15 37 9 52 14 54 11 65 13 53 16 53 17 51 18 49
106 2.0660886433260517 0.26032474790030324 8.3921005938712891 95 91 84 2.489376500559735 15 1 14 5
107 2.3045705499137781 -0.65873835998761066 8.1874963776030878 111 110 107 1.448247451930565 9 34 15 12 14 21 13 13 16 16
108 2.3088614078146863 -0.57225858687267983 7.8159515054574076 111 110 107 1.5588204483822621 15 22 14 28 13 19 16 24 17 34 20 42 21 40 18 36
109 2.2635143037621828 -0.70692744255727991 8.8034066006461735 107 107 105 2.0710479421114871 12 54 11 55 7 38 10 32 8 49 2 28 11 62
110 2.8465789063312092 -0.30029102850634093 7.9912252704627695 164 163 163 0.73355288458814094 15 63 14 65 13 72 16 80 17 73 20 66 21 52 18 57 23 64 32 39 41 38 52 59 37 49 26 35 54 44 47 62 53 63 42 54 50 59 31 38 44 36 36 44 40 50 45 32 27 48 28 59 35 52 34 40
111 1.6254570496298917 -0.13555289963691869 6.7766195331740509 249 116 112 1.6748005622797577 12 135 14 77 13 39 16 44
112 1.4328523092608914 0.15532462581259432 6.3721871438327788 37 35 29 0.90742002094643659 15 97 14 86
113 1.524479390211025 -0.093288750342012047 7.4456871780225358 108 103 103 1.4218087148479992 9 78 12 100 14 88 11 122
114 1.4328523092608914 0.15532462581259432 6.3721871438327788 37 35 29 0.90742002094643659 15 76 14 93
115 1.7030699074272517 0.88676079279266873 7.4859384390225641 209 201 195 0.36031736655450719 15 88 14 102 13 119
116 1.9377932197522878 -0.49699149776764229 6.9754014012068417 247 93 92 0.99107203798438726 15 57 14 112 13 97 20 65 21 62 18 53
118 2.6421277012140263 0.012322619415955749 7.7743147611929846 147 143 140 1.2609433196736801 9 129 14 126 11 126 7 93 10 131
119 1.2412824768171824 -0.058473216806678982 7.8125072383296352 89 90 90 1.2432868888863446 12 117 14 129 10 101
120 1.716032119154822 -0.40155693626378081 6.927927450079884 249 184 149 1.1916149832085172 12 7 11 2 7 2 10 3 8 3 2 3 3 4 5 4 1 4 6 3 4 3
121 1.6600603364370243 -1.0620237572092626 8.1771281262891691 45 39 30 0.52451665217133503 11 7 7 8 12 14
123 1.8133720947972147 -1.0317649588030227 8.3188818676101004 96 89 80 0.55449271457448834 12 19 11 20 7 12
124 2.7397692353760461 0.83757131756665748 7.9653686408449742 68 72 67 0.75695474880035618 12 30 11 21 7 24 17 41 16 50 18 33
125 2.768852779545405 0.77039958993368762 7.533491110563542 138 138 137 1.8421284543827767 12 40 11 27 7 23 10 17 8 18
127 2.9745373568737903 -0.68852740375526045 8.5808779496461991 161 162 166 1.852566052471935 12 42 15 29 11 48 7 64 8 56 2 47 5 70 13 44 16 43 19 33 24 26
128 2.7010585413452182 -0.72845587674099932 8.7123153850085959 67 88 108 0.32074429985693137 12 66 11 69 7 58 10 54 3 74 5 61 1 44 6 51
129 2.2933267505770965 -0.28909043225559178 8.798147117829977 137 135 137 0.60374888719912922 12 69 11 70 7 56 10 61 8 55 2 49 3 45 5 54 1 48 6 53 4 44
130 2.6833832789039027 -0.45552361933527258 8.822147321642289 51 48 44 1.6144687906228392 11 72 7 75 10 62 8 57 2 50
131 2.6833832789039027 -0.45552361933527258 8.822147321642289 51 48 44 1.6144687906228392 11 79 7 72 10 58 8 54 2 53
132 2.7010585413452182 -0.72845587674099932 8.7123153850085959 67 88 108 0.32074429985693137 12 75 11 81 7 59 10 52 3 61 5 59 1 56 6 55
134 1.5201792013053754 -1.3892532959491579 8.2692619323207239 234 176 146 0.61146774189471453 12 112 11 89 7 73 10 98 8 100 2 79 3 88 5 88 1 63 6 67 20 62 21 59 18 52 19 53 23 77 24 53
136 1.1313145166918233 0.25662461212305615 7.137594884941354 96 97 100 0.31018197633752542 15 107 14 128
137 1.488909212418331 -0.39752294763821572 7.1512403664677286 248 121 119 1.7562900136843549 9 83 12 95 11 106 10 117 8 133 2 111 3 94
138 2.3139876640199617 -0.5242490310142558 8.7631129471028473 53 50 48 1.1266310621834437 9 106 15 130 11 111 10 112 2 99 5 120 21 93 19 95 23 96
139 2.6427992238282316 -0.78221282276674675 8.7190781041306273 115 118 130 0.1596047725580711 9 118 11 128 7 110 8 123 3 123 4 113
140 2.86598207167992 -0.44036790998296499 8.5203864882855616 160 163 164 1.2751891721638215 11 12 7 13 10 14 8 9
141 1.7665377255110692 -1.0690202523579142 8.5181533470745965 93 85 77 2.0504645716322543 11 26 12 24 7 17
142 1.6952004291836753 -0.77941915565454123 7.360110625225329 92 88 78 0.39644747210521475 11 44 7 29 10 10
144 3.0315113378969571 0.78414724116029866 8.1034245251319614 79 82 67 2.0027776981021814 11 63 7 37 8 20 10 24
145 3.0037842633097775 0.7420204960945761 8.3878062973965477 79 82 67 1.5868367043707956 11 60 7 39 10 23
147 2.6433870049486403 -0.73392072281026188 8.7102415033699767 142 142 141 0.28080286744975103 11 75 7 54 10 64 8 61 2 52 3 52 5 48 1 43 6 54 4 52
149 1.8095795712050025 -0.8595421319943195 8.0703387798358701 95 84 73 0.39056412433578108 11 117 7 101 10 119
150 2.7655881486828333 -0.67136309227015067 8.7626641683108062 66 84 102 0.27599352102540442 14 110 7 104 8 110 3 112 1 103 4 105
152 3.1053529256903545 0.048154954664280741 7.5606256815838391 141 140 133 1.2855191637021717 11 124 7 107 8 136
153 2.7050452222601162 0.89470994210035237 8.0465943096726278 109 111 100 1.9981465992357252 11 84 7 114 10 49 8 43
154 3.0260668176043035 -0.059369641873911499 7.7663283253855697 135 136 129 2.337071430238006 12 102 7 118 8 134
155 1.6310324785371271 -1.2229125810625965 8.3393596739086107 50 44 28 0.64605403207532397 15 5 12 23 9 14 14 13 11 17 7 15 12 25 11 18 7 14 10 16 8 12 2 13 3 12 5 10 13 8 16 12 1 9 6 10 4 10 17 9 20 8 21 10 21 14 18 9 19 9 19 11 23 8 23 10 24 9 24 13
156 1.2922376470848975 -1.2970541432672991 8.3012967417269863 101 103 95 1.1888192319332269 7 4 10 7 8 6 2 7
157 1.5226403381256504 -0.66735588822529768 7.091250851173875 107 108 104 0.86269466316675925 9 16 11 22 10 19
159 1.0903385643310679 0.079622851205093895 7.819136820988037 96 104 102 1.3475590782180735 12 107 10 69 8 93
160 1.416129729942154 -0.17219648780534488 7.6825872436841411 48 39 29 1.6358075240380756 7 76 11 94 10 73 8 67 2 66 3 78 5 80 1 82 6 83 4 67
162 2.747762012977383 -0.46931041101505361 9.761902072597751 94 105 103 1.9854751766504355 7 81 10 93 2 89
163 2.5447336630902173 -0.44153552262935247 8.7966256599126513 94 105 115 0.41260763093889219 7 92 9 102 10 99 8 131 2 118 5 102 1 105 4 99
164 2.3846245530485346 -0.63291290619989249 8.7296524134270381 253 253 242 0.21247772817068339 7 109 10 113 8 109 2 97 3 110 5 105 1 102 6 110 4 103
165 2.7084229527311914 -0.9014560901170634 8.7018392886998477 124 148 168 0.39900366457693281 7 116 10 116 8 117 2 115 3 126 5 112 1 108 6 125 4 117
167 2.2460416832337331 -0.74399615243050155 8.894297515953971 109 109 108 2.0001338854285602 12 47 11 49 7 33 10 38 12 32 11 31 8 44 11 66
168 1.7884808578910945 0.46466676835612414 7.8114429591630827 253 105 104 2.0847484453271456 11 82 10 79 15 18 9 30 14 26 12 70
169 1.7785144295456461 -1.1218662873043301 8.6904962284592138 24 25 20 0.86130967409077008 10 1 8 0 2 0 3 0 5 0 1 1 6 1 4 1
170 1.7785144295456461 -1.1218662873043301 8.6904962284592138 24 25 20 0.86130967409077008 10 0 8 1 2 1 3 1 5 2 1 0 6 0 4 0
171 1.7785144295456461 -1.1218662873043301 8.6904962284592138 24 25 20 0.86130967409077008 10 2 8 2 2 2 3 2 5 1 1 2 6 2 4 2
172 3.0271827636810742 0.88949524431554283 7.1112406246054318 77 74 62 1.2489607237182774 8 8 2 9 3 8
173 1.5722250638459634 -0.18017803100355564 7.4253612596930418 254 127 122 0.74186924755903205 10 13 8 16
174 2.7493802719587461 -0.89768969136372867 8.7292050785400885 89 119 154 0.36583892242267946 10 53 8 39 2 33 3 36 5 38
175 3.2259104210354987 0.083012802226652055 7.3898808497815081 155 155 158 1.4097753787385265 10 97 8 88 2 71 3 91 5 101
176 1.0573513074338572 0.0075405006043810898 7.8574413907700746 117 117 115 1.4112096237042844 12 104 8 89 4 73
179 1.8271301937504494 -0.88093403202132958 8.1717685143462901 94 87 78 1.4763061592934501 10 66 8 102 2 120 3 93
180 1.8651665904997394 0.18755399606099438 7.7866679123900511 243 75 59 1.6306484501399641 10 94 8 105 2 82
181 2.5027609296444 -0.82979799902267348 8.7066564596858615 85 79 71 0.49853246128522954 10 114 8 114 2 108 3 119 5 110 1 107 6 115 4 122 17 98 14 108 20 47 21 38
182 2.718512546466715 -0.048820278531505577 6.1990649354686331 88 88 81 0.45494816981315189 10 118 8 120
183 2.9327637465648722 0.035598644969315314 7.8523436810365013 121 124 123 0.31679343781418551 8 23 10 28 2 20
184 2.1515077540534304 -1.0204287897269888 7.6476496914979988 89 97 96 0.66838267582465261 8 14 10 27 2 21
185 2.9327637465648722 0.035598644969315314 7.8523436810365013 121 124 123 0.31679343781418551 8 27 10 31 2 22
186 2.0586934802015682 -0.79738723413794166 7.8574952685192043 20 20 10 1.1530190341213873 8 63 10 70 2 59
187 2.0647820328544917 -0.77715892595758984 7.8237245850035348 20 20 10 1.5513771753436911 8 71 10 80 2 65 3 70
188 2.8378392606086176 -0.1456748487771124 8.2193935866611145 96 101 99 1.1619656037953268 2 73 3 95 5 98
189 2.7759752961564548 -0.31294449274501024 8.6875811990489957 94 100 97 2.2854539354258603 11 104 2 75 7 86
191 2.9009972605868697 -0.8832785094393828 9.1046487351770775 169 173 179 1.2333692129277005 10 133 2 84 4 106
192 1.4209659526179703 -0.2182482566734385 7.6062355387935332 109 110 104 1.3982955093268719 11 110 2 86 3 76 5 71
194 2.6183805269498439 0.80082400151981015 8.5964179925734499 106 102 91 1.2945161927955242 10 109 2 93 6 76
195 2.7242717681646891 -0.77590224242095907 8.7856705929638963 87 107 130 0.39247738490431028 10 124 2 105 3 115 5 118 6 118
196 2.8493236672412623 -0.75097309450484806 8.74144463024275 68 93 124 0.44403288635830335 11 113 2 106 3 114 5 109 6 126
197 2.1858319291155173 0.37173645816060402 7.1307264792534317 85 78 70 0.70842177654609162 8 4 2 4 3 7 5 7 1 7 6 6 4 5
198 2.1858319291155173 0.37173645816060402 7.1307264792534317 85 78 70 0.70842177654609162 8 5 2 5 3 9 5 6 1 6 6 5 4 6
199 1.5079586309726027 -0.88722794061576682 7.6358520134171117 107 105 100 0.72573036443587158 8 47 2 40 3 22
203 1.8247137683447305 -0.8930330360218206 8.1873997536375445 91 85 73 1.4288466090847993 8 98 2 112 3 122
205 1.8282848070941615 -1.3162412752373338 8.3408826951616479 98 102 97 0.60663763498463186 2 8 3 5
206 1.3438636906698536 -0.28712654160248408 7.6573805351853856 117 116 109 0.99667371802465055 2 19 3 25 5 30 1 34 6 38
207 3.0760319455239373 -0.55299489590204565 8.6283328361574689 163 166 169 0.72426845922403915 2 26 4 59 6 71
209 2.4304941172932506 -0.42301836958473216 8.8911113357457605 130 130 131 0.38130090445232251 2 42 8 50 3 33 5 35 1 39 6 47 4 47
210 2.1590170560362481 -0.55496000031321824 7.5714528763516284 102 102 97 1.6827064576541257 2 31 3 35 5 27 1 26 6 35 4 41
211 1.5114244276771405 -1.1813861362793896 8.3294670105027375 163 134 131 0.42500594567478328 12 78 3 42 5 52 1 45 6 43 4 51 20 55
212 1.5114244276771405 -1.1813861362793896 8.3294670105027375 163 134 131 0.42500594567478328 12 73 3 49 5 47 1 54 6 57 4 54 20 56
213 2.6345093774454522 -0.74692833637626199 8.7404805580657161 166 160 159 0.13939038844306056 2 54 3 55 5 46 1 52 6 56 4 53
214 2.3878439709273831 -0.65856297072382708 8.6131781971012558 113 113 108 1.6587268402280717 7 48 3 62 8 48 2 41
215 1.7417208156421686 -0.31926251480046847 7.5508750095347033 252 73 61 1.3051113666900087 3 73 5 93 1 84 6 79
216 1.4563030512329105 -0.097693423217282402 7.6022762885893158 92 93 94 0.36438400148485472 2 100 3 102
219 2.469706058926378 -0.50385633109617556 7.9092976796550269 103 102 103 1.5982162213504445 8 92 3 118
221 2.2937500739070882 -0.46825850749281994 8.7842292642097544 53 50 50 0.41120461473852465 8 130 3 125 13 103 15 92 16 118 10 107 17 111
223 1.5192641791562371 -0.42674434138234879 7.1063860784398241 251 135 134 1.1588565787121332 2 113 3 133 5 116 1 86
224 1.5169557914871696 -1.325283167831961 8.310250327907637 254 198 170 1.6130429005746652 12 125 9 116 10 123 5 122 13 107 1 64 5 58 20 103 21 109 19 66 23 99 24 97 3 129
226 2.3404769286158493 -0.17390265671847874 8.7349372663751232 113 110 107 1.0334282965833499 2 109 5 87 6 95
227 2.9550563842093505 1.0383179768143431 6.9768739390103613 82 81 69 1.6764591262666642 2 94 5 90
229 2.8358137624524047 -0.67895819836149951 8.7819961175498555 158 155 158 2.2228749748478918 7 70 10 46 8 112 2 95 3 75 5 107 15 128 12 124 9 109 12 142 13 91 16 117
230 1.6298105115475705 -0.02488717261104002 7.4059236505601831 253 120 120 0.54182431660693342 3 21 5 28 6 23 4 20
233 3.169025641017591 0.23852100136359872 7.3590705267996546 93 97 97 0.16477075509300951 3 97 5 123 1 96
234 1.6558627410608555 -0.92544008223531826 7.4116862457429979 111 110 103 0.10958030843036082 3 3 5 3 1 3
235 2.6210293636227631 -0.50308590031779443 8.5042979005812498 134 132 133 0.26447322896215153 3 18 5 15 1 13 6 15 4 14
237 1.761552941670274 -0.29949247656230638 7.5077259066996946 36 21 14 1.1951461258153366 3 60 5 92 1 79 6 93 4 78
238 3.4282683473563051 0.48696222747634377 7.1134435450792708 96 101 100 1.4609047374988702 3 103 5 121 1 73 6 97 6 74 4 92
239 2.7236552231439868 -0.53339197727814924 8.8282044839670597 57 58 58 1.4457789598985269 13 26 4 25 6 29
240 2.855909760483256 -0.79639804087349253 8.7010006782386711 91 123 169 0.64270868819363547 15 26 13 30 16 31 17 29 20 21 21 20 18 17 19 17 23 21 24 18
241 2.339711799335098 -0.59529407684901126 7.9347880961129018 107 109 105 1.0924718338545181 15 31 13 31 16 40 13 43 19 35 21 36 20 45 23 41
242 2.4279870635435703 -0.62490522604300769 8.0192030334176003 23 24 26 1.0043326516594169 15 38 13 41 16 39 17 43 18 37 19 40 14 34 9 47
243 2.7061122244333569 -0.415779411708392 7.9717011610988742 129 131 128 0.56406967227523319 15 59 13 49 16 49 17 62
244 1.8452632111137655 -0.66420264843554633 7.2007366541494173 96 81 68 0.45773257722037147 15 51 13 55 16 36 17 58
245 1.5560946383753462 -0.27559873746196217 8.4808495074217021 250 110 109 0.50128471826020571 13 56 32 26 28 27
246 2.7802911597368376 -0.37736979175299346 8.0319632701679353 147 148 145 1.0378494144474923 15 60 13 70 16 68 17 48 20 69 18 56 19 84 32 38 32 64 41 37 52 30 37 48 26 34 54 51 47 34 61 38 53 30 42 53 31 37 44 49 36 45 45 50 27 24 28 52 35 38 34 27
247 1.5247984931629082 -1.009211284269147 8.4151062159208774 131 128 125 0.55646318415020946 8 116 13 76 16 91 1 112 4 110 17 82 20 82 21 66 18 74 23 81 24 96
248 2.2779590027482208 -0.19355913470659011 8.9485529605311225 145 134 128 0.25741040664121512 15 89 13 78 20 107 21 87 19 78 23 66 24 63
249 2.8531813867408711 -0.22885796552390389 8.1190034870204304 93 102 102 0.33067941984571253 14 89 13 81 16 93
250 1.9163525434313924 -0.59122841733275167 7.203710788540131 106 83 75 0.63238514042446303 15 127 13 87 16 107
251 2.4442182685123668 -0.68368512650116942 8.1299555709562359 107 109 103 1.2999260111144904 15 83 13 88 9 112 16 128
254 2.6898839512407884 -0.34188911434865854 7.9914802819413655 93 100 102 1.1112479905291517 15 99 13 105 16 120 19 59 20 93 18 67 23 100 24 67
255 1.4969305050992063 -1.1148182568776135 8.4989118380929227 88 86 77 0.46964944968942446 15 119 13 110 20 101 21 75
257 2.2936249975600411 -0.46963417353480219 8.7914861493159542 48 40 38 0.36954646037314925 8 125 13 118 16 123
258 1.7599310920686071 -0.90770966763643546 7.8592539073460683 90 83 73 1.3363459704356293 15 78 16 57
259 2.6773662742785476 -0.40010859095657092 8.0222124170713087 50 49 47 1.4626947604398568 16 78 17 63 18 55 23 63 24 48 19 56 15 45 20 51 13 69
260 1.9639669579829526 -0.44676115204826089 6.8839395645570756 248 85 86 1.033639181398454 15 80 16 84 21 100 20 111 18 64
261 1.6588581480145261 0.087199751457905983 7.0260607783105096 248 110 109 0.77743334093069139 9 68 16 98 21 55
262 2.8019252406537118 0.78070971515727849 8.0772298232044104 39 39 39 2.2305888615151681 15 103 16 109 17 91 18 79 17 93 20 84
264 1.3519343236739478 -0.29776644677663078 8.2889684459643274 33 29 21 1.0721653044338773 15 94 21 108
265 2.7889793006434607 -0.25638853554211277 8.0200358068906255 103 110 111 0.93901059047729696 9 88 16 58 17 67 32 40 24 57 52 52 47 35 53 55 31 52 44 37 27 57 34 41
266 2.3767765433893611 -0.50851348865537982 7.671280496203905 75 80 81 1.5101501061758553 12 36 16 134 21 98 19 91
267 1.4486200727539715 -0.54371569243235252 7.1791999288093296 250 208 171 1.2154175737515165 3 19 1 17 6 17 4 21
268 1.4486200727539715 -0.54371569243235252 7.1791999288093296 250 208 171 1.2154175737515165 3 23 1 22 6 22 4 22
269 2.7501269030725224 -0.26246690398465072 8.4977692164590959 51 51 47 1.6413124847757785 3 56 1 49 6 46 4 46
270 2.7599474405793241 -0.33132220292906783 8.9041356249199382 138 137 133 0.67501725112738098 8 90 1 70 2 121
271 2.8394945717087752 -0.27797674893153629 8.7988672406418562 141 144 140 1.9792036935821575 3 96 1 72
272 2.0860909170505946 0.34091567683590085 7.1789882099111191 249 70 58 0.32758871325502459 3 99 1 81
274 2.3545157675925266 -0.632081966972869 8.6958959529616706 56 52 45 1.246990250834096 2 39 3 37 5 31 1 29 12 82 9 66 14 83 11 107 7 80 10 86 8 83 2 85 13 68 16 77 6 26 6 81 4 23 4 80 17 61 20 72
275 2.3574081791622903 -0.42595910449787011 7.2109035678334505 37 37 34 0.45233370741975376 5 115 1 110 4 115
276 -0.02414980192909566 -1.8038353613731288 10.270505843023939 252 192 155 2.4541437580180165 3 117 1 111
279 1.7580080242390959 -0.57490625821770991 7.0938874709600288 112 112 108 0.80600776764017001 1 25 5 26 6 31 4 30
281 1.6865347238450143 -1.3143759367623082 8.3436749888473862 62 55 38 0.89558502142314789 2 63 6 78 8 69
282 2.2097234997309796 -0.55573601201168243 7.4176807780860461 18 19 11 0.18003045264958228 1 62 5 67 6 88 4 88
283 1.5394265278073906 -1.2309332190268261 8.2709850131105185 219 180 174 0.69040496989920541 2 107 6 122 8 128 4 107
285 3.1030083594358233 -0.34553687979114683 7.998533421447017 136 136 138 1.9823778872828026 5 18 6 21 2 25 3 32 4 17
286 2.9374004505671309 0.8366765345037166 6.9741443029459358 111 111 107 2.5516787627936259 1 19 2 16 3 16 4 27 6 20
287 3.2362489963159167 0.89635725706555358 7.4390696481396903 135 129 121 0.92225106006476953 2 92 6 99
289 3.5137376861593443 0.46460524115735558 6.6917522517803532 143 143 142 0.68386862279187577 1 15 5 14 6 13 4 12
290 2.9893857987887502 -0.70293676346106659 8.7191995335057619 150 151 153 1.4228222759837776 1 27 3 30 6 18 5 45 10 37 4 16 20 31 21 26 18 24 23 35
291 2.3411428708339295 -0.48421921082596381 8.4973759888838778 139 132 136 1.5455441892275106 3 48 5 20 6 42 4 37
292 3.546677850081144 0.29409203402477491 6.6835041819918288 121 122 122 0.60841990488146869 1 35 5 33 6 40 4 39
294 2.2709079095647215 -0.42907007762769228 8.6133426932520774 120 120 114 0.91943831332249315 2 101 6 84 4 69
295 1.7592404571489306 -1.4923719554184858 8.3835529592289539 78 82 85 1.1940001712482635 1 61 7 83 4 71 21 103
296 1.6649353552756763 -0.70469049785250581 8.1112478637749597 37 30 21 1.6553724437894382 3 90 5 68 4 76
297 2.7982677659178492 -0.003100014232707692 6.4415923627685965 33 36 36 1.4104035662420362 3 82 6 77 4 89
300 2.5623492624151458 -0.75964233365944667 8.7279727879827576 181 177 174 0.38993152845810952 2 104 4 108
301 2.6663903885566445 -0.48722370870967935 8.7893449889316742 252 245 214 0.50929792151224695 7 105 4 114 11 109
302 2.7966827797349203 -0.67033904238232633 8.8000408922395223 62 84 107 1.771096572530348 9 108 12 67 11 86 7 44 10 57 10 130 8 60 2 56 3 51 5 106 3 111 1 24 6 52 4 49 4 104 15 35 9 29 14 42 16 76 2 96 8 81 17 53
306 1.8651565396541092 -1.2879520502769255 8.9152010906504113 92 85 76 2.0963991774455315 13 3 17 2 16 4
307 2.1681530626824257 -0.64834209624425965 7.2559171321906764 99 98 92 1.7570646665180438 7 0 17 3 16 1 11 0
308 1.5443886088440457 -0.30216197852863508 6.8112892566493848 97 89 81 1.5046483213619541 13 14 17 19 16 17
309 2.358001332557607 -0.64435332043781202 8.7240788515994367 59 52 44 0.36618947845933753 13 60 16 63 17 70 20 67 24 66 23 62
310 2.703765993853803 -0.14934406738705039 8.0674828228213151 126 126 129 0.86384294050281152 13 57 16 97 17 77 32 51 23 76 52 51 37 54 26 60 54 62 61 58 53 51 31 50 27 62 28 53 34 59
311 1.565206318308918 -0.92355333824320363 8.6181765267859358 64 43 38 0.63758945784341348 17 85 20 52 18 54
312 2.7829011571014188 0.77436787119939909 7.7593393806024942 43 38 33 1.9089238584060513 17 89 20 110 21 77 20 109 19 96 21 104 23 107
313 3.1504891476810348 0.52053796040213995 12.016094238332684 82 85 73 1.2364066480390634 13 117 32 67 26 20 31 65 28 21
316 2.0445874830719886 0.23459204495387509 9.918358381914274 104 97 91 1.6396376641002637 20 0 21 0 18 0 19 0 23 0 24 0 17 1
317 1.6142736422874151 -1.2706637578851849 9.327861703694257 42 35 24 2.092448844552206 17 12 20 9 18 10 19 12 16 10
319 1.7522750002701637 -1.0347960321306611 8.6197949423140816 252 80 80 1.7664456629850507 17 16 20 54 16 42
320 2.7785853678196597 0.80989495072933038 8.375935777608051 107 107 96 1.2852459793220425 17 37 21 43 18 25 19 42 23 46 24 36 20 59 16 51
321 2.624435233421027 -0.45530993861020996 8.7323979486352385 211 157 123 0.64564744794826057 17 66 20 68 21 54 18 59 15 62 19 58 23 50 24 45 26 65 54 60 42 76 50 66 44 68 45 61 35 64
323 2.3974921554386168 -0.59568529316420016 7.9417264645180072 76 79 81 0.34404680485254152 17 110 20 94 16 135 21 105 18 84
324 2.2997679293353337 -0.75837849604650598 7.9570805430460458 102 100 90 1.2317005940061732 13 115 20 96 24 88
325 1.1421901534793455 -0.13643600024020988 8.6229507312134821 86 92 90 0.20250314329197067 13 126 20 108
326 1.571233142046554 -1.0507445602215608 8.8800983192615099 51 39 26 1.8500998361617651 16 38 21 27 13 47
327 2.9228090993187981 -0.1460794422201504 8.05088652351672 100 107 106 0.66370241062402413 16 59 21 69 18 60 19 48 41 52 52 50 37 53 54 59 47 54 61 57 42 59 50 51 44 51 40 55 45 55 35 80 34 58
328 1.687641416850276 0.91847313239400752 7.2984939252358272 155 151 147 0.44980933886028535 21 79 18 80
330 2.1969222644516084 -0.82502373042319821 7.915204872787081 100 99 90 0.74208827944324895 16 121 20 100 21 101 24 95
331 1.3496991091570907 0.53228189323198372 5.449414212973414 81 83 83 1.626134992007944 16 113 21 112 20 34
332 1.7857181861375511 -1.1045495653649402 8.0764105475776802 90 81 74 0.54483761983269996 20 1 21 1 18 1 19 1 23 1 24 1
333 1.7861300778418652 -1.0599857885540602 7.9510405124490404 90 81 74 0.35295606604258228 20 3 21 3 18 4
334 2.7449480205058108 -0.62220433161245026 8.4632387178911959 93 121 156 1.7075537268821499 17 4 20 4 21 4 18 5 24 3 19 2 23 3 41 3 54 3 47 3 27 2 35 3
335 2.1104988068392778 -0.076601717416121887 7.0674878666672587 133 88 84 1.2068426747496153 17 5 20 5 21 7 18 6 19 7 23 6
336 2.1015567260873018 -0.056422386531479699 6.9902983478793681 133 88 84 0.86854562388588441 20 6 21 6 18 7 19 6 23 5
337 1.6869575063973561 0.43302023006345541 7.8937826153301067 110 107 104 0.542767085679007 20 12 21 12 18 16
338 2.3446317374272105 -0.60617453995929327 7.9685458245867729 103 104 100 0.067515572712190677 17 44 20 39 18 38
339 1.6591664690302621 0.25545635396777977 7.4003585234951395 102 101 101 1.9787300865712798 12 113 16 111 18 72
341 1.6067614018760685 -0.34018652046087644 7.0646579582392128 242 106 103 1.6816499046192341 17 108 20 77 18 85
342 2.0833190422541623 -0.86183616406076369 7.9529471153248927 28 22 13 0.052797202139830392 17 97 21 102 18 89
344 1.6654354105074911 0.40775732794937214 7.2343064486297024 109 100 101 1.1225275013434766 21 46 18 98
347 2.8878520023710936 0.5288630790237957 9.0595658964722432 129 135 131 1.1376918585993223 12 141 21 22 19 22 23 24 24 20
348 2.6990077480531416 -0.10839381255850286 7.7835507584806534 178 166 166 0.59291463743442274 18 15 20 27 19 23 23 14 24 15
349 2.9455144898495913 -0.75057326095740362 8.6996586632374981 0 0 0 0.21864879043176391 13 48 17 47 16 74
350 2.679575995920326 0.91596956904031401 7.6968394957537889 109 107 99 0.5224879377523205 20 58 21 50 19 46 23 48 24 39
351 1.7255234462979003 -1.2968903019382387 8.401996196000928 0 0 0 0.83827259418053524 14 73 18 90 21 70
352 1.6548307348023354 0.15368753930095136 7.1003317484764379 100 93 90 1.3695724842125705 17 88 21 85 19 76 16 114
353 0.96450663281444471 0.13771003353220121 8.2859642319566049 89 98 98 1.7528129528788661 21 84 19 79 16 126 23 93 17 94
354 0.68052533528547021 0.24793578285375129 8.9106734639643221 95 100 101 1.8769739992540062 19 83 41 64 37 69 61 88
357 1.2221719605417132 -0.18435208486188276 8.7834632389447247 100 107 106 1.4881435742834286 18 30 23 30 52 87 26 75 54 84 27 86
358 1.8924754703429789 0.30002827600719562 8.72601734999912 248 88 85 1.192034339153218 19 32 21 28 23 31 20 28 24 29 32 10 19 21 52 15 37 18 54 12 47 11 61 12 50 11 31 11 44 13 40 14 45 13 35 10
364 2.7524834360843973 -0.30774392612863105 8.0471810703601445 83 90 87 2.341350256180101 17 50 20 49 16 55 24 59 15 85 13 100 16 86 17 72 20 102 18 88 21 82 15 86 13 101 16 87 17 78 20 75 23 71 32 48 32 66 41 51 41 54 52 55 52 60 37 50 37 52 26 63 26 80 54 71 54 77 47 57 47 66 61 73 53 56 53 62 42 58 42 72 50 54 50 55 31 54 31 62 36 51 36 54 40 70 40 71 45 74 27 58 27 84 28 58 28 60 35 51 35 53 34 57 34 74
365 2.1399065189389801 0.11918489760973902 8.6082188114382951 100 93 84 1.1970718940180443 23 4 24 6 32 4 41 5 52 5 37 5 26 5 47 5 61 5 54 5 53 5 42 6 50 5 31 3 44 5 36 6 40 5 45 5 27 4 28 3 35 5 34 4
366 1.8268009906107101 0.32380060747095518 8.7485208546980182 92 88 87 0.93167350975583063 24 30 32 13 47 20 53 24 42 26 36 22 35 21
367 2.5354566179517404 -0.41598825704494763 8.7779052710832719 59 57 58 0.35183030715318442 24 47 32 24 41 26 52 28 37 25 26 28 54 29 47 25 61 28 53 29 42 32 50 31 31 22 44 30 36 28 40 27 45 26 27 23 28 34 35 34 34 29
368 2.139613176290617 -0.98361606140564828 8.2833587281727237 22 19 16 0.36378034322680319 19 36 23 38 24 42 32 32 41 53 52 56 37 57 26 46 54 54 47 59 61 59 53 53 42 56 50 53 31 48 44 59 36 40 40 53 45 52 27 50 28 29 35 30 34 24
370 2.5802171054788805 -0.79679663840146608 8.7041137126442276 35 30 37 0.47247689321775921 19 89 23 103 24 54 32 56 24 73 41 56 52 75 37 59 26 79 54 64 47 63 61 83 53 73 42 79 50 82 31 78 44 73 36 67 40 64 45 58 27 67 28 61 35 74 34 61
372 1.3416790305485899 -0.34185474725181331 8.6422946680251655 77 80 76 2.0911935294589985 23 105 32 69 41 74 52 70 61 70 61 86 53 64 53 80 42 70 50 69 50 72 45 76
375 1.0255341166820973 -0.066682266155522779 8.7867166817514768 92 99 98 0.61516746297207292 24 101 32 91
376 2.4111448774208197 -0.49874878537643252 9.5119723728593577 253 95 97 0.33203967400456169 32 3 41 4 52 4 37 4 26 3 54 4 47 4 61 4 53 4 42 4 50 4 44 4 36 4 40 4 45 4 27 3 35 4
377 0.62732089907547284 0.30045490899923816 8.9408763823486392 90 98 98 0.79375610315919221 23 112 24 100 52 49 19 61 37 70 47 81 61 69 53 68 44 66
378 1.5225148087510885 -0.5179678362841863 8.5495684906367 29 25 15 0.44916334632923638 23 98 32 76 26 73 31 74
379 2.3447734866676764 -0.72123993889983973 7.9505535015539719 115 116 112 0.95731098277914395 23 2 32 2 24 2 52 3 37 3 26 2 61 3 53 3 42 3 50 3 31 2 44 3 36 3 40 3 45 3 28 2 34 3
388 2.2953492902952215 -0.67641731388654813 9.6680611171859088 88 81 73 0.58743189320037459 23 75 41 24 52 27 37 24 61 27 47 24 53 33 42 25 50 25 44 28 40 33 45 25 35 36 34 25
389 1.8937258279690561 0.35284034870086095 8.7082354384212781 249 88 81 1.7564870826498367 19 43 23 51 41 25 52 83 26 30 54 52 54 70 47 21 61 24 61 68 42 27 42 65 50 15 31 18 44 26 36 30 36 74 40 51 45 34 45 66 47 36 36 60 27 27 28 15 35 22 34 15
391 1.8924338290906104 0.35047121233630502 8.7036819118424003 249 88 81 1.6343310916106306 23 56 41 28 24 34 52 76 37 20 26 31 54 78 61 25 61 87 47 29 42 35 42 62 31 19 36 32 40 40 45 73 27 28 35 23 34 18
400 0.7914087214916824 0.14997487050512479 8.8674383932650613 91 101 100 1.4660495180895698 19 81 41 63 47 69 44 50 40 69 45 67 54 80
402 1.4559759215830923 -0.461635155273111 8.569190331457273 32 25 17 1.3747615065229806 19 75 41 68 37 62 24 94 47 55 61 72 47 68 41 60 42 55 31 63 44 78 36 80 40 72
410 0.89790456918968442 0.045650362933245592 8.8071475980224694 92 99 97 2.1427862973296885 23 92 52 82 53 66 50 85 36 73 35 66 31 67
413 1.8819163873518343 0.22318457063408145 8.7169964003447582 253 90 85 1.1937707380080465 23 15 52 9 26 12 27 11 28 4 31 6 34 8
414 1.8782061564126953 0.22993075150857664 8.7010968309852412 253 90 85 0.71029477065743185 23 18 52 10 26 13 27 8
436 3.1340115677950924 -0.75666520693136097 9.3818210239135205 134 137 143 1.9331498302613195 23 69 52 69 19 68 21 68
441 1.4572883587541023 -0.46057792855710289 8.5680330622033232 31 26 16 0.79736999034646461 24 93 37 68 42 63 47 58
443 2.4539624192407472 -0.26563672879358957 7.7022963234334538 210 206 200 0.46822632809416548 32 8 41 10 37 10 52 16 26 11 54 9 47 9 61 9 53 10 42 11 50 12 31 9 44 11 36 12 40 8 45 12 27 9 28 8 35 8 34 9
448 2.3055812294511449 -0.54228569062965593 7.7361823581771247 97 100 105 0.40584203605431873 32 23 41 27 37 26 52 29 26 27 54 24 47 26 61 29 53 23 42 28 50 27 31 21 44 24 36 27 40 20 45 27 27 31 28 12 35 33 34 30
463 1.6660813804627548 -0.66086968775612887 8.6168368074346038 92 84 74 2.5990740678685231 23 72 26 26
464 1.3498525812587232 -0.38223174502163065 8.6406408926163927 36 29 23 0.389445210039296 23 94 26 71 21 97
465 0.83413003462190316 0.094872071123521362 8.8737258653698134 91 97 97 1.0588917702362313 23 109 26 77
466 2.4166499065145328 -0.72180893442491478 8.1023372395957871 114 116 107 0.11734702802747105 19 92 54 55
472 0.70672668246418158 0.22689915139991629 8.9143676971188306 93 98 99 1.355069601629832 19 82 47 83 53 67 50 90 36 78 31 81 32 46 40 68 45 70
474 2.197442643735823 0.67081029663893121 8.9979659422019012 100 97 92 0.60631987561503831 26 1 32 1 37 2 41 2 47 2 52 2 54 2 61 2 53 2 42 2 50 2 31 1 44 2 36 2 40 2 45 2 27 1 28 1 35 2 34 2
475 2.0949185376688608 -1.2316546397989441 8.9910362135452715 254 255 249 0.24794875018561435 26 7 32 5 37 6 41 6 47 6 52 6 54 7 61 6 53 6 42 8 50 6 31 4 44 6 36 8 40 6 45 6 27 5 28 5 35 6 34 5
476 2.344615071101396 -0.4140375755041622 7.7346180334015511 120 125 125 0.48532545973206243 26 10 41 11 61 7 53 11 42 10 50 8 31 8 44 8 36 11 45 9 27 12 28 7
477 2.344615071101396 -0.4140375755041622 7.7346180334015511 120 125 125 0.48532545973206243 26 14 41 9 61 8 53 9 42 12 50 7 31 10 44 10 36 13 45 8 27 7 28 9
478 2.7569400455373132 -0.59739485843155427 8.0748695051526411 131 132 133 0.37126902827603003 26 15 32 12 52 13 54 10 61 13 53 15 31 14 44 14 36 16 40 12 45 10 27 15 28 11 35 18 34 21
479 2.1053775832027277 -1.3320737305391945 9.1557519307484885 174 141 124 0.48946180717823695 26 17 32 17 37 14 41 16 47 14 52 21 54 16 61 18 53 19 42 20 50 17 44 19 36 18 40 17 45 18 27 19 28 18 35 13 34 23
480 2.7818839522193217 -0.90389357788572433 8.8225679596748829 112 119 124 0.25696978973159068 26 25 32 18 37 22 41 15 47 23 52 20 54 17 61 19 53 18 42 23 44 20 36 19 40 16 27 17 35 15 34 16
481 2.9485938405851342 -0.77873707602311026 8.8506380437666596 110 115 115 0.19967177940791578 26 18 32 19 37 16 41 17 47 16 52 23 54 19 61 20 53 21 42 15 50 19 31 16 44 22 36 20 40 18 45 20 27 20 28 19 35 16 34 20
483 2.757972044446297 -0.95425202737097725 8.8952083850187798 126 132 136 0.29314200061603612 26 24 37 21 41 22 47 28 52 26 61 26 53 26 42 22 50 23 31 27 44 27 36 26 40 24 45 24 27 26 28 30 35 29
484 2.667768132868384 -0.30046025080059857 9.0558694153870807 142 128 121 0.28993229091008038 26 32 32 25 37 29 41 29 47 30 52 35 54 31 61 32 53 31 42 36 50 29 31 28 44 33 36 31 40 31 45 30 27 32 28 33 35 31 34 32
485 2.667768132868384 -0.30046025080059857 9.0558694153870807 142 128 121 0.28993229091008038 26 33 32 21 37 27 41 19 47 27 52 31 54 25 61 33 53 27 42 30 50 28 31 23 44 34 36 29 40 28 45 28 27 25 28 25 35 25 34 26
486 2.8287495492685988 -0.36057650136490077 8.972012822471914 86 64 49 0.21313114434573546 26 54 32 36 37 46 41 35 47 52 52 39 54 49 61 36 53 36 42 51 50 37 31 35 44 47 36 35 40 48 45 48 27 38 28 50 35 48 34 39
487 1.7496371400072459 0.5715410087143098 6.9239472547968388 110 108 102 0.52559673271107965 26 37 47 37 54 36 61 39 50 40 40 35 27 76 28 38 34 42
488 2.1228525103731002 -1.4016256968684437 8.9327369655533886 254 255 248 0.24774941757348387 26 38 32 42 37 33 41 39 47 38 52 41 54 37 61 40 53 38 42 40 50 41 31 40 36 47 40 36 45 36 27 40 28 39 35 39 34 43
489 2.7245258617954384 -0.65335153239748556 8.6544091323440071 17 20 15 0.55278337877309847 26 41 32 43 37 35 41 40 47 41 52 43 54 38 61 44 53 41 42 42 50 44 31 42 44 39 36 48 40 38 27 44
490 1.7452051353750806 0.56863678951851404 6.91798141100689 110 108 102 0.55645509129555393 26 44 47 44 54 42 61 46 50 46 40 41 28 42 34 44
491 2.1228525103731002 -1.4016256968684437 8.9327369655533886 254 255 248 0.24774941757348387 26 45 32 30 37 39 41 43 47 45 52 38 54 43 61 47 53 43 42 44 50 47 31 46 36 34 40 42 45 42 27 47 28 44 35 43 34 46
492 2.6782745231401734 -0.66704491131878385 8.589457584365995 17 20 15 0.6931120787324595 26 51 32 31 37 43 41 46 47 49 52 47 54 46 61 51 53 47 42 47 50 34 31 32 44 45 36 43 40 45 45 41 27 35 28 47 35 42 34 49
493 2.7480186580162131 -0.44308082755038941 8.9943538887727552 145 108 86 0.38494495282360508 26 52 32 34 37 44 41 48 47 50 54 47 61 52 52 58 61 64 53 48 53 61 42 49 50 35 50 65 31 33 44 41 36 37 40 46 45 46 27 36 27 69 28 48 28 65 35 46 34 38
494 2.0830584176250064 -1.418618515249751 8.9304865956669648 224 177 155 0.37109355351239659 26 78 32 47 52 62 61 53 42 66 50 71 31 57 44 55 27 54 35 50 34 50
496 2.5118945012555352 -0.56578405848815783 8.1263070835515343 83 92 92 1.0620219742560419 26 81 32 58 37 73 41 83 54 65 61 63 54 66 42 77 50 64 31 80 44 69 44 70 40 65 45 60 27 68 28 64 35 70
498 2.56663583055487 -0.41769472894130127 7.927288874838311 91 102 100 1.4353727204398135 26 67 32 63 41 70 52 71 54 74 61 75 53 72 53 79 26 68 42 74 42 82 50 68 50 70 31 59 31 60 36 62 40 56 40 67 45 63 45 75 27 71 28 66 35 62 35 82 34 81
500 2.0705102662252743 0.63328854922776312 7.2503218997733514 99 100 93 0.62447722794192106 26 59 41 65 47 76 52 81 61 81 53 60 42 69 50 83 40 61
501 2.0092173414367602 0.60627616322558053 7.1732003531097748 99 100 93 0.99668364782062779 26 58 32 41 37 32 47 78 52 78 54 27 61 84 52 36 53 54 42 29 47 22 50 81 31 39 44 31 36 50 40 63
502 2.8164632355940804 -0.42061512380598126 8.9326832916136727 250 241 219 0.19356581880092652 26 88 32 84 37 76 41 79 47 85 61 89 53 84 42 86 50 89 31 86 44 82 36 85 40 82 45 82 27 89 28 84 35 83 34 83
503 2.8164632355940804 -0.42061512380598126 8.9326832916136727 250 241 219 0.19356581880092652 26 87 32 88 37 74 41 82 47 87 61 91 53 83 42 84 50 91 31 89 44 80 36 84 40 81 45 77 27 90 28 86 35 84 34 82
504 0.81444367709413623 0.088226347199867439 8.8538362699533213 29 33 26 1.5871946941237138 23 67 24 65 32 68 37 55 61 54 23 68 52 53 54 53 47 70 53 52 42 61 50 58 31 53 44 52 36 56 36 59 40 62 45 51 27 63 35 56 35 67
505 0.81444367709413623 0.088226347199867439 8.8538362699533213 29 33 26 1.5871946941237138 23 85 24 72 32 79 37 56 61 61 23 86 52 65 54 58 47 64 53 58 42 64 50 60 31 56 44 57 36 57 36 58 40 59 45 54 27 59 35 58 35 77
507 2.0374314472775867 0.62113600513986156 7.2082175119137926 101 101 90 1.0093101943658085 26 57 32 28 37 37 41 76 54 30 61 82 53 59 47 77 52 77 52 33 42 34 42 81 47 31 50 80 31 45 44 32 36 52 40 60
508 2.6157253790177912 -0.30607041759125481 9.1144621169061821 113 102 93 0.35536931449490872 26 84 32 65 37 64 41 66 53 71 42 71 50 88 31 61 44 75 36 82 45 80 27 72 28 85 34 77
509 1.732460494949509 0.0024335802254288465 8.4990201141757371 253 90 92 1.3246176143521622 26 4 42 5 36 5
510 1.7324604949495128 0.0024335802254305912 8.4990201141757424 253 90 92 1.3246176143521533 26 6 42 7 36 7
511 2.4760838067045801 -0.32753763116610707 9.0203075798548547 155 115 111 0.33891956903018949 26 29 32 16 37 13 41 14 47 13 42 19 50 16 44 18 36 23 40 29 45 17 27 18 28 17 35 14 34 19
513 2.1190089725794761 0.45589597074285121 8.9460014663411371 122 66 59 0.67758909276650203 26 21 32 22 37 19 54 34 42 60 50 39 31 24 36 25 45 35 27 29 28 28 35 27 34 17
515 1.9475752488233458 0.52426715387326972 7.1397843423028213 111 123 121 0.44325499787470896 42 39 53 28 61 31 31 25 37 28 41 21 52 34 54 26 44 54 36 38 40 30 45 29 27 30 35 28
517 1.2216704495583177 -0.77670626516486496 7.9330345975173042 91 82 72 0.21144788518479218 42 33 31 20 50 26 54 28 44 29 40 26
518 2.3913620781834948 -0.50339549709819076 7.761966094786132 87 96 96 0.47121716030561039 32 61 53 77 61 66 31 82 41 71 47 65 52 72 44 60 36 63 40 66 45 62 27 70 35 61 34 65
519 2.093728271669292 -1.1347167423503663 9.1025203010529765 252 226 183 0.32147766977041725 31 47 32 27 41 32 42 37 47 32 53 34 61 34 36 33 50 32 52 37 40 34 45 31 27 33 28 37 35 37 34 36
521 2.4549891333475595 -0.75756936558777244 8.8692052055874058 236 88 86 0.95684648010162343 26 40 53 46 27 42 44 38 28 40 35 40
522 2.4549891333475595 -0.75756936558777244 8.8692052055874058 236 88 86 0.95684648010162343 26 50 53 40 27 46 44 44 28 46 35 45
523 2.0250037152468376 -1.3890218802550742 9.0062295757970521 161 134 119 0.10145613343034868 61 79 27 64
524 2.5625651121177992 -0.33339109639375264 9.0915445915211581 140 130 127 1.7268355499853987 42 73 61 74 27 73 37 63 40 76 45 71 52 67 53 70 54 75 32 82 36 86 41 80 47 88 32 62 44 61 45 78 50 67 53 78 61 67 44 62 50 74 41 69 54 69 28 75 28 76 35 73 34 75 34 76
525 2.017179163752306 0.58757203244680611 7.2371660687292447 110 119 123 0.96137027079793358 61 62 27 75 47 86 54 79 28 54 34 86
527 3.3217303949961203 -0.61458141145692924 9.7832935188883319 39 38 46 1.7959180699961885 32 78 61 48 27 82 37 23 42 24 44 42 45 43 47 46 50 48 31 72 41 73 50 24 41 23 28 45 28 78 34 78
528 2.4143816169371881 -0.65056286331102331 8.7778087152724957 244 233 222 0.69507823770968025 15 30 12 51 9 35 14 36 11 50 7 34 10 44 8 31 2 27 13 29 16 27 17 27 20 32 18 28 15 34 12 55 9 43 14 41 11 56 7 40 10 39 8 28 2 24 3 28 5 29 13 35 16 35 1 28 6 33 4 32 17 35 20 37 21 25 18 34 19 27 23 28 24 22 26 19 32 20 37 17 41 18 47 17 52 24 54 20 61 21 53 22 42 16 50 20 31 17 44 23 36 21 40 19 45 21 27 21 28 20 35 17 34 22
531 2.325371477651661 -0.6390015391865469 8.8307430642096936 185 63 54 0.088688022350369919 53 75 28 63 44 77
533 0.32170145886857499 0.06256245723508097 8.2406977802817902 89 98 98 0.86115471019947643 27 87 36 79 28 74 32 50 47 80 45 56 50 62 35 81
534 0.95149125595133599 -0.1571798162635239 8.5351958762616427 90 96 92 0.77692891871362268 36 75 28 67 47 73 61 90 45 65 52 85 54 72 37 71
536 2.4699802536261308 -0.86131580887274584 8.7643569974608102 246 103 102 0.24053751519061936 27 52 32 29 36 53 35 55 28 31 31 29 26 48 34 47
539 1.8508086407195921 0.25483610704412279 8.7300343192874248 249 89 85 3.5934234590618748 17 13 34 12
