# Image list with two lines of data per image:
#   IMAGE_ID, QW, QX, QY, QZ, TX, TY, TZ, CAMERA_ID, NAME
#   POINTS2D[] as (X, Y, POINT3D_ID)
# Number of images: 6, mean observations per image: 97.5
89 0.99362614725757947 -0.10785104263670099 -0.0031463268685315501 0.032639434974766776 0.054758334279165793 -3.0603443545137679 -0.362609211254875 1 000089.png
79.264427185058594 62.7489013671875 1 170.20285034179688 141.23291015625 2 134.45368957519531 204.73611450195312 37 194.84715270996094 70.475357055664062 38 233.05171203613281 123.94969177246094 39 233.05171203613281 123.94969177246094 40 91.423126220703125 24.807037353515625 41 91.423126220703125 24.807037353515625 42 113.38909912109375 25.388126373291016 43 107.90052795410156 93.977195739746094 44 128.04031372070312 15.458522796630859 -1 247.52015686035156 113.40362548828125 46 241.18133544921875 89.047607421875 47 247.52015686035156 113.40362548828125 48 247.52015686035156 113.40362548828125 49 16.406948089599609 52.551128387451172 50 12.014308929443359 66.199485778808594 -1 166.854736328125 79.103225708007812 3 238.74749755859375 85.400100708007812 -1 110.16954040527344 92.890495300292969 44 208.00433349609375 93.173004150390625 52 142.66355895996094 181.10394287109375 -1 226.38578796386719 93.95831298828125 54 166.854736328125 79.103225708007812 4 226.38578796386719 93.95831298828125 55 188.60116577148438 52.469070434570312 56 124.39521026611328 10.481133460998535 6 172.015625 51.516544342041016 57 248.23692321777344 90.396224975585938 58 151.50729370117188 121.32323455810547 59 203.15750122070312 200.24795532226562 60 212.99443054199219 208.97688293457031 61 158.51487731933594 124.71566772460938 62 135.50607299804688 34.553272247314453 5 19.584659576416016 43.17059326171875 14 156.70703125 77.005134582519531 7 156.70703125 77.005134582519531 9 135.50607299804688 34.553272247314453 63 135.50607299804688 34.553272247314453 64 82.405242919921875 3.2446041107177734 -1 82.405242919921875 3.2446041107177734 90 19.584659576416016 43.17059326171875 12 122.54417419433594 7.9363274574279785 -1 180.73878479003906 44.651264190673828 10 230.16781616210938 76.852027893066406 -1 222.25146484375 83.313720703125 -1 227.4066162109375 105.84814453125 65 164.52297973632812 102.50848388671875 66 174.63230895996094 95.287796020507812 13 245.45866394042969 220.76602172851562 -1 230.9337158203125 91.597824096679688 -1 167.68287658691406 90.9556884765625 15 78.072677612304688 11.600784301757812 11 174.63230895996094 95.287796020507812 16 122.54417419433594 7.9363274574279785 -1 121.51631164550781 26.236820220947266 67 121.51631164550781 26.236820220947266 68 164.73313903808594 48.657394409179688 69 169.89935302734375 63.138580322265625 19 169.89935302734375 63.138580322265625 20 247.06199645996094 98.106895446777344 -1 232.97666931152344 107.91710662841797 70 101.01156616210938 8.4450206756591797 -1 188.15139770507812 167.62052917480469 129 74.178573608398438 7.882411003112793 -1 87.161224365234375 8.5669288635253906 -1 81.910079956054688 9.1926145553588867 -1 142.84878540039062 19.902059555053711 72 31.019123077392578 31.151542663574219 28 112.95220947265625 43.778831481933594 73 164.73313903808594 48.657394409179688 25 103.39978790283203 51.132259368896484 -1 178.13081359863281 53.657329559326172 17 169.89935302734375 63.138580322265625 18 171.99504089355469 88.224998474121094 74 180.03262329101562 94.366142272949219 75 247.06199645996094 98.106895446777344 -1 244.39454650878906 105.92768859863281 -1 232.97666931152344 107.91710662841797 76 244.56478881835938 119.57940673828125 -1 154.33979797363281 138.65199279785156 -1 193.67585754394531 172.65615844726562 77 185.44398498535156 198.23387145996094 -1 101.01156616210938 8.4450206756591797 -1 81.910079956054688 9.1926145553588867 23 182.50341796875 162.41249084472656 -1 87.901947021484375 13.269941329956055 24 126.20246124267578 30.633108139038086 79 127.7825927734375 33.565135955810547 138 173.22567749023438 38.768421173095703 21 79.415962219238281 19.211263656616211 80 42.755096435546875 20.3970947265625 -1 200.43637084960938 56.561714172363281 152 50.893463134765625 16.024580001831055 -1 6.5857267379760742 57.932655334472656 -1 234.26039123535156 87.784011840820312 -1 6.5857267379760742 57.932655334472656 -1 151.58329772949219 75.583221435546875 22 225.42762756347656 78.733085632324219 -1 234.26039123535156 87.784011840820312 -1 180.19293212890625 160.18186950683594 -1 231.21714782714844 99.203353881835938 -1 169.10133361816406 95.649040222167969 29 172.07954406738281 89.482063293457031 30 181.13005065917969 89.132659912109375 36 81.9561767578125 16.855926513671875 32 172.45989990234375 80.543205261230469 82 6.3441171646118164 62.294849395751953 -1 196.57058715820312 56.811885833740234 34 108.92658996582031 35.908889770507812 83 116.93582153320312 36.583332061767578 84 108.92658996582031 35.908889770507812 142 169.52687072753906 40.186130523681641 85 4.1628756523132324 53.388500213623047 -1 166.12493896484375 89.183525085449219 33 166.12493896484375 89.183525085449219 86 169.52687072753906 40.186130523681641 35 22.160322189331055 49.159622192382812 93 7.9233460426330566 55.294109344482422 -1 185.31857299804688 203.6553955078125 139 4.1628756523132324 53.388500213623047 -1 180.56849670410156 202.79081726074219 -1 158.41224670410156 138.764404296875 -1 165.23426818847656 145.26869201660156 -1 248.03041076660156 125.47799682617188 -1 166.12493896484375 89.183525085449219 31 
90 0.98827175851006666 -0.14733496488616482 -0.00085733616132372206 0.040132336439828907 0.026902986109867747 -4.8039243183715188 -0.51607984577429244 1 000088.png
78.315208435058594 60.544948577880859 1 171.47431945800781 140.706787109375 2 237.31617736816406 130.89080810546875 39 135.92446899414062 203.30644226074219 37 237.31617736816406 130.89080810546875 40 195.32215881347656 70.601531982421875 38 87.887016296386719 23.472450256347656 41 87.887016296386719 23.472450256347656 -1 113.35770416259766 25.351577758789062 43 108.2255859375 94.585929870605469 44 202.63653564453125 62.822055816650391 89 128.13116455078125 15.633142471313477 -1 228.28018188476562 97.59356689453125 54 237.7833251953125 107.96105194091797 -1 228.28018188476562 97.59356689453125 55 13.411762237548828 50.529022216796875 50 188.46531677246094 52.415340423583984 56 166.79840087890625 79.418807983398438 3 110.37932586669922 93.202430725097656 44 119.95838928222656 176.78994750976562 -1 142.43614196777344 181.50303649902344 -1 166.79840087890625 79.418807983398438 4 119.95838928222656 176.78994750976562 -1 124.44936370849609 10.609744071960449 6 151.4754638671875 121.63199615478516 59 171.95243835449219 51.786037445068359 57 158.44966125488281 124.98587799072266 62 16.263645172119141 40.450675964355469 14 156.72352600097656 77.142669677734375 7 242.53201293945312 85.825836181640625 -1 154.20930480957031 90.492034912109375 -1 228.77186584472656 110.841552734375 65 181.71009826660156 173.86399841308594 -1 16.263645172119141 40.450675964355469 12 135.42730712890625 34.377815246582031 63 135.42730712890625 34.377815246582031 5 156.72352600097656 77.142669677734375 9 156.72352600097656 77.142669677734375 8 153.81356811523438 143.62846374511719 -1 167.66285705566406 91.051856994628906 15 164.34550476074219 47.968048095703125 69 223.50018310546875 87.114463806152344 -1 164.34550476074219 47.968048095703125 25 76.598655700683594 7.5907206535339355 11 164.54769897460938 102.65056610107422 66 174.61978149414062 95.297149658203125 16 233.01463317871094 78.703895568847656 -1 174.61978149414062 95.297149658203125 13 180.69038391113281 44.483383178710938 10 166.83714294433594 35.647377014160156 -1 121.53256225585938 26.248163223266602 68 121.53256225585938 26.248163223266602 67 112.91278839111328 43.932704925537109 73 169.12046813964844 46.697483062744141 -1 178.18754577636719 53.409435272216797 17 169.88740539550781 63.139968872070312 18 225.27397155761719 73.00628662109375 98 171.95960998535156 88.267692565917969 74 236.5338134765625 92.581466674804688 -1 179.99691772460938 94.424270629882812 75 175.81239318847656 174.61091613769531 -1 101.4132080078125 8.7680940628051758 -1 169.88740539550781 63.139968872070312 19 78.084312438964844 15.93760871887207 80 169.88740539550781 63.139968872070312 20 101.4132080078125 8.7680940628051758 -1 59.611907958984375 30.699550628662109 -1 59.611907958984375 30.699550628662109 -1 48.078121185302734 37.919589996337891 -1 174.05369567871094 39.589237213134766 21 93.765090942382812 5.0577616691589355 -1 126.26591491699219 30.621395111083984 79 185.88192749023438 199.86824035644531 -1 9.621586799621582 34.331558227539062 -1 80.146568298339844 4.4589734077453613 23 14.272613525390625 35.274497985839844 -1 19.353477478027344 46.779212951660156 93 3.5980827808380127 47.745048522949219 -1 174.50091552734375 53.013423919677734 -1 151.59245300292969 75.61865234375 22 172.18595886230469 80.546806335449219 82 87.909202575683594 10.019279479980469 24 27.958488464355469 27.859397888183594 28 55.913833618164062 28.832080841064453 -1 144.72608947753906 129.39846801757812 -1 74.771415710449219 12.08155632019043 26 93.765090942382812 5.0577616691589355 -1 93.765090942382812 5.0577616691589355 -1 87.909202575683594 10.019279479980469 27 9.621586799621582 34.331558227539062 -1 185.88192749023438 199.86824035644531 -1 38.550987243652344 22.257381439208984 -1 108.91806793212891 35.915462493896484 83 117.01219177246094 36.5279541015625 84 169.50552368164062 40.146804809570312 35 42.337970733642578 29.735715866088867 -1 21.546854019165039 31.245012283325195 -1 192.97105407714844 204.157470703125 -1 140.17123413085938 157.01579284667969 -1 142.49504089355469 123.38520812988281 -1 169.11073303222656 95.671028137207031 29 178.20068359375 89.600479125976562 97 172.07814025878906 89.515586853027344 30 166.11805725097656 89.223388671875 31 181.13658142089844 89.140830993652344 36 111.08482360839844 85.945304870605469 -1 196.49040222167969 56.805801391601562 34 108.90287780761719 5.2739500999450684 92 44.8857421875 28.178337097167969 -1 42.337970733642578 29.735715866088867 -1 169.50552368164062 40.146804809570312 85 108.90287780761719 5.2739500999450684 95 21.342462539672852 41.652515411376953 99 106.42198181152344 6.3495979309082031 -1 4.5560946464538574 55.663932800292969 -1 111.08482360839844 85.945304870605469 -1 166.11805725097656 89.223388671875 33 166.11805725097656 89.223388671875 86 178.20068359375 89.600479125976562 96 81.777267456054688 13.63127326965332 32 4.5560946464538574 55.663932800292969 -1 42.608741760253906 19.915281295776367 -1 69.535003662109375 20.998300552368164 -1 44.8857421875 28.178337097167969 -1 74.267532348632812 3.0736007690429688 -1 4.5560946464538574 55.663932800292969 -1 21.342462539672852 41.652515411376953 -1 21.342462539672852 41.652515411376953 -1 171.90669250488281 65.470878601074219 -1 
91 0.99762813645636406 -0.063845980732262275 -0.017584695874645385 0.01877686251571185 0.65605045982547383 -1.0915897832071311 0.035841225145399301 1 000090.png
81.922676086425781 67.39617919921875 1 169.51663208007812 140.95916748046875 2 131.9775390625 206.94471740722656 -1 193.76148986816406 69.236351013183594 38 233.153076171875 120.44788360595703 39 193.76148986816406 69.236351013183594 100 233.153076171875 120.44788360595703 40 107.90401458740234 94.637336730957031 44 113.91201782226562 25.329429626464844 43 238.72369384765625 89.034416198730469 47 130.72554016113281 173.69065856933594 -1 97.018943786621094 28.063396453857422 101 245.07159423828125 109.36687469482422 48 245.07159423828125 109.36687469482422 46 245.07159423828125 109.36687469482422 49 130.72554016113281 173.69065856933594 -1 130.72554016113281 173.69065856933594 -1 188.3480224609375 52.545490264892578 125 202.0047607421875 61.287124633789062 89 206.68017578125 91.656814575195312 52 224.43629455566406 91.646621704101562 54 228.51802062988281 114.77325439453125 104 166.86766052246094 79.341117858886719 3 166.86766052246094 79.341117858886719 4 224.43629455566406 91.646621704101562 55 172.23182678222656 51.416122436523438 57 50.820442199707031 230.91276550292969 -1 131.83070373535156 178.245849609375 102 151.60713195800781 120.69396209716797 59 136.06298828125 35.222915649414062 5 124.82714080810547 11.082760810852051 6 136.06298828125 35.222915649414062 64 245.69354248046875 88.405838012695312 58 131.83070373535156 178.245849609375 103 204.90596008300781 193.90472412109375 60 214.89814758300781 202.43014526367188 61 158.59172058105469 124.30110931396484 62 156.6766357421875 76.942726135253906 7 24.465547561645508 58.308456420898438 50 91.53179931640625 12.465997695922852 91 84.665489196777344 12.389712333679199 90 132.4578857421875 180.46383666992188 116 132.4578857421875 180.46383666992188 -1 156.6766357421875 76.942726135253906 8 156.6766357421875 76.942726135253906 9 70.440254211425781 30.426103591918945 -1 180.69549560546875 44.586193084716797 10 80.406257629394531 20.654888153076172 11 225.0933837890625 102.69522857666016 65 25.231069564819336 50.127902984619141 12 224.28897094726562 123.96665191650391 106 174.76655578613281 95.409278869628906 13 234.72413635253906 79.851829528808594 105 25.231069564819336 50.127902984619141 14 167.81419372558594 90.842864990234375 15 174.76655578613281 95.409278869628906 16 121.50672912597656 26.252281188964844 68 121.50672912597656 26.252281188964844 67 112.96495056152344 43.843196868896484 73 178.19139099121094 53.256389617919922 17 169.9051513671875 63.144168853759766 18 9.3773460388183594 73.743522644042969 -1 172.10885620117188 88.002296447753906 74 180.05064392089844 94.344779968261719 75 164.64080810546875 102.05307006835938 66 250.41792297363281 102.67089080810547 132 230.6351318359375 104.85576629638672 70 169.9051513671875 63.144168853759766 19 169.9051513671875 63.144168853759766 20 164.64080810546875 102.05307006835938 108 100.83580780029297 8.5898237228393555 109 173.99346923828125 39.445972442626953 21 151.56130981445312 75.648841857910156 22 227.79405212402344 107.48131561279297 107 235.9091796875 205.45079040527344 -1 239.23562622070312 208.49345397949219 -1 83.347114562988281 17.426044464111328 23 60.977546691894531 34.297229766845703 88 89.16729736328125 17.331001281738281 -1 64.177810668945312 20.026622772216797 -1 243.54782104492188 95.296241760253906 -1 89.568199157714844 21.542610168457031 24 113.10406494140625 2.6968755722045898 111 165.07122802734375 49.482528686523438 25 7.1552553176879883 50.153728485107422 -1 39.767810821533203 52.095291137695312 115 109.51424407958984 5.529447078704834 92 9.8059320449829102 55.217258453369141 -1 80.124076843261719 11.32747745513916 94 77.358383178710938 16.951122283935547 -1 173.23573303222656 79.134033203125 82 78.088241577148438 25.005260467529297 26 126.17536163330078 30.652410507202148 79 114.36090087890625 121.36466217041016 -1 5.2507991790771484 53.798717498779297 -1 109.51424407958984 5.529447078704834 95 113.10406494140625 2.6968755722045898 112 89.568199157714844 21.542610168457031 27 165.07122802734375 49.482528686523438 69 5.2507991790771484 53.798717498779297 -1 166.09463500976562 72.048011779785156 -1 36.087924957275391 38.982242584228516 28 19.045473098754883 44.654556274414062 -1 243.54782104492188 95.296241760253906 -1 211.52986145019531 187.55679321289062 -1 106.00572204589844 6.8999752998352051 117 104.24062347412109 9.4499740600585938 113 100.64240264892578 11.068376541137695 145 195.13287353515625 172.65582275390625 -1 194.94088745117188 169.462158203125 77 191.15611267089844 169.57449340820312 -1 158.95669555664062 138.99627685546875 -1 144.16123962402344 20.052568435668945 72 240.70445251464844 115.07865142822266 -1 166.98916625976562 104.27153778076172 -1 228.91722106933594 103.29118347167969 76 166.09449768066406 101.21105194091797 118 169.09782409667969 95.627029418945312 29 172.06593322753906 89.391311645507812 30 166.21383666992188 89.022994995117188 31 84.108306884765625 25.348442077636719 32 108.90980529785156 35.869388580322266 83 166.21383666992188 89.022994995117188 33 240.70445251464844 115.07865142822266 114 240.70445251464844 115.07865142822266 -1 158.95669555664062 138.99627685546875 -1 189.436279296875 190.244384765625 110 116.90486145019531 36.611137390136719 84 226.48477172851562 197.75721740722656 -1 196.21624755859375 57.569164276123047 34 167.93989562988281 60.309341430664062 -1 189.436279296875 190.244384765625 144 169.674072265625 40.033393859863281 35 222.66055297851562 77.788330078125 -1 218.68460083007812 194.03286743164062 -1 216.75508117675781 188.84579467773438 -1 230.99644470214844 85.610054016113281 -1 181.14950561523438 89.179412841796875 36 181.14950561523438 89.179412841796875 119 
92 0.99756893559212612 0.06800638601460729 0.011833039442863198 0.0095566406424303432 -0.67595313609433905 4.6797950566367925 2.0711095523719583 1 000093.png
96.776397705078125 79.261917114257812 -1 172.08818054199219 127.93670654296875 2 125.27438354492188 208.07633972167969 -1 125.27438354492188 208.07633972167969 121 191.63198852539062 66.917259216308594 38 191.63198852539062 66.917259216308594 100 127.64091491699219 155.80503845214844 122 234.80886840820312 106.51689910888672 39 234.80886840820312 106.51689910888672 40 185.91439819335938 55.271171569824219 -1 114.50303649902344 25.910121917724609 43 239.53150939941406 130.52630615234375 123 232.57968139648438 234.75631713867188 -1 231.1448974609375 82.374191284179688 47 126.99120330810547 14.003799438476562 6 99.276756286621094 30.869552612304688 42 189.07643127441406 52.841407775878906 56 214.79768371582031 69.62200927734375 -1 166.93144226074219 79.3406982421875 3 99.276756286621094 30.869552612304688 41 166.93144226074219 79.3406982421875 4 194.94184875488281 164.45187377929688 -1 136.8450927734375 36.279590606689453 64 201.36949157714844 59.588790893554688 89 226.5767822265625 98.563400268554688 104 172.2398681640625 51.322635650634766 57 240.79893493652344 93.363479614257812 124 226.5767822265625 98.563400268554688 148 151.873291015625 119.13577270507812 59 154.07829284667969 90.653358459472656 -1 215.07452392578125 176.08432006835938 -1 131.86880493164062 179.68089294433594 102 156.50567626953125 76.985427856445312 7 156.50567626953125 76.985427856445312 8 39.121349334716797 57.175800323486328 50 199.66360473632812 235.48637390136719 149 131.86880493164062 179.68089294433594 103 154.07829284667969 90.653358459472656 -1 156.50567626953125 76.985427856445312 9 34.697715759277344 36.546646118164062 -1 7.7285857200622559 66.093238830566406 -1 217.58882141113281 69.471145629882812 -1 196.66682434082031 96.622711181640625 150 86.662193298339844 22.38427734375 11 54.913536071777344 26.558069229125977 -1 134.51846313476562 33.542381286621094 131 38.658580780029297 48.908779144287109 14 30.333654403686523 63.139259338378906 -1 180.66397094726562 44.602638244628906 10 244.40788269042969 86.012496948242188 126 222.36021423339844 106.55638122558594 106 174.62931823730469 95.266899108886719 13 168.04838562011719 90.999099731445312 15 182.37942504882812 146.27580261230469 157 7.8788533210754395 31.646835327148438 -1 200.92799377441406 57.865657806396484 152 132.2991943359375 181.17355346679688 116 174.62931823730469 95.266899108886719 16 132.2991943359375 181.17355346679688 153 244.12564086914062 120.09359741210938 -1 38.658580780029297 48.908779144287109 12 134.51846313476562 33.542381286621094 130 134.51846313476562 33.542381286621094 134 164.58061218261719 48.3358154296875 25 164.58061218261719 48.3358154296875 69 180.11712646484375 94.196128845214844 75 252.11764526367188 109.18001556396484 -1 197.71505737304688 147.43038940429688 77 169.95457458496094 63.105228424072266 19 169.95457458496094 63.105228424072266 20 3.7414343357086182 77.331321716308594 -1 252.7861328125 91.225006103515625 -1 99.299674987792969 20.198625564575195 -1 110.07102966308594 24.081981658935547 154 174.0025634765625 39.414260864257812 21 112.97548675537109 43.741928100585938 73 11.195598602294922 46.089698791503906 -1 178.22273254394531 53.443626403808594 17 169.95457458496094 63.105228424072266 18 227.57676696777344 74.23870849609375 105 3.7414343357086182 77.331321716308594 -1 172.18217468261719 87.870208740234375 74 227.54380798339844 89.602592468261719 70 127.91648101806641 33.446041107177734 138 68.110992431640625 44.455406188964844 -1 64.432098388671875 46.870380401611328 -1 15.367911338806152 47.806415557861328 137 3.2051985263824463 64.313430786132812 -1 54.717330932617188 49.053482055664062 155 195.37184143066406 164.52388000488281 -1 237.13653564453125 97.692512512207031 114 242.78251647949219 107.44255065917969 128 250.39187622070312 112.46139526367188 136 174.01594543457031 128.22988891601562 156 177.13224792480469 130.84793090820312 -1 191.85963439941406 143.51220703125 129 41.810985565185547 53.67364501953125 93 103.97710418701172 9.5292825698852539 113 98.080879211425781 16.150455474853516 -1 122.267333984375 26.95941162109375 68 88.037162780761719 28.889492034912109 80 11.331297874450684 30.598377227783203 -1 236.6468505859375 87.080101013183594 135 126.258544921875 30.655387878417969 79 151.5181884765625 75.739707946777344 22 122.267333984375 26.95941162109375 67 3.2051985263824463 64.313430786132812 -1 100.57865905761719 8.6802577972412109 109 11.233918190002441 69.703720092773438 -1 9.907588005065918 73.716056823730469 -1 123.59795379638672 7.316063404083252 -1 175.24919128417969 100.65085601806641 -1 68.036293029785156 41.011318206787109 -1 166.24147033691406 89.135696411132812 31 110.97776031494141 85.479827880859375 -1 154.87202453613281 72.411567687988281 -1 6.9812297821044922 70.271415710449219 -1 35.226737976074219 50.944919586181641 -1 17.629112243652344 45.791770935058594 -1 169.56147766113281 39.982486724853516 35 71.485725402832031 38.825489044189453 -1 11.291040420532227 37.630722045898438 -1 116.76820373535156 36.692111968994141 84 108.85503387451172 35.938529968261719 83 9.9655170440673828 34.356342315673828 -1 96.895011901855469 23.210718154907227 -1 86.701576232910156 14.292404174804688 94 108.85503387451172 35.938529968261719 142 11.291040420532227 37.630722045898438 -1 169.56147766113281 39.982486724853516 85 110.97776031494141 85.479827880859375 -1 166.24147033691406 89.135696411132812 86 166.24147033691406 89.135696411132812 33 9.9655170440673828 34.356342315673828 -1 175.24919128417969 100.65085601806641 -1 89.357688903808594 18.804815292358398 23 96.895011901855469 23.210718154907227 -1 9.5848512649536133 26.99180793762207 -1 4.7584066390991211 29.964321136474609 -1 4.9678215980529785 32.977020263671875 -1 181.132568359375 89.094718933105469 36 211.11091613769531 166.44778442382812 -1 181.132568359375 89.094718933105469 119 
93 0.99983940627480794 -0.0090974826934732377 -0.011337908000123308 0.010480902196969793 0.36666431681898443 1.3246836025683195 0.63138229225667641 1 000091.png
83.6065673828125 68.726791381835938 1 170.81056213378906 134.662109375 2 130.13981628417969 206.85578918457031 120 130.13981628417969 206.85578918457031 121 193.05503845214844 68.359481811523438 38 193.05503845214844 68.359481811523438 100 234.55450439453125 113.93110656738281 39 128.98065185546875 153.03938293457031 122 234.55450439453125 113.93110656738281 40 187.10479736328125 105.41243743896484 -1 187.10479736328125 105.41243743896484 -1 114.31755828857422 25.431659698486328 43 235.19419860839844 86.703872680664062 47 242.00785827636719 142.97354125976562 123 97.96258544921875 29.318866729736328 41 97.96258544921875 29.318866729736328 42 166.72149658203125 79.575164794921875 3 206.29193115234375 86.157478332519531 52 222.333740234375 86.587158203125 55 109.84452819824219 93.380699157714844 44 243.44334411621094 102.3109130859375 124 188.99977111816406 52.693370819091797 125 243.44334411621094 102.3109130859375 46 222.333740234375 86.587158203125 54 166.72149658203125 79.575164794921875 4 249.50709533691406 91.099739074707031 126 136.25827026367188 35.665451049804688 5 215.01197814941406 191.05606079101562 61 201.46517944335938 59.943065643310547 89 172.36210632324219 51.341156005859375 57 136.25827026367188 35.665451049804688 64 125.30670166015625 11.778428077697754 6 205.69837951660156 183.63511657714844 60 156.64691162109375 76.9671630859375 9 30.282241821289062 59.182033538818359 50 156.64691162109375 76.9671630859375 7 231.24571228027344 78.702247619628906 105 150.99627685546875 122.40817260742188 59 156.64691162109375 76.9671630859375 8 30.525594711303711 50.803245544433594 14 180.78311157226562 44.672828674316406 10 223.82545471191406 96.516281127929688 65 185.55796813964844 155.59446716308594 -1 185.55796813964844 155.59446716308594 -1 174.70491027832031 95.351089477539062 16 82.375938415527344 22.511545181274414 11 86.767189025878906 15.041096687316895 -1 92.756851196289062 14.184738159179688 -1 86.767189025878906 15.041096687316895 90 92.756851196289062 14.184738159179688 91 223.57720947265625 116.44211578369141 106 174.70491027832031 95.351089477539062 13 30.525594711303711 50.803245544433594 12 167.90219116210938 90.844070434570312 15 240.68853759765625 83.707077026367188 -1 61.393383026123047 20.427133560180664 -1 164.6378173828125 48.317668914794922 25 164.6378173828125 48.317668914794922 69 121.43532562255859 26.258869171142578 67 121.43532562255859 26.258869171142578 68 169.92660522460938 63.129806518554688 18 172.1588134765625 87.898941040039062 74 180.074462890625 94.317390441894531 75 247.85807800292969 95.808753967285156 -1 252.42147827148438 96.235740661621094 -1 164.49351501464844 101.98412322998047 66 244.7457275390625 117.72489166259766 128 190.37371826171875 154.71267700195312 129 196.52500915527344 159.58853149414062 77 100.76200866699219 8.771998405456543 -1 133.61007690429688 33.093570709228516 130 133.61007690429688 33.093570709228516 131 127.25684356689453 38.287372589111328 -1 169.92660522460938 63.129806518554688 19 169.92660522460938 63.129806518554688 20 247.85807800292969 95.808753967285156 132 252.42147827148438 96.235740661621094 -1 127.25684356689453 38.287372589111328 133 164.49351501464844 101.98412322998047 108 100.76200866699219 8.771998405456543 109 133.61007690429688 33.093570709228516 134 178.169921875 53.212020874023438 17 8.2538967132568359 59.364723205566406 -1 224.89938354492188 72.429214477539062 98 104.16000366210938 9.4625511169433594 113 113.02455902099609 2.9611756801605225 112 33.704025268554688 55.856346130371094 93 113.02455902099609 2.9611756801605225 111 151.58717346191406 75.584930419921875 22 240.99153137207031 88.492408752441406 -1 242.20588684082031 93.62689208984375 135 77.056808471679688 249.3282470703125 -1 97.800811767578125 16.033950805664062 -1 239.68754577636719 107.49355316162109 114 253.22404479980469 123.06824493408203 136 183.14337158203125 148.4210205078125 -1 185.36958312988281 150.78189086914062 -1 97.800811767578125 16.033950805664062 -1 97.800811767578125 16.033950805664062 -1 230.20574951171875 75.82745361328125 105 97.800811767578125 16.033950805664062 -1 7.8354792594909668 49.379119873046875 137 7.8354792594909668 49.379119873046875 -1 242.20588684082031 93.62689208984375 -1 239.68754577636719 107.49355316162109 -1 192.70196533203125 181.92254638671875 -1 192.70196533203125 181.92254638671875 -1 189.24658203125 182.33134460449219 -1 192.70196533203125 181.92254638671875 -1 189.24658203125 182.33134460449219 -1 7.8354792594909668 49.379119873046875 -1 126.16641998291016 30.654794692993164 79 11.81800651550293 51.003246307373047 -1 127.82408142089844 33.50164794921875 138 83.340095520019531 29.163076400756836 80 78.724853515625 246.70112609863281 -1 189.25096130371094 186.92608642578125 139 187.47538757324219 185.60887145996094 -1 190.52326965332031 178.85594177246094 -1 238.68031311035156 110.49333190917969 -1 116.33818817138672 2.6180753707885742 140 165.98915100097656 101.15974426269531 118 169.10586547851562 95.716209411621094 29 166.24174499511719 89.071311950683594 31 172.44526672363281 80.67877197265625 82 116.33818817138672 2.6180753707885742 -1 105.80527496337891 7.0792994499206543 141 82.443939208984375 14.030719757080078 -1 92.306388854980469 23.188356399536133 24 4.1144847869873047 35.247051239013672 -1 108.89301300048828 35.905376434326172 142 166.24174499511719 89.071311950683594 33 238.68031311035156 110.49333190917969 143 190.52326965332031 178.85594177246094 144 105.80527496337891 7.0792994499206543 117 100.61147308349609 10.937738418579102 145 82.443939208984375 14.030719757080078 94 84.923774719238281 18.703165054321289 23 92.306388854980469 23.188356399536133 27 4.1144847869873047 35.247051239013672 -1 108.89301300048828 35.905376434326172 83 169.56605529785156 39.881763458251953 35 60.100296020507812 40.356685638427734 -1 9.5384101867675781 46.958740234375 -1 154.083740234375 102.81706237792969 146 48.190391540527344 47.410999298095703 147 48.244598388671875 50.435539245605469 155 40.912555694580078 54.576923370361328 115 12.251614570617676 58.405891418457031 -1 13.815750122070312 55.872219085693359 -1 116.71710968017578 36.702091217041016 84 238.79403686523438 95.291679382324219 -1 174.50570678710938 53.243476867675781 -1 171.9765625 65.55487060546875 -1 88.21795654296875 8.3833017349243164 -1 181.13005065917969 89.142379760742188 36 181.13005065917969 89.142379760742188 119 
94 0.99986826206817281 0.01081894080850198 -0.0042149721584933929 0.011342091441044097 0.040708409433172908 2.1955831280006968 1.0314343441915057 1 000092.png
84.660903930664062 69.159339904785156 1 170.99325561523438 132.32843017578125 2 128.12399291992188 207.64720153808594 120 128.12399291992188 207.64720153808594 121 192.65350341796875 67.985855102539062 100 192.65350341796875 67.985855102539062 38 234.55656433105469 112.02211761474609 39 128.54869079589844 153.84141540527344 122 234.55656433105469 112.02211761474609 40 114.52704620361328 25.651895523071289 43 241.06190490722656 139.28959655761719 123 234.01571655273438 85.768402099609375 47 98.404792785644531 30.252571105957031 42 98.404792785644531 30.252571105957031 101 126.62230682373047 13.401028633117676 6 11.020820617675781 49.417335510253906 -1 188.40205383300781 52.593662261962891 56 166.7923583984375 79.473648071289062 3 206.44212341308594 84.6234130859375 52 242.57717895507812 100.19363403320312 124 221.51686096191406 244.83872985839844 -1 136.85514831542969 36.243011474609375 64 221.51686096191406 244.83872985839844 -1 242.57717895507812 100.19363403320312 46 166.7923583984375 79.473648071289062 4 11.020820617675781 49.417335510253906 -1 131.27291870117188 176.91722106933594 102 131.27291870117188 176.91722106933594 103 247.95021057128906 90.050613403320312 126 245.43830871582031 192.97505187988281 -1 215.03488159179688 186.83065795898438 61 227.44699096679688 105.56255340576172 104 64.45623779296875 47.797340393066406 88 201.37484741210938 59.542800903320312 89 6.2829117774963379 56.802505493164062 -1 172.27789306640625 51.326580047607422 57 227.44699096679688 105.56255340576172 148 156.6392822265625 77.031158447265625 7 156.6392822265625 77.031158447265625 8 62.841049194335938 213.36663818359375 -1 199.28067016601562 250.56452941894531 149 156.6392822265625 77.031158447265625 9 230.23689270019531 77.713180541992188 105 33.068870544433594 58.534503936767578 50 174.64321899414062 95.298553466796875 16 5.886141300201416 76.293373107910156 -1 33.635875701904297 50.474212646484375 12 134.47148132324219 33.397781372070312 130 88.274093627929688 15.762710571289062 90 195.96324157714844 103.48136138916016 150 174.64321899414062 95.298553466796875 13 223.50187683105469 94.091529846191406 65 84.064567565917969 22.973798751831055 11 5.886141300201416 76.293373107910156 -1 33.635875701904297 50.474212646484375 14 168.01272583007812 90.985420227050781 15 180.71810913085938 44.706996917724609 10 134.47148132324219 33.397781372070312 134 223.02537536621094 113.752197265625 106 134.47148132324219 33.397781372070312 131 121.4468994140625 26.272270202636719 68 109.93490600585938 23.754840850830078 154 121.4468994140625 26.272270202636719 67 93.848159790039062 15.24997615814209 91 173.64027404785156 39.062473297119141 21 112.92989349365234 43.849205017089844 73 164.76040649414062 48.694976806640625 25 178.24079895019531 53.356105804443359 17 169.92901611328125 63.132087707519531 18 172.1737060546875 87.896736145019531 74 246.61758422851562 93.479301452636719 -1 180.09010314941406 94.206626892089844 75 225.85179138183594 98.527542114257812 107 164.52337646484375 101.96283721923828 66 243.56825256347656 114.85857391357422 128 164.76040649414062 48.694976806640625 69 169.92901611328125 63.132087707519531 19 169.92901611328125 63.132087707519531 20 246.61758422851562 93.479301452636719 -1 164.52337646484375 101.96283721923828 108 100.64557647705078 8.6089696884155273 109 190.61598205566406 151.61370849609375 129 189.86911010742188 178.32009887695312 110 113.19829559326172 2.788710355758667 111 109.91482543945312 5.5580296516418457 92 36.76922607421875 55.427467346191406 93 113.19829559326172 2.788710355758667 112 12.020403861999512 57.700233459472656 -1 103.90866851806641 9.461181640625 113 84.120803833007812 14.348824501037598 94 97.786582946777344 15.883837699890137 -1 85.245040893554688 29.50086784362793 80 97.786582946777344 15.883837699890137 -1 126.15706634521484 30.664033889770508 79 127.99129486083984 33.383140563964844 138 129.52775573730469 36.484657287597656 133 252.28225708007812 120.41020965576172 136 227.90739440917969 95.64495849609375 76 11.111369132995605 48.968936920166016 137 56.764808654785156 50.004981994628906 -1 109.91482543945312 5.5580296516418457 95 11.111369132995605 48.968936920166016 -1 177.70506286621094 90.159011840820312 96 227.90739440917969 95.64495849609375 70 151.53788757324219 75.671798706054688 22 177.70506286621094 90.159011840820312 97 241.17083740234375 91.267723083496094 135 251.10337829589844 93.851516723632812 -1 166.94168090820312 41.398273468017578 85 56.857486724853516 46.587154388427734 -1 23.834817886352539 46.812454223632812 -1 50.355697631835938 47.537441253662109 147 133.28311157226562 184.54411315917969 153 169.53030395507812 39.827789306640625 35 184.59349060058594 146.87042236328125 157 169.39682006835938 133.40348815917969 156 160.59805297851562 125.47257995605469 -1 156.63435363769531 125.74329376220703 -1 238.27719116210938 108.35187530517578 143 238.16450500488281 104.97051239013672 114 153.95539855957031 102.90687561035156 146 169.12837219238281 95.645217895507812 29 243.96368408203125 89.066703796386719 -1 166.24310302734375 89.074752807617188 31 172.76722717285156 80.422813415527344 82 2.672938346862793 74.135261535644531 -1 224.16787719726562 71.620147705078125 98 26.803256988525391 67.326026916503906 -1 196.18782043457031 57.357948303222656 34 14.033601760864258 54.161033630371094 -1 116.36217498779297 2.6417820453643799 -1 105.92189025878906 7.1162757873535156 141 92.700363159179688 10.577487945556641 -1 94.108856201171875 23.901317596435547 27 108.87073516845703 35.920860290527344 142 42.607738494873047 52.012939453125 115 166.24310302734375 89.074752807617188 33 166.24310302734375 89.074752807617188 86 153.95539855957031 102.90687561035156 -1 238.16450500488281 104.97051239013672 -1 133.28311157226562 184.54411315917969 116 105.92189025878906 7.1162757873535156 117 42.607738494873047 52.012939453125 99 92.700363159179688 10.577487945556641 -1 87.230438232421875 16.360099792480469 -1 87.0050048828125 19.530235290527344 23 5.7535839080810547 50.870773315429688 -1 94.108856201171875 23.901317596435547 24 108.87073516845703 35.920860290527344 83 116.88179016113281 36.63702392578125 84 116.36217498779297 2.6417820453643799 140 5.7535839080810547 50.870773315429688 -1 147.16262817382812 21.847110748291016 72 166.18519592285156 100.87814331054688 118 181.12913513183594 89.150611877441406 119 8.2034778594970703 49.216808319091797 -1 60.235198974609375 41.613494873046875 -1 181.12913513183594 89.150611877441406 36 
