# 3D point list with one line of data per point:
#   POINT3D_ID, X, Y, Z, R, G, B, ERROR, TRACK[] as (IMAGE_ID, POINT2D_IDX)
# Number of points: 148, mean track length: 3.9527027027027026
1 -0.15307078696382292 -2.0568675895136943 22.095480278691987 92 90 82 0.84068664340635557 90 0 91 0 89 0 94 0 93 0
2 0.38618746691769767 -1.6901834118832222 22.227699869037071 98 98 94 1.4820516070007785 90 1 91 1 89 1 94 1 93 1 92 1
3 0.32878630538721243 -2.0174375264136071 22.08460379942921 110 109 111 0.38250531087014999 90 17 91 22 89 17 94 17 93 16 92 18
4 0.32878630538721243 -2.0174375264136071 22.08460379942921 110 109 111 0.38250531087014999 90 21 91 23 89 23 94 24 93 24 92 20
5 0.13611855928173669 -2.2201448615413804 22.134384326431736 252 106 101 0.44705248548762261 90 35 91 29 89 33 93 26
6 0.077667214484397937 -2.2961231060915694 22.136010679766095 108 107 105 0.90825473097547604 90 23 91 30 89 26 94 14 93 31 92 14
7 0.27102611299461909 -2.034377578277343 22.09547665411591 250 211 200 0.5369891956678744 90 28 91 37 89 35 94 37 93 35 92 32
8 0.27038226294502199 -2.0345281872794407 22.094613269606345 250 211 200 0.50156666443976783 90 37 91 43 94 38 93 38 92 33
9 0.27102611299461909 -2.034377578277343 22.09547665411591 250 211 200 0.5369891956678744 90 36 91 44 89 36 94 41 93 33 92 38
10 0.3668448894728582 -2.1680768992745474 22.108995354777392 116 127 134 0.99407406257820963 90 48 91 46 89 43 94 56 93 40 92 48
11 -0.13269721690247094 -2.2446230783206573 22.08124832597656 108 108 102 1.4111761301712937 90 43 91 47 89 52 94 52 93 45 92 43
12 -0.3722653171750594 -2.0884378549985732 22.166465263608654 107 102 92 0.71893070600684605 90 33 91 49 89 41 94 46 93 52 92 60
13 0.38325416823074615 -1.9267529203062901 22.065459900765578 245 238 223 0.42117439596099199 90 47 91 51 89 48 94 50 93 51 92 51
14 -0.3722653171750594 -2.0884378549985732 22.166465263608654 107 102 92 0.71893070600684605 90 27 91 53 89 34 94 54 93 39 92 46
15 0.34391228687574726 -1.9546359013494259 22.074938185519891 205 197 171 0.46808168472267281 90 39 91 54 89 51 94 55 93 53 92 52
16 0.38325416823074615 -1.9267529203062901 22.065459900765578 245 238 223 0.42117439596099199 90 45 91 55 89 53 94 44 93 44 92 57
17 0.3630831771885456 -2.1335494678100133 22.105435866401525 113 118 126 0.83430028303453696 90 54 91 59 89 72 94 67 93 81 92 77
18 0.33091640537685429 -2.0952219739621518 22.099864443672612 255 254 237 0.44521607343550801 90 55 91 60 89 73 94 68 93 60 92 78
19 0.33091640537685429 -2.0952219739621518 22.099864443672612 255 254 237 0.44521607343550801 90 62 91 67 89 58 94 76 93 73 92 68
20 0.33091640537685429 -2.0952219739621518 22.099864443672612 255 254 237 0.44521607343550801 90 64 91 68 89 59 94 77 93 74 92 69
21 0.3287386494310493 -2.1937932483523577 22.117043156884026 147 154 161 0.92763838554492128 90 69 91 71 89 89 94 64 92 74
22 0.24103910361061254 -2.0429340631336057 22.098472330487034 65 54 46 0.62430903096898627 90 79 91 72 89 97 94 104 93 88 92 104
23 -0.11719531101439817 -2.2588531575374229 22.088126110376059 178 174 164 1.5068975582869892 90 74 91 76 89 84 94 145 93 137 92 135
24 -0.088877451372715036 -2.2439442431127117 22.0616445416583 189 184 177 0.97215304243963252 90 81 91 81 89 86 94 147 93 128
25 0.29211783047960133 -2.1609365859609415 22.112549167845586 109 104 100 0.55531352428992575 90 42 91 83 89 70 94 66 93 56 92 63
26 -0.14467051331736816 -2.212130336384647 22.02286580154135 136 131 126 1.0406195504128126 90 85 91 91
27 -0.088306854597598905 -2.2440490677352796 22.063293208226618 189 184 177 1.0606704248894538 90 88 91 97 94 133 93 138
28 -0.32638612310915543 -2.1309642238914956 22.103487968791306 185 176 169 0.60780175159999394 90 82 91 101 89 68
29 0.35409370037623134 -1.9287957412612273 22.075908747984524 87 84 86 0.48219888745586192 90 100 91 117 89 102 94 121 93 122
30 0.36517420686656826 -1.9689798331756545 22.105777271444463 159 123 106 0.26016119904647744 90 102 91 118 89 103
31 0.33349694309602707 -1.9656181174460114 22.077983059433777 250 245 219 0.46768892659410938 90 103 91 119 89 125 94 123 93 123 92 113
32 -0.11726432009275285 -2.2187352379811984 22.033565374111308 122 125 125 0.99317171867509713 90 119 91 120 89 105
33 0.33349694309602707 -1.9656181174460114 22.077983059433777 250 245 219 0.46768892659410938 90 116 91 122 89 114 94 136 93 131 92 132
34 0.44645967036711653 -2.1042429525039696 22.084871499262078 136 133 129 0.88815122104883648 90 106 91 129 89 108 94 128
35 0.30960184873075408 -2.1930457841431772 22.119710904283327 142 142 145 0.71036688254136882 90 94 91 132 89 116 94 113 93 141 92 119
36 0.41050361970818766 -1.9582454399980538 22.06976913843959 252 245 224 0.52018867893376208 90 104 91 137 89 104 94 157 93 155 92 140
37 0.20025374885690539 -1.3027374185083183 22.064218691854144 110 110 106 1.9715911361336937 90 3 89 2
38 0.45024207808451777 -2.0563114411774568 22.114980076325452 121 124 120 0.39357808317757331 90 5 91 3 89 3 94 5 93 4 92 4
39 0.64881401177565323 -1.8109979962066216 22.283048683269129 182 181 182 1.5514061687666547 91 4 89 4 93 6 94 6 90 2 92 7
40 0.64881401177565323 -1.8109979962066216 22.283048683269129 182 181 182 1.5514061687666547 91 6 89 5 93 8 94 8 90 4 92 8
41 -0.076721246642137045 -2.2255798205800446 22.120355454486006 89 90 81 2.1318422998456983 90 6 89 6 93 14 92 19
42 -0.069487820246773968 -2.2268740815727917 22.119959545295451 89 90 81 1.1819562402394006 89 7 94 12 93 15 92 15
43 0.021360161526918255 -2.2507786950469706 22.162709273856837 254 255 249 1.0065465989612619 90 8 91 8 89 8 94 9 93 11 92 10
44 -0.004707820310682535 -1.952489055133777 22.190690269286744 89 85 74 1.8284723105864125 90 9 91 7 89 9 93 19 89 19 90 18
46 0.67629999303630028 -1.8657261525826663 22.264182712637393 189 191 192 0.83348298107856233 91 13 89 11 94 23 93 22
47 0.63347409052548065 -1.944270818474064 22.108952981252418 153 152 154 1.674780698438783 91 9 89 12 94 11 93 12 92 13
48 0.6776959258487677 -1.8616789037075685 22.24614958158503 189 191 192 0.62239080115143541 91 12 89 13
49 0.6776959258487677 -1.8616789037075685 22.24614958158503 189 191 192 0.62239080115143541 91 14 89 14
50 -0.38287865767196694 -2.0513651946412699 22.1719876101449 238 220 225 1.1032658288793311 90 15 89 15 91 38 94 43 93 34 92 34
52 0.52927678923562516 -1.9624968040358641 22.226511357223256 125 125 121 0.68305243018924922 91 19 89 20 94 18 93 17
54 0.59686143888919974 -1.9494386222576645 22.212472845237052 170 169 170 1.2104949946535515 91 20 89 22 90 12 93 23
55 0.59686143888919974 -1.9494386222576645 22.212472845237052 170 169 170 1.2104949946535515 91 24 89 24 90 14 93 18
56 0.41061797465307265 -2.1298630823332561 22.100708616439359 109 119 126 1.5345625007225723 90 16 89 25 94 16 92 16
57 0.33210856659336929 -2.1456343678673995 22.112124741000901 137 145 149 0.74397894721211155 90 25 91 25 89 27 94 35 93 29 92 25
58 0.66237550443972626 -1.9457909110383869 22.148499693104387 145 145 145 0.74055058316841937 91 32 89 28
59 0.26867752298431469 -1.7725863602599474 22.081001481248261 142 133 130 1.5302287992413128 90 24 91 28 89 29 93 37 92 28
60 0.52317472546652288 -1.4368849436293669 22.320994668379956 136 135 135 0.88997130671546854 91 34 89 30 93 32
61 0.55788924983031862 -1.4121025353890848 22.316704707362046 132 132 130 1.3438798219296755 91 35 89 31 93 27 94 30
62 0.31762548430714221 -1.7684900581678347 22.14542637039597 95 90 86 0.80552842616930176 90 26 91 36 89 32
63 0.13491042708897455 -2.2142673717670425 22.116178820581826 253 109 102 0.10983541522235361 90 34 89 37
64 0.13665014917083551 -2.2177859105802589 22.121875765900636 253 109 102 0.46099418818161109 91 31 89 38 94 21 93 30 92 22
65 0.60905161209993597 -1.9032325570372739 22.2714179322241 145 145 147 1.1973013683580451 91 48 89 46 94 51 90 31 93 41
66 0.33462659080979379 -1.8937758552670609 22.088219301990495 147 136 127 0.7357470228444859 90 44 91 64 89 47 94 73 93 65
67 0.059882599790168613 -2.2500107226691366 22.155174322323131 254 255 249 1.0086229657265369 90 51 91 57 89 55 94 62 93 58 92 105
68 0.059882599790168613 -2.2500107226691366 22.155174322323131 254 255 249 1.0086229657265369 90 50 91 56 89 56 94 60 93 59 92 99
69 0.29211783047960133 -2.1609365859609415 22.112549167845586 108 102 102 0.55531352428992575 90 40 91 98 89 57 94 75 93 57 92 64
70 0.62580686462145041 -1.8941391718036804 22.267588174834522 170 170 173 1.6150714696524897 91 66 89 61 94 103 92 82
72 0.17504573237653107 -2.2686214820661852 22.125779115970815 84 82 79 1.8933422531978199 91 112 89 67 94 152
73 0.014422797114107273 -2.1828753905893752 22.160128224267002 61 49 39 1.6716468923661942 90 52 91 58 89 69 94 65 92 75
74 0.36408925632725514 -1.9693526577933484 22.080100862871266 149 115 89 0.41168462389792371 90 57 91 62 89 74 94 69 93 61 92 81
75 0.40961317222522797 -1.9304036375201599 22.067121395541562 90 75 61 0.51333897596633793 90 59 91 63 89 75 94 71 93 62 92 65
76 0.62527591597565912 -1.8953891161998109 22.265685442558905 170 170 173 1.4246122741706762 91 115 89 78 94 97
77 0.50267586362823391 -1.5555104469257381 22.355711923688151 121 121 117 1.7937448341085171 91 109 89 81 93 68 92 67
79 0.083725107305715973 -2.2362117639119079 22.152305451392603 228 200 186 0.91667177187837023 90 71 91 92 89 87 94 93 93 111 92 103
80 -0.12996082196279291 -2.2236816193616913 22.0860474095245 97 94 88 0.96900109943110402 90 63 89 90 94 91 93 114 92 100
82 0.35931339645727983 -2.011017705938384 22.086239514837303 116 115 115 0.75293332005640945 90 80 91 90 89 106 94 124 93 124
83 -0.0059327554696309778 -2.2120172262795466 22.16873967252031 255 255 236 1.610626321283118 90 92 91 121 89 109 94 148 93 140 92 123
84 0.035370478642079983 -2.2121959080816911 22.158193875282908 247 203 177 1.3513973803689037 90 93 91 127 89 110 94 149 93 150 92 122
85 0.30601379059716938 -2.1909201989411322 22.114769625474715 146 146 145 1.0618292171822283 90 110 89 112 92 129 94 108
86 0.33465649016033322 -1.9640708365443535 22.076979833900761 251 247 225 0.2874489568348858 90 117 89 115 94 137 92 131
88 -0.2358136314195195 -2.1326620883173986 21.843172778562629 101 101 95 0.78988053578987827 91 77 94 32
89 0.47844789272520782 -2.0874591690713951 22.121480205348195 117 117 119 0.81373667222504376 90 10 91 18 94 33 93 28 92 23
90 -0.11058517532603085 -2.2681078565605515 22.061034286909699 141 133 130 0.79537671406937593 91 40 94 48 93 48 89 40
91 -0.080934264072425377 -2.2765618444705793 22.114808788823531 254 254 253 0.23706604902757458 91 39 94 63 93 49
92 0.0032228358196886636 -2.3159442127274978 22.176351016223517 207 160 139 0.63800144544723947 90 107 91 86 94 84
93 -0.3648358770892367 -2.070920241015505 22.1705340614402 128 114 108 0.63662851441064205 90 76 94 85 89 117 93 86 92 96
94 -0.12772304573001095 -2.2734330635299056 22.135062101513796 174 169 165 0.65089985864886524 91 88 94 89 93 136 92 126
95 0.0032228358196886636 -2.3159442127274978 22.176351016223517 207 160 139 0.63800144544723947 90 111 91 95 94 100
96 0.39508780225531692 -1.9541014907680456 22.063225869931966 181 137 112 0.0053362763811757169 90 118 94 102
97 0.39508780225531692 -1.9541014907680456 22.063225869931966 181 137 112 0.0053362763811757169 90 101 94 105
98 0.57642639911958604 -2.0163465456453338 22.080512288337108 155 155 158 1.9245049236047376 90 56 94 126 93 83
99 -0.34769192238563729 -2.0856852574494127 22.13130317771196 126 118 109 2.2660346016528683 90 112 94 142
100 0.44898577511119847 -2.0568575812683578 22.110723539819471 122 122 124 0.20598726114307081 91 5 94 4 93 5 92 5
101 -0.06316341800213171 -2.2272367504879229 22.107352558588055 99 102 101 0.46961590022204569 91 11 94 13
102 0.13232745902659351 -1.4048481554212497 21.895917596224589 252 102 100 1.6528330495334191 91 27 94 26 92 31
103 0.13232745902659351 -1.4048481554212497 21.895917596224589 252 102 100 1.6528330495334191 91 33 94 27 92 36
104 0.62564043780320555 -1.8452766856826972 22.303822833874364 213 213 218 0.68005484147913864 91 21 94 31 92 24
105 0.6106401087702078 -1.9873566221238699 22.124543429209925 143 145 149 1.479934594303131 91 52 94 42 93 36 93 99 92 79
106 0.61486423395683576 -1.8012631342449201 22.326265293608088 153 152 153 0.6266778319033609 91 50 94 58 93 50 92 50
107 0.61887521304430892 -1.8799305926027432 22.285826269367504 160 160 164 0.8075560906465451 91 73 94 72
108 0.33033607629874762 -1.8925613402129899 22.048031658022413 139 128 119 0.11499520962031735 91 69 94 79 93 78
109 -0.043580730515447585 -2.300847972440669 22.159003297015953 176 130 119 1.3395415716943921 91 70 94 80 93 79 92 107
110 0.46025731735556524 -1.4339080872563517 22.300698269902494 169 169 161 0.58577668719112541 91 126 94 82
111 0.019515699467562826 -2.3240192196368183 22.153762681526043 212 168 149 0.55317892290997794 91 82 94 83 93 87
112 0.019515699467562826 -2.3240192196368183 22.153762681526043 212 168 149 0.55317892290997794 91 96 94 86 93 85
113 -0.027694353759248884 -2.2999529183703102 22.156163433652001 239 166 141 1.2910243256878609 91 106 94 88 93 84 92 97
114 0.66436356488938531 -1.8438630681115245 22.30400881704503 207 208 216 0.97076926479843095 91 123 94 119 93 93 92 90
115 -0.33284299654947586 -2.0889420294879315 22.191408888128414 126 118 109 1.7906566144134262 91 85 94 135 93 147
116 0.13869654869287074 -1.3860228497875136 21.892107358393041 241 103 102 1.2695520035260537 91 41 94 140 92 56
117 -0.015437907236905512 -2.3085643034916767 22.156484846787823 212 156 131 0.67345774230887667 91 105 94 141 93 134
118 0.33868878347033088 -1.8979896911706087 22.057293921083467 139 129 120 0.19867814754398039 91 116 94 153 93 121
119 0.41104806424162754 -1.9581595813506312 22.065940009136774 252 244 226 0.62690218251912677 91 138 94 154 93 156 92 142
120 0.11112331083394376 -1.2837752584567905 21.67349163836758 108 107 107 0.55047383892144186 94 2 93 2
121 0.10725771419878236 -1.282831971330173 21.766750517155526 109 109 105 1.462478023372962 94 3 93 3 92 3
122 0.10523920679683668 -1.5516755428310545 21.795145708766025 253 104 102 0.19600633295245737 94 7 93 7 92 6
123 0.68043564241659338 -1.6675460179611028 22.352236938346383 134 135 137 0.43835979482651882 94 10 93 13 92 11
124 0.67269294446740835 -1.8683728303162963 22.27731552434026 204 204 208 0.75970482964183927 94 19 93 20 92 26
125 0.41108309432050122 -2.1283096318111334 22.084202932007305 103 112 121 0.83267890382148968 91 17 93 21
126 0.67999906895173201 -1.9164890082195285 22.166254030344568 156 156 159 0.8504774727255523 94 28 93 25 92 49
128 0.68498911594554845 -1.7930633390142916 22.315424388508337 196 194 200 0.37965093125911897 94 74 93 66 92 91
129 0.48038644168870043 -1.5798739916697244 22.350792070312409 119 115 112 0.9346204012911915 89 63 94 81 93 67 92 95
130 0.12303369839900334 -2.2277901798904627 22.117790433351143 248 109 104 0.18679224894916238 94 47 93 70 92 61
131 0.12303369839900334 -2.2277901798904627 22.117790433351143 248 109 104 0.18679224894916238 94 59 93 71 92 45
132 0.68700412335410233 -1.8938889033591197 22.255957416228188 151 151 155 0.88079196372135604 91 65 93 75
133 0.09674016490818442 -2.2163033962823167 22.320124632348758 254 93 87 0.58849237907997409 94 95 93 77
134 0.12303369839900334 -2.2277901798904627 22.117790433351143 248 109 104 0.18679224894916238 94 57 93 80 92 62
135 0.6577424323167419 -1.9118604253401577 22.180053845812775 157 160 161 1.5438873414226053 94 106 93 90 92 102
136 0.71228326456136715 -1.7658456998296399 22.309516884930563 176 176 179 0.52447671873618695 94 96 93 94 92 92
137 -0.45173734551077582 -2.0719883855621806 22.182422007356308 152 136 128 0.67623359155533291 94 98 93 101 92 86
138 0.091139880493574868 -2.2257880467544942 22.153488566538108 74 53 44 0.81912559622314451 89 88 94 94 93 113 92 83
139 0.44830335448422287 -1.4067642105854152 22.337515921206677 124 125 119 1.2284034513154287 89 119 93 116
140 0.033292687147495989 -2.3254793563449803 22.147442245464482 254 252 240 0.48029613238419055 94 150 93 120
141 -0.017998680506366122 -2.308157422152199 22.145640497237576 214 155 130 0.50128641072759916 94 131 93 126
142 -0.0094375805398757319 -2.2108917495696385 22.169835384132426 254 254 205 1.5153978231384606 89 111 94 134 93 130 92 127
143 0.66426994642081405 -1.8278062959294865 22.298167811209503 176 175 180 0.10988270406500117 94 118 93 132
144 0.46702027794585188 -1.4499143978243856 22.438466169285824 121 121 116 0.59513295949731149 91 131 93 133
145 -0.038830860575837567 -2.295086440920461 22.170947372604655 174 126 121 0.49885280912353513 91 107 93 135
146 0.26762178068810305 -1.8900987461064243 22.013491058455561 138 140 138 0.052266475704402141 94 120 93 144
147 -0.30240005114652246 -2.1176602670390507 22.120253764038164 130 121 116 0.035050129025000189 94 111 93 145
148 0.62408979612610793 -1.8463323137498182 22.303799620384194 215 214 220 0.62604102428908159 94 36 92 27
149 0.45278258490826018 -1.1536323421729942 22.222949219701047 134 137 136 1.440847712603083 94 40 92 35
150 0.49829480310206892 -1.867511202479829 22.342137417566551 115 115 115 0.33922819600008813 94 49 92 42
152 0.47092001782952997 -2.1003700991533134 22.087797872600596 121 121 125 2.3589129857360058 89 92 92 55
153 0.13622333883968374 -1.3747803667823411 21.997651919538303 251 102 100 0.72780893258085655 94 112 92 58
154 -0.0071868992990200909 -2.255821713000183 22.128868713937052 254 204 168 0.5244729128594996 94 61 92 73
155 -0.30299510495127918 -2.1073813407787152 22.174188554395194 153 141 130 0.40886283147829933 93 146 92 88
156 0.38613343286022334 -1.6805894112825144 22.338126258047271 106 106 101 1.9244649582293993 94 115 92 93
157 0.44422884993375633 -1.6152604616114106 21.953513210575824 119 120 121 0.27250200265315094 94 114 92 53
