# Frame list with one line of data per frame:
#   FRAME_ID, RIG_ID, RIG_FROM_WORLD[QW, QX, QY, QZ, TX, TY, TZ], NUM_DATA_IDS, DATA_IDS[] as (SENSOR_TYPE, SENSOR_ID, DATA_ID)
# Number of frames: 34
49 1 0.98560109313738486 -0.035636323582809715 -0.16207661734273232 -0.03243004407383477 -0.033112854779067696 -3.6072080545484932 -3.5881465803271659 1 CAMERA 1 49
64 1 0.98586365154874267 -0.036148782540708572 -0.16037363764167484 -0.032348453214655362 -0.078694546067710244 -3.5977325058530627 -3.560213588887875 1 CAMERA 1 64
66 1 0.9859689529531348 -0.036826981560943689 -0.15891496717263021 -0.035426408936424639 -0.38486570298633982 -3.7262238425780625 -3.2709525990322832 1 CAMERA 1 66
67 1 0.98584876186847359 -0.03471099625473948 -0.16156650895159114 -0.028171415416987922 -0.25126010697877726 -3.713680881784529 -3.2696235133434581 1 CAMERA 1 67
70 1 0.98605848625965919 -0.038608045329229339 -0.15768238721183159 -0.036528691111834093 -0.40057118406299236 -4.1299083214369876 -3.2013415336556843 1 CAMERA 1 70
71 1 0.98610609280122641 -0.034817261835452459 -0.15906350649404527 -0.032883626934987233 -0.23081460966132952 -3.2125700752652304 -2.96796487907325 1 CAMERA 1 71
72 1 0.98570545276959642 -0.032422031741336975 -0.16285136712544082 -0.028513233128209994 0.028462595614606949 -2.9269415045331737 -2.6549495595370951 1 CAMERA 1 72
73 1 0.98589304133632871 -0.031239520849028618 -0.16176744275284705 -0.029500810953799885 -0.076138855926390414 -2.099521834203594 -2.1059740014051176 1 CAMERA 1 73
74 1 0.98570987366852225 -0.031109227248940451 -0.163278392139934 -0.027357404711661523 0.040010668155482876 -2.4591219021400259 -2.3492203696478793 1 CAMERA 1 74
75 1 0.98581266791740219 -0.031899312911858185 -0.16243510563646135 -0.027760656804132637 -0.095071066002571564 -2.8198535609329096 -2.6455796119207795 1 CAMERA 1 75
76 1 0.98614175683858074 -0.032943809401180184 -0.15961716294182579 -0.031008097907785196 -0.50457171394003331 -2.1990195039425036 -2.4353940615797365 1 CAMERA 1 76
77 1 0.98596134737612118 -0.029950514393715665 -0.16112061250497001 -0.031989629473299711 -0.0083721985206820851 -1.1869863617635794 -1.3044079409904126 1 CAMERA 1 77
78 1 0.98594514389794385 -0.030772120573083293 -0.16130912000547218 -0.030734632299064358 -0.027751950456302403 -1.6466868136161148 -1.651687133458678 1 CAMERA 1 78
79 1 0.98614593541679263 -0.02938064359312411 -0.15986572827003137 -0.033104694043075485 -0.0052274459026545343 -0.70479569011265586 -0.79617354088464187 1 CAMERA 1 79
80 1 0.98585620205128954 -0.028543674488128015 -0.16259779879550679 -0.028892271467968269 0.099285458704815976 -1.0635093420687673 -1.1458031589671558 1 CAMERA 1 80
81 1 0.98610409428346746 -0.027505629817846978 -0.16054949541964197 -0.032649886465415272 0.067998384943106963 -0.13834621492524415 -0.21541490408889927 1 CAMERA 1 81
82 1 0.986063459532319 -0.028532969504095333 -0.16054436313604864 -0.033018644606851145 0.051426680380621891 -0.39903514589015937 -0.42362280022634441 1 CAMERA 1 82
83 1 0.98603591623624731 -0.025447055049472297 -0.16182644346479449 -0.029963669284469616 0.1395068835245748 0.68195773039001806 0.47165349715108018 1 CAMERA 1 83
84 1 0.98594726377487452 -0.02556233553229105 -0.16223643645145852 -0.030559756944460972 0.16673881926103812 0.32621493721916633 0.11616343394029412 1 CAMERA 1 84
85 1 0.9859896473929799 -0.023526887325360617 -0.16233493238117222 -0.030302978986348789 0.2050273734338017 1.3061096913011909 1.007017711213732 1 CAMERA 1 85
86 1 0.98609697154048681 -0.025017811049459958 -0.16132575202344077 -0.030997960949798176 0.15076775175235466 0.9211843169246966 0.62219079754585527 1 CAMERA 1 86
87 1 0.98608383423825563 -0.023420182607295514 -0.16164572081692993 -0.030997223136864521 0.19795369544634148 1.7986979104533827 1.512585348432504 1 CAMERA 1 87
88 1 0.98604598273130739 -0.021728337329325723 -0.1623393132792873 -0.02978500730842417 0.2280943965201486 2.2657011426413929 1.873105049115519 1 CAMERA 1 88
89 1 0.98615200410533099 -0.019887510935357684 -0.16208138881398523 -0.028954017130014362 0.18350446566980735 3.3082822784376815 2.7741098346454738 1 CAMERA 1 89
90 1 0.98606126539440697 -0.024138028470027131 -0.16179272452333715 -0.030391623215560878 0.19543121566537314 1.6099781491043579 1.3203196079027666 1 CAMERA 1 90
91 1 0.98609690926541971 -0.020442971976220685 -0.1621091715111575 -0.030258667286121036 0.2283046866624015 2.729091083514275 2.2355398079588089 1 CAMERA 1 91
92 1 0.98606877303322016 -0.020527371283512078 -0.16235488869555123 -0.029797516567725679 0.22979503175577026 2.918056645108813 2.4015529218658673 1 CAMERA 1 92
93 1 0.98616886848158358 -0.018656954533580662 -0.16213056048980481 -0.028923385703384586 0.16984427299126259 3.7827183730017904 3.1530955004920367 1 CAMERA 1 93
94 1 0.98636311835134904 -0.019414594671850385 -0.15956475038138268 -0.035354811633742572 0.098760298366396201 3.8850747073117251 3.6055744270597487 1 CAMERA 1 94
95 1 0.98627433258972796 -0.018729025475152584 -0.16129158892350667 -0.029953093696117511 0.16011110468439915 4.040151624938126 3.4421861066521728 1 CAMERA 1 95
96 1 0.98690292976099236 -0.018131146231947566 -0.15746627865279603 -0.029970649854908382 -1.4404096265218898 3.0758783215181258 5.8649566608559667 1 CAMERA 1 96
97 1 0.98662438968105892 -0.02256750814041459 -0.15669276910394983 -0.038863831171753696 -0.056224026607692247 3.7066582853582357 3.3996384810900278 1 CAMERA 1 97
98 1 0.98671728751815702 -0.017595579450919701 -0.15880078799362202 -0.029354724137723654 -0.98048421061110103 3.1712910574528514 5.7718720585876042 1 CAMERA 1 98
101 1 0.98657314507366967 -0.021463141290693377 -0.15933207348088241 -0.028741143777979049 0.075353308544118397 -0.084852535457797085 7.8939605763207652 1 CAMERA 1 101
