# 3D point list with one line of data per point:
#   POINT3D_ID, X, Y, Z, R, G, B, ERROR, TRACK[] as (IMAGE_ID, POINT2D_IDX)
# Number of points: 242, mean track length: 9.7603305785123968
2 42.630463297975751 -16.012130175960642 41.852133716424554 111 112 113 1.361801216963028 76 3 74 3 72 3 75 3 78 3 73 3 71 3 66 3 67 3 70 3 64 3 49 3
3 39.778547883136213 -83.680865642306557 160.28283068614348 252 100 102 1.0559374934038073 76 5 74 4 72 8 75 6 71 8 80 4 67 8 70 8 49 7 84 7 83 8 85 7 90 6 92 9
5 12.794558805610533 3.7846727968226981 11.714588709014233 189 183 181 0.53995288477778625 76 12 74 11 72 17 75 13 78 14 73 10 71 12 77 12 79 10 67 12 70 6 83 14
6 151.75461556371187 -96.190315991101471 217.2521413940797 134 115 116 0.20282046669454612 76 9 74 12 72 13 75 10 78 9 73 7 71 14 77 10 79 13 80 9 82 7 81 6 84 11 86 11 83 13 85 19 87 19 88 21 90 14 91 22 92 20 89 19 93 14 94 16 95 13 97 25 96 29 101 26 98 32
7 13.24908041486627 4.5078009654586655 10.846589526525497 124 128 127 0.84995138640465184 76 11 74 13 72 15 75 11 78 12 73 8 77 11
8 190.98472717735288 -175.16464013371254 249.37360579345895 128 134 144 0.29977899082567344 76 15 74 16 75 16 78 18 73 13 77 21 79 18 80 18 82 14 81 14 84 18 86 22 83 19 85 28 87 35 88 30 90 30 91 32 92 26 89 36 93 36 94 40 95 30 97 39 96 42 101 48 98 52
9 240.20625352420373 -181.53764608869625 251.75357332970859 116 124 136 1.4645067331786865 76 16 74 17 72 21 75 17 78 19 73 15 71 23 77 16 80 19 67 20 64 20 66 14 70 27 82 11 79 12 81 15 84 24 83 18 86 23 85 23 87 28 88 34 90 31 91 31 91 103 92 27 89 30 93 22 93 115 94 27 95 31 97 40 96 28 101 49 98 30
12 122.5333316927064 -159.54238418185591 225.68485022694006 254 93 92 0.73338652324774045 76 13 74 23 72 19 78 26 71 22 79 30 80 20 66 10 67 15 70 26 49 20 82 22 86 36 83 32 85 30 88 53 94 53
13 128.84458048225338 -96.813394719851544 212.64556252769404 223 185 174 0.1981066536118013 76 22 74 24 72 29 75 23 78 30 73 26 71 24 77 28 79 32 80 22 66 16 67 22 64 21 70 23 49 22 82 24 81 31 84 37 86 39 83 34 85 34 87 39 88 39 90 39 91 43 92 33 89 45 93 41 94 45 95 40 97 43 96 51 101 56 98 62
14 1.9426095767595026 2.6706369430262953 22.391626201969199 102 105 100 1.5700878578695094 76 24 74 25 72 25 78 28 73 24
15 209.12079615484384 -188.31611620480646 240.88124449745754 117 123 135 0.46449358471111241 76 29 74 27 72 28 75 30 78 36 73 35 71 29 77 32 79 37 80 35 66 15 67 19 64 19 70 25 49 18 82 38 81 43 84 64 86 44 83 43 85 72 87 62 88 54 90 75 91 56 92 41 89 85 93 49 94 52 95 50 97 62 96 71 101 178 98 73
16 168.35482229122917 -68.604247508451493 221.78551990135432 246 241 233 0.25971869659533897 76 35 74 30 72 36 75 31 78 39 73 32 77 35 79 48 80 42 66 32 67 39 64 45 70 56 49 42 82 32 81 35 84 43 86 49 83 48 85 51 87 51 88 49 90 60 91 65 92 51 89 60 93 53 94 55 95 52 97 51 96 65 101 51 98 60
17 133.83352223328561 -57.7205925582821 246.03470862606056 164 121 116 0.32398159300804591 76 26 74 31 72 38 75 20 78 49 73 33 71 30 77 40 79 40 80 37 66 23 67 26 70 28 82 33 81 36 84 36 83 27 83 73 86 40 85 36 87 50 88 48 90 58 91 64 92 48 89 58 93 62 94 61 95 54 97 53 96 55 101 55 98 59
19 168.35482229122917 -68.604247508451493 221.78551990135432 246 241 233 0.25971869659533897 76 31 74 35 72 37 75 34 78 45 73 38 77 41 79 45 80 39 66 39 67 43 64 37 70 44 49 37 82 39 81 42 84 41 86 57 83 57 85 48 87 53 88 57 90 44 91 51 92 56 89 63 93 63 94 67 95 60 97 54 96 60 101 66 98 61
20 171.44208085465982 -87.232817541030073 232.40024514861 138 106 86 0.37872686408321221 76 34 74 38 72 35 75 33 78 44 73 31 71 38 77 34 79 39 80 31 66 36 67 37 64 52 49 48 82 31 81 38 84 44 86 62 83 45 85 49 87 59 88 50 90 42 91 61 92 52 89 92 93 94 94 92 95 87 97 80 96 68 101 108 98 71
21 10.887114414542344 11.774833641646413 11.136421656890578 118 128 129 1.5647254228280385 76 36 74 40 72 30 72 43 75 50 78 43 73 37 71 25 71 42 79 52 80 38 90 93 87 99 88 109
22 174.86799296492694 -140.85448774616179 235.65253091856246 254 249 232 0.17993661290704344 76 41 74 41 75 51 78 61 73 48 77 47 79 63 80 56 82 57 81 51 84 57 83 68 85 64 87 67 90 78 91 75 92 76 93 75 94 76 95 69 97 91 96 100 101 92 98 97
23 198.32666076049821 -201.12314164134725 245.81925932009202 131 140 151 0.38974861262614646 76 44 74 43 72 41 75 40 78 35 73 51 71 28 77 49 79 61 80 47 66 27 67 28 64 26 70 32 49 26 82 51 81 46 84 63 86 73 83 66 85 69 88 76 97 86
24 192.03247509942051 -178.82885735889374 261.70085498078981 135 136 139 0.47719599322097961 76 45 74 45 72 45 75 42 78 52 73 41 71 49 77 50 79 53 80 48 64 80 49 74 82 48 66 33 81 45 84 50 83 61 86 64 85 73 87 71 88 85 91 87 92 88 89 86 93 89 94 85 95 78 97 74 96 82 101 100 98 82
25 172.89042147366774 -139.33160691507393 233.02251143881711 254 249 232 0.18861173448333779 76 46 74 46 72 46 75 43 78 53 73 42 71 51 77 51 79 54 80 49 66 34 67 40 64 49 70 48 49 44 82 53 81 53 84 51 86 66 83 65 85 76 87 74 88 88 90 68 91 90 92 90 89 91 93 93 94 91 95 82 97 78 96 85 101 102 98 85
27 191.00704121739861 -74.696977452934107 235.26697546927014 89 66 52 0.46299162562158919 76 39 74 49 72 48 75 47 78 56 73 44 71 53 77 45 79 57 80 30 77 30 66 38 67 42 64 36 70 45 49 36 82 56 81 56 84 53 86 69 83 64 85 60 87 79 88 65 90 71 91 68 92 73 89 93 93 66 94 94 95 90 97 81 96 88 101 111 98 90
29 13.586937336960867 1.8718362665228305 11.573037867971239 143 146 148 0.79292650468147841 76 40 74 51 72 33 75 48 78 59 73 46 71 40 77 54 79 58 80 54 66 25 67 32 90 112 70 34
30 14.842974517927889 3.1427024647320452 12.357485182412894 97 104 105 1.4636581394025825 76 52 74 53 72 54 73 67 67 38 82 80 86 119 90 89 85 97 86 84
31 225.82226012690884 -151.44481337314303 221.29688532016419 144 140 132 0.31220581851437024 76 82 74 59 72 62 75 63 78 67 73 83 71 93 77 80 79 79 80 74 66 54 82 95 81 90 84 100 86 86 83 90 85 106 87 107 88 122 90 96 91 126 92 112 89 128 93 130 94 131 97 133
32 155.90678248960913 -82.220881223524543 228.03600570739044 249 231 197 0.21921531379320841 76 74 74 64 72 67 75 67 77 79 79 87 80 72 66 57 67 70 64 78 49 76 82 74 81 73 83 89 85 103 87 105 88 118 90 90 91 123 92 109 89 122 93 125 94 122 95 116 97 109 96 124 101 180 98 150
33 1.0789194397608872 2.1675086596564319 2.8775773420498587 74 81 84 0.17179728199384267 76 64 74 65
34 13.61217957095006 2.3340251125994884 12.119860925923108 90 100 101 0.9914048167966536 76 61 74 70 75 83 73 77 77 66 80 85 66 48 67 62 82 79 70 68
36 -0.30405881161977333 3.50594034409316 6.2846857595147538 96 104 104 2.2442824457123889 76 83 72 101
38 178.10642386957662 -189.68428221208805 234.74217366170998 126 134 139 0.2522240710607162 76 58 74 101 72 60 75 62 78 84 73 61 71 90 77 81 79 80 80 75 66 53 67 52 82 83 81 89 84 101 86 90 83 93 85 108 87 118 88 126 90 101 91 129 92 124 89 107 93 114 94 138 95 133 97 119 96 140 101 165 98 132
46 13.385351585814551 2.3476827307796535 13.217807874541618 120 126 126 1.1183684702828127 74 10 72 12 75 9 71 9 66 8 67 9 86 25 91 45 89 39
48 148.59068466797274 -94.180960396592496 212.66583252761998 131 115 114 0.17838955924450925 74 14 72 18 75 14 73 9 71 16 79 16 82 9 81 11 84 16 85 20 87 24 88 25 90 21 91 24 92 23 89 29 93 20 94 25 95 18 97 27 101 29 98 41
56 12.892627676985406 1.1196541031099383 12.934243495544973 115 117 123 0.66088184170350806 74 32 72 39 75 29 78 48 73 19 71 32 77 42 79 50 80 34 66 24 67 31
57 48.200768631334576 -195.82820543868107 209.44396166695932 206 167 153 0.69530548325624031 74 36 76 37 72 40 75 39 78 63 73 39 77 44 79 62 80 43 66 31 67 36 82 45 81 58 83 50 85 61 90 49 89 142
58 46.268196156155241 -187.22994729864467 199.82754180134646 206 167 153 0.71354241573319444 74 26 76 38 72 42 75 38 78 64 73 29 71 39 77 43 79 60 80 45 66 30 67 27 64 18 70 31 49 19 82 46 81 47 83 53 85 68 87 42 88 44 90 52 91 59 92 53 89 49 93 47 94 82 95 58 97 50
60 13.737449412227281 2.6298433591407049 11.051149216126769 162 164 165 0.84614482646188205 74 39 72 50 75 49 78 60 71 41 79 74 66 40 82 63 86 98 70 33
62 59.026581662426388 -229.73658734204068 227.96450045598181 190 167 151 0.75583479596473424 74 54 76 56 72 52 75 100 78 86 73 59 71 56 77 60 79 70 80 87 66 79 64 79 70 77 82 93 81 86 84 81 86 106 83 98 87 85 88 93 90 83 92 100 89 99 93 97 94 107 95 105 96 104 98 111
63 12.647454888195428 3.8650206035924497 11.902821319678493 119 124 126 0.5560251782961777 74 52 72 56 75 57 73 54 77 70 80 66 66 45 70 71 82 68 81 76 84 90 86 95 83 88 87 133 88 113 91 120 92 131 89 117 93 142
64 12.597414590652001 3.8553968634211331 11.868919300809264 119 124 126 0.62250628230657767 74 58 72 57 75 59 73 55 77 89 80 64 66 52 82 60 81 85 84 110 86 116 83 106 87 128 88 136 91 146 92 137 89 140 93 140 94 154
65 11.329269982460403 3.8405424811058495 9.1667305842764701 90 98 99 1.039674963516003 74 57 72 58 75 55
66 62.213075689064006 -215.92756383264683 206.30533598790078 200 168 157 0.93258645225992221 76 55 72 59 75 87 78 87 73 96 71 81 79 84 66 71 64 55 70 61 86 108 87 134 88 132 92 125 89 139 93 111 94 127 95 96 96 111 101 120 98 109 97 98
69 34.347680053227251 -16.856142870711309 40.003750018265087 33 32 33 1.4789691512087966 72 71 75 89 71 61 67 51 64 44 66 51 70 55 49 41
70 -6.4111340714884584 8.4388795494303732 20.722715340212588 37 36 27 1.7961165504963188 76 76 72 72 75 77 71 67
71 13.671879849994886 2.634024944352142 11.888364442608113 94 101 105 0.68785255730051842 74 71 72 79 75 53 78 71 73 76 77 64 79 73 80 84 66 61 67 48 70 69
72 13.643866215281047 1.7073568229849561 12.662411636464105 89 98 97 1.4174708127353901 74 67 72 83 75 85 71 72 66 46 66 67 67 61 70 85 79 99
73 11.94696313480758 1.2230022383172778 11.756187568451885 84 94 93 0.12103312368077723 74 66 72 84
74 12.906815859115135 0.61681053415280973 12.281479457078593 120 126 123 1.1880674483988225 76 70 72 85 75 61 78 69 73 79 70 89
76 60.000688009602314 -208.79963817825131 199.69015472383194 200 168 157 0.60552401003928602 76 75 72 89 75 65 78 88 73 92 71 80 79 89 66 77 64 53 70 60 86 112 87 119 88 127 92 113 89 131 95 93
77 20.555397708069243 -8.9171488264577903 25.283094865940942 33 32 33 2.2288192649966261 74 86 72 92 75 90 73 62 71 62 67 50 64 43
78 44.166957970699208 47.177174724607355 128.09265136424423 244 91 86 1.2080039939969114 74 95 72 99 75 98 79 49 80 59 70 74 64 87 84 54 86 45 85 46 87 97 88 66 88 146 91 119 93 152 96 106
85 5.5539319791304846 5.9272828736826346 5.858212034461884 41 42 38 1.2270704191236603 74 84 75 79 78 93
87 12.657395337345354 3.6715915122971139 11.620662700971993 189 189 186 0.41922066482457016 74 108 75 82 78 73 66 49
90 149.00369343206498 -68.66047610969882 262.33401162243524 148 137 138 1.7128037380750678 72 70 75 91 78 78 79 90 66 70 67 65 64 67 64 74 70 83 70 87 49 70 49 78 82 73 81 70 81 71 84 96 84 97 86 88 83 113 85 93 85 127 87 104 90 115 92 136 89 121 95 113 96 130
98 103.22591158550077 -99.327714695016439 159.39785817717964 244 94 94 1.2676576708384761 75 22 76 21 78 29 71 64 77 20 79 34 80 21 70 24 81 23 84 32 86 42 85 63 86 75 87 40 87 66 88 69 90 76 91 74 92 62 89 76 93 74 94 74 95 67 97 41 96 66
99 158.58133829696723 -150.61682902568623 290.67484972299604 250 82 81 0.78763095499062075 75 36 78 38 71 33 77 33 79 38 67 29 49 32 81 34 83 42 85 53 87 54 98 72
100 142.93477774567472 -135.6910689570033 261.58193303973542 250 82 81 0.73628477187325958 75 37 78 46 71 36 77 39 79 46 67 35 81 41 83 49 85 43 87 60 98 67
101 151.43500082213956 -142.57837449642136 251.60957625249878 244 91 88 0.80787918696474703 75 44 76 47 78 54 79 55 80 50 66 35 70 47 49 40 82 54 81 54 86 67 85 66 87 75 88 89 91 91 95 71 97 79
102 151.43500082213956 -142.57837449642136 251.60957625249878 244 91 88 0.80787918696474703 75 52 76 42 78 62 79 64 80 57 66 42 70 53 49 46 82 58 81 57 86 76 85 65 87 69 88 71 91 78 95 83 97 93
103 -2.3404763835144542 4.9529866921293157 17.823035883713185 101 103 102 1.3566781383083248 75 73 78 76 73 68 71 71
106 179.06330770867481 -179.48330620363797 240.65869522111817 97 98 96 0.86082747126453929 74 44 73 40 71 45 81 48 90 77 92 84 96 81 101 99
108 10.659429813864321 -6.7307669455153434 20.135078142238374 58 37 29 0.96655188078283527 75 35 73 57
110 -5.0807773570613968 7.1410588082963598 23.699607711878588 43 42 39 0.41309374000505511 74 74 75 71 73 69
111 9.3638949915491079 8.3532722405485895 8.3331774700819938 47 46 50 1.6349758439792286 74 99 78 98 73 74
112 -2.8880480236558284 5.3172771214497025 20.484070081366529 45 40 35 1.0960653720450255 75 94 73 84 71 89
113 -5.0807773570613968 7.1410588082963598 23.699607711878588 43 42 39 0.41309374000505511 74 93 75 96 73 85
114 9.3638949915491079 8.3532722405485895 8.3331774700819938 47 46 50 1.6349758439792286 74 83 78 102 73 89
116 14.20106992241324 -0.98713864437545762 15.198725852670975 80 87 89 2.1209692676088738 75 68 72 88 75 69 71 76 66 59 67 68 70 63 84 114 86 91 82 76 73 65 85 91 87 132
118 150.86059235811027 -56.232849409848477 230.07242584690323 133 123 116 0.51430263232957985 75 27 71 31 77 36 66 22 67 34 64 33 70 36 49 27 88 56 87 52 92 61 94 66 97 66 96 90 101 113 98 92
119 11.15642892023415 12.569054189523731 11.829399003534929 120 128 127 1.8049577724746921 74 102 71 48 90 86 80 55
123 -0.13359424198065825 3.028966732305344 19.014553909606157 34 30 28 0.15575317933121879 73 82 71 86
126 0.65824535900411396 2.4065645305562611 18.31088903638998 33 31 24 0.41104962480998813 74 103 78 94 71 92
127 -0.13359424198065825 3.028966732305344 19.014553909606157 34 30 28 0.15575317933121879 73 75 71 94
128 21.009971963888429 -1.0083552744610182 19.790975231363074 116 117 118 0.64498125667785933 71 74 76 71 78 89
135 14.960383392489021 -2.6247964947879812 18.275323595857962 110 111 112 1.5395930698622571 74 21 78 21 77 27
138 66.292051044212869 -165.90474208535463 290.48351956940047 252 100 101 1.977322395405601 74 18 72 22 76 6 74 8 72 10 78 6 79 6 66 11 67 10 77 15 86 17 84 23 83 10 84 9 93 23
145 17.977978357896632 -1.3985573088122467 12.808431452696675 167 169 172 0.49856103835282084 77 6 78 11 79 9 80 8
146 15.517190564144125 5.9159427154037081 11.626436354848407 126 132 132 0.91554915977693252 77 14 78 13 79 14 80 10 82 18 81 19
152 15.219832770147367 -10.910838363789903 28.874079915276688 209 65 57 2.2688464904859424 73 58 80 62
154 13.333317322072967 4.7930397349445517 9.6587827384122917 89 100 101 2.6553198134434139 77 65 78 75 80 69
156 15.07822759510708 4.1768259475428602 10.851025789200241 142 143 145 2.6854192199582596 78 66 80 88 84 91
157 14.24880962282886 3.5149376030639772 11.547509918822714 91 98 97 0.17902077597652807 77 68 80 89 74 56
159 14.740029273990867 -0.46871507140515589 15.176009628035278 83 91 92 1.666286689638125 77 72 80 91 72 86 74 106 75 99 71 75 67 66 84 82 49 23 64 29
161 23.863954792579463 -4.7103254463666557 14.854703746493374 166 168 174 1.2726683181698115 79 67 80 51 84 12 86 8 83 11 87 6 90 10 88 8 97 14
164 3.2079359659951838 0.4332081639228112 20.391248351181531 35 30 20 1.1760657201799549 75 80 66 60 72 75 78 70
165 5.3533503779377458 -1.5760694772773576 24.525493123032653 44 28 20 1.5585845340156965 75 102 66 68 67 46 64 56 70 64 49 50
167 3.2079359659951834 0.43320816392281258 20.391248351181527 35 30 20 1.17606572017995 75 92 66 78 72 93 78 92
168 7.177918085610405 8.6318760635417107 8.1124784439331723 110 121 122 1.1391948309290794 75 104 66 82 72 74 67 59
171 12.43556423063934 3.6849928738239548 10.235531572032658 90 99 102 0.88089688990745385 66 44 71 58 67 47 70 70
175 169.88193781562026 -83.12727464992075 230.07161374292639 149 116 99 0.2710592331066542 66 58 77 78 67 69 64 64 70 90 49 61 82 72 73 63 85 102 96 125 97 108 98 151
177 13.920896159809809 2.213618526866922 11.65371936161627 142 145 144 0.55013265823871593 74 69 67 76
180 14.68865658888801 2.2582939235178277 14.511429909123631 120 123 124 0.27622528834941706 71 10 67 6
182 -0.65853959944222973 4.9641317987847833 7.7768430541861546 91 102 100 0.89494736084098869 66 65 64 69 49 68 67 56
184 -0.22899503397885221 4.5668734909941602 7.2005523790906869 93 101 100 0.99022707129379262 67 75 64 88 66 64 49 67
185 68.617923952807601 -182.44111222239738 183.03501767202835 90 87 80 1.9347833826052241 74 33 76 28 72 27 75 24 78 34 73 23 71 27 77 25 80 32 64 14 74 15 76 14 72 20 75 15 78 17 73 14 77 24 79 22 80 12 82 12 82 47 81 12 81 33 84 22 84 34 86 18 86 46 83 16 83 54 85 22 85 39 88 42 90 19
189 13.507153459550173 -30.727080889596124 72.831785436435297 87 79 70 1.7305146970977596 64 27 75 32 70 42 49 33 82 43 86 60 76 30 101 80 77 53 79 66 90 43
192 7.1754988953164185 0.98178736655473609 15.773867971032312 77 29 24 1.4361386763334425 72 104 70 81 75 105
196 12.436234137017809 1.4903484679969057 12.076590627218168 89 97 98 1.1662618236258961 66 69 67 79 76 69 70 86
197 34.347680053227251 -16.856142870711309 40.003750018265087 33 32 33 1.4789691512087966 72 64 75 64 71 57 67 49 64 51 66 47 70 50 49 47
201 61.942196716789084 -18.785981791515223 74.773727270215147 44 43 41 1.2852209522423188 78 32 82 16 101 35
207 3.0114496375427811 -5.5877462485166687 12.316699162023394 0 0 0 0.12090185585306706 70 51 71 87
210 12.718421112296946 4.1478994434510481 11.593608306551339 127 126 127 0.34873629106418569 70 72 75 56 79 77 82 65 81 60 83 75 88 112
211 12.662842311228919 4.1226047870890996 11.542703305201488 127 126 127 0.29029438684351083 70 65 79 94 82 69 81 64 83 71 88 137
214 -2.5244840582806654 -12.261961868864558 15.014299601552683 244 255 251 1.0360303022928781 79 83 82 92 84 60 86 51 85 41
216 -3.7004979092843722 -12.364977127081049 15.215610355544284 254 255 251 0.5859209145462172 82 3 81 3 84 6
217 10.049756296301911 8.3828616003832259 7.7438051592483568 130 131 126 0.87508111444236536 82 8 81 8 84 13 86 13 83 15 85 18 87 27 88 29 90 15 92 87 93 69
220 -5.4400413693291592 -12.914023608257489 16.599527977272437 59 65 69 0.55584059059895718 82 28 81 26 84 31 86 31 83 39 79 29 85 38 87 64 88 60 90 38 91 52 92 57 89 64 93 57 94 68 95 61 97 60 101 136 98 100
221 -5.4400413693291592 -12.914023608257489 16.599527977272437 59 65 69 0.55584059059895718 82 21 81 29 84 25 86 37 83 29 79 33 85 37 87 63 88 52 90 37 91 54 92 42 89 51 93 50 94 54 95 51 97 58 101 128 98 87
223 -5.781551000845675 7.6394572760532524 15.395154134882841 111 122 120 0.82438901308191037 81 37 84 39 86 53 90 59 85 32 87 45 92 46 89 53 95 65 79 98
225 -5.1488208647323281 -11.511776798230381 15.914548424379083 49 61 68 0.66125734965300043 82 89 81 50 84 46 83 44 86 54 85 42 87 61 88 59 90 47 89 66
232 -1.3673981883561002 -12.080144328816353 13.644557147521457 253 245 249 1.5428347737347003 81 44 82 40 84 47 86 38 83 28 85 40 90 61 91 44 92 37 88 80 89 31 93 24 94 26 95 11 97 37 96 50 98 75 98 122
237 -5.0707827004274861 -12.605526018699619 17.035883914819159 228 171 170 0.24194728550605779 81 87 84 83 83 94 86 96 85 107 87 108 90 97
238 12.500861118418161 -2.6093082903141984 14.914825380851704 31 34 31 0.089930377282184851 80 58 84 94
239 12.500861118418161 -2.6093082903141984 14.914825380851704 31 34 31 0.089930377282184851 80 63 84 108
246 22.723825354500065 -4.5520629651980125 14.092537883629543 188 191 197 1.0637116410973408 84 15 86 10 83 12 79 72 87 11 97 10 88 10
247 17.30717929975609 14.990548685311424 53.038207003333625 253 106 104 1.2255837604771374 84 10 86 12 85 17 87 31 88 22 90 35 91 29 89 33 93 21
249 -6.2795151966018476 -10.310517273877048 15.735245512055796 130 127 131 0.77769967401221984 84 84 86 32 83 36
250 -6.2795151966018476 -10.310517273877048 15.735245512055796 130 127 131 0.77769967401221984 84 106 86 41 83 31
254 -6.4025158763796721 9.1906283987984221 20.469522649809981 117 121 121 0.26857205481722646 82 34 86 70
260 15.749103258730266 4.4797783811745138 11.705674333277154 48 49 42 1.0189152781996873 82 49 86 109 83 74
268 -2.1787298027442308 -23.123028340461826 25.457028242616978 110 103 93 0.85430739087022223 84 38 86 47 83 51 85 45 87 58 88 61 90 51 92 70 89 24 94 13
270 -2.4226863097744129 -24.063336484255316 26.675667215087831 110 103 93 0.83694874540237718 84 48 86 58 83 58 85 55 87 43 88 55 90 48 92 81 89 84 93 86 94 84 95 76
272 7.983848377214219 8.769360271169317 8.3413955006557892 125 131 132 1.5963675602102263 70 18 81 67 83 83 87 95 88 98 92 122
275 -2.2610348141525809 -17.285885175249852 18.324467095505092 165 152 150 1.0737238722861859 84 79 86 77 83 96
278 14.218685605707394 4.5765297314381082 9.9693669987386215 50 54 51 1.1804450765971337 81 66 86 111 83 100 85 99 87 101 88 95 91 118 89 109 93 143
280 11.826665835851609 -1.8718000549974256 13.575040300770906 33 33 34 0.20594160822821972 79 96 83 111
281 13.693354946727416 4.5114422651442583 11.095958089048549 122 128 132 0.49748301210862661 79 21 82 17 81 17 84 21 86 26 83 23 85 26 87 29 88 35 91 40 90 27 92 34 89 40 93 38 95 43
282 -3.6917235204861436 -10.645006377477333 14.034042937420029 252 255 249 0.76039258253252773 79 36 82 37 83 40 81 49 84 62 79 81 82 70
283 -4.5717542968082592 -12.36639723996794 16.447330680452545 194 198 193 1.2199677252683907 79 91 82 64 84 55 81 59 83 69 82 90 84 75 86 72 85 70 87 89 88 101 90 82 91 106 92 98 89 100 93 100 94 115 95 102 97 103 96 148 101 190 98 143
286 0.46422263379178796 -11.509278947942493 13.495475313895112 93 93 87 1.5606853365057096 83 3 86 3 85 1 87 1 88 3 90 1 91 2 92 2
287 0.46422263379178752 -11.509278947942493 13.495475313895112 93 93 87 1.5606853365057065 83 1 86 1 85 3 87 3 88 1 90 3 91 1 92 1
290 -4.6717175492178207 -8.6841786508992698 12.52288926342518 252 255 251 0.22874742790193758 83 25 86 20 85 21 90 33
291 -4.9902410444564591 -9.5625042713539923 13.951214602894225 252 255 251 1.6077788086606433 86 29 85 24 83 17 87 18 88 19 90 28 91 20 92 15 89 18 93 12 94 9 95 10 97 21 96 30 101 52 98 33
292 -4.7004933955097519 -13.100883451050443 16.29195701655447 252 255 249 0.73589771678563975 83 38 85 35 90 36 101 71 93 55 96 72
297 -4.9352926425661776 -12.271131168585756 16.499080542748612 226 168 169 0.17239251149395032 86 114 85 119 87 124 90 107
298 2.1757445450539872 -31.009968955512665 32.737449281757847 136 127 121 1.6641010338815552 83 112 85 125 87 137
299 -4.9719335889157827 -22.587889574422203 25.214389864474338 229 215 223 0.1835281553161015 83 95 86 100 85 126 87 120 88 103 91 147 92 115 89 134 93 132
300 51.216369172778627 -202.40389425724737 201.79690799561544 188 164 148 1.664157727570279 76 57 77 83 79 82 81 77 85 124 74 55 76 63 72 51 75 88 78 83 73 81 71 60 77 84 79 71 80 77 66 72 82 84 81 81 84 104 86 113 83 101 87 84 88 91 90 85 92 103 88 142 89 101 92 121 93 104 93 141 94 113 95 92 98 116 96 120
302 2.5484572300440709 -16.168801454190028 17.24253355784953 88 88 81 1.7641921635095692 85 10 87 14 88 31 90 11 91 35 92 58
303 -5.192962915656171 -12.225717435066453 16.287311564109192 171 134 130 0.47144049560262047 85 14 87 17 88 18 90 17 91 19 92 14 89 17 93 13 94 15 95 12 97 24 101 30 98 45
304 -6.3342956425254036 -12.065504261487426 16.714467437791001 252 255 251 0.092934007614886821 85 15 87 23 88 26 90 24
305 14.022817963557179 -4.437581787745839 10.400098345598982 118 119 120 0.47704346230386474 83 24 87 34 86 21 88 32 90 40 91 38 85 31 92 36 89 56
306 -5.3116182568230057 -11.832655097067899 16.508074670593992 58 63 68 0.11146367655320581 85 54 87 55 88 58 90 45
307 -2.6222681817411599 -15.492199624218612 19.771564661101294 38 66 151 0.55689445209184141 85 109 87 68 88 81 90 74 91 86 92 72 89 88 93 73 96 103 97 90 101 159 98 86
310 -4.7314817424036386 -12.577528290055337 16.940377137441494 56 54 58 0.47806063908321933 85 62 87 93 88 99 90 87 91 108 92 107 89 97 93 110 94 100 95 109 97 100 96 123 101 192 98 120
311 -5.5190645102074738 -8.0176123827005839 12.918021198216548 248 251 247 0.58922317826285842 85 87 87 111 88 119 90 73 91 92 88 90 92 92 89 123 93 96 94 120 95 114
313 16.035429513320469 6.169576435799728 10.432603617251702 124 127 123 1.642284429057137 83 76 85 100 87 135 89 112 88 108
314 -4.4984363885631113 -8.3074862577014841 12.651824143124427 125 128 128 1.1525940208320471 83 80 87 76 81 68 84 71 86 63 97 107
316 11.855165514438728 -4.8141577706784249 16.160095223625884 99 96 90 0.84372926475408272 87 20 88 15 90 16
317 11.855165514438728 -4.8141577706784249 16.160095223625884 99 96 90 0.84372926475408272 87 25 88 16 90 18
319 0.59772994285320213 -13.093089249350857 12.8771832264061 143 125 114 0.61305616544547648 87 15 88 23 90 20
320 -5.298293671468902 -12.398803485979037 16.662980657811463 152 120 117 0.16477122387545007 87 22 88 24 90 23 91 23 92 22 89 28 93 19 94 24 95 17
322 -5.089950667422638 -11.387195255685038 15.763854999827458 50 63 65 1.1031487748034516 87 56 88 51 90 46 91 95 89 65
323 -2.0036402067109398 -16.121789397597912 19.869671437605998 66 64 93 0.31022775292224836 87 87 88 73 90 81 85 111 91 73 92 74 89 102
324 -2.3638214051957007 -12.13683318723243 15.182895184472132 253 255 252 1.0395582036039954 87 90 88 83 90 98 91 62 101 158
327 -4.9329427597408264 -8.603408871035203 12.973779412445781 251 253 250 0.88414778252130932 87 92 88 97 90 64 91 109 92 78 92 117 89 72 93 52 93 99 89 37 94 93 94 142 97 56
328 -2.4878118671494116 -16.138198431549611 19.704221664719963 247 237 240 0.7294111136853767 87 86 88 100 90 80 91 105 92 96 89 130 93 118 98 140
330 101.63977756283049 -99.25073516265735 158.20269746279862 250 93 93 1.5263619337527181 86 65 87 73 76 25 74 19 72 23 75 25 78 33 73 16 77 17 79 31 80 29 70 30 82 15 81 30 84 28 86 24 86 35 85 25 87 36 88 87 85 75 90 29 90 67 91 89 92 64 89 90 93 92 94 88 95 80 97 49 97 76 96 43 96 73 101 31 101 87 98 43
331 12.180955074502823 4.3626896693159498 8.9807839199567017 111 119 119 1.5612244383991463 82 82 81 84 88 28 80 68 84 20 77 71 83 22 86 27 85 27 87 30 90 26 91 42 89 41 93 42 95 45
334 -5.0984359735722569 -23.088771419528825 25.910098960958369 220 208 214 0.21321800132276181 87 122 88 130 91 132 92 120 89 105 93 136 94 114 95 107
336 15.538396642689356 -3.7271373005769606 9.3436462800412574 188 190 196 0.34498954905061591 87 10 88 9 90 7
339 -6.4277839062173605 -12.271342415074923 17.039746009569875 251 255 251 0.92080033542970885 87 16 88 27 90 25 91 27 89 34 92 29 93 25 94 28 95 26 97 35 96 44 101 54 98 44
342 3.684256447486542 -29.105336161708824 27.286388734644255 126 119 119 0.79923732126127522 87 46 88 38 90 53 91 60 92 60
343 2.3894760060476239 -8.9012426879136139 14.595598589379081 86 82 75 0.15749225270445455 86 59 90 55
344 15.258084915651676 -2.3052941535067291 8.6918880387531221 152 156 160 0.59066625976853493 87 47 88 46 90 56 91 63 85 47 92 45 89 55
347 -1.9411025107819639 -22.383686022466666 25.77301535172148 128 110 107 0.30214239137619187 85 83 88 105 90 100
349 15.044629339754062 2.5894966255553675 13.023449295988655 47 50 50 1.0428104565090099 85 96 88 120 90 114 92 134 93 120
350 -2.8614084543863294 -10.877124590918765 12.780287004575337 252 255 250 1.7845589528002463 83 5 85 5 90 5 87 5 88 13 88 6 91 15 92 11 89 13
351 -0.77333205517994996 -23.937838111377925 26.503890300693481 127 119 112 1.2356095938558056 85 114 87 112 88 104 90 79 84 115 86 85 91 113 95 121
358 -5.0103330147719296 -17.811120708495988 18.83512199007675 251 247 240 2.0868458565793002 85 67 91 57 92 31 89 42 93 32 94 39 95 29 96 35
360 -0.22146342828554869 -11.608596555529141 11.950865346057791 145 133 123 1.2322881593215533 87 44 91 84 90 50 92 86 89 129 93 129
362 -4.8522043383655324 -12.472383770478816 17.658141648527252 253 252 253 0.24175727835363123 88 145 91 94 93 128
363 9.4794043362504414 8.16040702193553 7.1771504750984123 130 129 129 1.3434296919377591 85 81 88 77 91 112
364 -5.2143121488675126 -12.839420551568988 16.233630056713224 62 54 58 0.26327414878571587 85 110 88 124 91 127 89 127 95 139
365 3.1112164611508644 -28.968553940000842 26.491482502142151 217 199 194 0.49667500470646425 87 123 88 139 91 140
366 15.759325736361752 6.4070882052804157 9.9462023845879344 54 57 56 1.4564175924598248 85 80 91 150 90 91 87 136 85 101 92 128 89 113
367 15.372261398795253 3.9885464862926634 12.091140997682322 81 91 90 1.1355282371870024 76 53 74 73 72 55 78 74 73 53 77 69 79 75 80 86 82 81 81 75 91 121 85 98 87 88 92 133 92 132 89 118
376 35.412715328028654 -14.099865047723663 74.06591440743955 0 0 0 1.2395592559259356 73 52 85 85 75 54 74 91
377 25.468316086637017 -8.7889898265143334 52.276613564942721 111 33 25 1.6723729115805448 73 80 87 138 90 120 92 138 94 157 95 144
378 -1.7189472945171107 -10.501881564700064 12.83342659994428 104 106 110 1.151986547549583 79 47 82 20 84 26 81 28 83 30 92 54 88 102 91 50 95 25 93 26
379 0.36132498834302007 -0.59608011144375694 10.308598293820712 104 100 93 1.18496398287697 91 5 92 4 89 2
380 0.36132498834301818 -0.59608011144375961 10.308598293820685 104 100 93 1.1849639828769729 91 4 92 3 89 5
381 29.480303489588159 -7.3203108997708677 17.38629776206194 157 159 163 1.1720831153196081 83 110 89 21 86 82
382 -9.8588704978410746 -10.446583017338662 20.723943403336339 70 87 132 1.1752761577131958 91 46 92 32 89 46 93 39 94 42 95 36 97 45
384 -6.4126075235818032 -6.4668336652055061 12.107711949746326 130 132 135 1.8367286575554134 92 50 89 73 94 36 93 29 95 33 97 46
385 -2.7380201289141128 -16.081351947619055 20.885541544766721 20 59 154 0.58568427277373103 92 75 89 75 93 91 94 89 95 81 97 77 96 87 98 99 101 189
386 -5.1535189685510652 -19.134444643295947 18.59845009026937 249 243 235 2.090935562702136 92 80 89 83 93 40 87 117 90 102 95 46 94 50 97 38
387 -0.74871471384500587 -12.337388616400027 13.939959157366012 254 255 251 1.1765899804385194 92 97 89 89 93 65 94 128 95 84 95 138
389 -4.1237556276099845 -15.941295034378738 18.641276673333557 240 218 216 0.32816253743773843 91 128 89 108 93 154 96 132 98 127
391 7.2089612198860058 -19.260644779059774 15.688626383680493 210 202 199 1.4698025435514932 91 141 92 114 89 133 94 135 93 131 95 120
393 7.2089612198860058 -19.260644779059774 15.688626383680493 210 202 199 1.4698025435514932 91 130 92 123 89 148 94 143 93 113 95 131
394 13.926890049928183 4.1335404010569601 10.588076510529783 99 104 105 0.28911784304054156 83 99 89 153 84 70 86 110 88 148
396 13.243131423094464 1.1461029318970151 12.032170045318361 101 105 105 1.6254820553175495 76 51 74 50 72 49 75 28 78 58 73 45 71 54 80 53 66 21 67 45 81 63 84 69 86 93 87 129 88 114 81 62 84 68 86 92 83 87 85 95 87 131 90 108 89 111 70 37
397 9.7005953955133695 9.8163399364935646 9.8966889722223428 131 135 134 0.85492633445119359 87 38 92 47 91 41 88 36 89 54 74 22 76 19 72 16 75 12 78 25 73 22 71 15 77 19 79 20 80 14 66 9 67 14 82 19 81 20 84 19 83 37 86 34 49 28 64 31 85 33 90 41 93 58 94 56 95 56
398 -2.8372501698831316 -12.667831675171081 14.836535242201387 251 252 248 1.0042605322466254 89 10 92 8 93 8 91 10 95 6 94 6 97 17 96 12 98 15
400 32.294675734222736 13.393934079877415 156.37446605985107 96 92 85 0.55680012944568436 78 42 93 59 94 60
402 13.809612035220866 -4.5871058885426041 21.210545741373085 103 102 98 0.9220125797080797 89 71 92 68 93 78 94 79 95 73
403 9.4739832418179049 7.8033866964918657 7.2193005262101462 124 127 121 0.56668601332748048 86 16 93 79 90 22 87 26
405 -9.9359755759120532 -10.796009258554589 21.94046998983502 60 68 133 0.29339349538179621 89 124 93 124 95 115
407 -11.194844982268455 -13.59287621424407 23.544284448407414 131 119 134 1.9444581338922078 89 126 93 135 94 116 95 124 95 103 97 111 94 140 93 158
408 -11.053382510451558 -11.827708127996502 25.145325072657823 60 68 133 1.0399985096797599 89 137 93 138 95 127 94 103
409 13.809612035220892 -4.587105888542605 21.210545741373135 109 106 107 0.92201257970807882 89 78 92 66 93 68 94 96 95 63
410 13.388097066481507 4.4784208924534692 8.9278165988903027 101 107 103 2.0971854301164243 91 117 89 110 93 145 82 66 81 78 84 118 92 130 91 148
412 17.542545945630771 -4.6186079958432877 9.045067593668481 129 134 139 0.85963127529575156 92 21 93 16 95 15 89 22 94 18
413 18.418502961450173 -4.729140364548174 9.6204897627772681 0 0 0 1.0123163109896185 92 18 93 18 94 21
414 15.700637906785339 -6.3407593908518924 10.162606671952613 120 123 123 0.85399070212775763 92 30 93 28 94 30 95 32 89 32
416 14.673811351016385 -42.141140769154767 40.278003104636738 161 149 147 1.7042412799349336 92 79 93 150 94 70 89 95 91 104 95 64 88 45 86 50 83 52 85 56
423 -0.088572231564570864 -8.7408390349015601 10.335209153034086 93 90 85 0.83223220836652922 89 1 93 2 94 2 95 1
428 -6.7675467740197623 -7.5402619795167753 14.711883426324368 110 121 136 1.7443657474904495 91 49 94 31 95 48 98 156
430 -3.5794483279906451 2.1104158611553978 6.2406020132922713 0 0 0 0.81284295296606768 91 152 94 147
431 11.490622654052281 -66.050821429288945 68.938401997501657 130 129 132 2.394989993250014 91 53 92 59 95 106 96 99 101 134 98 103
432 0.34061926641146617 -23.184952548546086 21.582037471206224 211 200 191 1.8908304466890904 89 145 95 130
433 -0.041339434498042837 -25.12664316650902 27.369442518112081 116 109 107 0.85403874842840999 85 90 94 144 95 132
434 16.484676237779425 -5.9605680768958527 8.181931702145306 127 133 137 0.3676357056373345 89 103 93 103 95 141
436 -0.28051530251580092 -24.51744715449184 26.482963583299313 121 113 108 2.3346010344884545 89 11 93 7 95 4
439 16.328599037880011 -4.4926186272979907 8.9251549102458885 144 147 151 0.68933071531870438 92 43 93 60 94 95 91 58 95 55 89 57 88 37
441 -4.9594335987835869 -8.6283535514413305 13.057937815235501 251 253 250 0.87794631353009589 87 83 88 94 90 95 91 93 92 110 89 79 93 108 94 121 97 57 90 62 92 91 93 56 89 48 94 78
444 2.8632690185763772 -16.651844757762269 19.309011028472838 90 90 86 1.1598107419521175 94 63 97 30 96 19 95 79 93 46 98 40
445 -1.4207091252123578 -10.214685779985796 6.1150109330261557 113 109 104 1.8113536125597249 94 23 96 32 98 37
448 -3.2258408599382657 -13.094741518034127 9.6955234883556507 210 188 173 0.86549769919887254 97 73 96 141 94 109 98 134
449 -1.7917008032276807 -16.645132718811855 20.099798622365114 164 165 174 2.8212671274404597 88 79 91 83 92 83 89 50 93 87 94 87 95 119 93 117 96 143 88 68 91 85 92 69 89 96 93 112 94 99 95 108 97 97
451 -6.021890547653558 -8.3981472758114641 14.040306590067098 216 220 217 2.3047747231995972 87 21 88 20 91 21 92 16 89 20 93 34 94 29 95 42 97 28 85 78 87 125 88 133 90 69 83 91 86 80 85 89 91 79 88 72 92 85 89 138 93 77 94 156 95 142 96 53 98 70
454 1.9412462825866952 -5.2441945976878417 2.0740874159105047 218 76 74 0.098214141871114713 96 0 101 0
455 -5.8818843555456439 -8.7105508475216435 16.480260337613768 106 112 110 1.6789179452752194 96 22 101 25 98 25
456 14.230475446237985 -4.4444279742928989 4.551157125454508 204 207 216 0.81456658426753381 96 14 101 34
457 11.593529336827249 -0.52987937992442757 4.9935530060157802 140 144 145 0.45334721735761885 96 25 101 37
458 12.740933014083799 1.6915155699578652 3.4492538227268339 129 130 131 0.48161710660056695 96 39 101 38
460 11.1098499024852 -4.1494888305781563 3.2597317352361355 147 153 156 1.039017497460863 96 64 101 107
461 6.7050153093822482 5.3050848109890705 41.208668753638243 61 57 51 1.5618713634904493 97 124 101 148
462 -7.5758024107620336 -12.274798886018845 15.817579807300026 112 119 116 0.61273750575725305 96 142 101 157 98 121
463 -7.7775015226238811 -12.931528238501382 15.135673609486895 133 138 133 1.0199256450982945 96 131 101 163
464 6.7050153093822482 5.3050848109890705 41.208668753638243 61 57 51 1.5618713634904493 97 131 101 175
465 12.336725448497022 -1.3405231121019296 7.5416055884051838 121 127 128 1.4899163313661385 96 93 101 183
466 0.66187575296632384 -4.9664748190170647 1.3545515205776288 0 0 0 0.96338530345437878 95 0 97 0 94 0
467 0.38663994527221202 -11.84715034404395 8.4254095952192518 121 112 103 2.7272814520349984 97 1 98 1
468 0.38663994527221202 -11.84715034404395 8.4254095952192518 121 112 103 2.7272814520349984 97 2 98 2
469 -1.6258758982667179 -15.147286276256891 14.08831798821382 131 124 123 2.2107472228650353 97 16 98 23
473 -3.9455046514581484 -24.30615171268418 29.448822516476394 110 104 96 2.0986038175711004 96 80 97 67 101 98 98 81
476 -2.3838154618407197 -14.800507258639737 17.457932431276816 250 247 249 1.1674849362191904 92 106 98 125 91 107
481 173.1985377896641 -87.493195359160012 249.29386613202911 243 233 204 1.947093019536968 77 85 79 92 80 80 67 74 82 87 75 103 81 83 83 104 85 122 87 126 88 134 90 109 91 137 92 118 89 146 94 141 95 126 76 49 74 48 72 47 75 46 78 55 73 43 71 52 77 48 79 59 80 52 66 37 67 41 64 35 70 46 49 35 82 55 81 55 84 52 86 68 83 63 85 59 87 78 88 64 90 70 91 66 92 63 89 61 93 137 95 88 97 63 96 63 101 142 76 77 74 89 77 86 79 93 80 81 67 73 66 76 64 76 49 81 82 86 81 91 83 105 85 129 87 127 90 110 91 138 92 119 95 125 97 121 96 139 98 145
482 -11.070092783363979 -13.524623136690018 23.299420707220605 116 111 148 1.9043859901283147 89 136 93 127 94 102 95 118 93 153 94 139 97 120
483 9.7012576235008563 10.680248476576157 10.144664068491844 87 94 94 1.9983352210301963 76 27 72 31 78 41 73 36 71 26 79 41 80 36 74 42 72 44 75 41 71 47 81 65 83 79 90 111 87 96 80 46 87 98 88 92 90 88 92 126
484 -0.53996782341399552 4.2761964217900257 17.975239596451935 117 120 121 0.59912399939454275 79 26 82 26 81 22 84 29 80 23 86 33 73 20 71 18 70 75
485 -5.8928445600374557 9.5175245455011144 24.169567595731266 115 124 123 1.3499786022331721 79 27 81 24 84 42 78 27 70 80 80 25
