# Image list with two lines of data per image:
#   IMAGE_ID, QW, QX, QY, QZ, TX, TY, TZ, CAMERA_ID, NAME
#   POINTS2D[] as (X, Y, POINT3D_ID)
# Number of images: 3, mean observations per image: 76
78 0.99565485726296499 0.058540324717992864 0.069774684751703009 -0.019388887497154773 -3.7519835994934816 0.23270740521333497 0.72756742595766644 1 000078.png
130.71208190917969 114.58932495117188 -1 137.33990478515625 201.47576904296875 1 170.80970764160156 139.094970703125 69 197.83985900878906 73.472282409667969 2 236.63789367675781 105.6025390625 -1 160.81851196289062 137.76692199707031 -1 236.63789367675781 105.6025390625 -1 160.81851196289062 137.76692199707031 -1 113.07060241699219 24.817239761352539 3 157.929931640625 36.972480773925781 -1 195.15351867675781 203.46554565429688 -1 195.15351867675781 203.46554565429688 -1 98.04364013671875 30.055418014526367 4 202.912841796875 63.433040618896484 -1 222.37693786621094 76.346847534179688 -1 188.24775695800781 52.256313323974609 -1 206.53701782226562 101.07880401611328 -1 170.13334655761719 103.51898956298828 -1 120.59439849853516 176.84326171875 -1 212.13322448730469 210.90303039550781 5 224.0672607421875 222.69157409667969 6 245.28446960449219 243.38984680175781 7 120.59439849853516 176.84326171875 -1 120.59439849853516 176.84326171875 -1 124.91374969482422 11.383699417114258 8 172.42819213867188 51.725276947021484 9 151.48568725585938 122.61371612548828 11 249.10031127929688 91.660072326660156 -1 8.1006221771240234 239.96905517578125 -1 134.96873474121094 33.686000823974609 23 134.96873474121094 33.686000823974609 19 156.71452331542969 76.993507385253906 13 245.60719299316406 121.72639465332031 -1 156.71452331542969 76.993507385253906 16 156.71452331542969 76.993507385253906 17 166.31710815429688 35.791278839111328 26 174.77067565917969 95.249198913574219 21 196.293212890625 208.60383605957031 39 104.28575897216797 13.758904457092285 24 158.132568359375 123.61618041992188 14 138.8948974609375 183.12167358398438 15 151.85417175292969 103.86922454833984 70 164.22914123535156 103.03746795654297 71 104.28575897216797 13.758904457092285 25 174.77067565917969 95.249198913574219 20 167.68318176269531 90.923820495605469 18 200.72512817382812 57.613086700439453 12 164.58180236816406 48.323020935058594 27 121.60169982910156 26.633783340454102 33 121.60169982910156 26.633783340454102 72 169.88697814941406 63.088512420654297 31 191.40879821777344 204.25440979003906 32 140.03121948242188 139.43569946289062 -1 141.64654541015625 19.159931182861328 -1 180.76458740234375 44.417984008789062 29 169.04780578613281 46.716983795166016 -1 169.88697814941406 63.088512420654297 30 171.71566772460938 88.034126281738281 36 179.89340209960938 94.496589660644531 37 61.683372497558594 184.37374877929688 -1 191.40879821777344 204.25440979003906 38 169.88697814941406 63.088512420654297 35 119.62040710449219 34.832653045654297 73 169.30349731445312 95.61492919921875 47 183.44987487792969 163.59281921386719 60 201.02259826660156 181.98141479492188 -1 195.4744873046875 201.05506896972656 -1 141.11796569824219 133.71864318847656 74 110.38465881347656 70.299331665039062 -1 115.94477844238281 45.643623352050781 46 191.86659240722656 172.98686218261719 59 177.99520874023438 53.548915863037109 75 230.24235534667969 212.74847412109375 76 110.38465881347656 70.299331665039062 -1 151.62739562988281 75.615226745605469 41 247.92713928222656 113.15672302246094 -1 246.35235595703125 229.88792419433594 -1 250.00582885742188 233.56282043457031 42 126.22760772705078 30.639999389648438 45 183.44987487792969 163.59281921386719 -1 195.4744873046875 201.05506896972656 -1 126.22760772705078 30.639999389648438 43 115.94477844238281 45.643623352050781 44 110.55023956298828 41.012584686279297 34 176.82609558105469 40.877696990966797 -1 195.71388244628906 57.528575897216797 49 189.40666198730469 64.624610900878906 50 244.27659606933594 84.428680419921875 -1 110.90704345703125 85.207229614257812 77 180.61260986328125 160.25579833984375 60 166.12217712402344 89.074806213378906 51 181.02047729492188 89.134658813476562 67 172.09832763671875 89.427406311035156 52 177.9468994140625 89.947158813476562 53 254.21205139160156 94.179397583007812 -1 153.994873046875 102.81749725341797 -1 247.85931396484375 116.99925994873047 -1 114.38796234130859 126.47341918945312 61 171.90025329589844 65.705062866210938 -1 144.33279418945312 129.02503967285156 -1 228.55667114257812 215.15669250488281 54 232.09196472167969 218.91380310058594 78 29.870859146118164 210.01376342773438 -1 23.61039924621582 219.87713623046875 -1 12.218276977539062 223.64299011230469 -1 34.196414947509766 205.90110778808594 -1 222.65567016601562 204.54000854492188 79 9.0129852294921875 227.06513977050781 -1 241.29867553710938 228.75250244140625 80 3.1878752708435059 236.37347412109375 -1 251.24447631835938 239.08827209472656 -1 143.20339965820312 252.86328125 -1 35.968326568603516 204.13063049316406 -1 41.201946258544922 202.20060729980469 -1 220.5592041015625 202.1614990234375 -1 213.53096008300781 199.22811889648438 55 41.613849639892578 198.49856567382812 -1 203.88906860351562 184.96559143066406 57 51.881000518798828 185.24501037597656 -1 133.47494506835938 184.61636352539062 81 125.80603790283203 37.896007537841797 -1 110.90704345703125 85.207229614257812 82 166.12217712402344 89.074806213378906 66 166.12217712402344 89.074806213378906 63 181.02047729492188 89.134658813476562 68 177.9468994140625 89.947158813476562 64 254.21205139160156 94.179397583007812 -1 153.994873046875 102.81749725341797 -1 138.41156005859375 152.25868225097656 -1 133.47494506835938 184.61636352539062 83 41.613849639892578 198.49856567382812 -1 35.968326568603516 204.13063049316406 -1 34.196414947509766 205.90110778808594 -1 29.870859146118164 210.01376342773438 -1 116.80107116699219 36.682826995849609 48 125.80603790283203 37.896007537841797 -1 173.05119323730469 38.469707489013672 -1 169.41438293457031 40.143348693847656 -1 63.209419250488281 177.53265380859375 -1 50.554187774658203 189.68756103515625 -1 24.639753341674805 215.24752807617188 -1 24.639753341674805 215.24752807617188 -1 71.774085998535156 168.95498657226562 -1 228.75297546386719 85.817802429199219 -1 54.968482971191406 185.28115844726562 -1 50.554187774658203 189.68756103515625 -1 63.209419250488281 177.53265380859375 -1 228.75297546386719 85.817802429199219 -1 54.968482971191406 185.28115844726562 -1 71.774085998535156 168.95498657226562 -1 
80 0.99608917686089216 0.06226216927612465 0.06121753963934376 -0.01349766120951925 -1.8653861607520037 1.119788090782402 0.87610791474319638 1 000079.png
125.45369720458984 112.32804870605469 -1 176.76205444335938 138.39306640625 -1 137.52099609375 201.53207397460938 1 243.96340942382812 117.29078674316406 -1 243.96340942382812 117.29078674316406 -1 198.01919555664062 73.43475341796875 2 235.6805419921875 107.40850830078125 -1 235.6805419921875 107.40850830078125 -1 113.04572296142578 24.819917678833008 3 158.22158813476562 37.110912322998047 -1 203.30671691894531 64.747840881347656 -1 221.99899291992188 77.2752685546875 -1 97.993507385253906 30.186878204345703 4 248.65386962890625 93.24017333984375 -1 210.92361450195312 211.41139221191406 5 223.14729309082031 223.67219543457031 6 243.97059631347656 244.40971374511719 7 125.17214202880859 11.855411529541016 8 205.17523193359375 103.97982025146484 -1 151.49209594726562 122.15533447265625 11 189.29512023925781 52.407726287841797 10 172.3955078125 51.584529876708984 9 158.75326538085938 124.00594329833984 14 156.67327880859375 77.085037231445312 13 244.19599914550781 123.66619110107422 -1 156.67327880859375 77.085037231445312 17 156.67327880859375 77.085037231445312 16 5.0359597206115723 6.6088829040527344 -1 138.73886108398438 183.45561218261719 15 174.78749084472656 95.303337097167969 20 167.68009948730469 90.960426330566406 18 181.00801086425781 44.75927734375 29 135.00131225585938 33.577342987060547 19 166.18756103515625 35.759269714355469 26 174.78749084472656 95.303337097167969 21 250.24722290039062 101.80084228515625 -1 104.34272003173828 13.534592628479004 24 104.34272003173828 13.534592628479004 25 113.36429595947266 118.50466918945312 -1 135.00131225585938 33.577342987060547 23 194.91339111328125 208.93728637695312 39 121.59871673583984 26.213958740234375 33 190.69915771484375 205.12399291992188 38 164.73097229003906 48.73968505859375 22 169.90322875976562 63.073886871337891 35 169.90322875976562 63.073886871337891 31 249.67536926269531 88.760673522949219 40 190.69915771484375 205.12399291992188 32 142.95803833007812 142.6727294921875 -1 141.50248718261719 19.169832229614258 -1 112.92996215820312 43.734249114990234 34 164.73097229003906 48.73968505859375 27 200.58120727539062 57.214359283447266 12 169.90322875976562 63.073886871337891 30 235.55088806152344 79.66619873046875 -1 171.6739501953125 88.043495178222656 36 249.67536926269531 88.760673522949219 -1 179.91500854492188 94.453575134277344 37 145.552490234375 124.50831604003906 -1 155.27728271484375 134.64262390136719 -1 248.41055297851562 233.94534301757812 42 173.03912353515625 38.489349365234375 -1 251.93289184570312 237.70291137695312 -1 169.19398498535156 95.60546875 47 151.61979675292969 75.611404418945312 41 202.50973510742188 185.61134338378906 57 116.65387725830078 115.36299896240234 -1 182.47915649414062 217.66841125488281 -1 126.15244293212891 30.628808975219727 45 126.15244293212891 30.628808975219727 43 102.04365539550781 14.033904075622559 -1 116.89933776855469 36.622371673583984 48 195.98204040527344 57.103645324707031 49 189.50068664550781 64.438552856445312 50 166.1129150390625 89.145095825195312 51 181.03359985351562 89.1170654296875 67 172.11985778808594 89.391845703125 52 177.9949951171875 89.737167358398438 53 183.49690246582031 89.742469787597656 -1 179.16552734375 95.611534118652344 -1 153.95991516113281 103.11263275146484 -1 246.62129211425781 116.01837158203125 -1 114.49641418457031 127.88418579101562 61 139.45147705078125 146.70584106445312 -1 175.60987854003906 152.95901489257812 -1 182.43161010742188 164.2244873046875 60 136.57405090332031 165.21435546875 -1 192.53581237792969 175.59375 59 197.23178100585938 180.10359191894531 58 115.87391662597656 45.32379150390625 44 194.67683410644531 201.98941040039062 -1 27.961366653442383 214.28082275390625 -1 45.412502288818359 200.21055603027344 -1 232.04879760742188 216.7015380859375 56 230.91462707519531 219.57925415039062 78 21.63288688659668 220.74667358398438 -1 24.600419998168945 220.89442443847656 -1 18.943550109863281 223.24972534179688 -1 236.29423522949219 225.52117919921875 -1 11.46949291229248 227.53570556640625 -1 239.12739562988281 228.47322082519531 -1 243.63194274902344 228.99266052246094 -1 241.38185119628906 230.68695068359375 -1 209.23956298828125 196.39341735839844 -1 176.08619689941406 196.71975708007812 -1 203.61158752441406 190.29110717773438 -1 205.40478515625 188.43357849121094 -1 199.00978088378906 185.90219116210938 -1 196.16600036621094 182.5855712890625 -1 108.90083312988281 5.0234265327453613 62 102.04365539550781 14.033904075622559 -1 166.1129150390625 89.145095825195312 66 166.1129150390625 89.145095825195312 63 212.77995300292969 200.344482421875 55 177.9949951171875 89.737167358398438 64 183.49690246582031 89.742469787597656 -1 153.95991516113281 103.11263275146484 -1 176.08619689941406 196.71975708007812 -1 176.08619689941406 196.71975708007812 -1 194.67683410644531 201.98941040039062 -1 27.961366653442383 214.28082275390625 -1 21.63288688659668 220.74667358398438 -1 18.943550109863281 223.24972534179688 -1 123.21180725097656 3.9918043613433838 28 115.87391662597656 45.32379150390625 46 11.833282470703125 233.72459411621094 -1 2.9807589054107666 239.32261657714844 -1 142.986328125 253.63545227050781 -1 108.90083312988281 5.0234265327453613 65 181.03359985351562 89.1170654296875 68 227.3355712890625 215.732177734375 54 
83 0.99834560490606894 0.050359831640269734 0.026239017717535274 0.0090252130788066685 5.7781543068054955 -1.0978252834589237 -1.0975121476034886 1 000080.png
75.456626892089844 51.586261749267578 -1 170.89886474609375 142.12796020507812 69 137.42176818847656 201.94798278808594 1 198.40567016601562 73.484138488769531 2 234.23184204101562 111.85915374755859 -1 234.23184204101562 111.85915374755859 -1 234.23184204101562 111.85915374755859 -1 113.02143859863281 24.840875625610352 3 147.68000793457031 172.75677490234375 -1 147.68000793457031 172.75677490234375 -1 97.957504272460938 30.073160171508789 4 13.306916236877441 14.356322288513184 -1 128.24520874023438 16.025241851806641 -1 13.306916236877441 14.356322288513184 -1 209.08213806152344 213.02487182617188 5 220.79188537597656 224.48086547851562 6 242.73777770996094 246.39007568359375 7 110.84685516357422 93.282371520996094 -1 125.23676300048828 11.730670928955078 8 172.2379150390625 51.70989990234375 9 241.17350769042969 127.27219390869141 -1 189.0938720703125 52.339950561523438 10 151.47415161132812 121.98903656005859 11 112.61376190185547 157.25563049316406 -1 201.01811218261719 59.027046203613281 12 156.68101501464844 77.161186218261719 13 158.61053466796875 124.52066040039062 14 140.22499084472656 182.07199096679688 15 156.68101501464844 77.161186218261719 16 156.68101501464844 77.161186218261719 17 167.62127685546875 90.958786010742188 18 135.0994873046875 33.502815246582031 19 174.6339111328125 95.158355712890625 20 164.42596435546875 102.88914489746094 71 151.88833618164062 103.84186553955078 70 247.14637756347656 105.70411682128906 -1 167.64968872070312 54.746437072753906 -1 174.6339111328125 95.158355712890625 21 167.64968872070312 54.746437072753906 -1 164.32086181640625 48.030403137207031 22 135.0994873046875 33.502815246582031 23 104.38531494140625 13.589856147766113 24 104.38531494140625 13.589856147766113 25 141.44877624511719 19.500621795654297 -1 166.39346313476562 35.836009979248047 26 164.32086181640625 48.030403137207031 27 118.31155395507812 163.409912109375 -1 118.31155395507812 163.409912109375 -1 121.7845458984375 6.9583368301391602 28 121.7845458984375 6.9583368301391602 -1 180.72572326660156 44.530292510986328 29 169.90480041503906 63.105018615722656 30 169.90480041503906 63.105018615722656 31 189.40699768066406 206.6400146484375 32 109.0955810546875 34.946174621582031 -1 121.65053558349609 26.239719390869141 33 112.89890289306641 43.896553039550781 34 103.41446685791016 51.002326965332031 -1 169.90480041503906 63.105018615722656 35 171.78480529785156 88.143959045410156 36 179.92912292480469 94.508552551269531 37 250.07374572753906 101.02285766601562 -1 189.40699768066406 206.6400146484375 38 193.76632690429688 210.76571655273438 39 121.65053558349609 26.239719390869141 72 177.70915222167969 54.157020568847656 75 252.61860656738281 90.242744445800781 40 151.57272338867188 75.677879333496094 41 141.44488525390625 151.03550720214844 -1 248.99177551269531 238.46626281738281 42 162.8990478515625 145.95822143554688 -1 162.8990478515625 145.95822143554688 -1 171.95401000976562 156.08132934570312 -1 126.23935699462891 30.636468887329102 43 241.23880004882812 83.218551635742188 -1 171.95401000976562 156.08132934570312 -1 115.93247222900391 45.648586273193359 44 126.23935699462891 30.636468887329102 45 115.93247222900391 45.648586273193359 46 169.21023559570312 95.720199584960938 47 116.86325073242188 36.658290863037109 48 179.9107666015625 42.981761932373047 -1 195.83883666992188 57.163185119628906 49 189.28630065917969 64.944412231445312 50 111.04141235351562 85.761123657226562 77 249.48674011230469 88.110099792480469 -1 166.11538696289062 89.221549987792969 51 172.12632751464844 89.512992858886719 52 178.28219604492188 89.494529724121094 53 249.63021850585938 91.332267761230469 -1 225.12265014648438 92.178176879882812 -1 242.14639282226562 235.36834716796875 -1 4.592890739440918 246.365478515625 -1 226.50697326660156 214.52206420898438 76 196.07270812988281 203.34646606445312 -1 224.61155700683594 216.42625427246094 54 210.87164306640625 201.63412475585938 55 232.45364379882812 221.03109741210938 56 234.79505920410156 223.39739990234375 -1 237.81155395507812 226.53196716308594 -1 16.731744766235352 227.02713012695312 -1 235.75936889648438 228.19490051269531 80 14.449851036071777 229.1600341796875 -1 214.32794189453125 201.50215148925781 -1 200.96266174316406 187.56903076171875 57 133.48530578613281 184.54852294921875 81 196.19342041015625 182.60072326660156 58 190.19938659667969 176.57492065429688 59 186.83761596679688 172.64439392089844 -1 178.94891357421875 163.86296081542969 60 141.41244506835938 133.10614013671875 74 114.47640991210938 131.066162109375 61 151.62348937988281 116.04416656494141 -1 108.84317016601562 5.231226921081543 62 111.04141235351562 85.761123657226562 82 251.231689453125 244.95460510253906 -1 166.11538696289062 89.221549987792969 63 178.28219604492188 89.494529724121094 64 225.12265014648438 92.178176879882812 -1 133.48530578613281 184.54852294921875 83 14.742156982421875 232.42471313476562 -1 108.84317016601562 5.231226921081543 65 140.93998718261719 17.938240051269531 -1 119.62039947509766 34.841987609863281 73 245.4625244140625 231.430419921875 -1 14.742156982421875 232.42471313476562 -1 166.11538696289062 89.221549987792969 66 5.9694790840148926 241.34205627441406 -1 227.55799865722656 219.49209594726562 78 219.45619201660156 206.8751220703125 79 5.9694790840148926 241.34205627441406 -1 240.01423645019531 228.88885498046875 -1 181.06893920898438 89.093658447265625 67 23.249643325805664 226.99794006347656 -1 181.06893920898438 89.093658447265625 68 
