# 3D point list with one line of data per point:
#   POINT3D_ID, X, Y, Z, R, G, B, ERROR, TRACK[] as (IMAGE_ID, POINT2D_IDX)
# Number of points: 83, mean track length: 2.7469879518072289
1 -10.243443429480395 27.007160995146638 93.089987298565802 115 115 111 0.42708729206032875 80 2 83 2 78 1
2 -11.040931600413803 -1.3602246607395301 114.20825253066847 117 120 120 0.1359019546056609 80 5 83 3 78 3
3 -12.844470699621512 -15.085939926138623 124.14370384301395 254 255 249 0.10667219539126373 80 8 83 7 78 8
4 -12.950338822858591 -13.500990143580143 122.92244897389712 85 86 76 0.14214786653602288 80 12 83 10 78 12
5 -9.4355695262520829 29.039026222808349 92.239751928108547 137 137 139 0.11514909753850754 80 14 83 14 78 19
6 -9.214424335005603 31.201323049553519 90.728353567093464 134 138 134 0.35940628874651837 80 15 83 15 78 20
7 -8.8207235830580668 34.867565922218638 87.993456462617402 128 132 124 0.19565417995330248 80 16 83 16 78 21
8 -12.90637413884062 -19.149904204233174 127.14380131870347 102 102 95 0.27382282988049972 80 17 83 18 78 24
9 -11.668946194439128 -7.2696665276720482 118.59196765521391 139 143 148 0.090695821609748609 80 21 83 19 78 25
10 -11.448864868494095 -7.0857210666263049 118.51947371321704 113 125 134 0.14659664395706168 80 20 83 21
11 -10.976511206987185 10.584695919957458 105.29341055761772 153 139 133 0.43811277986896596 80 19 83 22 78 26
12 -11.218255659206132 -5.5216907992729203 117.31744094197673 120 120 118 0.60693054576992733 80 52 83 24 78 46
13 -11.500447081502324 -0.42766349831215955 113.45468995465973 252 212 199 0.053505934719026975 80 23 83 25 78 31
14 -10.87195768821894 10.994885790137705 104.97706963248764 90 85 77 0.26229829986963799 80 22 83 26 78 39
15 -10.402068237729097 23.377721709248352 95.596464075918064 98 92 85 1.0521585857547382 80 28 83 27 78 40
16 -11.500447081502324 -0.42766349831215955 113.45468995465973 252 212 199 0.053505934719026975 80 26 83 28 78 33
17 -11.500447081502324 -0.42766349831215955 113.45468995465973 252 212 199 0.053505934719026975 80 25 83 29 78 34
18 -11.185011059949248 3.1057604791542488 110.88932739624936 197 191 166 0.11126316032592747 80 30 83 30 78 45
19 -12.412852611407912 -12.462382464961498 122.25223652073154 251 113 110 0.12804389517868947 80 32 83 31 78 30
20 -11.04781578248452 4.173057198189408 110.13865202067228 250 250 233 0.17015624834638174 80 29 83 32 78 44
21 -11.04781578248452 4.173057198189408 110.13865202067228 250 250 233 0.17015624834638174 80 34 83 37 78 36
22 -11.81856049108864 -8.2052004497777666 119.29232114302842 98 99 98 0.44428208424888238 80 43 83 39
23 -12.412852611407912 -12.462382464961498 122.25223652073154 251 113 110 0.12804389517868947 80 39 83 40 78 29
24 -13.150527866931281 -18.534496278256821 126.64475590835634 214 174 159 0.10008587570703092 80 36 83 41 78 38
25 -13.150527866931281 -18.534496278256821 126.64475590835634 214 174 159 0.10008587570703092 80 37 83 42 78 43
26 -11.976874710132375 -11.810982362457294 121.87782800901316 102 104 100 0.12425251842292566 80 33 83 44 78 35
27 -11.817418414775203 -8.2016216657226746 119.27385847083292 98 99 98 0.31703676936055736 80 51 83 45 78 47
28 -13.081818765619941 -21.168153216160629 128.94846126215091 103 99 95 1.2659917970105599 80 123 83 48
29 -11.664518027689899 -9.2748630209295584 120.09241648757597 121 132 143 0.20746207819674253 80 31 83 50 78 54
30 -11.533487893829676 -4.1303643470152895 116.23291352762146 254 255 248 0.075467463876437393 80 53 83 51 78 56
31 -11.533487893829676 -4.1303643470152895 116.23291352762146 254 255 248 0.075467463876437393 80 45 83 52 78 50
32 -9.6897929961540594 27.802084746572902 92.957284436662761 134 136 135 0.21657874432577348 80 47 83 53 78 51
33 -12.70549647604399 -14.619335233395523 123.81281859166391 254 255 249 0.1770197964473883 80 41 83 55 78 48
34 -12.529953604938758 -9.7423206041253998 119.92857650083963 63 52 42 1.4864345866991222 80 50 83 56 78 83
35 -11.533487893829676 -4.1303643470152895 116.23291352762146 254 255 248 0.075467463876437393 80 44 83 58 78 61
36 -11.172260484422132 2.3861900527940936 111.41392573596971 150 119 93 0.10222520186276007 80 55 83 59 78 57
37 -10.994053091335973 3.9884692368663344 110.26826186921839 95 76 63 0.15200568381822291 80 57 83 60 78 58
38 -9.6897929961540594 27.802084746572902 92.957284436662761 134 136 135 0.21657874432577348 80 42 83 62 78 60
39 -9.6094067095486597 28.574246349472858 92.443689505042229 141 136 136 0.31207076809939271 80 40 83 63 78 37
40 -10.178967718384111 2.7229058092048852 110.9678887034388 169 170 177 0.60934489718814799 80 46 83 66
41 -11.582116967622726 -0.80486993301048848 113.72014563664123 70 57 49 0.076504926485127731 80 64 83 67 78 74
42 -8.8302140792993846 33.200715538760825 89.041685928693084 57 56 56 1.1305222681165761 80 60 83 69 78 77
43 -12.575740122447458 -13.33954342163293 122.88436201000461 242 206 192 0.11683662257747851 80 69 83 73 78 81
44 -12.467366698652302 -9.0052013468059098 119.64660447661223 251 102 106 0.1576838433774673 80 89 83 76 78 82
45 -12.575740122447458 -13.33954342163293 122.88436201000461 242 206 192 0.11683662257747851 80 68 83 77 78 78
46 -12.467366698652302 -9.0052013468059098 119.64660447661223 251 102 106 0.1576838433774673 80 124 83 78 78 69
47 -11.105768261799669 4.271813904683408 110.03289907092584 98 96 97 0.12764755138888007 80 63 83 79 78 63
48 -12.597733949435678 -11.565617220406976 121.54084236227682 248 206 187 0.043447062799923254 80 71 83 80 78 134
49 -11.293440897910289 -5.7132919052008209 117.48806848121569 158 152 148 0.28824010344921219 80 72 83 82 78 85
50 -11.274646577760521 -3.7011501991812756 116.0106872973391 153 149 144 0.14884255389036091 80 73 83 83 78 86
51 -11.225917714520433 2.6544479653940778 111.20859521200406 253 248 232 0.075866711260317479 80 74 83 86 78 90
52 -11.150751872487733 2.7306863688547622 111.17040712459081 163 125 106 0.11527191106025021 80 76 83 87 78 92
53 -11.072146319844554 2.8019883790119073 111.09308185991067 223 162 131 0.27871629794318231 80 77 83 88 78 93
54 -9.2470452722031187 29.812469765575475 91.847956041333134 102 112 112 0.39126513808589819 80 130 83 95 78 100
55 -9.5200718364146137 26.917999127346942 93.785281492016281 101 107 107 0.28677049394197157 80 113 83 96 78 115
56 -9.1317016844374876 30.181128247007432 91.142092315236141 51 57 57 1.3425992060451444 80 93 83 97
57 -9.7596943682400941 24.15958225554423 95.795987859440103 50 55 55 0.52586995254681468 80 65 83 104 78 117
58 -9.8529037107203816 23.142585470690221 96.384861583280809 53 53 53 0.78556927745498994 80 88 83 106
59 -9.9766955081085449 21.960667187344871 97.302223542582965 55 53 52 1.1207394710853602 80 87 83 107 78 70
60 -10.225778210747935 19.55075388419916 99.197632310528178 48 47 44 1.5154157034206828 80 85 83 109 78 64 78 89
61 -11.313848856888757 11.980585316614734 104.11222902967435 60 42 38 1.5905907859796002 80 82 83 111 78 97
62 -13.242560085186861 -21.21992669294135 128.65185270073286 205 174 160 0.081456082063680352 80 109 83 113
63 -11.225917714520433 2.6544479653940778 111.20859521200406 253 248 232 0.075866711260317479 80 112 83 116 78 123
64 -11.072146319844554 2.8019883790119073 111.09308185991067 223 162 131 0.27871629794318231 80 114 83 117 78 125
65 -13.242560085186861 -21.21992669294135 128.65185270073286 205 174 160 0.081456082063680352 80 128 83 121
66 -11.225917714520433 2.6544479653940778 111.20859521200406 253 248 232 0.075866711260317479 80 111 83 126 78 122
67 -11.049023455469563 2.6508563774507388 111.25788916860405 253 245 224 0.14632346790258066 80 75 83 132 78 91
68 -11.049023455469563 2.6508563774507388 111.25788916860405 253 245 224 0.14632346790258066 80 129 83 134 78 124
69 -10.543860595795124 14.7018263042056 102.31259936207582 92 91 83 1.1271299609042256 83 1 78 2
70 -11.201132256866183 6.2720588203489376 108.48040042977956 147 146 145 0.20142203067114883 83 34 78 41
71 -11.066236672885124 6.0594077714889911 108.65875608360014 154 137 129 0.2757412327890098 83 33 78 42
72 -12.705604019544161 -14.616820186136646 123.82010463070002 254 255 249 0.20966523575615703 83 64 78 49
73 -12.59345060337415 -12.111200052311824 121.96807517470987 248 208 181 0.0022829980121382076 83 123 78 62
74 -10.95192096186125 13.098403136049502 103.35901823869891 253 121 111 0.61659624463281115 83 110 78 67
75 -11.570397708379785 -6.6689687408933391 118.1842268431196 118 124 130 0.1890565795806845 83 65 78 71
76 -9.2475457678121575 29.384830522635244 92.143758797990131 53 60 56 0.14060228877672432 83 93 78 72
77 -11.926525093386621 1.724111852302517 111.6835326771664 136 133 129 0.21143382281630746 83 84 78 88
78 -9.1886211907322934 30.480007660831784 91.44497598654948 96 107 106 0.76565545367136334 80 94 83 128 78 101
79 -9.3874146459168966 27.905398351108445 93.147427137502518 50 51 48 0.22330405412799748 83 129 78 106
80 -9.0343845924512429 32.107603082322548 90.380254596016485 96 105 106 1.4683992269343373 83 101 78 108
81 -10.462011791081499 23.733397226815388 95.503486524452782 246 112 104 0.69613898110476014 83 105 78 119
82 -11.926525093386621 1.724111852302517 111.6835326771664 136 133 129 0.21143382281630746 83 114 78 121
83 -10.462011791081499 23.733397226815388 95.503486524452782 246 112 104 0.69613898110476014 83 119 78 129
