# Frame list with one line of data per frame:
#   FRAME_ID, RIG_ID, RIG_FROM_WORLD[QW, QX, QY, QZ, TX, TY, TZ], NUM_DATA_IDS, DATA_IDS[] as (SENSOR_TYPE, SENSOR_ID, DATA_ID)
# Number of frames: 14
30 1 0.99996912999287035 0.0064690065606814858 -0.00054064045889186841 -0.0044270445349206761 -6.1158171111545254 0.47784739647251434 -1.0371766187456564 1 CAMERA 1 30
31 1 0.99993457241587613 0.0066033870093117376 -0.0083107743976506589 -0.0042634723402271788 -2.5823648605006406 0.48164677090894542 -1.1153708319515718 1 CAMERA 1 31
34 1 0.9993837945752897 0.028851483147188533 -0.0012913216726734885 -0.01994882324450745 -6.9787631703389907 7.8203102324683353 -3.4828313374528554 1 CAMERA 1 34
46 1 0.99996742545729767 0.0066179576189413017 0.00032800547606775811 -0.0046090209009567425 0.51931867639823703 0.37894433410398859 -1.6781449917823734 1 CAMERA 1 46
49 1 0.99996737515038048 0.0056074636264658367 0.0044121884241089468 -0.003786499682593915 1.9936958325756418 0.02672816028862229 0.87211971275776723 1 CAMERA 1 49
50 1 0.99994601889997792 2.9291262079848696e-05 0.010386037606712936 -0.00029774307558061989 0.080407783460707344 -1.7685708342505639 1.6695140662849595 1 CAMERA 1 50
51 1 0.99997243244705392 0.0057530610878378449 -0.0026256810995203728 -0.0038913278974763038 2.8203620310628548 0.096676854738210055 -0.42788358667850235 1 CAMERA 1 51
52 1 0.99860116652369735 -0.039354935210271481 0.021578593261789233 0.027951093090407865 -2.206703521340283 -14.951993095256118 5.9547747215094891 1 CAMERA 1 52
59 1 0.99997437324545257 0.0059223230158230687 -0.00084821901550957127 -0.0039318528663148996 2.989485891450844 0.1191906916355675 -0.85323089450714806 1 CAMERA 1 59
64 1 0.99996783566385095 0.0055610015605076441 0.0042654433845439555 -0.0038998579629205606 1.9913757590225072 0.043901337906471473 0.47181527372291365 1 CAMERA 1 64
69 1 0.99997014516407712 0.005268211154558178 0.0042137259391387709 -0.0037681886199473218 1.5766147389643661 -0.050999712260055688 -0.25836824432788863 1 CAMERA 1 69
71 1 0.99996994446888088 0.0056578914429556773 0.0035809734857845501 -0.003908331129418215 2.2789596083079893 0.065575163388948837 0.11372357772047301 1 CAMERA 1 71
72 1 0.99997594449915428 0.0057228938608820798 -0.00013911952181511428 -0.0039165743501382039 2.5488097022066154 0.074881998441641312 -0.047559436120209436 1 CAMERA 1 72
74 1 0.99985285197528784 0.0054331799304385619 0.015737010396084491 -0.0041353907336823649 -1.6815509899364982 0.041597858519943312 2.2719095184017402 1 CAMERA 1 74
