# Image list with two lines of data per image:
#   IMAGE_ID, QW, QX, QY, QZ, TX, TY, TZ, CAMERA_ID, NAME
#   POINTS2D[] as (X, Y, POINT3D_ID)
# Number of images: 14, mean observations per image: 5.0714285714285712
30 0.99996912999287035 0.0064690065606814858 -0.00054064045889186841 -0.0044270445349206761 -6.1158171111545254 0.47784739647251434 -1.0371766187456564 1 000030.png
137.07621765136719 201.96746826171875 -1 129.74073791503906 136.34414672851562 2 112.92227935791016 24.610790252685547 -1 150.36241149902344 159.06428527832031 4 129.86590576171875 171.80815124511719 80 129.86590576171875 171.80815124511719 81 242.06806945800781 94.042106628417969 -1 98.172676086425781 29.125801086425781 -1 242.06806945800781 94.042106628417969 -1 118.13578033447266 179.07247924804688 6 219.69979858398438 206.59774780273438 -1 233.67643737792969 221.06019592285156 -1 131.24604797363281 178.39070129394531 -1 131.24604797363281 178.39070129394531 -1 189.07652282714844 52.047637939453125 -1 201.86465454101562 59.991474151611328 -1 223.82206726074219 109.11565399169922 -1 151.19483947753906 121.50544738769531 -1 76.403228759765625 146.98432922363281 -1 135.12898254394531 34.637706756591797 -1 181.41996765136719 45.634311676025391 -1 131.68142700195312 180.97161865234375 -1 131.68142700195312 180.97161865234375 -1 135.12898254394531 34.637706756591797 -1 156.4921875 77.005142211914062 -1 156.4921875 77.005142211914062 -1 141.66825866699219 19.564859390258789 -1 164.2249755859375 48.307567596435547 -1 102.79048919677734 49.286228179931641 -1 188.47212219238281 70.775794982910156 -1 164.51278686523438 102.725341796875 -1 151.70567321777344 104.20326232910156 -1 112.37209320068359 148.36528015136719 78 174.59518432617188 40.183391571044922 -1 167.93968200683594 90.719039916992188 -1 254.34342956542969 94.00823974609375 -1 179.95184326171875 94.590713500976562 -1 175.34266662597656 95.332237243652344 -1 169.11253356933594 95.802993774414062 -1 247.75360107421875 102.92256927490234 -1 159.37197875976562 122.26622772216797 -1 195.99520874023438 197.94099426269531 -1 227.44770812988281 200.6773681640625 -1 121.71221160888672 26.570484161376953 -1 169.90069580078125 63.054450988769531 -1 169.90069580078125 63.054450988769531 -1 175.34266662597656 95.332237243652344 -1 247.75360107421875 102.92256927490234 -1 195.99520874023438 197.94099426269531 -1 109.18685150146484 35.017814636230469 -1 121.71221160888672 26.570484161376953 -1 112.96640014648438 44.193805694580078 -1 169.90069580078125 63.054450988769531 -1 172.22433471679688 89.017120361328125 -1 141.17286682128906 18.275888442993164 -1 249.20669555664062 89.79534912109375 -1 242.4820556640625 216.130615234375 -1 119.86591339111328 34.721893310546875 -1 239.314208984375 126.75402069091797 -1 95.602508544921875 121.23626708984375 -1 39.596240997314453 166.16828918457031 -1 220.85848999023438 193.42440795898438 -1 249.20669555664062 89.79534912109375 -1 249.20669555664062 89.79534912109375 -1 39.596240997314453 166.16828918457031 -1 200.34477233886719 194.24189758300781 -1 200.34477233886719 194.24189758300781 -1 151.58854675292969 75.619773864746094 -1 237.5753173828125 210.76712036132812 -1 100.26558685302734 5.9715681076049805 -1 126.55096435546875 30.636171340942383 -1 116.927490234375 36.599067687988281 -1 169.39743041992188 40.073848724365234 -1 184.35630798339844 69.737548828125 -1 238.99954223632812 79.941810607910156 -1 158.50584411621094 80.52081298828125 -1 250.14201354980469 87.150772094726562 -1 166.3189697265625 88.808479309082031 -1 8.5105152130126953 194.4139404296875 -1 252.66526794433594 88.835601806640625 -1 239.2119140625 95.277420043945312 -1 251.23997497558594 95.740768432617188 -1 235.12104797363281 77.832847595214844 -1 252.66526794433594 88.835601806640625 -1 217.03701782226562 189.12826538085938 -1 211.54917907714844 183.13583374023438 -1 239.2119140625 95.277420043945312 -1 25.972927093505859 180.42341613769531 -1 189.7825927734375 64.058967590332031 -1 57.302459716796875 155.66050720214844 -1 251.31925964355469 116.85697937011719 -1 238.71052551269531 105.47478485107422 -1 238.71052551269531 105.47478485107422 -1 251.31925964355469 116.85697937011719 -1 247.82057189941406 85.614166259765625 -1 36.299663543701172 172.0523681640625 -1 
31 0.99993457241587613 0.0066033870093117376 -0.0083107743976506589 -0.0042634723402271788 -2.5823648605006406 0.48164677090894542 -1.1153708319515718 1 000031.png
137.1097412109375 201.98237609863281 -1 129.76762390136719 136.14566040039062 2 112.9285888671875 24.628875732421875 -1 150.33030700683594 158.60055541992188 4 98.039718627929688 28.698995590209961 -1 241.90388488769531 93.860366821289062 -1 118.07457733154297 178.84886169433594 6 219.8026123046875 206.39683532714844 -1 233.63224792480469 220.60237121582031 -1 241.90388488769531 93.860366821289062 -1 111.14891815185547 132.93783569335938 98 151.22219848632812 121.32682037353516 -1 201.80094909667969 59.903629302978516 -1 223.64610290527344 108.8565673828125 -1 100.93003845214844 126.84435272216797 -1 76.567703247070312 146.70698547363281 -1 131.61666870117188 180.34510803222656 -1 131.61666870117188 180.34510803222656 -1 100.93003845214844 126.84435272216797 96 135.06356811523438 34.608169555664062 -1 181.43557739257812 45.620269775390625 -1 174.69017028808594 40.265659332275391 -1 164.14900207519531 48.131855010986328 -1 102.80997467041016 49.542045593261719 -1 112.99732208251953 44.473007202148438 -1 156.47941589355469 76.983749389648438 -1 164.34614562988281 102.85379028320312 -1 151.73075866699219 103.77687072753906 -1 225.42941284179688 192.08750915527344 -1 245.65115356445312 213.54898071289062 -1 156.47941589355469 76.983749389648438 -1 141.63348388671875 19.527275085449219 -1 121.64229583740234 26.506980895996094 -1 121.64229583740234 26.506980895996094 -1 183.44502258300781 69.888290405273438 -1 171.92608642578125 88.244697570800781 -1 168.79022216796875 91.40203857421875 -1 254.16990661621094 93.528556823730469 -1 179.98910522460938 94.391006469726562 -1 175.31747436523438 95.318748474121094 -1 169.01408386230469 95.821876525878906 -1 247.58805847167969 102.72212219238281 -1 159.46395874023438 122.24163818359375 -1 112.71878051757812 148.08843994140625 78 196.25080871582031 197.96284484863281 -1 227.3428955078125 200.18988037109375 -1 240.89295959472656 208.35951232910156 -1 169.90522766113281 63.062351226806641 -1 169.90522766113281 63.062351226806641 -1 175.31747436523438 95.318748474121094 -1 247.58805847167969 102.72212219238281 -1 196.25080871582031 197.96284484863281 -1 109.18533325195312 34.889438629150391 -1 169.90522766113281 63.062351226806641 -1 239.44209289550781 126.50402069091797 -1 126.27187347412109 30.649929046630859 -1 141.25086975097656 18.422323226928711 -1 119.54092407226562 34.912647247314453 -1 220.49893188476562 192.65151977539062 -1 249.59959411621094 212.75830078125 -1 39.702655792236328 166.03414916992188 -1 179.23042297363281 186.05958557128906 -1 252.29579162597656 88.667411804199219 -1 249.0511474609375 89.934226989746094 -1 249.0511474609375 89.934226989746094 -1 179.23042297363281 186.05958557128906 -1 39.702655792236328 166.03414916992188 -1 179.23042297363281 186.05958557128906 -1 245.48980712890625 219.02937316894531 -1 251.9600830078125 225.95550537109375 -1 126.27187347412109 30.649929046630859 -1 190.18775939941406 63.433551788330078 -1 151.59024047851562 75.694801330566406 -1 252.29579162597656 88.667411804199219 -1 249.0511474609375 89.934226989746094 -1 251.00828552246094 95.363876342773438 -1 241.05635070800781 112.78546142578125 -1 100.33418273925781 6.0395011901855469 -1 92.480247497558594 10.004353523254395 -1 116.77712249755859 36.768871307373047 -1 110.70426177978516 40.845283508300781 -1 172.34036254882812 60.3165283203125 -1 194.08413696289062 62.797698974609375 -1 234.15301513671875 77.177497863769531 -1 158.50575256347656 80.601470947265625 -1 166.31317138671875 88.856224060058594 -1 153.98863220214844 102.80908203125 -1 222.94615173339844 106.86185455322266 -1 62.988605499267578 147.89175415039062 -1 217.25810241699219 188.49766540527344 -1 210.71931457519531 181.85978698730469 -1 252.70600891113281 216.37870788574219 -1 5.6171741485595703 196.86550903320312 -1 28.359699249267578 178.4786376953125 -1 36.078414916992188 172.41946411132812 -1 196.30683898925781 56.640781402587891 -1 55.744785308837891 156.87284851074219 -1 51.644077301025391 160.09832763671875 -1 153.98863220214844 102.80908203125 -1 2.8591563701629639 199.03521728515625 -1 62.988605499267578 147.89175415039062 -1 241.26255798339844 84.84722900390625 -1 99.865615844726562 121.25996398925781 -1 
34 0.9993837945752897 0.028851483147188533 -0.0012913216726734885 -0.01994882324450745 -6.9787631703389907 7.8203102324683353 -3.4828313374528554 1 000034.png
138.70066833496094 202.0277099609375 -1 200.83711242675781 75.684661865234375 -1 129.71488952636719 136.31462097167969 2 112.92678833007812 24.632139205932617 -1 227.0616455078125 124.55806732177734 -1 227.0616455078125 124.55806732177734 -1 150.82624816894531 157.2305908203125 4 98.058982849121094 28.936878204345703 -1 202.108642578125 62.650634765625 -1 117.82065582275391 178.66156005859375 6 222.39968872070312 204.47209167480469 -1 236.43948364257812 218.28498840332031 -1 187.46284484863281 51.881038665771484 -1 130.81065368652344 177.39173889160156 -1 169.60693359375 101.68662261962891 -1 225.75343322753906 106.9866943359375 -1 151.38685607910156 120.78985595703125 -1 103.19720458984375 126.24333953857422 -1 77.663703918457031 147.516845703125 -1 103.19720458984375 126.24333953857422 -1 126.28919982910156 23.782865524291992 -1 135.31719970703125 34.893302917480469 -1 190.50379943847656 69.3089599609375 -1 131.9722900390625 181.75877380371094 -1 131.9722900390625 181.75877380371094 -1 135.31719970703125 34.893302917480469 -1 174.58984375 40.239368438720703 -1 180.92117309570312 44.715995788574219 -1 156.43304443359375 77.0797119140625 -1 167.93739318847656 90.710212707519531 -1 151.78761291503906 104.11226654052734 -1 161.17794799804688 114.23529815673828 -1 198.21456909179688 194.504150390625 -1 156.43304443359375 77.0797119140625 -1 164.30654907226562 102.79820251464844 -1 113.02249908447266 44.383140563964844 -1 121.6109619140625 26.494430541992188 -1 121.6109619140625 26.494430541992188 -1 253.33096313476562 107.85383605957031 -1 160.79580688476562 120.38024139404297 -1 230.28266906738281 198.17829895019531 -1 109.21046447753906 34.782604217529297 -1 169.89923095703125 63.064056396484375 -1 169.89923095703125 63.064056396484375 -1 175.37113952636719 95.379310607910156 -1 249.72651672363281 100.17576599121094 -1 253.33096313476562 107.85383605957031 -1 109.21046447753906 34.782604217529297 -1 169.89923095703125 63.064056396484375 -1 230.70912170410156 75.867538452148438 -1 171.8883056640625 88.138442993164062 -1 179.99504089355469 94.507560729980469 -1 175.37113952636719 95.379310607910156 -1 168.97308349609375 95.886177062988281 -1 249.72651672363281 100.17576599121094 -1 119.80391693115234 34.723796844482422 -1 126.23829650878906 30.623693466186523 -1 151.59133911132812 75.664344787597656 -1 123.38803100585938 40.267051696777344 -1 243.26139831542969 110.38179779052734 -1 227.63407897949219 97.658981323242188 -1 126.23829650878906 30.623693466186523 -1 43.834140777587891 168.51799011230469 -1 123.38803100585938 40.267051696777344 -1 207.93377685546875 175.23443603515625 -1 219.94155883789062 186.72369384765625 -1 222.97222900390625 190.4654541015625 -1 241.31526184082031 209.16680908203125 -1 213.21333312988281 180.12567138671875 -1 26.983772277832031 181.67256164550781 -1 202.57112121582031 192.02420043945312 -1 3.6809301376342773 200.38516235351562 -1 204.85653686523438 171.48698425292969 -1 47.285198211669922 165.231689453125 -1 99.971855163574219 122.34344482421875 -1 253.44979858398438 114.45713043212891 -1 224.89578247070312 104.83685302734375 -1 116.87350463867188 36.658672332763672 -1 166.33819580078125 88.918678283691406 -1 125.76494598388672 38.281948089599609 -1 166.33819580078125 88.918678283691406 -1 184.75639343261719 69.66693115234375 -1 202.57112121582031 192.02420043945312 -1 202.57112121582031 192.02420043945312 -1 125.76494598388672 38.281948089599609 -1 189.443359375 64.554100036621094 -1 184.03451538085938 73.569259643554688 -1 245.32997131347656 84.112190246582031 -1 158.525390625 80.486968994140625 -1 241.59147644042969 81.6356201171875 -1 90.113578796386719 127.18608856201172 -1 31.382034301757812 178.1656494140625 -1 90.113578796386719 127.18608856201172 -1 
46 0.99996742545729767 0.0066179576189413017 0.00032800547606775811 -0.0046090209009567425 0.51931867639823703 0.37894433410398859 -1.6781449917823734 1 000044.png
131.78273010253906 117.99681091308594 -1 136.50984191894531 201.60240173339844 -1 173.95390319824219 130.32893371582031 -1 199.90895080566406 74.591499328613281 -1 130.56356811523438 134.75309753417969 2 112.96865081787109 24.637710571289062 -1 225.74995422363281 121.95188140869141 -1 225.74995422363281 121.95188140869141 -1 152.00372314453125 155.96672058105469 4 203.51655578613281 189.60310363769531 -1 203.51655578613281 189.60310363769531 -1 98.034011840820312 28.921459197998047 -1 118.46537780761719 178.17243957519531 6 221.43450927734375 200.983154296875 -1 235.67994689941406 215.14706420898438 -1 239.07937622070312 89.454971313476562 -1 239.07937622070312 89.454971313476562 -1 124.96994018554688 11.211609840393066 -1 224.065673828125 105.44140625 -1 101.90398406982422 126.00782012939453 -1 101.90398406982422 126.00782012939453 -1 201.75027465820312 59.814643859863281 -1 151.6075439453125 121.18643188476562 -1 132.44795227050781 180.93212890625 -1 141.55819702148438 19.794355392456055 -1 181.41325378417969 45.704090118408203 -1 132.44795227050781 180.93212890625 -1 134.8551025390625 33.719383239746094 -1 140.49188232421875 179.99580383300781 -1 167.84027099609375 90.530441284179688 -1 151.89021301269531 104.09903717041016 -1 203.21533203125 197.18426513671875 -1 203.21533203125 197.18426513671875 -1 156.46440124511719 76.961296081542969 -1 156.46440124511719 76.961296081542969 -1 164.39947509765625 48.423267364501953 -1 174.60232543945312 40.266075134277344 -1 164.42401123046875 102.67958068847656 -1 175.32380676269531 95.257362365722656 -1 175.32380676269531 95.257362365722656 -1 180.00318908691406 94.373687744140625 -1 109.17237091064453 34.998889923095703 -1 161.1378173828125 119.92876434326172 -1 121.72048950195312 26.509304046630859 -1 113.0030517578125 43.721828460693359 -1 169.0704345703125 46.383872985839844 -1 169.92910766601562 63.0263671875 -1 181.47172546386719 77.208892822265625 -1 171.86793518066406 88.10516357421875 -1 168.93353271484375 95.901458740234375 -1 247.20428466796875 97.6781005859375 -1 239.87809753417969 101.10475921630859 -1 197.97416687011719 192.66459655761719 -1 229.189208984375 195.13267517089844 -1 169.92910766601562 63.0263671875 -1 169.92910766601562 63.0263671875 -1 247.20428466796875 97.6781005859375 -1 197.97416687011719 192.66459655761719 -1 238.94438171386719 121.12874603271484 -1 126.36891937255859 37.908496856689453 -1 249.68281555175781 83.001182556152344 -1 251.13845825195312 87.770652770996094 -1 100.02641296386719 5.4565467834472656 -1 229.41453552246094 74.58441162109375 -1 218.62065124511719 183.65409851074219 -1 243.67652893066406 209.47590637207031 -1 222.31953430175781 187.55709838867188 -1 205.28662109375 188.61508178710938 -1 238.98446655273438 204.81126403808594 -1 141.14595031738281 18.519458770751953 -1 151.59881591796875 75.64990234375 -1 241.460205078125 108.43746185302734 -1 116.64968872070312 126.94956207275391 -1 211.84980773925781 177.00030517578125 -1 126.36891937255859 37.908496856689453 -1 251.13845825195312 87.770652770996094 -1 113.96343994140625 146.05636596679688 78 207.87370300292969 173.45582580566406 -1 239.65162658691406 80.266647338867188 -1 244.37168884277344 88.361351013183594 -1 166.36729431152344 88.832870483398438 -1 172.09550476074219 89.1356201171875 -1 225.85647583007812 95.604270935058594 -1 154.0748291015625 102.86543273925781 -1 223.48320007324219 103.56981658935547 -1 15.016519546508789 191.09133911132812 -1 217.92340087890625 173.8936767578125 -1 189.59796142578125 64.31256103515625 -1 197.62625122070312 162.84904479980469 -1 101.82146453857422 0.59874677658081055 -1 20.607540130615234 186.27301025390625 -1 203.55032348632812 168.5584716796875 -1 64.846809387207031 149.74043273925781 -1 73.094085693359375 139.8619384765625 -1 91.769599914550781 127.492431640625 -1 108.89579010009766 4.8856978416442871 -1 151.86790466308594 116.43997192382812 -1 251.24510192871094 111.70614624023438 -1 126.62425231933594 30.637165069580078 -1 108.89579010009766 4.8856978416442871 -1 244.37168884277344 88.361351013183594 -1 244.37168884277344 88.361351013183594 -1 166.36729431152344 88.832870483398438 -1 166.36729431152344 88.832870483398438 -1 154.0748291015625 102.86543273925781 -1 180.98141479492188 89.128936767578125 -1 116.97389221191406 36.613307952880859 -1 169.45339965820312 40.42523193359375 -1 37.345962524414062 172.566162109375 -1 174.84733581542969 53.17987060546875 -1 248.13287353515625 103.44029998779297 -1 158.52542114257812 80.580978393554688 -1 73.094085693359375 139.8619384765625 -1 231.32424926757812 187.06369018554688 -1 156.79362487792969 97.474319458007812 -1 102.09325408935547 35.602092742919922 -1 
49 0.99996737515038048 0.0056074636264658367 0.0044121884241089468 -0.003786499682593915 1.9936958325756418 0.02672816028862229 0.87211971275776723 1 000048.png
131.76863098144531 117.92168426513672 -1 136.72518920898438 201.17802429199219 -1 173.90432739257812 129.79197692871094 -1 200.05342102050781 74.667716979980469 -1 130.90486145019531 134.14300537109375 2 112.96392822265625 24.619729995727539 -1 126.03904724121094 98.676994323730469 -1 226.03482055664062 121.81011962890625 -1 226.03482055664062 121.81011962890625 -1 203.64732360839844 189.33538818359375 -1 130.49932861328125 169.32843017578125 80 130.49932861328125 169.32843017578125 81 130.49932861328125 169.32843017578125 -1 203.64732360839844 189.33538818359375 -1 151.95816040039062 156.07649230957031 4 98.086639404296875 29.118993759155273 -1 118.34931182861328 177.57928466796875 6 221.74443054199219 200.70437622070312 -1 120.03296661376953 99.017829895019531 -1 124.96289825439453 11.180482864379883 -1 201.70378112792969 59.906806945800781 -1 239.308837890625 88.207656860351562 -1 224.64262390136719 104.71427154541016 -1 151.67466735839844 120.75918579101562 -1 103.16006469726562 124.61736297607422 -1 103.16006469726562 124.61736297607422 -1 239.308837890625 88.207656860351562 -1 231.80900573730469 77.448928833007812 -1 140.27461242675781 180.84968566894531 -1 134.91584777832031 33.579296112060547 -1 180.81211853027344 44.705070495605469 -1 156.49468994140625 76.967735290527344 -1 167.87538146972656 90.572868347167969 -1 249.06991577148438 92.590316772460938 -1 156.49468994140625 76.967735290527344 -1 134.91584777832031 33.579296112060547 -1 151.96751403808594 104.04618072509766 -1 164.38067626953125 102.67006683349609 -1 117.23366546630859 108.16663360595703 98 121.63408660888672 26.525339126586914 -1 121.63408660888672 26.525339126586914 -1 179.99603271484375 94.388221740722656 -1 175.37918090820312 95.293121337890625 -1 168.88932800292969 95.939300537109375 -1 248.11933898925781 97.92962646484375 -1 239.78131103515625 100.75914001464844 -1 161.39944458007812 114.45520782470703 -1 161.51676940917969 119.59384918212891 -1 197.96804809570312 192.23094177246094 -1 169.91218566894531 63.036380767822266 -1 169.91218566894531 63.036380767822266 -1 175.37918090820312 95.293121337890625 -1 248.11933898925781 97.92962646484375 -1 197.96804809570312 192.23094177246094 -1 109.18255615234375 34.924751281738281 -1 141.54319763183594 19.13682746887207 -1 174.34834289550781 39.871753692626953 -1 169.06144714355469 46.690635681152344 -1 169.91218566894531 63.036380767822266 -1 171.8128662109375 88.012397766113281 -1 151.53713989257812 75.75482177734375 -1 177.53994750976562 90.960487365722656 -1 226.52873229980469 95.573951721191406 -1 223.81869506835938 102.99327087402344 -1 126.24360656738281 30.6290283203125 -1 92.705795288085938 123.41358947753906 -1 207.0408935546875 171.76197814941406 -1 115.98506927490234 45.313800811767578 96 229.04092407226562 74.123939514160156 -1 211.69981384277344 176.20063781738281 -1 222.15821838378906 187.11009216308594 -1 92.705795288085938 123.41358947753906 -1 126.24360656738281 30.6290283203125 -1 115.98506927490234 45.313800811767578 -1 177.53994750976562 90.960487365722656 -1 202.26516723632812 188.50636291503906 -1 239.08535766601562 204.38356018066406 -1 243.11697387695312 208.43534851074219 -1 166.38816833496094 88.82958984375 -1 172.08111572265625 89.215003967285156 -1 214.14985656738281 178.70210266113281 -1 207.48616027832031 230.47962951660156 -1 239.29013061523438 197.93484497070312 -1 167.85929870605469 60.344345092773438 -1 100.16558837890625 6.1404781341552734 -1 69.8712158203125 145.54017639160156 -1 89.812385559082031 125.70658111572266 -1 228.02825927734375 191.13330078125 -1 99.175437927246094 121.15269470214844 -1 251.55647277832031 111.3704833984375 -1 242.02058410644531 108.41139221191406 -1 114.0101318359375 105.0594482421875 -1 243.70376586914062 82.923614501953125 -1 166.38816833496094 88.82958984375 -1 166.38816833496094 88.82958984375 -1 117.02593994140625 36.563304901123047 -1 207.48616027832031 230.47962951660156 -1 169.54605102539062 40.031585693359375 -1 196.21205139160156 56.784328460693359 -1 106.98769378662109 57.882503509521484 -1 180.96133422851562 89.129676818847656 -1 189.43043518066406 64.609848022460938 -1 184.46669006347656 69.604148864746094 -1 184.78253173828125 72.79901123046875 -1 246.50340270996094 201.99546813964844 -1 106.98769378662109 57.882503509521484 -1 37.240592956542969 172.22471618652344 -1 
50 0.99994601889997792 2.9291262079848696e-05 0.010386037606712936 -0.00029774307558061989 0.080407783460707344 -1.7685708342505639 1.6695140662849595 1 000049.png
131.4901123046875 117.70196533203125 -1 136.59031677246094 201.13575744628906 -1 173.64483642578125 129.79214477539062 -1 200.02729797363281 74.688087463378906 -1 130.87043762207031 134.80305480957031 2 112.97945404052734 24.646787643432617 -1 226.00259399414062 122.04306030273438 -1 226.00259399414062 122.04306030273438 -1 151.99066162109375 155.43115234375 4 97.983718872070312 28.826894760131836 -1 118.94847106933594 177.778076171875 6 221.377685546875 200.13119506835938 -1 235.61444091796875 214.26472473144531 -1 187.59413146972656 51.892192840576172 -1 124.93072509765625 11.176050186157227 -1 230.824462890625 77.561203002929688 -1 201.78401184082031 59.962753295898438 -1 239.73611450195312 88.377418518066406 -1 224.58567810058594 104.75179290771484 -1 151.7545166015625 120.67926788330078 -1 75.626724243164062 147.698486328125 -1 183.62179565429688 154.87318420410156 -1 239.73611450195312 88.377418518066406 -1 156.49577331542969 76.949859619140625 -1 181.22976684570312 45.253387451171875 -1 140.32948303222656 180.28141784667969 -1 156.49577331542969 76.949859619140625 -1 174.55136108398438 40.249526977539062 -1 167.94017028808594 90.634963989257812 -1 134.96929931640625 33.474895477294922 -1 134.96929931640625 33.474895477294922 -1 164.27700805664062 102.61397552490234 -1 151.99539184570312 104.22821807861328 -1 113.77991485595703 121.882080078125 -1 183.29934692382812 69.916038513183594 -1 249.02989196777344 92.456466674804688 -1 121.70874786376953 26.284795761108398 -1 112.96583557128906 43.751621246337891 -1 169.925537109375 63.040695190429688 -1 171.76106262207031 87.942138671875 -1 180.03779602050781 94.347702026367188 -1 175.412353515625 95.308982849121094 -1 168.97062683105469 95.863983154296875 -1 248.24174499511719 97.9471435546875 -1 239.45916748046875 100.43010711669922 -1 161.49554443359375 119.57832336425781 -1 198.08645629882812 192.42764282226562 -1 228.82025146484375 193.92240905761719 -1 251.96812438964844 217.55390930175781 -1 169.925537109375 63.040695190429688 -1 169.925537109375 63.040695190429688 -1 175.412353515625 95.308982849121094 -1 248.24174499511719 97.9471435546875 -1 198.08645629882812 192.42764282226562 -1 109.18144989013672 34.913509368896484 -1 141.51663208007812 19.11811637878418 -1 184.0338134765625 69.990753173828125 -1 210.10337829589844 72.299766540527344 -1 207.5673828125 172.36561584472656 -1 229.71311950683594 74.691856384277344 -1 222.32646179199219 187.32598876953125 -1 151.56118774414062 75.753524780273438 -1 252.25860595703125 105.73876190185547 -1 251.28555297851562 87.949615478515625 -1 126.39933013916016 30.613861083984375 -1 177.57846069335938 91.218986511230469 -1 243.56915283203125 208.95883178710938 -1 202.37460327148438 188.54107666015625 -1 211.96231079101562 176.60780334472656 -1 177.57846069335938 91.218986511230469 -1 210.10337829589844 72.299766540527344 -1 251.28555297851562 87.949615478515625 -1 252.25860595703125 105.73876190185547 -1 14.034329414367676 191.74945068359375 -1 240.29682922363281 205.461669921875 -1 246.99801635742188 212.11212158203125 -1 151.78994750976562 116.58670806884766 -1 90.082405090332031 125.56327056884766 -1 54.290069580078125 158.60061645507812 -1 226.36441040039062 95.354133605957031 -1 242.44784545898438 101.78706359863281 -1 243.01475524902344 82.523651123046875 -1 172.061279296875 89.161186218261719 -1 108.72708892822266 5.010836124420166 -1 100.24124908447266 6.0730695724487305 -1 207.36106872558594 230.64761352539062 -1 25.441303253173828 182.22305297851562 -1 37.836353302001953 171.75802612304688 -1 204.07557678222656 168.41267395019531 -1 108.72708892822266 5.010836124420166 -1 116.92927551269531 36.630096435546875 -1 169.40225219726562 40.190879821777344 -1 166.41096496582031 88.892173767089844 -1 207.36106872558594 230.64761352539062 -1 189.60087585449219 64.365516662597656 -1 166.41096496582031 88.892173767089844 -1 166.41096496582031 88.892173767089844 -1 180.95933532714844 89.105789184570312 -1 240.61085510253906 96.468116760253906 -1 113.95173645019531 105.13617706298828 -1 251.20698547363281 111.27144622802734 -1 168.24223327636719 47.835659027099609 -1 169.40225219726562 40.190879821777344 -1 107.04190063476562 57.854846954345703 -1 241.910888671875 108.11558532714844 -1 241.910888671875 108.11558532714844 -1 
51 0.99997243244705392 0.0057530610878378449 -0.0026256810995203728 -0.0038913278974763038 2.8203620310628548 0.096676854738210055 -0.42788358667850235 1 000050.png
131.06871032714844 117.51630401611328 -1 136.63429260253906 201.08642578125 -1 172.97946166992188 129.59162902832031 -1 200.09202575683594 74.706977844238281 -1 130.85873413085938 134.39352416992188 2 113.00441741943359 24.640554428100586 -1 130.77427673339844 170.78659057617188 80 151.74717712402344 155.65219116210938 4 130.77427673339844 170.78659057617188 81 130.77427673339844 170.78659057617188 -1 97.993911743164062 28.870763778686523 -1 118.75009155273438 177.54170227050781 6 221.53817749023438 200.05148315429688 -1 187.57525634765625 51.876216888427734 -1 124.87989044189453 11.087244987487793 -1 201.77931213378906 60.099514007568359 -1 239.93057250976562 88.488250732421875 -1 224.67864990234375 104.6077880859375 -1 151.689697265625 120.67788696289062 -1 239.93057250976562 88.488250732421875 -1 239.93057250976562 88.488250732421875 -1 135.29545593261719 34.133411407470703 -1 140.32247924804688 180.78456115722656 -1 132.63761901855469 179.54270935058594 -1 132.63761901855469 179.54270935058594 -1 135.29545593261719 34.133411407470703 -1 156.5115966796875 76.911544799804688 -1 167.9149169921875 90.575973510742188 -1 164.33834838867188 102.72946166992188 -1 151.991943359375 103.7578125 -1 141.74798583984375 19.768239974975586 -1 180.85841369628906 44.772090911865234 -1 156.5115966796875 76.911544799804688 -1 169.93087768554688 63.016304016113281 -1 236.09962463378906 82.578056335449219 -1 175.36497497558594 95.306221008300781 -1 197.90155029296875 192.06242370605469 -1 121.71288299560547 26.631080627441406 -1 174.3604736328125 39.958667755126953 -1 195.32968139648438 62.435947418212891 -1 169.93087768554688 63.016304016113281 -1 181.5009765625 77.034988403320312 -1 236.09962463378906 82.578056335449219 -1 171.92961120605469 88.132858276367188 -1 179.99678039550781 94.394760131835938 -1 175.36497497558594 95.306221008300781 -1 169.01585388183594 95.850074768066406 -1 161.51679992675781 119.57286834716797 -1 197.90155029296875 192.06242370605469 -1 251.52461242675781 217.14697265625 -1 121.71288299560547 26.631080627441406 -1 195.32968139648438 62.435947418212891 -1 169.93087768554688 63.016304016113281 -1 164.97579956054688 49.275215148925781 -1 154.06439208984375 102.70481109619141 -1 238.99787902832031 197.67501831054688 -1 119.90617370605469 34.702423095703125 -1 116.04750823974609 45.373542785644531 -1 126.29353332519531 30.627521514892578 -1 151.56935119628906 75.688835144042969 -1 177.6514892578125 90.940460205078125 -1 177.6514892578125 90.940460205078125 -1 240.54751586914062 121.85406494140625 -1 207.11317443847656 171.76242065429688 -1 222.45973205566406 187.46513366699219 -1 126.29353332519531 30.627521514892578 -1 116.04750823974609 45.373542785644531 96 202.40133666992188 188.4761962890625 -1 238.63385009765625 203.74188232421875 -1 243.93316650390625 209.16151428222656 -1 111.02816772460938 85.346038818359375 -1 166.42184448242188 88.850517272949219 -1 172.06796264648438 89.090522766113281 -1 180.94229125976562 89.134124755859375 -1 177.95060729980469 90.090599060058594 -1 226.65577697753906 95.744941711425781 -1 252.36795043945312 109.08833312988281 -1 114.51681518554688 111.10572814941406 98 151.81315612792969 116.39641571044922 -1 92.611404418945312 123.42024230957031 -1 241.44827270507812 200.09031677246094 -1 207.50221252441406 230.69366455078125 -1 184.37928771972656 69.888717651367188 -1 108.92857360839844 5.0670065879821777 -1 100.10749816894531 6.0368361473083496 -1 117.02466583251953 36.583572387695312 -1 216.97093200683594 181.52445983886719 -1 212.11117553710938 176.68264770507812 -1 203.64138793945312 168.00096130371094 -1 194.95761108398438 159.35206604003906 -1 54.363925933837891 158.41935729980469 -1 60.793754577636719 153.15043640136719 -1 108.92857360839844 5.0670065879821777 -1 169.38145446777344 40.534408569335938 -1 111.02816772460938 85.346038818359375 -1 169.38145446777344 40.534408569335938 -1 166.42184448242188 88.850517272949219 -1 177.95060729980469 90.090599060058594 -1 133.48355102539062 184.03123474121094 -1 207.50221252441406 230.69366455078125 -1 177.02175903320312 44.16888427734375 -1 196.13449096679688 56.768360137939453 -1 83.844581604003906 134.38534545898438 -1 133.48355102539062 184.03123474121094 -1 189.58193969726562 64.309814453125 -1 158.53752136230469 80.517868041992188 -1 242.9949951171875 82.657752990722656 -1 19.998590469360352 186.50904846191406 -1 6.7379140853881836 197.16342163085938 -1 166.42184448242188 88.850517272949219 -1 200.997314453125 165.34162902832031 -1 86.279502868652344 132.11907958984375 -1 
52 0.99860116652369735 -0.039354935210271481 0.021578593261789233 0.027951093090407865 -2.206703521340283 -14.951993095256118 5.9547747215094891 1 000052.png
130.39283752441406 117.08270263671875 -1 136.71458435058594 201.09184265136719 -1 173.78684997558594 129.78782653808594 -1 200.06666564941406 74.726478576660156 -1 130.86442565917969 134.12945556640625 2 126.50311279296875 98.702796936035156 -1 113.00215148925781 24.658660888671875 -1 130.85472106933594 170.27821350097656 80 151.54998779296875 156.02070617675781 4 130.85472106933594 170.27821350097656 81 130.85472106933594 170.27821350097656 -1 98.0103759765625 29.036033630371094 -1 119.33242797851562 177.72718811035156 6 221.49783325195312 200.29322814941406 -1 235.44500732421875 214.02195739746094 -1 187.69984436035156 51.882804870605469 -1 183.95796203613281 154.83758544921875 -1 151.62062072753906 120.98499298095703 -1 224.54266357421875 104.93437957763672 -1 201.71250915527344 59.895427703857422 -1 132.52818298339844 178.89442443847656 -1 132.52818298339844 178.89442443847656 -1 231.34025573730469 77.558258056640625 -1 140.26078796386719 180.57447814941406 -1 156.52272033691406 76.9453125 -1 156.52272033691406 76.9453125 -1 164.42263793945312 48.130298614501953 -1 180.94557189941406 44.816120147705078 -1 135.11651611328125 33.490253448486328 -1 141.74650573730469 19.746936798095703 -1 164.20855712890625 102.75704193115234 -1 151.9237060546875 104.02992248535156 -1 241.19696044921875 116.27555847167969 -1 167.93635559082031 90.594100952148438 -1 248.91387939453125 92.507408142089844 -1 135.11651611328125 33.490253448486328 -1 121.74185943603516 26.573112487792969 -1 174.244140625 39.877658843994141 -1 169.11134338378906 46.430976867675781 -1 169.93113708496094 63.024299621582031 -1 183.79319763183594 69.761848449707031 -1 209.65695190429688 71.934585571289062 -1 171.89570617675781 88.000968933105469 -1 180.02189636230469 94.323135375976562 -1 169.05335998535156 95.761199951171875 -1 248.35505676269531 97.898284912109375 -1 161.37345886230469 114.42220306396484 -1 161.4964599609375 119.48575592041016 -1 198.02764892578125 192.01490783691406 -1 169.93113708496094 63.024299621582031 -1 169.93113708496094 63.024299621582031 -1 209.65695190429688 71.934585571289062 -1 248.35505676269531 97.898284912109375 -1 198.02764892578125 192.01490783691406 -1 109.18877410888672 35.066829681396484 -1 250.98886108398438 87.655708312988281 -1 219.15483093261719 183.71192932128906 -1 223.85581970214844 103.12110137939453 -1 177.71022033691406 91.188484191894531 -1 241.21847534179688 101.47130584716797 -1 151.60029602050781 75.631362915039062 -1 113.59305572509766 105.77651977539062 -1 233.582275390625 76.99462890625 -1 207.6710205078125 172.28961181640625 -1 222.61737060546875 187.54548645019531 -1 229.19830322265625 194.37565612792969 -1 177.71022033691406 91.188484191894531 -1 250.98886108398438 87.655708312988281 -1 241.21847534179688 101.47130584716797 -1 202.41465759277344 188.48384094238281 -1 239.931640625 205.03523254394531 -1 244.06468200683594 209.20314025878906 -1 251.28619384765625 216.54258728027344 -1 156.74435424804688 97.446334838867188 -1 154.05508422851562 102.91328430175781 -1 239.73641967773438 121.03649139404297 -1 93.074119567871094 123.06224822998047 -1 89.680885314941406 129.3232421875 -1 207.41807556152344 230.70843505859375 -1 9.6250448226928711 194.97792053222656 -1 244.932373046875 87.77752685546875 -1 189.73373413085938 64.193695068359375 -1 108.79378509521484 4.9176440238952637 -1 213.5516357421875 178.05256652832031 -1 126.55287170410156 30.620967864990234 -1 116.94610595703125 36.616291046142578 -1 31.412919998168945 177.00848388671875 -1 39.342803955078125 170.55888366699219 -1 47.126453399658203 164.08631896972656 -1 54.06304931640625 158.89312744140625 -1 108.79378509521484 4.9176440238952637 -1 196.9404296875 59.938392639160156 -1 172.09507751464844 89.133895874023438 -1 169.46517944335938 40.123470306396484 -1 154.05508422851562 102.91328430175781 -1 93.074119567871094 123.06224822998047 -1 207.41807556152344 230.70843505859375 -1 195.86289978027344 57.090633392333984 -1 244.932373046875 87.77752685546875 -1 166.41218566894531 88.919570922851562 -1 196.9404296875 59.938392639160156 -1 243.19187927246094 82.612709045410156 -1 166.41218566894531 88.919570922851562 -1 181.01068115234375 89.136215209960938 -1 226.13948059082031 95.254287719726562 -1 166.41218566894531 88.919570922851562 -1 86.550056457519531 131.80474853515625 -1 
59 0.99997437324545257 0.0059223230158230687 -0.00084821901550957127 -0.0039318528663148996 2.989485891450844 0.1191906916355675 -0.85323089450714806 1 000060.png
132.08441162109375 118.03857421875 -1 136.662353515625 201.22325134277344 -1 173.06330871582031 129.56806945800781 -1 130.99775695800781 134.78581237792969 2 200.06733703613281 74.643898010253906 -1 113.04781341552734 24.703123092651367 -1 126.38127899169922 98.243400573730469 -1 226.02944946289062 121.99398803710938 -1 226.02944946289062 121.99398803710938 -1 130.89361572265625 169.85008239746094 80 152.10557556152344 155.90948486328125 4 130.89361572265625 169.85008239746094 -1 130.89361572265625 169.85008239746094 81 98.08575439453125 29.131378173828125 -1 185.51158142089844 51.258518218994141 -1 119.24420928955078 177.51473999023438 6 221.64199829101562 200.46783447265625 -1 235.31623840332031 213.68342590332031 -1 124.86716461181641 11.06768798828125 -1 201.7513427734375 60.031326293945312 -1 239.93818664550781 88.286460876464844 -1 224.58126831054688 104.41777801513672 -1 151.66764831542969 121.03150939941406 -1 103.42947387695312 124.31545257568359 -1 184.29046630859375 155.15267944335938 -1 103.42947387695312 124.31545257568359 -1 239.93818664550781 88.286460876464844 -1 239.93818664550781 88.286460876464844 -1 126.26650238037109 23.756370544433594 -1 181.39138793945312 45.481029510498047 -1 231.33523559570312 77.270797729492188 -1 140.40200805664062 180.51193237304688 -1 141.7049560546875 19.705558776855469 -1 135.16117858886719 33.469253540039062 -1 174.57081604003906 40.299980163574219 -1 156.43656921386719 76.9732666015625 -1 167.93563842773438 90.614547729492188 -1 241.33992004394531 116.36514282226562 -1 156.43656921386719 76.9732666015625 -1 135.16117858886719 33.469253540039062 -1 164.32194519042969 102.78877258300781 -1 109.15887451171875 35.064289093017578 -1 121.76837158203125 26.565692901611328 -1 112.97840118408203 43.656505584716797 -1 169.92173767089844 63.024253845214844 -1 171.83250427246094 88.175910949707031 -1 175.44483947753906 95.405632019042969 -1 168.8990478515625 96.005531311035156 -1 248.5203857421875 97.82440185546875 -1 239.65133666992188 100.49198913574219 -1 197.99174499511719 192.049560546875 -1 243.51727294921875 208.77096557617188 -1 251.24520874023438 216.6229248046875 -1 169.92173767089844 63.024253845214844 -1 169.92173767089844 63.024253845214844 -1 175.44483947753906 95.405632019042969 -1 248.5203857421875 97.82440185546875 -1 197.99174499511719 192.049560546875 -1 90.316886901855469 4.6242246627807617 -1 210.36543273925781 72.361534118652344 -1 99.930931091308594 5.4492373466491699 -1 126.38275909423828 30.629123687744141 -1 151.60414123535156 75.622756958007812 -1 219.00682067871094 183.60923767089844 -1 222.62480163574219 187.73049926757812 -1 202.43238830566406 188.47457885742188 -1 229.88224792480469 74.767715454101562 -1 229.02180480957031 193.97279357910156 -1 239.66119384765625 204.82693481445312 -1 242.08197021484375 108.01506042480469 -1 141.39775085449219 18.785148620605469 -1 239.05970764160156 89.796943664550781 -1 179.93913269042969 94.525222778320312 -1 241.84922790527344 97.49334716796875 -1 90.085517883300781 125.55040740966797 -1 210.36543273925781 72.361534118652344 -1 241.84922790527344 97.49334716796875 -1 161.466796875 119.3431396484375 -1 207.22724914550781 171.74929809570312 -1 212.2921142578125 176.71272277832031 -1 181.00370788574219 89.116401672363281 -1 226.48719787597656 95.293754577636719 -1 114.05852508544922 104.98923492431641 -1 252.42245483398438 109.09004211425781 -1 114.40648651123047 111.83180236816406 98 3.1213231086730957 200.52677917480469 -1 115.86019897460938 45.461822509765625 96 189.76748657226562 64.144943237304688 -1 108.96551513671875 4.9539504051208496 -1 116.89512634277344 36.644325256347656 -1 169.40725708007812 40.490036010742188 -1 133.48611450195312 184.13870239257812 -1 25.065464019775391 182.51626586914062 -1 216.80368041992188 181.06080627441406 -1 36.366661071777344 172.96438598632812 -1 195.13148498535156 159.31324768066406 -1 104.04779815673828 51.534069061279297 -1 172.06707763671875 89.085502624511719 -1 169.40725708007812 40.490036010742188 -1 196.81053161621094 60.113468170166016 -1 166.39996337890625 88.865386962890625 -1 166.39996337890625 88.865386962890625 -1 133.48611450195312 184.13870239257812 -1 115.86019897460938 45.461822509765625 -1 174.80751037597656 53.292873382568359 -1 196.81053161621094 60.113468170166016 -1 167.93128967285156 60.294219970703125 -1 165.13459777832031 72.519111633300781 -1 166.39996337890625 88.865386962890625 -1 108.96551513671875 4.9539504051208496 -1 22.546628952026367 184.25776672363281 -1 207.5025634765625 230.30697631835938 -1 207.5025634765625 230.30697631835938 -1 88.357887268066406 130.39509582519531 -1 38.711505889892578 171.00851440429688 -1 
64 0.99996783566385095 0.0055610015605076441 0.0042654433845439555 -0.0038998579629205606 1.9913757590225072 0.043901337906471473 0.47181527372291365 1 000063.png
132.24557495117188 118.13046264648438 -1 136.62907409667969 201.20883178710938 -1 173.36038208007812 129.65084838867188 -1 200.03294372558594 74.622871398925781 -1 130.9615478515625 134.94419860839844 2 113.07622528076172 24.715673446655273 -1 226.33537292480469 121.79736328125 -1 226.33537292480469 121.79736328125 -1 152.14208984375 155.78288269042969 4 98.09197998046875 29.372636795043945 -1 118.58394622802734 177.50883483886719 6 221.69927978515625 200.19804382324219 -1 235.41458129882812 213.92622375488281 -1 187.42408752441406 51.876430511474609 -1 124.95612335205078 11.181785583496094 -1 201.84931945800781 60.101287841796875 -1 230.20069885253906 77.528450012207031 -1 240.0433349609375 88.692398071289062 -1 240.0433349609375 88.692398071289062 -1 184.13365173339844 154.98860168457031 -1 151.74417114257812 120.78599548339844 -1 224.6033935546875 104.69383239746094 -1 240.0433349609375 88.692398071289062 -1 181.34451293945312 45.578765869140625 -1 135.04493713378906 33.680744171142578 -1 135.04493713378906 33.680744171142578 -1 140.58229064941406 180.5205078125 -1 141.75041198730469 19.819171905517578 -1 151.95407104492188 103.67607879638672 -1 164.38296508789062 102.65708160400391 -1 167.89190673828125 90.583168029785156 -1 208.21832275390625 167.70780944824219 -1 156.55677795410156 76.86187744140625 -1 156.55677795410156 76.86187744140625 -1 190.052490234375 68.7061767578125 -1 161.44570922851562 114.34564971923828 -1 229.23614501953125 194.30584716796875 -1 198.05300903320312 192.35523986816406 -1 161.53572082519531 119.52082061767578 -1 248.4910888671875 97.842231750488281 -1 168.95454406738281 95.883590698242188 -1 109.21047210693359 35.048130035400391 -1 175.32795715332031 95.295967102050781 -1 180.01705932617188 94.403007507324219 -1 171.84321594238281 88.062850952148438 -1 194.80747985839844 63.072826385498047 -1 121.78722381591797 26.204267501831055 -1 169.02468872070312 46.511798858642578 -1 174.17466735839844 39.731380462646484 -1 169.92942810058594 63.027797698974609 -1 169.92942810058594 63.027797698974609 -1 169.92942810058594 63.027797698974609 -1 194.80747985839844 63.072826385498047 -1 175.32795715332031 95.295967102050781 -1 248.4910888671875 97.842231750488281 -1 206.97988891601562 171.55819702148438 -1 212.03598022460938 176.6771240234375 -1 19.336851119995117 187.43862915039062 -1 202.45407104492188 188.43290710449219 -1 239.9659423828125 205.21690368652344 -1 241.13621520996094 101.33234405517578 -1 222.14701843261719 186.99153137207031 -1 154.07865905761719 102.72660064697266 -1 90.416549682617188 125.23741149902344 -1 241.13621520996094 101.33234405517578 -1 241.52651977539062 200.14532470703125 -1 126.23999786376953 30.638593673706055 -1 83.084152221679688 131.52474975585938 -1 202.45407104492188 188.43290710449219 -1 126.23999786376953 30.638593673706055 -1 184.20237731933594 69.566009521484375 -1 151.542236328125 75.736839294433594 -1 240.63356018066406 121.6033935546875 -1 83.084152221679688 131.52474975585938 -1 69.537239074707031 145.88835144042969 -1 169.4034423828125 40.287429809570312 -1 116.9310302734375 36.605140686035156 -1 99.924217224121094 6.0067362785339355 -1 108.85819244384766 4.9620547294616699 -1 9.5853185653686523 195.17277526855469 -1 179.61279296875 134.10270690917969 -1 115.86851501464844 45.298095703125 96 80.528800964355469 133.65780639648438 -1 92.903701782226562 123.21437072753906 -1 158.51846313476562 80.532150268554688 -1 166.39479064941406 88.832450866699219 -1 80.528800964355469 133.65780639648438 -1 241.97047424316406 107.84943389892578 -1 115.86851501464844 45.298095703125 -1 114.03324127197266 105.03832244873047 -1 226.42539978027344 95.276176452636719 -1 180.96913146972656 89.104171752929688 -1 172.04771423339844 89.170028686523438 -1 166.39479064941406 88.832450866699219 -1 235.89459228515625 78.049797058105469 -1 189.52677917480469 64.406951904296875 -1 108.85819244384766 4.9620547294616699 -1 
69 0.99997014516407712 0.005268211154558178 0.0042137259391387709 -0.0037681886199473218 1.5766147389643661 -0.050999712260055688 -0.25836824432788863 1 000067.png
132.25843811035156 118.19131469726562 -1 136.65998840332031 201.23165893554688 -1 173.934326171875 129.73594665527344 -1 200.01913452148438 74.652877807617188 -1 130.93199157714844 134.82919311523438 2 126.58242034912109 98.568023681640625 -1 113.08889007568359 24.738044738769531 -1 226.47041320800781 121.98316192626953 -1 226.47041320800781 121.98316192626953 -1 130.97772216796875 170.44046020507812 80 152.09518432617188 155.61068725585938 4 130.97772216796875 170.44046020507812 81 130.97772216796875 170.44046020507812 -1 98.109725952148438 29.206323623657227 -1 185.51533508300781 51.276317596435547 -1 118.50527191162109 177.57049560546875 6 221.69407653808594 200.37158203125 -1 235.36911010742188 214.08439636230469 -1 124.98150634765625 11.233297348022461 -1 184.16375732421875 155.12413024902344 -1 239.92192077636719 88.455368041992188 -1 151.72352600097656 120.94327545166016 -1 224.53616333007812 104.71485900878906 -1 201.76078796386719 60.037330627441406 -1 239.92192077636719 88.455368041992188 -1 239.92192077636719 88.455368041992188 -1 181.35923767089844 45.561508178710938 -1 140.44517517089844 180.58119201660156 -1 231.35057067871094 77.631660461425781 -1 132.82264709472656 179.6387939453125 -1 132.82264709472656 179.6387939453125 -1 156.51893615722656 76.913688659667969 -1 152.06379699707031 103.75421905517578 -1 174.708251953125 40.298046112060547 -1 167.87104797363281 90.561317443847656 -1 135.03837585449219 33.595611572265625 -1 156.51893615722656 76.913688659667969 -1 135.03837585449219 33.595611572265625 -1 164.25053405761719 102.72260284423828 -1 175.31495666503906 95.309310913085938 -1 141.59255981445312 19.29595947265625 -1 175.31495666503906 95.309310913085938 -1 248.55810546875 97.849296569824219 -1 239.4027099609375 100.35888671875 -1 161.57281494140625 119.59815979003906 -1 198.26240539550781 192.7921142578125 -1 229.26441955566406 194.40855407714844 -1 251.72264099121094 217.2984619140625 -1 121.7265625 26.622652053833008 -1 169.92160034179688 63.029609680175781 -1 169.92160034179688 63.029609680175781 -1 251.18339538574219 87.930259704589844 -1 248.55810546875 97.849296569824219 -1 239.4027099609375 100.35888671875 -1 198.26240539550781 192.7921142578125 -1 109.16349792480469 34.937122344970703 -1 121.7265625 26.622652053833008 -1 112.94166564941406 43.753440856933594 -1 169.92160034179688 63.029609680175781 -1 171.92750549316406 88.257423400878906 -1 251.18339538574219 87.930259704589844 -1 179.99176025390625 94.363899230957031 -1 169.04179382324219 95.842742919921875 -1 18.91148567199707 187.70756530761719 -1 151.56050109863281 75.672584533691406 -1 251.52584838867188 84.374710083007812 -1 247.25125122070312 212.38883972167969 -1 242.29669189453125 101.50108337402344 -1 202.40980529785156 188.45501708984375 -1 240.16514587402344 205.10111999511719 -1 223.86361694335938 102.96197509765625 -1 240.6181640625 121.55696868896484 -1 207.64630126953125 172.32762145996094 -1 219.36489868164062 183.6898193359375 -1 126.28205108642578 30.621297836303711 -1 240.6181640625 121.55696868896484 -1 242.89016723632812 208.10609436035156 -1 241.94131469726562 107.89406585693359 -1 99.927558898925781 5.6072897911071777 -1 126.28205108642578 30.621297836303711 -1 245.06573486328125 87.467430114746094 -1 166.37603759765625 88.80255126953125 -1 172.10273742675781 89.050285339355469 -1 158.55207824707031 80.500228881835938 -1 154.02958679199219 102.85462951660156 -1 30.96192741394043 177.27682495117188 -1 108.76190948486328 5.0663332939147949 -1 212.2816162109375 176.62469482421875 -1 40.058437347412109 169.96266174316406 -1 203.59078979492188 168.00180053710938 -1 200.27876281738281 164.65245056152344 -1 191.57028198242188 147.06990051269531 -1 86.258590698242188 132.25238037109375 -1 251.7337646484375 111.50857543945312 -1 226.1549072265625 95.239479064941406 -1 245.06573486328125 87.467430114746094 -1 166.37603759765625 88.80255126953125 -1 14.619982719421387 190.95721435546875 -1 116.98500823974609 36.584426879882812 -1 108.76190948486328 5.0663332939147949 -1 169.4796142578125 40.111339569091797 -1 110.64209747314453 40.910591125488281 -1 189.66227722167969 64.289306640625 -1 228.02755737304688 190.93086242675781 -1 207.51866149902344 230.39988708496094 -1 2.4652335643768311 200.81607055664062 -1 246.71543884277344 84.982337951660156 -1 151.787353515625 116.70516967773438 -1 207.51866149902344 230.39988708496094 -1 
71 0.99996994446888088 0.0056578914429556773 0.0035809734857845501 -0.003908331129418215 2.2789596083079893 0.065575163388948837 0.11372357772047301 1 000070.png
132.28872680664062 118.15129852294922 -1 136.69549560546875 201.15089416503906 -1 173.4393310546875 129.62712097167969 -1 200.04042053222656 74.65264892578125 -1 130.91572570800781 134.7301025390625 2 126.54377746582031 98.003219604492188 -1 113.12530517578125 24.742282867431641 -1 152.17787170410156 155.95574951171875 4 98.078804016113281 29.326799392700195 -1 185.54789733886719 51.286834716796875 -1 118.75752258300781 177.5477294921875 6 221.64537048339844 200.38824462890625 -1 235.55059814453125 214.15608215332031 -1 124.88538360595703 11.075494766235352 -1 224.51225280761719 104.68399810791016 -1 201.74189758300781 60.006309509277344 -1 240.40890502929688 88.652374267578125 -1 151.68482971191406 120.67134857177734 -1 183.95353698730469 155.40995788574219 -1 240.40890502929688 88.652374267578125 -1 240.40890502929688 88.652374267578125 -1 181.48095703125 45.649284362792969 -1 231.49317932128906 77.584564208984375 -1 140.19140625 180.93626403808594 -1 134.93891906738281 33.626537322998047 -1 141.75759887695312 19.773700714111328 -1 156.52154541015625 76.923851013183594 -1 167.94692993164062 90.625694274902344 -1 164.3223876953125 102.70551300048828 -1 151.91792297363281 104.20685577392578 -1 156.52154541015625 76.923851013183594 -1 134.93891906738281 33.626537322998047 -1 243.04144287109375 202.5089111328125 -1 121.69695281982422 26.637014389038086 -1 174.28558349609375 39.847652435302734 -1 112.9637451171875 43.789077758789062 -1 169.92903137207031 63.023765563964844 -1 195.02670288085938 62.746719360351562 -1 183.41792297363281 69.932334899902344 -1 179.96907043457031 94.373039245605469 -1 175.46614074707031 95.360984802246094 -1 168.87643432617188 96.042831420898438 -1 248.31597900390625 97.740936279296875 -1 239.58602905273438 100.29450225830078 -1 161.53033447265625 119.51729583740234 -1 198.04226684570312 192.31515502929688 -1 203.4913330078125 195.83009338378906 -1 121.69695281982422 26.637014389038086 -1 169.92903137207031 63.023765563964844 -1 169.92903137207031 63.023765563964844 -1 195.02670288085938 62.746719360351562 -1 175.46614074707031 95.360984802246094 -1 248.31597900390625 97.740936279296875 -1 203.4913330078125 195.83009338378906 -1 171.83349609375 88.052726745605469 -1 109.17062377929688 34.943065643310547 -1 164.98521423339844 49.255859375 -1 234.12379455566406 77.217819213867188 -1 229.20671081542969 194.22142028808594 -1 229.3985595703125 74.437461853027344 -1 126.38111114501953 30.62598991394043 -1 151.5439453125 75.747062683105469 -1 223.93089294433594 103.23698425292969 -1 145.61892700195312 124.53586578369141 -1 100.09932708740234 117.02838134765625 -1 207.62185668945312 172.22489929199219 -1 219.82220458984375 184.03826904296875 -1 145.61892700195312 124.53586578369141 -1 222.80778503417969 187.58306884765625 -1 202.44322204589844 188.43617248535156 -1 239.10977172851562 204.18074035644531 -1 245.84085083007812 210.79972839355469 -1 166.36955261230469 88.841102600097656 -1 172.08673095703125 89.212196350097656 -1 226.7509765625 95.466964721679688 -1 116.10652923583984 102.14807891845703 -1 154.068115234375 102.71947479248047 -1 242.10116577148438 107.80653381347656 -1 151.84027099609375 116.77976226806641 -1 103.55632781982422 253.53114318847656 -1 119.72039031982422 34.804889678955078 -1 35.837203979492188 173.30711364746094 -1 54.045398712158203 158.66267395019531 -1 108.83656311035156 5.3070154190063477 -1 15.286355972290039 190.50473022460938 -1 198.025634765625 162.59065246582031 -1 115.90100860595703 45.694801330566406 96 99.828079223632812 6.277644157409668 -1 57.460987091064453 155.65711975097656 -1 74.687713623046875 141.59443664550781 -1 180.98452758789062 89.12359619140625 -1 116.9998779296875 36.582237243652344 -1 166.36955261230469 88.841102600097656 -1 207.57754516601562 230.59065246582031 -1 115.90100860595703 45.694801330566406 -1 128.20742797851562 36.571010589599609 -1 108.83656311035156 5.3070154190063477 -1 169.54541015625 40.142314910888672 -1 189.60768127441406 64.294563293457031 -1 158.50936889648438 80.509773254394531 -1 246.96826171875 85.015533447265625 -1 207.57754516601562 230.59065246582031 -1 251.04351806640625 111.21830749511719 -1 108.21047973632812 83.166419982910156 -1 184.39115905761719 72.817298889160156 -1 60.810150146484375 152.97026062011719 -1 114.10717010498047 104.90631866455078 -1 8.2654399871826172 195.79774475097656 -1 108.21047973632812 83.166419982910156 -1 
72 0.99997594449915428 0.0057228938608820798 -0.00013911952181511428 -0.0039165743501382039 2.5488097022066154 0.074881998441641312 -0.047559436120209436 1 000072.png
134.11846923828125 118.95063781738281 -1 136.79437255859375 201.16310119628906 -1 173.84469604492188 130.28215026855469 -1 199.94438171386719 74.693305969238281 -1 130.78829956054688 134.84588623046875 2 225.5867919921875 122.63128662109375 -1 225.5867919921875 122.63128662109375 -1 113.35308074951172 25.334880828857422 -1 152.00117492675781 155.53077697753906 4 98.157119750976562 29.496288299560547 -1 185.42068481445312 51.376560211181641 -1 118.37103271484375 177.6016845703125 6 221.46885681152344 201.32453918457031 -1 235.05227661132812 214.24742126464844 -1 191.27473449707031 169.30693054199219 -1 201.83988952636719 60.032852172851562 -1 224.67361450195312 105.54716491699219 -1 151.50825500488281 121.12846374511719 -1 76.501739501953125 148.1903076171875 -1 132.34359741210938 178.58273315429688 -1 132.34359741210938 178.58273315429688 -1 135.21316528320312 34.259960174560547 -1 140.47782897949219 180.34407043457031 -1 135.21316528320312 34.259960174560547 -1 141.77484130859375 19.796926498413086 -1 180.91058349609375 44.811473846435547 -1 164.34733581542969 48.132408142089844 -1 156.41177368164062 77.072769165039062 -1 167.80757141113281 90.591819763183594 -1 164.34461975097656 102.76119995117188 -1 151.99972534179688 104.14011383056641 -1 202.95445251464844 197.43856811523438 -1 202.95445251464844 197.43856811523438 -1 156.41177368164062 77.072769165039062 -1 104.34845733642578 13.687991142272949 -1 104.34845733642578 13.687991142272949 -1 175.29908752441406 95.277305603027344 -1 121.60385894775391 26.550622940063477 -1 175.29908752441406 95.277305603027344 -1 121.60385894775391 26.550622940063477 -1 169.896240234375 63.055465698242188 -1 247.96012878417969 98.459266662597656 -1 198.24505615234375 193.21469116210938 -1 109.20710754394531 34.770778656005859 -1 161.16995239257812 119.81735992431641 -1 174.149169921875 39.753559112548828 -1 112.91460418701172 43.813869476318359 -1 169.896240234375 63.055465698242188 -1 171.86930847167969 88.184425354003906 -1 179.98583984375 94.461944580078125 -1 168.97203063964844 95.869873046875 -1 247.96012878417969 98.459266662597656 -1 198.24505615234375 193.21469116210938 -1 229.26133728027344 195.23780822753906 -1 242.53572082519531 202.74935913085938 -1 250.70597839355469 217.16726684570312 -1 109.20710754394531 34.770778656005859 -1 169.896240234375 63.055465698242188 -1 243.85800170898438 209.69282531738281 -1 247.18171691894531 213.15052795410156 -1 107.03940582275391 112.09619903564453 -1 126.19060516357422 30.6705322265625 -1 222.2158203125 187.67399597167969 -1 202.42054748535156 189.21159362792969 -1 239.28398132324219 205.06333923339844 -1 203.4693603515625 168.73728942871094 -1 116.00823211669922 45.279716491699219 -1 110.43608093261719 70.539398193359375 -1 151.57176208496094 75.657333374023438 -1 223.83078002929688 103.87277984619141 -1 208.80879211425781 164.31523132324219 -1 110.43608093261719 70.539398193359375 -1 126.19060516357422 30.6705322265625 -1 39.443737030029297 164.68260192871094 -1 116.00823211669922 45.279716491699219 96 223.83078002929688 103.87277984619141 -1 44.224834442138672 168.59597778320312 -1 206.73251342773438 172.05018615722656 -1 166.29411315917969 88.814659118652344 -1 172.13377380371094 89.275657653808594 -1 226.61830139160156 96.105598449707031 -1 154.07969665527344 102.48036193847656 -1 252.09648132324219 107.29711151123047 -1 117.11959075927734 119.51451110839844 -1 44.970535278320312 167.16781616210938 -1 225.09539794921875 180.56956481933594 -1 133.45535278320312 184.56727600097656 -1 2.705524206161499 202.54949951171875 -1 207.50848388671875 231.594482421875 -1 42.560489654541016 162.38153076171875 -1 215.17637634277344 171.09529113769531 -1 108.83644866943359 5.1693439483642578 -1 99.749038696289062 6.3576693534851074 -1 101.91912078857422 14.026527404785156 -1 117.01966857910156 36.589839935302734 -1 213.02745056152344 178.19476318359375 -1 57.282798767089844 157.13999938964844 -1 49.594333648681641 156.97978210449219 -1 60.603660583496094 154.61541748046875 -1 59.018115997314453 149.31199645996094 -1 175.89405822753906 131.00765991210938 -1 171.96331787109375 127.01881408691406 -1 108.83644866943359 5.1693439483642578 -1 122.77082824707031 39.790203094482422 -1 122.77082824707031 39.790203094482422 -1 169.51658630371094 39.971054077148438 -1 236.62458801269531 98.540428161621094 -1 133.45535278320312 184.56727600097656 -1 207.50848388671875 231.594482421875 -1 174.78620910644531 53.204029083251953 -1 189.54803466796875 64.382278442382812 -1 148.56851196289062 77.408905029296875 -1 166.29411315917969 88.814659118652344 -1 235.85932922363281 77.889053344726562 -1 90.114662170410156 126.54514312744141 -1 236.62458801269531 98.540428161621094 -1 246.95912170410156 84.977516174316406 -1 92.845466613769531 124.202392578125 -1 110.97666168212891 85.333671569824219 -1 110.97666168212891 85.333671569824219 -1 
74 0.99985285197528784 0.0054331799304385619 0.015737010396084491 -0.0041353907336823649 -1.6815509899364982 0.041597858519943312 2.2719095184017402 1 000071.png
132.49201965332031 118.34930419921875 -1 136.714111328125 201.17085266113281 -1 173.75538635253906 129.63705444335938 -1 199.98030090332031 74.606414794921875 -1 130.88273620605469 135.43099975585938 2 126.49883270263672 98.227798461914062 -1 225.94343566894531 121.80854034423828 -1 225.94343566894531 121.80854034423828 -1 113.18861389160156 24.792354583740234 -1 130.99253845214844 169.42776489257812 81 152.22526550292969 155.64961242675781 4 130.99253845214844 169.42776489257812 -1 130.99253845214844 169.42776489257812 80 98.139549255371094 29.41077995300293 -1 118.68318939208984 177.40107727050781 6 221.49652099609375 200.42335510253906 -1 235.80813598632812 214.29415893554688 -1 187.56471252441406 51.946346282958984 -1 119.94368743896484 98.5938720703125 -1 124.94755554199219 11.175000190734863 -1 102.33437347412109 125.45896148681641 -1 240.14103698730469 88.670585632324219 -1 224.65153503417969 104.83411407470703 -1 240.14103698730469 88.670585632324219 -1 184.17616271972656 154.974365234375 -1 201.90707397460938 60.120204925537109 -1 231.20472717285156 77.710601806640625 -1 240.14103698730469 88.670585632324219 -1 151.69664001464844 120.90391540527344 -1 102.33437347412109 125.45896148681641 -1 91.350654602050781 134.09077453613281 -1 75.819679260253906 147.51654052734375 -1 132.49775695800781 178.60015869140625 -1 132.49775695800781 178.60015869140625 -1 140.34207153320312 180.57559204101562 -1 181.31715393066406 45.497032165527344 -1 141.81521606445312 19.791587829589844 -1 135.05770874023438 33.542472839355469 -1 156.49411010742188 76.929237365722656 -1 174.51744079589844 40.294651031494141 -1 202.59083557128906 196.24935913085938 -1 151.84446716308594 104.13755798339844 -1 202.59083557128906 196.24935913085938 -1 156.49411010742188 76.929237365722656 -1 135.05770874023438 33.542472839355469 -1 164.23661804199219 102.70551300048828 -1 167.91900634765625 90.585334777832031 -1 202.59083557128906 196.24935913085938 -1 175.39682006835938 95.334342956542969 -1 168.95843505859375 95.850715637207031 -1 248.21018981933594 97.839767456054688 -1 240.39939880371094 100.98157501220703 -1 197.9769287109375 191.91366577148438 -1 242.62770080566406 201.96601867675781 -1 121.74220275878906 26.637903213500977 -1 169.90599060058594 63.039222717285156 -1 169.90599060058594 63.039222717285156 -1 175.39682006835938 95.334342956542969 -1 248.21018981933594 97.839767456054688 -1 197.9769287109375 191.91366577148438 -1 109.19342803955078 35.135555267333984 -1 100.1329345703125 4.4096231460571289 -1 121.74220275878906 26.637903213500977 -1 112.93488311767578 43.809116363525391 -1 169.90599060058594 63.039222717285156 -1 183.53048706054688 69.666099548339844 -1 171.86735534667969 88.209671020507812 -1 179.97492980957031 94.425094604492188 -1 89.876670837402344 125.69168090820312 -1 92.541954040527344 123.61318206787109 -1 81.060836791992188 133.21971130371094 -1 126.25082397460938 30.639192581176758 -1 64.051864624023438 147.11231994628906 -1 229.14633178710938 74.379806518554688 -1 87.221420288085938 127.97056579589844 -1 229.14633178710938 74.379806518554688 -1 214.2322998046875 178.65074157714844 -1 151.59223937988281 75.651901245117188 -1 161.43873596191406 119.33026123046875 -1 207.63165283203125 172.22315979003906 -1 126.25082397460938 30.639192581176758 -1 87.221420288085938 127.97056579589844 -1 81.060836791992188 133.21971130371094 -1 64.051864624023438 147.11231994628906 -1 218.074462890625 182.6444091796875 -1 222.12808227539062 187.07551574707031 -1 202.43370056152344 188.44291687011719 -1 240.24691772460938 205.384765625 -1 166.39654541015625 88.8756103515625 -1 192.71357727050781 156.62689208984375 -1 53.851100921630859 159.04640197753906 -1 197.77571105957031 162.27711486816406 -1 91.210304260253906 128.07269287109375 -1 168.08335876464844 60.196392059326172 -1 95.253486633300781 124.69915771484375 -1 113.94850158691406 105.18952941894531 -1 153.98526000976562 102.91293334960938 -1 226.69129943847656 95.226882934570312 -1 172.0615234375 89.130241394042969 -1 108.50742340087891 5.3137927055358887 -1 158.56394958496094 80.557426452636719 -1 169.44400024414062 40.234912872314453 -1 108.50742340087891 5.3137927055358887 -1 166.39654541015625 88.8756103515625 -1 153.98526000976562 102.91293334960938 -1 99.89825439453125 6.4278106689453125 -1 116.98818206787109 36.616008758544922 -1 122.55384063720703 39.78369140625 -1 166.39654541015625 88.8756103515625 -1 169.44400024414062 40.234912872314453 -1 174.73452758789062 53.244911193847656 -1 189.633056640625 64.247344970703125 -1 246.93597412109375 85.109199523925781 -1 62.641960144042969 151.52377319335938 -1 122.55384063720703 39.78369140625 -1 114.64345550537109 111.23383331298828 98 79.273353576660156 137.78364562988281 -1 195.65522766113281 159.95698547363281 -1 
