# 3D point list with one line of data per point:
#   POINT3D_ID, X, Y, Z, R, G, B, ERROR, TRACK[] as (IMAGE_ID, POINT2D_IDX)
# Number of points: 8, mean track length: 8.875
2 22.081781132085791 2.4064060368906262 149.4525182990063 252 107 103 0.18048896365803441 34 2 30 1 71 4 46 4 52 4 69 4 31 1 51 4 74 4 59 3 50 4 49 4 64 4 72 4
4 117.06232590428641 3.2400735246597305 85.598236175622759 104 96 88 0.11020073811914773 34 6 30 3 71 7 46 8 52 8 69 10 31 3 51 7 74 10 59 10 50 8 49 14 64 8 72 8
6 -152.23484871254618 9.9682443735292239 272.14314763904741 102 97 94 0.26633566697120248 34 9 30 9 71 10 46 12 52 12 69 15 31 6 51 11 74 14 59 15 50 10 49 16 64 10 72 11
78 -56.10774380848256 0.75327201567673563 69.233866487165685 95 90 86 0.027409999932894068 30 32 46 76 31 43
80 22.238808007364064 5.6381305870009326 151.29695420931841 253 100 94 0.28614410742011398 30 4 52 7 69 9 51 6 74 12 59 9 49 10
81 22.23880800738489 5.6381305870004779 151.29695420930386 253 100 94 0.28614410741935892 30 5 52 9 69 11 51 8 74 9 59 12 49 11
96 -8.2492561807205291 -0.45004967331983836 8.199558458872497 250 100 96 0.11813686386241881 31 18 71 86 51 66 59 86 49 67 64 81 72 74
98 -23.330609451653444 -0.23435620776264232 28.162498011215185 85 74 67 0.65005905051963409 31 10 51 77 74 115 59 84 49 38
