# Frame list with one line of data per frame:
#   FRAME_ID, RIG_ID, RIG_FROM_WORLD[QW, QX, QY, QZ, TX, TY, TZ], NUM_DATA_IDS, DATA_IDS[] as (SENSOR_TYPE, SENSOR_ID, DATA_ID)
# Number of frames: 10
77 1 0.99886123710284902 -0.045362670584138599 0.00059376685832559725 0.014768363882268732 0.38498640768440434 -0.44437109494126681 0.28129195162271048 1 CAMERA 1 77
79 1 0.99869865002220393 -0.04966581693917603 -0.00085704792310832046 0.011557618286193798 0.39718967779402425 -0.47603887158036839 0.43669557863637931 1 CAMERA 1 79
80 1 0.99865246799212359 -0.049484769390662237 -0.0016648726497528262 0.015547796327901009 0.40853985702343804 -0.46840800222014572 0.47874585691745336 1 CAMERA 1 80
81 1 0.99849242458339194 -0.047227566259243466 -0.0049285180154721667 0.027534428357594939 0.4613878654045554 -0.4208222931608448 0.81904843410122263 1 CAMERA 1 81
82 1 0.9989287598622375 -0.046103462953100333 0.0005461239817889658 0.0039376607803338114 0.37695625294851354 -0.3952051913698677 0.95557593946499031 1 CAMERA 1 82
83 1 0.99735329455910393 -0.070852517628104711 0.013046967871947304 0.0098032243271674487 0.25632927141632411 -0.66077462694864275 0.86748015486845276 1 CAMERA 1 83
84 1 0.9988893122927941 -0.046616456994319377 0.00062523784939313011 0.0068305784643440687 0.3798064655985241 -0.41456934580113186 0.77200451871623266 1 CAMERA 1 84
85 1 0.99781655135323966 -0.065865186782670004 -0.0048348034166973489 -0.00072917181348162497 0.42412557013979724 -0.58509058881451614 1.1270134626597914 1 CAMERA 1 85
86 1 0.99899772262549125 -0.043247314928042235 0.0031513584230089637 0.011103552615559939 0.3534828124029713 -0.35953261621036131 0.96300897080937153 1 CAMERA 1 86
87 1 0.65424396240648353 0.59734468294534238 0.46379114263353349 0.0064763744698415468 -2.9954671035785907 4.3653595528427784 6.8171246595869679 1 CAMERA 1 87
