# Image list with two lines of data per image:
#   IMAGE_ID, QW, QX, QY, QZ, TX, TY, TZ, CAMERA_ID, NAME
#   POINTS2D[] as (X, Y, POINT3D_ID)
# Number of images: 10, mean observations per image: 15.4
77 0.99886123710284902 -0.045362670584138599 0.00059376685832559725 0.014768363882268732 0.38498640768440434 -0.44437109494126681 0.28129195162271048 1 000077.png
133.94425964355469 116.01324462890625 -1 137.09196472167969 200.84468078613281 -1 170.73313903808594 137.62478637695312 -1 197.81813049316406 74.065765380859375 -1 130.45791625976562 140.53330993652344 -1 130.45791625976562 140.53330993652344 -1 113.10854339599609 24.785392761230469 -1 149.82392883300781 164.30242919921875 -1 131.54469299316406 171.46356201171875 -1 131.54469299316406 171.46356201171875 -1 127.34471893310547 14.754023551940918 -1 98.08233642578125 29.583438873291016 -1 202.64996337890625 62.564064025878906 -1 187.84977722167969 52.265621185302734 -1 208.5977783203125 96.551284790039062 -1 214.09309387207031 209.30384826660156 8 226.32261657714844 221.23849487304688 9 124.79879760742188 11.130655288696289 -1 172.46566772460938 51.713619232177734 -1 201.52679443359375 59.91107177734375 -1 248.41159057617188 117.34562683105469 -1 151.47999572753906 122.62879180908203 -1 248.41159057617188 117.34562683105469 -1 135.26852416992188 34.286506652832031 -1 156.64625549316406 77.054801940917969 -1 135.26852416992188 34.286506652832031 -1 156.64625549316406 77.054801940917969 -1 156.64625549316406 77.054801940917969 -1 167.75259399414062 90.948135375976562 -1 174.87355041503906 95.310775756835938 -1 142.07406616210938 19.777776718139648 -1 197.96177673339844 206.88906860351562 147 118.54086303710938 163.24516296386719 -1 174.87355041503906 95.310775756835938 -1 104.49683380126953 13.637058258056641 -1 197.96177673339844 206.88906860351562 43 104.49683380126953 13.637058258056641 -1 118.54086303710938 163.24516296386719 -1 164.39959716796875 48.115100860595703 -1 151.84918212890625 103.80677795410156 -1 102.68202209472656 50.461574554443359 -1 121.62273406982422 26.606620788574219 -1 121.62273406982422 26.606620788574219 -1 193.26979064941406 203.3778076171875 42 236.65238952636719 215.15284729003906 142 112.96543884277344 43.692783355712891 -1 180.78353881835938 44.453655242919922 -1 169.90179443359375 63.074878692626953 -1 183.05038452148438 70.550079345703125 -1 171.59182739257812 87.888694763183594 -1 179.92587280273438 94.516517639160156 -1 244.96302795410156 107.94051361083984 -1 156.44473266601562 130.16165161132812 -1 59.708091735839844 181.67376708984375 182 193.18821716308594 202.47770690917969 -1 193.26979064941406 203.3778076171875 35 169.90179443359375 63.074878692626953 -1 169.90179443359375 63.074878692626953 -1 193.18821716308594 202.47770690917969 -1 119.74554443359375 34.747413635253906 -1 126.19614410400391 30.623668670654297 -1 222.39067077636719 205.97198486328125 -1 195.27238464355469 172.46026611328125 -1 151.56974792480469 75.676727294921875 -1 114.14745330810547 123.166259765625 -1 169.18092346191406 95.603553771972656 -1 252.38766479492188 90.029937744140625 -1 184.6756591796875 214.72392272949219 107 173.11518859863281 38.752838134765625 -1 233.28582763671875 211.55406188964844 142 233.95289611816406 216.91448974609375 -1 237.67657470703125 220.64027404785156 -1 116.62950134277344 114.94094085693359 -1 15.619140625 222.37286376953125 -1 244.91416931152344 228.4173583984375 -1 252.80392456054688 231.91989135742188 -1 140.97578430175781 133.730712890625 207 137.73741149902344 183.78092956542969 -1 184.57669067382812 160.74931335449219 115 126.19614410400391 30.623668670654297 -1 252.38766479492188 90.029937744140625 -1 252.38766479492188 90.029937744140625 -1 184.57669067382812 160.74931335449219 86 203.3837890625 180.31948852539062 83 54.747276306152344 184.76174926757812 -1 215.49343872070312 197.16975402832031 -1 251.7474365234375 112.68145751953125 -1 170.46656799316406 140.92176818847656 -1 173.04435729980469 144.01161193847656 -1 177.23707580566406 148.65383911132812 110 181.64674377441406 157.20976257324219 115 185.07611083984375 157.60832214355469 -1 201.13284301757812 182.37994384765625 -1 47.501438140869141 187.62310791015625 -1 39.677928924560547 195.04360961914062 -1 199.919189453125 198.46086120605469 -1 35.514076232910156 199.10871887207031 -1 196.85302734375 199.17031860351562 84 38.605693817138672 199.43453979492188 -1 223.00247192382812 200.40266418457031 -1 253.54350280761719 228.83251953125 -1 6.0189938545227051 231.06275939941406 -1 11.967819213867188 225.12962341308594 -1 2.6863048076629639 234.26506042480469 -1 115.94162750244141 45.498935699462891 -1 116.76808929443359 36.698963165283203 -1 125.75563049316406 37.855625152587891 -1 122.24644470214844 39.947177886962891 -1 17.160490036010742 219.90133666992188 -1 13.587919235229492 219.84942626953125 -1 20.207551956176758 217.14482116699219 -1 240.13331604003906 214.58447265625 -1 19.596502304077148 214.30146789550781 -1 15.807714462280273 214.49539184570312 -1 231.1136474609375 213.414794921875 -1 22.527067184448242 211.58038330078125 -1 230.53126525878906 204.86820983886719 -1 125.75563049316406 37.855625152587891 -1 122.24644470214844 39.947177886962891 -1 166.12458801269531 89.11004638671875 -1 166.12458801269531 89.11004638671875 -1 180.99871826171875 89.125480651855469 -1 177.90858459472656 89.934646606445312 -1 133.48847961425781 184.48921203613281 -1 47.501438140869141 187.62310791015625 -1 249.42158508300781 225.0146484375 71 35.514076232910156 199.10871887207031 -1 196.85302734375 199.17031860351562 -1 31.554946899414062 202.96928405761719 -1 22.527067184448242 211.58038330078125 -1 19.596502304077148 214.30146789550781 -1 13.587919235229492 219.84942626953125 -1 253.54350280761719 228.83251953125 -1 169.42509460449219 40.170032501220703 -1 115.94162750244141 45.498935699462891 -1 189.50270080566406 64.398513793945312 -1 166.12458801269531 89.11004638671875 -1 180.99871826171875 89.125480651855469 -1 172.13461303710938 89.443031311035156 -1 31.554946899414062 202.96928405761719 -1 177.90858459472656 89.934646606445312 -1 133.48847961425781 184.48921203613281 -1 39.677928924560547 195.04360961914062 -1 37.750743865966797 196.76702880859375 -1 48.298931121826172 183.80648803710938 -1 167.07376098632812 41.363712310791016 -1 37.750743865966797 196.76702880859375 -1 242.86628723144531 218.05648803710938 -1 251.66712951660156 109.5108642578125 -1 
79 0.99869865002220393 -0.04966581693917603 -0.00085704792310832046 0.011557618286193798 0.39718967779402425 -0.47603887158036839 0.43669557863637931 1 000078.png
130.71208190917969 114.58932495117188 -1 137.33990478515625 201.47576904296875 -1 170.80970764160156 139.094970703125 -1 197.83985900878906 73.472282409667969 -1 236.63789367675781 105.6025390625 -1 160.81851196289062 137.76692199707031 -1 236.63789367675781 105.6025390625 -1 160.81851196289062 137.76692199707031 -1 113.07060241699219 24.817239761352539 -1 157.929931640625 36.972480773925781 -1 195.15351867675781 203.46554565429688 -1 195.15351867675781 203.46554565429688 -1 98.04364013671875 30.055418014526367 -1 202.912841796875 63.433040618896484 -1 222.37693786621094 76.346847534179688 -1 188.24775695800781 52.256313323974609 -1 206.53701782226562 101.07880401611328 -1 170.13334655761719 103.51898956298828 -1 120.59439849853516 176.84326171875 -1 212.13322448730469 210.90303039550781 8 224.0672607421875 222.69157409667969 9 245.28446960449219 243.38984680175781 -1 120.59439849853516 176.84326171875 -1 120.59439849853516 176.84326171875 -1 124.91374969482422 11.383699417114258 -1 172.42819213867188 51.725276947021484 -1 151.48568725585938 122.61371612548828 -1 249.10031127929688 91.660072326660156 -1 8.1006221771240234 239.96905517578125 -1 134.96873474121094 33.686000823974609 -1 134.96873474121094 33.686000823974609 -1 156.71452331542969 76.993507385253906 -1 245.60719299316406 121.72639465332031 -1 156.71452331542969 76.993507385253906 -1 156.71452331542969 76.993507385253906 -1 166.31710815429688 35.791278839111328 -1 174.77067565917969 95.249198913574219 -1 196.293212890625 208.60383605957031 43 104.28575897216797 13.758904457092285 -1 158.132568359375 123.61618041992188 138 138.8948974609375 183.12167358398438 -1 151.85417175292969 103.86922454833984 -1 164.22914123535156 103.03746795654297 -1 104.28575897216797 13.758904457092285 -1 174.77067565917969 95.249198913574219 -1 167.68318176269531 90.923820495605469 -1 200.72512817382812 57.613086700439453 -1 164.58180236816406 48.323020935058594 -1 121.60169982910156 26.633783340454102 -1 121.60169982910156 26.633783340454102 -1 169.88697814941406 63.088512420654297 -1 191.40879821777344 204.25440979003906 35 140.03121948242188 139.43569946289062 -1 141.64654541015625 19.159931182861328 -1 180.76458740234375 44.417984008789062 -1 169.04780578613281 46.716983795166016 -1 169.88697814941406 63.088512420654297 -1 171.71566772460938 88.034126281738281 -1 179.89340209960938 94.496589660644531 -1 61.683372497558594 184.37374877929688 182 191.40879821777344 204.25440979003906 42 169.88697814941406 63.088512420654297 -1 119.62040710449219 34.832653045654297 -1 169.30349731445312 95.61492919921875 -1 183.44987487792969 163.59281921386719 115 201.02259826660156 181.98141479492188 83 195.4744873046875 201.05506896972656 84 141.11796569824219 133.71864318847656 207 110.38465881347656 70.299331665039062 -1 115.94477844238281 45.643623352050781 -1 191.86659240722656 172.98686218261719 -1 177.99520874023438 53.548915863037109 -1 230.24235534667969 212.74847412109375 142 110.38465881347656 70.299331665039062 -1 151.62739562988281 75.615226745605469 -1 247.92713928222656 113.15672302246094 -1 246.35235595703125 229.88792419433594 71 250.00582885742188 233.56282043457031 153 126.22760772705078 30.639999389648438 -1 183.44987487792969 163.59281921386719 86 195.4744873046875 201.05506896972656 -1 126.22760772705078 30.639999389648438 -1 115.94477844238281 45.643623352050781 -1 110.55023956298828 41.012584686279297 -1 176.82609558105469 40.877696990966797 -1 195.71388244628906 57.528575897216797 -1 189.40666198730469 64.624610900878906 -1 244.27659606933594 84.428680419921875 -1 110.90704345703125 85.207229614257812 -1 180.61260986328125 160.25579833984375 115 166.12217712402344 89.074806213378906 -1 181.02047729492188 89.134658813476562 -1 172.09832763671875 89.427406311035156 -1 177.9468994140625 89.947158813476562 -1 254.21205139160156 94.179397583007812 -1 153.994873046875 102.81749725341797 -1 247.85931396484375 116.99925994873047 -1 114.38796234130859 126.47341918945312 -1 171.90025329589844 65.705062866210938 -1 144.33279418945312 129.02503967285156 -1 228.55667114257812 215.15669250488281 -1 232.09196472167969 218.91380310058594 -1 29.870859146118164 210.01376342773438 -1 23.61039924621582 219.87713623046875 -1 12.218276977539062 223.64299011230469 -1 34.196414947509766 205.90110778808594 -1 222.65567016601562 204.54000854492188 -1 9.0129852294921875 227.06513977050781 -1 241.29867553710938 228.75250244140625 -1 3.1878752708435059 236.37347412109375 -1 251.24447631835938 239.08827209472656 -1 143.20339965820312 252.86328125 -1 35.968326568603516 204.13063049316406 -1 41.201946258544922 202.20060729980469 -1 220.5592041015625 202.1614990234375 -1 213.53096008300781 199.22811889648438 -1 41.613849639892578 198.49856567382812 -1 203.88906860351562 184.96559143066406 -1 51.881000518798828 185.24501037597656 -1 133.47494506835938 184.61636352539062 -1 125.80603790283203 37.896007537841797 -1 110.90704345703125 85.207229614257812 -1 166.12217712402344 89.074806213378906 -1 166.12217712402344 89.074806213378906 -1 181.02047729492188 89.134658813476562 -1 177.9468994140625 89.947158813476562 -1 254.21205139160156 94.179397583007812 -1 153.994873046875 102.81749725341797 -1 138.41156005859375 152.25868225097656 -1 133.47494506835938 184.61636352539062 -1 41.613849639892578 198.49856567382812 -1 35.968326568603516 204.13063049316406 -1 34.196414947509766 205.90110778808594 -1 29.870859146118164 210.01376342773438 -1 116.80107116699219 36.682826995849609 -1 125.80603790283203 37.896007537841797 -1 173.05119323730469 38.469707489013672 -1 169.41438293457031 40.143348693847656 -1 63.209419250488281 177.53265380859375 -1 50.554187774658203 189.68756103515625 -1 24.639753341674805 215.24752807617188 -1 24.639753341674805 215.24752807617188 -1 71.774085998535156 168.95498657226562 -1 228.75297546386719 85.817802429199219 -1 54.968482971191406 185.28115844726562 -1 50.554187774658203 189.68756103515625 -1 63.209419250488281 177.53265380859375 -1 228.75297546386719 85.817802429199219 -1 54.968482971191406 185.28115844726562 -1 71.774085998535156 168.95498657226562 -1 
80 0.99865246799212359 -0.049484769390662237 -0.0016648726497528262 0.015547796327901009 0.40853985702343804 -0.46840800222014572 0.47874585691745336 1 000079.png
125.45369720458984 112.32804870605469 -1 176.76205444335938 138.39306640625 -1 137.52099609375 201.53207397460938 -1 243.96340942382812 117.29078674316406 -1 243.96340942382812 117.29078674316406 -1 198.01919555664062 73.43475341796875 -1 235.6805419921875 107.40850830078125 -1 235.6805419921875 107.40850830078125 -1 113.04572296142578 24.819917678833008 -1 158.22158813476562 37.110912322998047 -1 203.30671691894531 64.747840881347656 -1 221.99899291992188 77.2752685546875 -1 97.993507385253906 30.186878204345703 -1 248.65386962890625 93.24017333984375 -1 210.92361450195312 211.41139221191406 8 223.14729309082031 223.67219543457031 9 243.97059631347656 244.40971374511719 -1 125.17214202880859 11.855411529541016 -1 205.17523193359375 103.97982025146484 -1 151.49209594726562 122.15533447265625 -1 189.29512023925781 52.407726287841797 -1 172.3955078125 51.584529876708984 -1 158.75326538085938 124.00594329833984 138 156.67327880859375 77.085037231445312 -1 244.19599914550781 123.66619110107422 -1 156.67327880859375 77.085037231445312 -1 156.67327880859375 77.085037231445312 -1 5.0359597206115723 6.6088829040527344 -1 138.73886108398438 183.45561218261719 -1 174.78749084472656 95.303337097167969 -1 167.68009948730469 90.960426330566406 -1 181.00801086425781 44.75927734375 -1 135.00131225585938 33.577342987060547 -1 166.18756103515625 35.759269714355469 -1 174.78749084472656 95.303337097167969 -1 250.24722290039062 101.80084228515625 -1 104.34272003173828 13.534592628479004 -1 104.34272003173828 13.534592628479004 -1 113.36429595947266 118.50466918945312 -1 135.00131225585938 33.577342987060547 -1 194.91339111328125 208.93728637695312 43 121.59871673583984 26.213958740234375 -1 190.69915771484375 205.12399291992188 42 164.73097229003906 48.73968505859375 -1 169.90322875976562 63.073886871337891 -1 169.90322875976562 63.073886871337891 -1 249.67536926269531 88.760673522949219 -1 190.69915771484375 205.12399291992188 35 142.95803833007812 142.6727294921875 -1 141.50248718261719 19.169832229614258 -1 112.92996215820312 43.734249114990234 -1 164.73097229003906 48.73968505859375 -1 200.58120727539062 57.214359283447266 -1 169.90322875976562 63.073886871337891 -1 235.55088806152344 79.66619873046875 -1 171.6739501953125 88.043495178222656 -1 249.67536926269531 88.760673522949219 -1 179.91500854492188 94.453575134277344 -1 145.552490234375 124.50831604003906 -1 155.27728271484375 134.64262390136719 -1 248.41055297851562 233.94534301757812 153 173.03912353515625 38.489349365234375 -1 251.93289184570312 237.70291137695312 -1 169.19398498535156 95.60546875 -1 151.61979675292969 75.611404418945312 -1 202.50973510742188 185.61134338378906 -1 116.65387725830078 115.36299896240234 -1 182.47915649414062 217.66841125488281 107 126.15244293212891 30.628808975219727 -1 126.15244293212891 30.628808975219727 -1 102.04365539550781 14.033904075622559 -1 116.89933776855469 36.622371673583984 -1 195.98204040527344 57.103645324707031 -1 189.50068664550781 64.438552856445312 -1 166.1129150390625 89.145095825195312 -1 181.03359985351562 89.1170654296875 -1 172.11985778808594 89.391845703125 -1 177.9949951171875 89.737167358398438 -1 183.49690246582031 89.742469787597656 -1 179.16552734375 95.611534118652344 -1 153.95991516113281 103.11263275146484 -1 246.62129211425781 116.01837158203125 -1 114.49641418457031 127.88418579101562 -1 139.45147705078125 146.70584106445312 208 175.60987854003906 152.95901489257812 110 182.43161010742188 164.2244873046875 115 136.57405090332031 165.21435546875 -1 192.53581237792969 175.59375 -1 197.23178100585938 180.10359191894531 83 115.87391662597656 45.32379150390625 -1 194.67683410644531 201.98941040039062 84 27.961366653442383 214.28082275390625 -1 45.412502288818359 200.21055603027344 -1 232.04879760742188 216.7015380859375 142 230.91462707519531 219.57925415039062 -1 21.63288688659668 220.74667358398438 -1 24.600419998168945 220.89442443847656 -1 18.943550109863281 223.24972534179688 -1 236.29423522949219 225.52117919921875 -1 11.46949291229248 227.53570556640625 -1 239.12739562988281 228.47322082519531 -1 243.63194274902344 228.99266052246094 71 241.38185119628906 230.68695068359375 -1 209.23956298828125 196.39341735839844 -1 176.08619689941406 196.71975708007812 -1 203.61158752441406 190.29110717773438 -1 205.40478515625 188.43357849121094 -1 199.00978088378906 185.90219116210938 -1 196.16600036621094 182.5855712890625 -1 108.90083312988281 5.0234265327453613 -1 102.04365539550781 14.033904075622559 -1 166.1129150390625 89.145095825195312 -1 166.1129150390625 89.145095825195312 -1 212.77995300292969 200.344482421875 -1 177.9949951171875 89.737167358398438 -1 183.49690246582031 89.742469787597656 -1 153.95991516113281 103.11263275146484 -1 176.08619689941406 196.71975708007812 -1 176.08619689941406 196.71975708007812 -1 194.67683410644531 201.98941040039062 -1 27.961366653442383 214.28082275390625 -1 21.63288688659668 220.74667358398438 -1 18.943550109863281 223.24972534179688 -1 123.21180725097656 3.9918043613433838 -1 115.87391662597656 45.32379150390625 -1 11.833282470703125 233.72459411621094 -1 2.9807589054107666 239.32261657714844 -1 142.986328125 253.63545227050781 -1 108.90083312988281 5.0234265327453613 -1 181.03359985351562 89.1170654296875 -1 227.3355712890625 215.732177734375 -1 
81 0.99849242458339194 -0.047227566259243466 -0.0049285180154721667 0.027534428357594939 0.4613878654045554 -0.4208222931608448 0.81904843410122263 1 000080.png
75.456626892089844 51.586261749267578 -1 170.89886474609375 142.12796020507812 -1 137.42176818847656 201.94798278808594 -1 198.40567016601562 73.484138488769531 -1 234.23184204101562 111.85915374755859 -1 234.23184204101562 111.85915374755859 -1 234.23184204101562 111.85915374755859 -1 113.02143859863281 24.840875625610352 -1 147.68000793457031 172.75677490234375 -1 147.68000793457031 172.75677490234375 -1 97.957504272460938 30.073160171508789 -1 13.306916236877441 14.356322288513184 205 128.24520874023438 16.025241851806641 -1 13.306916236877441 14.356322288513184 -1 209.08213806152344 213.02487182617188 8 220.79188537597656 224.48086547851562 9 242.73777770996094 246.39007568359375 -1 110.84685516357422 93.282371520996094 -1 125.23676300048828 11.730670928955078 -1 172.2379150390625 51.70989990234375 -1 241.17350769042969 127.27219390869141 -1 189.0938720703125 52.339950561523438 -1 151.47415161132812 121.98903656005859 -1 112.61376190185547 157.25563049316406 -1 201.01811218261719 59.027046203613281 -1 156.68101501464844 77.161186218261719 -1 158.61053466796875 124.52066040039062 138 140.22499084472656 182.07199096679688 -1 156.68101501464844 77.161186218261719 -1 156.68101501464844 77.161186218261719 -1 167.62127685546875 90.958786010742188 -1 135.0994873046875 33.502815246582031 -1 174.6339111328125 95.158355712890625 -1 164.42596435546875 102.88914489746094 -1 151.88833618164062 103.84186553955078 -1 247.14637756347656 105.70411682128906 -1 167.64968872070312 54.746437072753906 -1 174.6339111328125 95.158355712890625 -1 167.64968872070312 54.746437072753906 -1 164.32086181640625 48.030403137207031 -1 135.0994873046875 33.502815246582031 -1 104.38531494140625 13.589856147766113 -1 104.38531494140625 13.589856147766113 -1 141.44877624511719 19.500621795654297 -1 166.39346313476562 35.836009979248047 -1 164.32086181640625 48.030403137207031 -1 118.31155395507812 163.409912109375 -1 118.31155395507812 163.409912109375 -1 121.7845458984375 6.9583368301391602 -1 121.7845458984375 6.9583368301391602 -1 180.72572326660156 44.530292510986328 -1 169.90480041503906 63.105018615722656 -1 169.90480041503906 63.105018615722656 -1 189.40699768066406 206.6400146484375 35 109.0955810546875 34.946174621582031 -1 121.65053558349609 26.239719390869141 -1 112.89890289306641 43.896553039550781 -1 103.41446685791016 51.002326965332031 -1 169.90480041503906 63.105018615722656 -1 171.78480529785156 88.143959045410156 -1 179.92912292480469 94.508552551269531 -1 250.07374572753906 101.02285766601562 -1 189.40699768066406 206.6400146484375 42 193.76632690429688 210.76571655273438 43 121.65053558349609 26.239719390869141 -1 177.70915222167969 54.157020568847656 -1 252.61860656738281 90.242744445800781 -1 151.57272338867188 75.677879333496094 -1 141.44488525390625 151.03550720214844 208 248.99177551269531 238.46626281738281 -1 162.8990478515625 145.95822143554688 -1 162.8990478515625 145.95822143554688 -1 171.95401000976562 156.08132934570312 110 126.23935699462891 30.636468887329102 -1 241.23880004882812 83.218551635742188 -1 171.95401000976562 156.08132934570312 -1 115.93247222900391 45.648586273193359 -1 126.23935699462891 30.636468887329102 -1 115.93247222900391 45.648586273193359 -1 169.21023559570312 95.720199584960938 -1 116.86325073242188 36.658290863037109 -1 179.9107666015625 42.981761932373047 -1 195.83883666992188 57.163185119628906 -1 189.28630065917969 64.944412231445312 -1 111.04141235351562 85.761123657226562 -1 249.48674011230469 88.110099792480469 -1 166.11538696289062 89.221549987792969 -1 172.12632751464844 89.512992858886719 -1 178.28219604492188 89.494529724121094 -1 249.63021850585938 91.332267761230469 -1 225.12265014648438 92.178176879882812 -1 242.14639282226562 235.36834716796875 153 4.592890739440918 246.365478515625 -1 226.50697326660156 214.52206420898438 142 196.07270812988281 203.34646606445312 -1 224.61155700683594 216.42625427246094 -1 210.87164306640625 201.63412475585938 -1 232.45364379882812 221.03109741210938 -1 234.79505920410156 223.39739990234375 -1 237.81155395507812 226.53196716308594 71 16.731744766235352 227.02713012695312 -1 235.75936889648438 228.19490051269531 -1 14.449851036071777 229.1600341796875 -1 214.32794189453125 201.50215148925781 -1 200.96266174316406 187.56903076171875 -1 133.48530578613281 184.54852294921875 -1 196.19342041015625 182.60072326660156 83 190.19938659667969 176.57492065429688 -1 186.83761596679688 172.64439392089844 -1 178.94891357421875 163.86296081542969 115 141.41244506835938 133.10614013671875 -1 114.47640991210938 131.066162109375 -1 151.62348937988281 116.04416656494141 -1 108.84317016601562 5.231226921081543 -1 111.04141235351562 85.761123657226562 -1 251.231689453125 244.95460510253906 -1 166.11538696289062 89.221549987792969 -1 178.28219604492188 89.494529724121094 -1 225.12265014648438 92.178176879882812 -1 133.48530578613281 184.54852294921875 -1 14.742156982421875 232.42471313476562 -1 108.84317016601562 5.231226921081543 -1 140.93998718261719 17.938240051269531 -1 119.62039947509766 34.841987609863281 -1 245.4625244140625 231.430419921875 -1 14.742156982421875 232.42471313476562 -1 166.11538696289062 89.221549987792969 -1 5.9694790840148926 241.34205627441406 -1 227.55799865722656 219.49209594726562 -1 219.45619201660156 206.8751220703125 -1 5.9694790840148926 241.34205627441406 -1 240.01423645019531 228.88885498046875 71 181.06893920898438 89.093658447265625 -1 23.249643325805664 226.99794006347656 -1 181.06893920898438 89.093658447265625 -1 
82 0.9989287598622375 -0.046103462953100333 0.0005461239817889658 0.0039376607803338114 0.37695625294851354 -0.3952051913698677 0.95557593946499031 1 000083.png
75.735519409179688 50.976829528808594 -1 75.735519409179688 50.976829528808594 -1 75.735519409179688 50.976829528808594 -1 172.34355163574219 141.80056762695312 -1 246.60865783691406 133.00318908691406 -1 137.75228881835938 202.14247131347656 -1 246.60865783691406 133.00318908691406 -1 198.01390075683594 73.2950439453125 -1 113.11244964599609 24.793319702148438 -1 96.052230834960938 28.404500961303711 -1 231.59757995605469 97.361618041992188 -1 231.59757995605469 97.361618041992188 -1 166.55461120605469 79.525230407714844 -1 143.04034423828125 180.1083984375 -1 215.71360778808594 226.60343933105469 9 204.7489013671875 215.4532470703125 8 248.343505859375 106.68351745605469 -1 151.48046875 121.96260833740234 -1 189.54972839355469 52.654197692871094 -1 234.98828125 245.06509399414062 -1 248.343505859375 106.68351745605469 -1 171.9522705078125 51.682880401611328 -1 120.48869323730469 161.87034606933594 -1 124.77874755859375 11.132244110107422 -1 231.96893310546875 80.371772766113281 -1 156.73332214355469 77.101417541503906 -1 158.43331909179688 124.86357116699219 138 237.00860595703125 108.07965087890625 -1 200.993896484375 59.001781463623047 -1 7.739377498626709 14.382697105407715 -1 135.18997192382812 34.2122802734375 -1 135.18997192382812 34.2122802734375 -1 179.46083068847656 183.125732421875 -1 156.73332214355469 77.101417541503906 -1 156.73332214355469 77.101417541503906 -1 104.43597412109375 13.687477111816406 -1 166.3843994140625 35.819271087646484 -1 167.73652648925781 91.091072082519531 -1 174.64175415039062 95.265846252441406 -1 151.85478210449219 103.82024383544922 -1 174.64175415039062 95.265846252441406 -1 66.487419128417969 195.29924011230469 182 243.93231201171875 111.792724609375 -1 246.60617065429688 87.743873596191406 -1 169.91328430175781 63.100967407226562 -1 171.78604125976562 88.162513732910156 -1 242.66375732421875 93.000099182128906 -1 179.94129943847656 94.502517700195312 -1 189.76318359375 213.46943664550781 43 164.85293579101562 49.040729522705078 -1 186.12983703613281 209.96710205078125 35 101.72699737548828 8.4688606262207031 -1 121.70126342773438 26.381818771362305 -1 5.3407788276672363 32.049476623535156 -1 178.4818115234375 52.863845825195312 -1 169.91328430175781 63.100967407226562 -1 169.91328430175781 63.100967407226562 -1 189.76318359375 213.46943664550781 -1 189.76318359375 213.46943664550781 147 189.76318359375 213.46943664550781 -1 164.85293579101562 49.040729522705078 -1 186.12983703613281 209.96710205078125 42 101.72699737548828 8.4688606262207031 -1 121.70126342773438 26.381818771362305 -1 5.3407788276672363 32.049476623535156 -1 4.4194936752319336 37.633213043212891 205 173.91470336914062 39.608905792236328 -1 112.9991455078125 43.606109619140625 -1 180.78744506835938 44.490936279296875 -1 178.4818115234375 52.863845825195312 -1 200.847412109375 57.5997314453125 -1 119.55204010009766 34.843967437744141 -1 115.91188049316406 45.511825561523438 -1 153.09632873535156 143.24267578125 -1 126.25649261474609 30.646446228027344 -1 240.97981262207031 82.744476318359375 -1 115.91188049316406 45.511825561523438 -1 174.67721557617188 52.996746063232422 -1 151.59095764160156 75.615791320800781 -1 6.3726158142089844 31.923761367797852 -1 116.86231994628906 36.629825592041016 -1 169.42185974121094 40.138095855712891 -1 196.13163757324219 56.944503784179688 -1 172.15068054199219 81.085395812988281 -1 166.10504150390625 89.23651123046875 -1 172.12550354003906 89.559104919433594 -1 178.03182983398438 90.001396179199219 -1 169.08676147460938 95.537506103515625 -1 140.37026977539062 156.66120910644531 208 223.99971008300781 220.18601989746094 142 209.44903564453125 204.35745239257812 -1 205.56834411621094 203.98493957519531 -1 178.65638732910156 171.57508850097656 115 138.54156494140625 151.93486022949219 207 142.32640075683594 124.97225952148438 -1 151.47926330566406 115.939208984375 -1 154.021484375 102.8037109375 -1 242.060791015625 101.12187957763672 -1 157.02786254882812 97.7315673828125 -1 113.37188720703125 1.7371118068695068 -1 108.82688903808594 4.9943852424621582 -1 6.3726158142089844 31.923761367797852 -1 169.42185974121094 40.138095855712891 -1 166.10504150390625 89.23651123046875 -1 214.48564147949219 210.18156433105469 -1 178.03182983398438 90.001396179199219 -1 178.65638732910156 171.57508850097656 86 230.9747314453125 227.98013305664062 -1 235.0284423828125 232.202392578125 71 238.6236572265625 236.00592041015625 153 245.45204162597656 239.92901611328125 -1 245.02326965332031 242.93447875976562 -1 113.37188720703125 1.7371118068695068 -1 217.951416015625 214.0052490234375 -1 108.82688903808594 4.9943852424621582 -1 35.838726043701172 10.896112442016602 -1 166.10504150390625 89.23651123046875 -1 20.214668273925781 26.207437515258789 -1 181.09379577636719 89.124969482421875 -1 
83 0.99735329455910393 -0.070852517628104711 0.013046967871947304 0.0098032243271674487 0.25632927141632411 -0.66077462694864275 0.86748015486845276 1 000082.png
74.215835571289062 48.85137939453125 -1 171.84347534179688 142.25004577636719 -1 137.65681457519531 202.18252563476562 -1 198.41207885742188 73.605674743652344 -1 112.99417877197266 24.816713333129883 -1 17.175741195678711 27.118303298950195 -1 97.774307250976562 30.165817260742188 -1 233.07386779785156 94.485145568847656 -1 206.52235412597656 214.62905883789062 8 217.67115783691406 225.86953735351562 9 239.78199768066406 246.70513916015625 -1 120.28157043457031 161.96229553222656 -1 151.52528381347656 121.92633819580078 -1 251.28480529785156 92.392074584960938 -1 172.10995483398438 51.640663146972656 -1 123.96167755126953 10.104109764099121 -1 141.0052490234375 181.71272277832031 5 158.83609008789062 124.80222320556641 -1 189.30718994140625 52.574501037597656 -1 239.78199768066406 246.70513916015625 -1 251.28480529785156 92.392074584960938 -1 156.73092651367188 77.155227661132812 -1 249.72789001464844 102.89339447021484 -1 239.72386169433594 104.68656921386719 -1 236.61419677734375 131.82841491699219 -1 123.02375030517578 8.8023910522460938 -1 118.87904357910156 162.17893981933594 -1 118.87904357910156 162.17893981933594 -1 156.73092651367188 77.155227661132812 -1 123.02375030517578 8.8023910522460938 -1 239.72386169433594 104.68656921386719 -1 249.72789001464844 102.89339447021484 -1 156.73092651367188 77.155227661132812 -1 104.27584838867188 13.697696685791016 -1 164.40682983398438 102.88560485839844 -1 167.56977844238281 90.919937133789062 -1 233.70533752441406 79.76318359375 -1 167.91734313964844 54.565731048583984 -1 135.02870178222656 33.680393218994141 -1 151.84147644042969 103.85860443115234 -1 167.91734313964844 54.565731048583984 -1 166.54226684570312 35.883773803710938 -1 135.02870178222656 33.680393218994141 -1 174.63081359863281 95.221237182617188 -1 174.63081359863281 95.221237182617188 -1 164.70022583007812 48.605831146240234 -1 164.70022583007812 48.605831146240234 -1 121.67333221435547 26.287746429443359 -1 112.94873809814453 43.748874664306641 -1 180.6907958984375 44.484806060791016 -1 169.33522033691406 46.337203979492188 -1 178.34674072265625 53.278358459472656 -1 200.6552734375 57.238044738769531 -1 169.90925598144531 63.100395202636719 -1 249.22476196289062 88.563545227050781 -1 179.95069885253906 94.424972534179688 -1 251.27371215820312 123.23118591308594 -1 118.40590667724609 170.46302795410156 -1 187.43698120117188 208.55320739746094 42 101.64203643798828 8.4315032958984375 -1 121.67333221435547 26.287746429443359 -1 178.34674072265625 53.278358459472656 -1 169.90925598144531 63.100395202636719 -1 169.90925598144531 63.100395202636719 -1 249.22476196289062 88.563545227050781 -1 251.27371215820312 123.23118591308594 -1 187.43698120117188 208.55320739746094 35 101.64203643798828 8.4315032958984375 -1 138.49325561523438 151.95925903320312 208 244.92636108398438 106.19132232666016 -1 164.92877197265625 153.04342651367188 -1 119.55667114257812 34.876735687255859 -1 151.63359069824219 75.593093872070312 -1 142.15130615234375 124.71388244628906 -1 7.2281732559204102 21.312856674194336 -1 195.73516845703125 57.213489532470703 -1 143.57878112792969 138.5703125 -1 6.1265015602111816 25.183694839477539 -1 126.17720794677734 30.633203506469727 -1 164.92877197265625 153.04342651367188 -1 126.17720794677734 30.633203506469727 -1 140.05421447753906 139.94013977050781 -1 42.459991455078125 214.48257446289062 -1 244.65170288085938 239.04656982421875 153 189.44291687011719 64.439170837402344 -1 168.06855773925781 69.368583679199219 -1 232.06459045410156 76.959129333496094 -1 241.74838256835938 83.068893432617188 -1 245.56599426269531 85.543899536132812 -1 166.12423706054688 89.133857727050781 -1 181.06025695800781 89.100448608398438 -1 172.13449096679688 89.540054321289062 -1 169.11288452148438 95.594429016113281 -1 244.98466491699219 97.322715759277344 -1 11.413885116577148 242.59684753417969 -1 8.1744327545166016 245.94869995117188 -1 207.89299011230469 203.40763854980469 -1 115.85062408447266 45.446144104003906 -1 158.63468933105469 80.568519592285156 -1 207.00587463378906 198.60054016113281 -1 199.13410949707031 190.55718994140625 -1 195.58247375488281 190.61851501464844 -1 133.52342224121094 184.50910949707031 -1 179.59085083007812 169.52485656738281 115 137.10098266601562 161.26478576660156 -1 137.67034912109375 157.34510803222656 -1 160.50688171386719 148.07752990722656 -1 114.71955108642578 134.92625427246094 -1 151.38504028320312 116.03766632080078 -1 108.80471038818359 4.8954386711120605 -1 166.12423706054688 89.133857727050781 -1 166.12423706054688 89.133857727050781 -1 177.83355712890625 90.106552124023438 -1 151.38504028320312 116.03766632080078 -1 133.52342224121094 184.50910949707031 -1 11.413885116577148 242.59684753417969 -1 8.1744327545166016 245.94869995117188 -1 108.80471038818359 4.8954386711120605 -1 115.85062408447266 45.446144104003906 -1 177.83355712890625 90.106552124023438 -1 116.86559295654297 36.625011444091797 -1 243.47451782226562 111.30867767333984 -1 211.6168212890625 203.48280334472656 -1 169.4222412109375 40.215339660644531 -1 174.97370910644531 53.240970611572266 -1 223.38735961914062 216.32626342773438 142 241.47908020019531 235.68525695800781 153 160.50688171386719 148.07752990722656 -1 16.178287506103516 14.005821228027344 -1 15.91438102722168 237.84487915039062 -1 15.91438102722168 237.84487915039062 -1 47.260044097900391 2.181380033493042 -1 
84 0.9988893122927941 -0.046616456994319377 0.00062523784939313011 0.0068305784643440687 0.3798064655985241 -0.41456934580113186 0.77200451871623266 1 000081.png
74.3265380859375 50.561679840087891 -1 171.67681884765625 142.33384704589844 -1 137.47018432617188 202.26913452148438 -1 198.53138732910156 73.621902465820312 -1 16.768199920654297 24.338699340820312 -1 113.00109100341797 24.818958282470703 -1 97.875617980957031 30.068784713745117 -1 166.615478515625 79.411872863769531 -1 218.79277038574219 225.32723999023438 9 207.33255004882812 214.07637023925781 8 15.189409255981445 247.1297607421875 -1 15.189409255981445 247.1297607421875 -1 240.37626647949219 245.77687072753906 -1 140.80131530761719 181.89320373535156 5 241.25765991210938 102.85550689697266 -1 234.28388977050781 93.257453918457031 -1 120.45709228515625 162.16180419921875 -1 189.16648864746094 52.441162109375 -1 41.006008148193359 8.1386680603027344 -1 151.5435791015625 121.77783966064453 -1 171.97193908691406 51.716037750244141 -1 240.37626647949219 245.77687072753906 -1 241.25765991210938 102.85550689697266 -1 234.28388977050781 93.257453918457031 -1 41.006008148193359 8.1386680603027344 -1 15.351388931274414 244.94708251953125 -1 250.7978515625 100.855712890625 -1 156.74101257324219 77.117813110351562 -1 158.63787841796875 124.94908905029297 138 238.06788635253906 130.32112121582031 -1 156.74101257324219 77.117813110351562 -1 156.74101257324219 77.117813110351562 -1 250.7978515625 100.855712890625 -1 134.90084838867188 33.595294952392578 -1 141.37971496582031 19.686931610107422 -1 104.35610961914062 13.861800193786621 -1 122.4874267578125 7.9525365829467773 -1 122.4874267578125 7.9525365829467773 -1 244.03634643554688 109.65953063964844 -1 248.99176025390625 106.79501342773438 -1 174.65684509277344 95.248664855957031 -1 167.56800842285156 90.897544860839844 -1 164.42439270019531 48.114818572998047 -1 151.834716796875 103.85124206542969 -1 251.80967712402344 91.538948059082031 -1 174.65684509277344 95.248664855957031 -1 164.42439270019531 48.114818572998047 -1 134.90084838867188 33.595294952392578 -1 104.35610961914062 13.861800193786621 -1 166.88571166992188 35.691841125488281 -1 4.6863284111022949 24.518112182617188 -1 121.63894653320312 26.247646331787109 -1 174.21299743652344 39.866817474365234 -1 112.94154357910156 43.675727844238281 -1 180.74873352050781 44.499649047851562 -1 103.39045715332031 51.012165069580078 -1 169.90536499023438 63.107967376708984 -1 179.96560668945312 94.4683837890625 -1 142.66447448730469 145.77703857421875 -1 187.81166076660156 207.71696472167969 42 192.24864196777344 212.02354431152344 43 102.00038909912109 8.6276168823242188 -1 4.6863284111022949 24.518112182617188 -1 121.63894653320312 26.247646331787109 -1 169.90536499023438 63.107967376708984 -1 169.90536499023438 63.107967376708984 -1 192.24864196777344 212.02354431152344 -1 144.05607604980469 137.12745666503906 -1 102.00038909912109 8.6276168823242188 -1 169.15533447265625 95.643791198730469 -1 18.295028686523438 17.06104850769043 -1 196.66596984863281 186.322021484375 83 217.33920288085938 208.54631042480469 -1 242.66476440429688 235.3966064453125 153 246.052978515625 239.09532165527344 153 127.38140869140625 33.774818420410156 -1 252.11911010742188 245.51254272460938 -1 45.931732177734375 3.62626051902771 -1 227.89945983886719 219.63243103027344 142 9.3788442611694336 18.288597106933594 -1 9.3788442611694336 18.288597106933594 -1 126.18193054199219 30.64384651184082 -1 238.9991455078125 231.62052917480469 71 45.931732177734375 3.62626051902771 -1 151.58425903320312 75.626884460449219 -1 139.10334777832031 146.7818603515625 207 126.18193054199219 30.64384651184082 -1 158.59077453613281 80.536476135253906 -1 246.696044921875 104.34973907470703 -1 141.93060302734375 127.02796936035156 -1 117.674072265625 168.94119262695312 -1 137.55511474609375 174.85337829589844 -1 249.62496948242188 88.113624572753906 -1 166.12435913085938 89.130477905273438 -1 181.055419921875 89.079917907714844 -1 172.13308715820312 89.442840576171875 -1 178.05990600585938 89.859298706054688 -1 246.610595703125 95.492057800292969 -1 230.8768310546875 219.44265747070312 -1 230.43659973144531 222.45204162597656 -1 208.23587036132812 202.01205444335938 -1 167.98439025878906 69.523994445800781 -1 115.85084533691406 45.425163269042969 -1 42.376472473144531 2.144059419631958 -1 205.83822631835938 196.00640869140625 -1 199.31996154785156 189.25910949707031 -1 133.51606750488281 184.55270385742188 -1 196.86947631835938 183.0994873046875 -1 192.4945068359375 182.1993408203125 -1 180.44192504882812 169.04765319824219 115 173.54154968261719 157.61311340332031 110 140.05322265625 156.1595458984375 208 139.77973937988281 143.46722412109375 -1 153.42434692382812 139.08395385742188 -1 142.51268005371094 123.34170532226562 -1 151.59101867675781 116.07423400878906 -1 35.588764190673828 5.5384817123413086 -1 110.92707061767578 85.23516845703125 -1 166.12435913085938 89.130477905273438 -1 166.12435913085938 89.130477905273438 -1 181.055419921875 89.079917907714844 -1 178.05990600585938 89.859298706054688 -1 180.44192504882812 169.04765319824219 86 133.51606750488281 184.55270385742188 -1 205.15904235839844 198.95401000976562 -1 17.030069351196289 14.339809417724609 -1 115.85084533691406 45.425163269042969 -1 8.7207059860229492 21.542234420776367 -1 116.8404541015625 36.629970550537109 -1 169.42312622070312 40.143245697021484 -1 224.63816833496094 216.19239807128906 142 196.14518737792969 56.844833374023438 -1 110.92707061767578 85.23516845703125 -1 167.16082763671875 41.109230041503906 -1 
85 0.99781655135323966 -0.065865186782670004 -0.0048348034166973489 -0.00072917181348162497 0.42412557013979724 -0.58509058881451614 1.1270134626597914 1 000085.png
76.282249450683594 53.547073364257812 -1 76.282249450683594 53.547073364257812 -1 172.09098815917969 141.61936950683594 -1 137.47978210449219 202.4736328125 -1 79.542190551757812 22.260568618774414 -1 197.31387329101562 72.707351684570312 -1 113.11571502685547 24.844449996948242 -1 97.612594604492188 30.100166320800781 -1 244.28762817382812 111.50041961669922 -1 202.86268615722656 63.256244659423828 -1 230.74862670898438 102.02552795410156 -1 230.74862670898438 102.02552795410156 -1 166.656982421875 79.441856384277344 -1 110.63284301757812 93.314300537109375 -1 143.3087158203125 180.2894287109375 -1 179.07728576660156 192.1907958984375 -1 202.25149536132812 218.13198852539062 8 212.71659851074219 228.6768798828125 9 245.94918823242188 90.140800476074219 -1 160.36569213867188 170.87115478515625 -1 160.36569213867188 170.87115478515625 -1 172.22108459472656 51.88201904296875 -1 189.20286560058594 52.4361572265625 -1 151.61785888671875 121.49571228027344 -1 7.5248069763183594 40.514518737792969 205 9.1223983764648438 17.455623626708984 -1 156.69085693359375 77.21832275390625 -1 161.97994995117188 85.810165405273438 -1 228.51864624023438 88.375030517578125 -1 133.01803588867188 180.77629089355469 -1 11.712871551513672 33.93048095703125 -1 11.712871551513672 33.93048095703125 -1 233.30824279785156 114.07164001464844 -1 118.95552062988281 162.35816955566406 -1 133.01803588867188 180.77629089355469 -1 233.30824279785156 114.07164001464844 -1 156.69085693359375 77.21832275390625 -1 156.69085693359375 77.21832275390625 -1 242.37457275390625 94.354087829589844 -1 174.62759399414062 95.259918212890625 -1 164.58273315429688 48.422584533691406 -1 164.58273315429688 48.422584533691406 -1 104.47714233398438 13.797232627868652 -1 135.00303649902344 33.606391906738281 -1 135.00303649902344 33.606391906738281 -1 8.9526176452636719 47.478492736816406 -1 194.17326354980469 54.112651824951172 -1 237.93978881835938 82.003425598144531 -1 242.37457275390625 94.354087829589844 -1 246.33180236816406 87.652618408203125 -1 238.48495483398438 99.29656982421875 -1 167.68098449707031 91.097763061523438 -1 238.48495483398438 99.29656982421875 -1 174.62759399414062 95.259918212890625 -1 121.59443664550781 26.252212524414062 -1 166.71794128417969 35.716323852539062 -1 180.71266174316406 44.581378936767578 -1 121.59443664550781 26.252212524414062 -1 152.39228820800781 147.28762817382812 138 68.548355102539062 196.47732543945312 182 183.78727722167969 211.82974243164062 42 187.48587036132812 215.81387329101562 43 164.98672485351562 49.296035766601562 -1 169.89942932128906 63.123245239257812 -1 169.89942932128906 63.123245239257812 -1 187.48587036132812 215.81387329101562 147 187.48587036132812 215.81387329101562 -1 187.48587036132812 215.81387329101562 -1 179.93109130859375 94.560539245605469 -1 164.98672485351562 49.296035766601562 -1 112.91581726074219 43.756080627441406 -1 103.33946228027344 51.451019287109375 -1 178.30142211914062 53.433551788330078 -1 169.89942932128906 63.123245239257812 -1 171.80024719238281 88.168197631835938 -1 151.61431884765625 75.615737915039062 -1 171.97349548339844 80.8966064453125 -1 214.36439514160156 216.03369140625 -1 11.517529487609863 35.635463714599609 -1 214.36439514160156 216.03369140625 -1 110.36479949951172 70.362724304199219 -1 119.55336761474609 34.851173400878906 -1 233.18150329589844 77.951576232910156 -1 27.024265289306641 19.906686782836914 -1 84.667526245117188 3.7416439056396484 -1 108.88301086425781 4.8031802177429199 -1 105.2901611328125 6.7350101470947266 -1 43.066154479980469 11.799755096435547 -1 54.712593078613281 12.617775917053223 -1 54.712593078613281 12.617775917053223 -1 60.618537902832031 2.7548568248748779 -1 24.274835586547852 28.830665588378906 -1 137.71743774414062 157.45225524902344 208 168.87016296386719 165.48857116699219 110 33.620723724365234 16.602859497070312 -1 139.38687133789062 145.97117614746094 -1 143.58258056640625 134.83265686035156 207 151.36814880371094 116.09400177001953 -1 174.59251403808594 172.06108093261719 115 176.70933532714844 174.66490173339844 115 192.33418273925781 191.55116271972656 83 200.83438110351562 200.91737365722656 -1 169.12199401855469 95.600372314453125 -1 187.60260009765625 209.0054931640625 84 184.46205139160156 214.22274780273438 -1 217.49748229980469 219.13134765625 142 177.85519409179688 90.262931823730469 -1 172.09129333496094 89.429206848144531 -1 166.08782958984375 89.313270568847656 -1 181.1259765625 89.128913879394531 -1 111.01649475097656 85.592208862304688 -1 168.19056701660156 69.281471252441406 -1 167.94151306152344 60.303619384765625 -1 196.39511108398438 56.932205200195312 -1 190.00326538085938 49.507831573486328 -1 169.42034912109375 40.208755493164062 -1 116.86727142333984 36.652660369873047 -1 126.55618286132812 30.636194229125977 -1 108.88301086425781 4.8031802177429199 -1 105.2901611328125 6.7350101470947266 -1 169.42034912109375 40.208755493164062 -1 111.01649475097656 85.592208862304688 -1 166.08782958984375 89.313270568847656 -1 166.08782958984375 89.313270568847656 -1 177.85519409179688 90.262931823730469 -1 176.70933532714844 174.66490173339844 86 184.46205139160156 214.22274780273438 -1 176.74455261230469 222.79960632324219 107 123.25612640380859 4.0333328247070312 -1 227.49690246582031 230.10699462890625 -1 231.57952880859375 231.027587890625 71 231.64112854003906 234.62263488769531 71 234.43377685546875 237.61972045898438 153 240.71859741210938 244.5665283203125 -1 215.37823486328125 213.56439208984375 -1 135.7755126953125 169.93949890136719 -1 
86 0.99899772262549125 -0.043247314928042235 0.0031513584230089637 0.011103552615559939 0.3534828124029713 -0.35953261621036131 0.96300897080937153 1 000084.png
76.223976135253906 52.654216766357422 -1 76.223976135253906 52.654216766357422 -1 76.223976135253906 52.654216766357422 -1 172.26246643066406 141.67723083496094 -1 137.755615234375 202.29158020019531 -1 197.5811767578125 72.96734619140625 -1 113.12569427490234 24.840570449829102 -1 156.85400390625 36.473304748535156 -1 202.90165710449219 63.028488159179688 -1 160.99137878417969 125.25491333007812 138 97.446365356445312 29.89173698425293 -1 232.37794494628906 99.944313049316406 -1 245.02871704101562 109.51113128662109 -1 232.37794494628906 99.944313049316406 -1 143.21891784667969 180.31968688964844 -1 203.18849182128906 217.23048400878906 8 213.68768310546875 227.59016418457031 9 166.546630859375 79.557601928710938 -1 5.5035929679870605 37.516700744628906 205 8.3170204162597656 16.307197570800781 -1 189.31593322753906 52.535633087158203 -1 245.8797607421875 89.535873413085938 -1 151.592041015625 121.55191802978516 -1 132.82901000976562 180.07041931152344 -1 233.2822265625 246.22854614257812 -1 172.25093078613281 51.618740081787109 -1 156.70529174804688 77.173316955566406 -1 162.02142333984375 85.74365234375 -1 234.70109558105469 111.92005920410156 -1 156.70529174804688 77.173316955566406 -1 156.70529174804688 77.173316955566406 -1 135.3175048828125 34.381080627441406 -1 135.3175048828125 34.381080627441406 -1 167.72416687011719 91.130668640136719 -1 174.63362121582031 95.270942687988281 -1 155.55166625976562 157.31069946289062 -1 118.75000762939453 162.634521484375 -1 168.16580200195312 54.378444671630859 -1 104.57815551757812 13.636444091796875 -1 239.87675476074219 96.740730285644531 -1 166.26321411132812 35.800098419189453 -1 118.75000762939453 162.634521484375 -1 155.55166625976562 157.31069946289062 -1 174.63362121582031 95.270942687988281 -1 168.16580200195312 54.378444671630859 -1 164.59306335449219 48.337715148925781 -1 11.011048316955566 32.606487274169922 -1 7.3179202079772949 44.572998046875 -1 164.59306335449219 48.337715148925781 -1 11.011048316955566 32.606487274169922 -1 121.546142578125 26.206958770751953 -1 121.546142578125 26.206958770751953 -1 169.91831970214844 63.10821533203125 -1 238.22576904296875 81.327980041503906 -1 171.79005432128906 88.235641479492188 -1 179.96537780761719 94.530616760253906 -1 145.52322387695312 124.32680511474609 -1 138.89009094238281 146.36883544921875 -1 68.461051940917969 195.412353515625 182 188.65745544433594 214.95506286621094 -1 165.03056335449219 49.333393096923828 -1 178.41131591796875 52.956817626953125 -1 169.91831970214844 63.10821533203125 -1 169.91831970214844 63.10821533203125 -1 188.65745544433594 214.95506286621094 43 188.65745544433594 214.95506286621094 -1 188.65745544433594 214.95506286621094 147 109.15234375 34.86773681640625 -1 165.03056335449219 49.333393096923828 -1 112.92993927001953 43.795810699462891 -1 180.71499633789062 44.41064453125 -1 174.48789978027344 53.067741394042969 -1 178.41131591796875 52.956817626953125 -1 200.67698669433594 57.502101898193359 -1 249.68644714355469 251.83651733398438 -1 71.755226135253906 7.6939396858215332 -1 63.728279113769531 11.962972640991211 -1 127.80185699462891 33.471523284912109 -1 245.28010559082031 85.791519165039062 -1 184.76304626464844 211.29133605957031 35 184.76304626464844 211.29133605957031 42 151.62857055664062 75.587074279785156 -1 113.35456848144531 1.7574025392532349 -1 140.3328857421875 156.76527404785156 208 55.839637756347656 3.5507028102874756 -1 52.778568267822266 5.126805305480957 -1 108.82916259765625 4.9641666412353516 -1 67.2305908203125 9.4187355041503906 -1 36.298862457275391 20.800685882568359 -1 45.052516937255859 21.416999816894531 -1 33.387641906738281 22.348394393920898 -1 23.988555908203125 27.328605651855469 -1 177.93545532226562 90.008872985839844 -1 138.59507751464844 151.5408935546875 -1 137.63722229003906 157.76628112792969 208 226.8123779296875 227.08247375488281 -1 232.9468994140625 233.6832275390625 71 241.67457580566406 239.59793090820312 153 123.99064636230469 39.071552276611328 -1 115.79281616210938 45.566501617431641 -1 142.49566650390625 124.02141571044922 -1 172.07530212402344 89.497940063476562 -1 166.07308959960938 89.465309143066406 -1 233.41506958007812 81.049560546875 -1 233.16360473632812 77.550338745117188 -1 168.43319702148438 69.078468322753906 -1 189.13961791992188 65.04840087890625 -1 195.75456237792969 57.445903778076172 -1 169.47845458984375 40.256175994873047 -1 116.7877197265625 36.697517395019531 -1 119.62503051757812 34.81494140625 -1 15.163942337036133 34.933609008789062 -1 113.35456848144531 1.7574025392532349 -1 108.82916259765625 4.9641666412353516 -1 17.0723876953125 30.975091934204102 -1 10.746828079223633 34.509437561035156 -1 15.163942337036133 34.933609008789062 -1 169.47845458984375 40.256175994873047 -1 166.07308959960938 89.465309143066406 -1 166.07308959960938 89.465309143066406 -1 177.93545532226562 90.008872985839844 -1 123.99064636230469 39.071552276611328 -1 169.11943054199219 95.583877563476562 -1 10.746828079223633 34.509437561035156 -1 74.054977416992188 3.2556118965148926 -1 22.918094635009766 30.745372772216797 -1 22.918094635009766 30.745372772216797 -1 22.918094635009766 30.745372772216797 -1 22.918094635009766 30.745372772216797 -1 178.70643615722656 96.119514465332031 -1 22.918094635009766 30.745372772216797 -1 181.115478515625 89.116653442382812 -1 22.918094635009766 30.745372772216797 -1 
87 0.65424396240648353 0.59734468294534238 0.46379114263353349 0.0064763744698415468 -2.9954671035785907 4.3653595528427784 6.8171246595869679 1 000086.png
76.150901794433594 55.260677337646484 -1 76.150901794433594 55.260677337646484 -1 171.15618896484375 144.54789733886719 -1 243.37821960449219 140.58370971679688 -1 243.37821960449219 140.58370971679688 -1 136.63230895996094 202.69749450683594 -1 196.60856628417969 71.768218994140625 -1 87.789077758789062 20.643207550048828 -1 87.789077758789062 20.643207550048828 -1 228.83393859863281 106.19034576416016 -1 113.33036041259766 25.191827774047852 -1 113.33036041259766 25.191827774047852 -1 128.269775390625 15.918288230895996 -1 97.953086853027344 30.857326507568359 -1 241.25796508789062 116.19785308837891 -1 166.66773986816406 79.398086547851562 -1 160.280517578125 124.65966796875 -1 143.36231994628906 180.35079956054688 5 210.40751647949219 230.31950378417969 9 110.38483428955078 93.447410583496094 -1 200.20774841308594 219.28793334960938 8 10.604751586914062 19.677192687988281 -1 90.635093688964844 10.06673526763916 -1 90.635093688964844 10.06673526763916 -1 132.70484924316406 179.33116149902344 -1 151.66865539550781 121.58538818359375 -1 189.05479431152344 52.334072113037109 -1 172.11439514160156 51.770217895507812 -1 162.01348876953125 85.754981994628906 -1 13.228898048400879 36.527256011962891 -1 230.71559143066406 118.48755645751953 -1 7.2232956886291504 55.705539703369141 -1 156.74017333984375 77.164314270019531 -1 237.60853576660156 82.523460388183594 -1 247.72734069824219 89.737258911132812 -1 154.18109130859375 90.520195007324219 -1 230.71559143066406 118.48755645751953 -1 156.74017333984375 77.164314270019531 -1 156.74017333984375 77.164314270019531 -1 13.228898048400879 36.527256011962891 -1 151.8201904296875 103.84183502197266 -1 174.59426879882812 95.292877197265625 -1 226.11160278320312 93.138587951660156 -1 167.66813659667969 91.093864440917969 -1 174.59426879882812 95.292877197265625 -1 164.49761962890625 48.201473236083984 -1 135.16407775878906 33.598590850830078 -1 104.57379913330078 13.407264709472656 -1 194.17594909667969 54.07379150390625 -1 164.49761962890625 48.201473236083984 -1 135.16407775878906 33.598590850830078 -1 141.4344482421875 19.518041610717773 -1 151.8201904296875 103.84183502197266 -1 104.57379913330078 13.407264709472656 -1 76.885093688964844 3.8044192790985107 -1 229.12136840820312 76.461143493652344 -1 249.70162963867188 121.13924407958984 -1 235.91433715820312 104.02983856201172 -1 158.27716064453125 123.69366455078125 -1 121.62013244628906 26.236543655395508 -1 121.62013244628906 26.236543655395508 -1 182.67372131347656 213.88531494140625 35 185.8116455078125 217.42306518554688 -1 174.24099731445312 53.436912536621094 -1 101.33898162841797 7.9138474464416504 -1 178.35531616210938 53.260967254638672 -1 169.91963195800781 63.103591918945312 -1 169.91963195800781 63.103591918945312 -1 239.00723266601562 99.169845581054688 -1 182.67372131347656 213.88531494140625 42 185.8116455078125 217.42306518554688 43 185.8116455078125 217.42306518554688 147 174.24099731445312 53.436912536621094 -1 101.33898162841797 7.9138474464416504 -1 78.375259399414062 11.640639305114746 -1 167.11399841308594 35.625736236572266 -1 174.2447509765625 39.930538177490234 -1 112.95864105224609 43.756786346435547 -1 180.76271057128906 44.513839721679688 -1 178.35531616210938 53.260967254638672 -1 169.91963195800781 63.103591918945312 -1 171.77731323242188 88.174148559570312 -1 229.88223266601562 88.451515197753906 -1 179.95709228515625 94.551162719726562 -1 239.00723266601562 99.169845581054688 -1 126.29183197021484 30.626834869384766 -1 151.61181640625 75.652748107910156 -1 119.74364471435547 34.715248107910156 -1 11.559744834899902 30.891460418701172 -1 86.478439331054688 4.9074549674987793 -1 86.478439331054688 4.9074549674987793 -1 65.990943908691406 9.4639434814453125 -1 33.566429138183594 19.624568939208984 -1 25.131021499633789 31.286626815795898 -1 18.178007125854492 35.117835998535156 -1 130.14337158203125 35.429691314697266 -1 116.80373382568359 36.631381988525391 -1 31.16297721862793 37.364295959472656 -1 190.97706604003906 194.06068420410156 83 204.21597290039062 208.53704833984375 -1 174.888427734375 224.85870361328125 107 220.17352294921875 226.43275451660156 -1 228.93829345703125 236.1593017578125 71 234.88218688964844 242.63970947265625 153 244.4874267578125 253.40492248535156 -1 175.51950073242188 100.45318603515625 -1 115.82926177978516 45.741809844970703 -1 178.99301147460938 95.846389770507812 -1 169.08595275878906 95.588340759277344 -1 178.05419921875 89.595710754394531 -1 172.11892700195312 89.435379028320312 -1 166.0941162109375 89.303535461425781 -1 181.11248779296875 89.107345581054688 -1 111.09524536132812 85.853782653808594 -1 172.23178100585938 81.011360168457031 -1 168.16458129882812 69.434776306152344 -1 167.88609313964844 60.336872100830078 -1 204.501220703125 59.056510925292969 -1 196.28369140625 56.890636444091797 -1 23.335258483886719 42.074436187744141 -1 169.36407470703125 40.276924133300781 -1 108.83403015136719 4.9005866050720215 -1 169.36407470703125 40.276924133300781 -1 111.09524536132812 85.853782653808594 -1 166.0941162109375 89.303535461425781 -1 16.249294281005859 38.992942810058594 -1 178.05419921875 89.595710754394531 -1 175.51950073242188 100.45318603515625 -1 133.56901550292969 184.34443664550781 -1 108.83403015136719 4.9005866050720215 -1 115.82926177978516 45.741809844970703 -1 140.84495544433594 152.28926086425781 -1 183.46771240234375 213.21366882324219 -1 139.46295166015625 145.38679504394531 -1 175.47270202636719 177.04844665527344 86 141.55271911621094 130.69459533691406 -1 183.46771240234375 213.21366882324219 -1 135.70137023925781 169.85069274902344 -1 175.47270202636719 177.04844665527344 115 235.22181701660156 111.95088195800781 -1 133.56901550292969 184.34443664550781 -1 166.0941162109375 89.303535461425781 -1 72.851737976074219 5.8203363418579102 -1 
