# 3D point list with one line of data per point:
#   POINT3D_ID, X, Y, Z, R, G, B, ERROR, TRACK[] as (IMAGE_ID, POINT2D_IDX)
# Number of points: 21, mean track length: 7.333333333333333
5 -0.3268195907494309 0.16439741297254437 5.1456651196522776 101 95 89 0.31213444315821842 87 17 83 16 84 13
8 -0.095390198510352686 0.24222101490499257 5.1980180247417369 137 137 139 0.60421676828290571 77 15 81 14 79 19 80 14 84 9 85 16 83 8 82 15 87 20 86 15
9 -0.067417836817101326 0.2685857335680602 5.1924438401527837 134 138 134 0.68056302613754172 77 16 81 15 79 20 80 15 84 8 85 17 83 9 82 14 86 16 87 18
35 -0.15567243524317698 0.23708678816128267 5.1616518898023722 134 136 135 0.52238084097759785 77 55 81 53 79 51 80 47 83 66 82 50 87 61 86 79
42 -0.15599589620963988 0.23653990892478133 5.161602746370348 134 136 135 0.64225990534429922 77 43 81 62 79 60 80 42 84 59 85 60 83 58 82 61 87 69 86 80
43 -0.14394736755966064 0.24610924973744366 5.1602451380594578 141 136 136 0.75566608809636593 77 35 81 63 79 37 80 40 84 60 85 61 82 48 87 70 86 64
71 -0.012438955694914992 0.26854522701626582 5.2268370182205093 123 127 119 1.4718350916935514 77 125 79 76 80 101 84 82 81 131 85 130 85 131 82 108 87 102 86 96 81 99
83 -0.11544721502750463 0.15264767885966254 5.257993858514463 50 54 54 1.3811273969753934 77 83 81 106 79 65 80 88 84 71 85 100 87 98
84 -0.14146689817422661 0.22423408790294092 5.1703996548627442 211 202 200 0.23933726929254578 77 97 79 66 80 90 85 103
86 -0.16474056900322079 0.095858943115405437 5.2731479460770698 47 47 47 0.38120506605565169 77 82 79 79 84 122 85 125 82 106 87 134
107 -0.18797145483613609 0.2786595890460738 5.1005522407600434 139 137 136 0.57589092094354011 77 67 80 67 85 127 87 100
110 -0.1802489267308677 0.028041162560000811 5.6050537416373043 98 99 91 1.0477333308263834 77 89 80 84 84 110 85 93 81 72
115 -0.16819715354263279 0.091886274495582274 5.2729406502500478 47 47 45 1.7597648245424935 77 78 79 64 80 85 77 90 81 109 79 89 84 109 85 98 85 99 83 103 82 92 87 138
138 -0.18161543261391405 -0.3658568703782763 8.2096540102874123 62 28 26 0.97164248380654528 85 58 81 26 86 9 79 39 80 22 84 28 82 26
142 -0.049141837763911254 0.24604377096730851 5.0890943394386285 52 55 55 1.9021313933796402 77 69 81 93 79 72 84 130 80 93 84 78 83 125 85 105 82 89 77 44
147 -0.14498775091157276 0.24590583089299656 5.1600034923644165 135 135 134 0.53573515482737544 77 31 85 65 82 58 87 71 86 66
153 -0.0031160263391038084 0.28173871053986749 5.2225163876583798 61 68 63 1.8807448596518781 84 73 83 126 81 91 87 103 82 109 80 60 79 77 86 97 84 74 83 83 85 132
182 -0.60933799694156265 0.19735363098181621 4.9751063251790102 117 122 121 1.0212301953330205 85 59 82 41 79 59 86 58 77 53
205 -0.76041866527765523 -0.29879018750287495 4.5730740722175769 0 0 0 0.71879263619272726 81 11 82 65 85 24 86 18
207 -0.34406242753065236 0.16483842409174554 3.3788451540367772 0 0 0 0.5852387566459587 82 93 77 76 79 67 84 85 85 96
208 -0.33219156602690209 0.0673524929306486 4.9730692993401719 0 0 0 1.3008908495797633 82 88 84 111 85 92 86 94 86 83 81 68 80 83 83 68
